806.5,305.5,10,17
805.8062247931957,304.8211113258203,10,17.293738401134746
805.6150809526443,305.0081126747779,10,17.41989013885415
805.8364486247301,305.30356503227364,10,17.670861751854172
806.1151968687773,304.2839920842991,10,17.994695405295428
806.8200948089361,305.9682505777131,10,17.54615465290345
807.0853655189276,305.93478131658264,10,17.250088460913712
807.1693799346685,305.1094426706588,10,17.518704748122836
807.6904632896185,305.3919095634735,10,17.44195308996905
808.5113598555326,303.8302389983396,10,17.719273998526646
808.879472181201,304.44072782537154,10,17.561033809367597
810.6670405119658,304.96110764514583,10,17.25415743149962
811.1709394901991,305.26625359627445,10,17.13109389299468
812.1614301651716,304.6478572664085,10,17.239118466293224
812.5845489650965,304.96690918962037,10,17.281656747860204
813.347534969449,304.6568367413799,10,17.375900386349397
814.149718478322,304.77510102328336,10,17.432756285137415
814.5718316882849,304.5477116464775,10,17.760907161394453
815.1883438080549,305.2761172378589,10,17.863071079148938
816.1531265228987,304.71819201011976,10,18.06457758149462
816.8069561570883,304.2357207540738,10,18.028235136654583
816.0797735899687,304.73971559127574,10,17.948864072155857
817.1330837458372,303.905894789828,10,17.80340950939434
818.0398142675942,304.5423971613753,10.01911809238082,17.79050238917109
818.6784440129995,304.7139430928213,10,17.931465240720403
819.3337095826864,304.1598660349685,10,18.124329119952925
819.896871432662,304.6634552356854,10,18.125314885923295
820.3417240828276,304.7561803190999,10,18.21277814525513
821.2472536414862,305.3785146015432,10,18.50346753248646
821.4584887660606,304.9669624078352,10.084191225555951,18.73411933420528
822.480904892087,305.55496371234767,10,19.198805740568805
823.041048720479,305.0626428896321,10,19.392743433687382
823.1338556490065,306.2188665105026,10.032218633746966,19.492153558508328
823.903605915606,305.8271536020986,10,19.9428219917314
824.7383020892739,305.9469087414569,10,20.039632113252715
825.9545704697575,305.56418987620026,10.165075620014342,20.393841067787953
826.0076895019962,305.77085034713764,10.131343163737993,20.506031748342124
826.6693790226285,305.3399556697541,10.169369614302246,20.44503844357864
827.5573424262418,305.03191995356116,10.180575070259335,20.800200944470753
828.0981513377211,304.8775215194333,10.084909684224693,21.20465852157111
828.914408149737,303.7279526242945,10.11581494923852,21.561231824391324
829.7384520300034,304.0023651319568,10.241194252609517,21.73264191839603
829.8013575581917,303.76413388038554,10.256334844587371,21.715821566981536
830.3109556673483,303.6222485877756,10.345331308540676,21.68416598137545
831.5289125967956,304.40950592036324,10.442402898483214,21.82052110532371
831.9670085785692,303.5688946603621,10.540670344649598,21.760821770353168
831.4163607593667,303.9682334110701,10.686629471919655,21.638860596604367
832.139743887414,304.0781294604692,10.96472841396039,21.626480397968862
832.6630587714318,303.9293702704231,11.160062628506859,21.42951265473764
833.5826774061085,304.31370373394213,11.507143279838303,21.07505539156746
834.4478591380102,304.2825117735643,11.616120979669976,21.078663283868845
834.5480557124051,304.3298661700941,11.650997720115711,21.045558357326808
835.2452678103069,304.64183911815985,11.838106241063205,20.763623704300237
835.7519461741606,305.84811883887556,12.338865442959573,20.41836696672621
835.9272520139044,305.4210499056757,12.664252630029882,20.20166077890387
835.8819082017311,306.001096544667,13.003336502001936,19.937914010377877
835.8974433017064,306.50180433043005,13.212855727019061,19.813472067849652
836.6793527827704,306.6623270172357,13.604787111075005,19.441917584145095
837.5094493162158,306.0004775021948,13.393962759470423,19.402545053367223
838.0697666380771,306.53164322396185,13.413914849565735,19.354443622726862
839.8445045058579,306.5184529251275,13.434702261358254,19.683261406636717
839.5863090341913,306.50151265907493,13.510898597910346,19.96092885487859
841.2708351793915,307.21584480333553,13.448820003265233,20.05950412743836
841.4325061298298,307.563941633663,13.34711982172995,19.94162697650716
841.4388077571808,306.39118441231113,13.435200241244145,19.83019099310907
842.4905269531387,307.6801277498829,13.647649300500259,19.40981817485342
843.5199369562514,307.73549389104613,13.3039513979658,19.352516814856372
844.0403340228748,308.7933338257389,12.976562277803353,19.006490265783295
846.163121336481,307.79305490609505,12.483005387025898,18.90149900800981
846.2783291326516,307.5350017321457,11.835024150897354,19.323032819261265
846.7232668188133,307.37766254126734,11.347477925436054,19.877306211894677
847.0759368949223,307.3226812006912,11.030617989482794,20.22897553257517
847.9556921605252,307.0340338651047,10.816767834825617,20.42847844139623
848.5336081227243,305.5145679147018,10.493235977375324,20.876085535988594
849.017171442588,306.28007665449456,10.504923522313707,20.911909897147076
849.2402849143991,306.5015677547984,10.483473937461953,20.981307462050015
849.3854496190511,306.86346456554446,10.524300573356378,20.94214310205159
851.2604344023489,305.67671145721926,10.443145665879397,21.238492536551668
851.4108578097089,306.73583946112655,10.488113377240579,21.009476316792515
852.0364136418082,305.66791594898183,10.62869196725348,21.257268135736815
852.825722530517,305.98589744600116,10.722502201729833,21.184480402718762
852.998236319158,305.2716353731786,10.551560390525058,21.508934957795404
853.3663181080767,305.5812315285896,10.567519393692766,21.60897717313073
854.1178342777843,305.78955564214976,10.551091744829364,21.710811333076332
854.5072809565461,305.7100770074513,10.63090670935382,21.572591198308018
855.069339677883,305.32333507734825,10.598946988199453,21.7951106434407
854.8417168162885,304.8938510066648,10.65946399120051,22.081537369116216
855.3342422777322,305.5004354446226,10.736607534903806,21.986495243192973
855.6900251053962,306.1592287622153,11.022139550607724,21.936960113096383
856.4831853564489,306.66844259840286,11.318496484377404,21.801068017541674
857.2072030654128,307.7473032944625,11.669069965566058,21.60023351297273
858.1165326396164,309.3119164150494,12.482504485142844,20.94803588012113
859.1068153531899,308.2537824492161,13.204264640500199,20.477810319661245
856.3569168525758,308.62872912418686,13.351618423497225,20.571529163780944
858.2032796337718,309.6130425574851,14.024331799246148,19.98926735322241
858.8294359097446,309.0614521573446,14.672853450066825,19.729777851112303
860.245591540655,310.44896738684923,15.38848077352738,19.302780105039464
859.6187544890831,309.499380146184,15.770353917560971,19.047963363988302
859.487824080133,310.222169188623,16.040172049602152,18.814395901134795
858.8845591485883,309.6357746645736,16.219242410471363,18.702063389136935
861.1965873867236,311.2494254106986,16.706855951443174,18.461739712514927
859.3610370979281,310.884599119567,17.004773517025683,18.33613597573218
859.8256586756363,310.4358943665447,17.118186664061362,18.313064455604106
860.6347977097755,311.01763608133473,17.413957863551715,18.039759646839357
861.1851665466043,310.442893351661,17.63109927066665,17.884061576332964
864.5563776710486,312.7568247994755,17.844155213153723,17.92237833768635
863.9165865320042,312.66851125729164,18.047842181794344,17.96869920795999
863.7182990176426,312.03332259740506,18.192952843604647,18.09419229902674
863.7085746056648,312.13083815385147,18.387655610169055,18.09038515022905
865.6490723718925,311.8300357847046,18.725349996231678,18.090525497768056
865.4082777744189,311.8877165417006,18.992239893035556,18.063246781601343
865.1739258785452,311.93720836609975,19.244661212768428,18.052929452650183
865.6354522754543,312.33234952362926,19.44962608290608,18.01764677519499
865.5730312444049,311.8669211031114,19.65797811918641,18.0510414270332
865.6886425482713,312.2326090904198,19.832301461389598,18.06804402726449
865.7845514377118,311.84428184172896,19.916126733179237,18.076732850245854
865.8818227784092,311.4541350212938,19.998100310500966,18.08746853823539
863.8943602733119,310.6839274715863,20.059629439042652,18.032750690682242
864.5040335648298,310.11372896809587,20.101861773510446,18.02049102327809
866.9761858967677,312.01649007427187,20.171347717086903,18.178725372205392
866.7718128107961,311.63308170252117,20.29742622235647,18.225283760566096
867.1094464871571,311.9734165054898,20.476088091264508,18.188002545169894
867.1663337163295,311.51962169087847,20.609655876710377,18.235530230861514
868.7601960275416,309.0811052367484,20.992876994032184,18.121779924552605
872.8949825080851,310.8026462183728,20.869594812058878,18.297958034011888
871.9014701645925,310.4407438810173,20.906183145360735,18.31264177948176
870.7950560933623,310.30700825910003,21.039627676142057,18.292696714197938
872.055186658066,311.42442703879743,20.992290779217747,18.467442723376163
873.602795322429,310.55892222521317,20.932962599203925,18.543017980503798
872.0165911755536,311.8353760427574,21.016714944315726,18.71098560862948
873.2681836197459,311.0536452513779,21.028563539436313,18.87670515838375
871.6047806437548,310.5958992601083,21.231425924142435,18.81660017656358
872.3082986598314,311.8101738722542,21.37409754312757,18.96342913182195
876.3480097920387,311.0645605933728,21.13515894417924,19.445203942644206
875.1226078416873,310.8025209340923,21.183133674654986,19.680985369588324
873.9850968674633,311.3397038484202,21.3761491686352,19.79350084471984
875.6243976523023,310.61796199479403,21.38071519958907,20.0386876474082
874.4853504268953,311.5145265864066,21.550652015668078,20.12505372728273
876.5917204208022,312.0374065493802,21.50012678386603,20.29930396273543
879.5237323760133,312.7518707878104,21.409117418884566,20.505986423947242
898.6187880089885,292.1885706917244,22.412220569437878,19.437163489898488
897.4974791000298,291.97029834805045,22.9397798222157,18.776503015198017
897.270206464799,292.8450372462167,23.514646463338494,18.25033318605156
896.0584845987216,292.2162469059828,24.277939071492604,17.60991088437971
896.368218217875,292.81854471778655,24.45473767371647,17.273201804046202
895.166711852251,292.43056159514833,24.392278183589973,17.281178294645755
895.5905688091476,291.28927532234763,24.331307135835846,17.329659081519118
894.2489564160225,292.1307504924351,24.54062516663874,17.18047596470241
893.0977326225499,291.09313513684674,24.557152610456548,17.152584441534554
893.683607718233,291.7303101969844,24.673954464912484,17.03345935978765
892.5914836692015,291.7313828322212,24.509257422136947,17.142358309940516
892.2736782494746,291.85379679565483,24.23854989506301,17.18022421618599
891.666374030603,290.9359314817729,24.010809971790952,17.19733904976797
891.511407493774,290.59357128225946,23.664028129219883,17.432969444827556
891.233398950011,290.6976667951076,23.069788702196586,17.943604236239512
890.361455363705,289.3238898179864,22.93455063734359,17.734275713675142
890.3018152341288,290.0826922755225,22.82722776102938,17.536496686283
889.9710631841332,290.3870609882928,22.50383526077417,17.791299194900887
888.7796827464065,289.1886867505485,22.77926366819483,17.452017330194668
888.1408086244917,290.2303997433624,22.962257454550553,17.158676421852697
887.5387632990414,289.67823065505127,22.910984641095737,17.0304576593499
887.700751169459,289.7951005111813,22.847900576209675,17.06891623672253
887.4708114456321,289.8980805635988,23.089001935174494,16.891240029674883
886.581905197627,289.84926317927057,22.815097626680384,17.031069701228205
885.7977414112348,289.0361469059996,22.66863735862139,17.00272236991682
884.8601419605315,288.71723499443056,22.68563117999577,17.04381596081608
885.9809549690727,289.0236879480147,22.664091022211938,17.021420362390362
884.1573858726479,287.96082586895824,22.823733554279926,16.985662663203474
882.7572030091569,288.3403538777302,23.079570796917373,16.9174108291427
883.0044038989325,287.52630575327674,23.049059122852015,16.85276318061154
881.9452822343341,287.58568336942756,22.993080697974765,17.03156619635302
882.8811285969406,287.6112358484629,23.007984652449338,17.12264615144068
881.7231019684598,287.296972171207,22.878077626131546,17.11038173215644
880.7129424733033,286.570068558679,22.84381044434062,17.074630498884147
880.1005755748182,286.66017902578636,22.882198425652078,17.135938492949307
879.1330932013436,286.41505903224885,22.72800392234185,17.047904110784547
880.2887440142456,286.405611431465,22.630937363905545,16.88036812794124
879.1233232804984,286.8786870039601,22.586739253915745,16.767589277853723
878.2584951900094,285.7634477048085,22.500481400050305,16.782459279355145
877.8483074071316,285.6455233159958,22.433917320992244,16.63742698588997
877.35041063536,285.542055048586,22.10403180073856,17.017449836102926
877.6245333821863,285.196128862053,21.9131883039369,17.25340544417533
876.1693804122089,284.6145930353266,22.023698377879366,17.34746266758201
875.5270334736209,284.6413864630675,22.089500753628585,17.21957018087991
875.3567149938484,283.9035468815385,22.08211650393359,17.196897054738045
874.4852309835519,284.32904679712,22.193705635442804,17.205843891723113
874.443448070209,284.77217675628646,22.465073478863516,17.212329170209493
873.9802489732749,283.8432780576866,22.567182589250912,17.066351686046353
873.0289974475505,284.18773499519835,22.664347854025156,16.929563443785682
872.5100258169059,283.8795366563599,22.600873693019835,16.868580930540773
872.0300412711756,283.05235453686936,22.591327520446143,16.788767818523926
871.5396602348462,283.6870876813811,22.68573627918199,16.727023716542682
870.807892973187,282.22373904365725,22.764474063875944,16.63975586213812
869.656928306434,282.7854295746793,22.704978236020132,16.71566054571474
868.6621906900581,281.7714405655448,22.522650471182942,17.01385359846857
869.6953486488243,282.0651556290241,22.612964831284177,17.097415190279097
868.5817012415527,282.0031693220047,22.731913183577703,17.09789994435359
867.1631206702966,281.3568106162165,22.818682365945733,17.096113547908452
866.4804680194655,281.96180920236316,22.821037461805012,17.19605337588977
866.5910935853141,280.9174928238317,22.515613895003092,17.17082194952674
866.5103190391246,281.74357276019987,22.217412960917578,17.219195109207757
866.5064400828433,281.55780988090527,21.85793262012532,17.30230895249466
865.5311988588147,281.3560679893514,21.939667714628452,17.255027990128504
863.7741251118376,280.2720191207274,21.834371076731554,17.41966222067783
863.6576549990359,281.047018750581,21.91702196052748,17.209107598269313
863.0732417330785,279.3591876143052,21.495834034739858,17.529275085512005
863.313764224832,279.69745678950665,21.265098429141627,17.68036677813888
863.9009541484819,278.18892249627106,20.898658528493073,18.01424668777603
863.67180797801,278.87307073282153,20.805897285815004,17.82637216310799
860.9608338715085,279.13833462877193,20.985292264717707,17.523450414426797
861.042193859993,279.7233516856336,20.820322495297738,17.26012775986327
861.498574398719,279.7135443737583,20.632086631087127,17.11384613181627
860.0278633348508,279.02744243292386,20.947768707553983,16.751948479595256
859.5349827118082,279.8123356118733,20.933917383830313,16.416912034911977
872.9544964982367,255.44199083573528,20.196414164000505,17.316216699492763
873.9928589884058,253.51291933356657,19.7658365540007,18.168322230151613
873.3875260340269,252.84574216127166,19.866753384008017,18.602461068187765
875.0130888847347,251.87416681068157,19.04257813730448,19.377020150830038
876.2397388072966,252.53371009449583,18.555789541722717,20.233786358775255
875.2488439061927,251.56992178604455,18.277851865903155,20.712401002487546
876.1425085121798,251.9039140423971,18.22378173576947,20.688678445997304
875.4049144168481,252.67414006215128,18.580430235461638,20.42960050335939
875.1278981595744,252.21103029467542,18.629363989880783,20.470061876766316
876.6048185960666,252.12224129219126,18.55994279653836,20.654410936784807
877.0323010425192,252.5727019792105,18.732157144813435,20.174049773689557
877.7086059765462,252.30326869502073,18.72958473231823,20.077218023587648
876.3581429487318,253.7695727839367,19.2845123100113,19.8920737873298
877.037447342456,253.7181442558448,19.506008946490272,19.593019823234687
875.6200726853017,253.08888999679994,20.0849758949999,19.484035188706002
876.3845931831811,253.6608423852317,20.09822284498843,19.269413494327697
877.0923723976216,253.05631891324026,20.149318836006454,19.322986371576263
876.0796953296957,252.8231542638261,20.169699083460856,19.30568790403376
876.9537836429704,253.06452002229642,19.922843772677044,19.230841551115574
877.4953825714547,253.40891568623985,19.756536060056476,19.180428783771767
878.3781094325896,253.4262194730045,19.610213783671384,19.199213169760704
877.461756226435,252.89249616397163,19.6107877372937,19.446833304099922
878.2923280150401,252.38616706884414,19.370887589267536,19.69145363872977
877.3570488212421,253.02003298113993,19.436012107501632,19.738786840421422
878.1402049879503,253.3260882627053,19.43665593653796,19.689475492607478
876.2773722231082,253.30131465935528,20.29803027512123,19.472222534131113
877.203075381844,252.71350934442066,20.72624079038274,19.369924004340024
877.5876970751126,252.54668847734558,20.52694864009334,19.359189263871265
876.6893482914553,252.61925453226152,20.63802434976484,19.446870855072962
877.038759171548,253.2372355897608,20.81195048768125,19.66334482959014
877.4935197590955,252.81424246496752,21.036255568384632,19.7965419608867
877.9819518611498,252.9139183640063,21.089734420001164,19.83761111524849
878.2093160184857,252.81213248819472,20.831390758778422,19.989792263686894
877.8357004247773,252.79546896648463,20.810344837525836,19.858049682325493
877.6598038521834,252.97817118736043,21.009105828868996,19.653777591137896
878.3895551748918,252.80255492178816,20.90492697495588,19.802247771842445
878.6843191027552,252.7552414086032,20.87626350817183,19.786283118400835
879.0154940010428,253.69766267064446,21.321431550074777,19.688947293880393
878.7564284480189,253.26623001387495,21.430324496465992,19.643203395974574
878.9233758100388,253.14183765862614,21.665809578944867,19.586519189579164
879.0396799780818,253.07243361342256,21.33999696063463,19.65248230528972
878.639603578491,252.85809248818234,21.211934971379357,19.657303201180717
879.8409960691743,252.82751732922586,21.246490964820552,19.802391283261436
879.8821768667895,253.65352196612977,21.471723788115856,19.95778366655809
879.5523109746648,253.59480453347976,22.06373571795076,19.699107590686474
880.0664432412672,253.46556798035985,21.81464706231713,19.905253064022244
880.5526902006771,253.36261816341587,21.62035037240571,20.04705007057323
880.5452500631939,253.93904526960335,21.98366378431232,20.209363046842647
879.5898114893843,252.64535410737068,22.329102303734825,19.755586218323415
879.9396308380327,253.80827691707694,22.6963656478732,19.756794384235
879.9013844846608,253.01209766560365,22.79005384014934,19.853736961201925
880.330779329981,252.9645721345076,22.47310804065257,20.019601701599093
880.3778587552551,253.45004967176303,22.376204899359486,20.265643296857473
880.0555983095179,253.3007860588309,22.652152304029066,20.062262220414603
880.8146684545117,254.11848910256361,22.972707182536535,20.22362122198423
880.349544860008,253.4921007547032,23.31535139855974,19.983821914630425
879.8560808515995,253.42621394505022,23.42243302131471,19.88563145646365
880.5931176811409,254.17541317793342,23.99718343411579,19.764737577870715
880.139256810364,253.886975293437,23.976627563937186,19.845339710045646
880.3308904049742,253.84258096198266,24.39556420877385,19.822104020999845
880.5462072895582,254.39593564734508,24.60053702653896,20.062702689940267
880.6120977115266,254.03047306546392,24.38821844618608,20.12852799446491
879.7620901902512,253.87849351909193,24.53257943981724,19.98784525867189
882.5915044094851,253.7928210697705,24.261905031195802,20.05092719372174
882.2414687239826,254.7573318461549,24.281554334558436,20.072672681205624
882.0041168231073,254.04796920640362,24.591939023412174,19.878772600219303
882.4443300180181,253.8582569112506,24.371395715503365,20.12016432202081
882.83531163022,254.1658857032379,24.134392989909635,20.49420150542595
882.2935329875761,254.27335071707262,24.100174477353423,20.587229454813038
882.6277717995569,254.00449296200105,24.96301480268692,20.30735329778087
883.0722748514509,253.7876799028308,25.393349643189126,20.402580721129308
883.7067838529827,254.3464408782158,25.322050975681677,20.818881783664985
883.5498414859024,253.94776257938716,25.321667359240898,20.842617716248842
883.5871114196891,253.6076393114454,25.397597033217075,20.7524249253692
884.1682180269066,254.62163040489037,25.494478295481958,21.13256790060393
884.6100593927895,253.83830709850542,25.695782488841335,21.116562302184526
884.9333739024676,253.20100065684503,25.482798717898387,21.179703031841697
885.5311280028191,254.17900875833823,25.724479857786708,21.290185108426815
885.8919350562937,254.81362417709144,26.244911510992097,21.172744412979732
885.4976533199928,254.33522393950147,26.143796743771613,21.153466675898493
886.2983527500772,253.463060248204,25.605569747158526,21.522281458548377
886.995750149407,252.75315677447006,24.97718720664737,21.928789894511127
888.1007338685067,254.11429512587264,25.16949270812988,21.78539874697326
888.715824169717,253.3137513756596,25.71445453696826,21.452212169983937
888.983932518657,254.71830983357484,25.66136951600076,21.205945967883302
889.3575816770136,254.36053773912545,26.131345984329332,21.135646128785993
889.55971274403,254.3571825681998,26.24016498366228,21.183094792478045
890.3103370089829,254.52257684895815,26.346358475126337,21.21010674446726
891.5954856441766,254.88574454224863,26.84822812444709,21.389134559981386
891.8232312829913,253.73241363282668,26.602044457806475,21.33569968578631
891.7670642460392,253.72640819135074,26.134859200255228,21.539376709890604
892.4154133333705,253.75179804628917,25.801163945743497,21.667097428809523
891.863059679597,253.46530276231613,25.649120788851093,21.596684109006887
892.5952994677405,255.26527668283296,26.33941516314087,21.231377581526072
892.4714213922684,254.72957060430795,26.74900436195196,21.150283863942327
894.8040005251115,253.87527170307442,26.13309526847643,21.480928375470036
894.6865214093144,253.39691938356194,25.392852072134126,21.94409806209289
896.7709527081553,255.284249496624,25.806774603999415,21.55577964619524
896.4050162989996,254.65204195394358,25.570580431935227,21.720534334980137
896.4905630641291,254.17373276657958,25.761897983467144,21.642489866957572
899.2726305385017,253.669005209523,24.943920680901172,22.208455250712632
898.9525902846881,253.28265770887046,24.368230943929923,22.539197367820456
899.0040598322473,254.67033158043768,24.860526779326783,22.320548900656505
900.8123503454054,254.42287512988673,25.60583940688015,22.82522190774077
900.2740885398816,253.89455288089533,25.726712986361246,22.80947859120183
900.7249260689225,254.01589971615903,25.68896976297729,22.774119260293126
900.9478253862175,254.0515462775503,25.473239961023168,23.002867932287465
901.8481101489592,253.7202987979347,25.54559321366925,22.780286845528693
902.0083711077035,255.51632386431407,26.048650369132957,22.32484126027054
904.7319104842352,255.03459450034686,26.029167708293613,22.140308926994354
904.8485620114426,255.99201628674953,26.0428038361604,22.072540458902417
904.9147193445256,255.28746610234018,25.966509511808027,21.92239381081443
906.6593630136429,255.25578179772475,26.01134845531176,22.12003657494676
906.1111970897593,256.33987962468154,26.077651006203748,22.186918540585815
906.9907701147883,256.20483507299383,26.258685019393482,22.37415019162824
906.6739730695465,255.31579824321955,26.41996701709607,22.45533492753181
906.9811987423666,255.1645287151768,26.552363897049318,22.686074913974238
907.1208671533683,254.54463418990161,27.02390713762609,22.664916141000162
907.6842384420302,255.99354990497943,27.512276864989783,22.456081264265546
907.6222685956025,255.30480560777542,28.116004533394857,22.29761264145707
909.6251525152694,257.0153603351065,28.081358482086014,22.21058650550522
909.0767833908262,256.25910629931593,27.800752718711813,22.273316139471945
911.1191285398237,257.4710817780069,28.04379259955009,22.2412435485603
911.4487787871557,256.78764549677777,28.24302864634799,22.38078244612448
911.5048356477147,256.4546361259947,28.070047760945965,22.84873849957843
911.6115198190704,256.25099448322356,28.459292390493992,22.94882856545899
913.9640368963655,257.4930823302464,28.708058437319664,22.740921353621538
913.0535763491783,257.002860537735,28.70632599966607,22.87308272066491
912.9198849282905,256.7427779941933,28.880875426767886,22.94895803404564
915.4080453524513,255.9799069872044,28.026041242264622,23.32401855235696
917.5364606549491,257.0070796718477,28.192513764557873,23.10292382489314
916.4503034717668,256.2042787923749,28.08745910855314,23.21075086364683
918.5233042852208,257.89302270324515,28.4447362139449,22.852621915273684
918.2119873944523,258.7214703358389,28.639991668827427,22.80133392128062
920.5943485156299,257.25797629528415,28.63168288625008,22.824311706522117
922.28942433808,258.374216924841,28.614518750123633,22.744016125890518
920.7648054838692,257.59589677060006,28.558041422153195,22.707220670059705
922.8362348490937,258.26925750930644,28.47258291829703,22.809745599202106
922.2342760079327,257.65962026632855,28.65004031066384,22.82681144696665
924.638024032483,258.19627785857875,28.54412383233344,23.005856010352844
924.4153393667546,258.81520575084426,29.480144056048115,22.83013806800028
924.0560262251032,259.1864657653162,30.01447556422257,22.73495797912748
923.4898759258606,259.0938130829324,30.659751825654553,22.672149890506788
925.7130842912908,257.8121287484168,29.812508402212792,23.421105369649986
925.7570870071906,257.6122457253095,29.46923174424549,23.800607412438758
927.8959231680521,258.7012852349493,29.782106507330838,23.496975977311386
926.9815970898939,259.2748763964915,30.204684974186666,23.341944378161234
929.0946355300622,258.45217688230554,30.073452911965262,23.63318214402088
928.5640644629749,258.56639539453295,30.396386454201817,23.661528932804206
930.3608372715729,259.8659013732951,31.24547065115363,23.432241725798658
930.6119552199802,258.97199718205337,31.380803585782836,23.502534043638327
930.6549953013223,258.1068256896514,31.190444925700795,23.68489493177024
932.1904687891341,259.63037025053075,31.64892833948146,23.22887217048512
933.1323810600071,258.69402134545,31.130536775411976,23.540854901339074
936.0867559420826,257.9782911388863,30.063465153808398,24.232666614706083
935.4271089097718,259.4163249999338,30.83498853943307,23.56704405824519
935.0574318046115,258.86606955580845,31.15056472245759,23.43322989518825
936.6194415908557,259.7003633202942,31.15306840627119,23.532187351034327
935.8446818290034,258.78603411284075,31.2594835436459,23.709575972430635
938.425889713389,257.8124604134886,30.8159613028594,24.19988833962551
938.8730729984352,259.8681917319093,31.692069405084467,23.79543048832191
938.6357193546246,258.9549825617078,31.733229017096264,24.024694926670996
938.454982515744,258.8180876880884,31.804479126179608,24.202168418280895
941.7361497393705,259.7677578079216,31.98141393551819,24.089451298922263
941.262707213048,258.813167545021,31.94150827151516,24.19335352348454
943.5556325346129,259.5992978657609,31.853121808378067,24.254208531228027
942.868050470632,258.54414626626647,31.611414340956976,24.569392087005564
944.8079765883502,259.77235227840674,31.746499983175724,24.478974754573777
944.3575160482154,258.7601367907997,31.845560909770317,24.50952366973689
946.183352667711,260.27233280878215,32.41801496341203,23.968661439909038
945.421268916438,259.48729158173956,32.482008620667116,24.058172027958815
946.493951451001,260.4326631549142,32.95820555563044,23.88961544700865
947.4501535096167,259.3058711285628,32.555792845793434,24.436433728799344
947.9690257436139,258.6392294152931,32.30278644161133,24.76260453307774
949.9808528829074,260.10045331377864,32.64356831262157,24.34460562679258
951.1743048110446,260.97486505585914,33.264630736330496,24.297415715210086
950.5646309565205,260.35290749050984,33.49601143106578,24.14542582805585
950.9572817153893,259.103973865786,33.34303526456656,24.56060307696948
951.0220088875742,261.06930125028794,33.883137120701235,24.225567271207225
952.8489281945165,259.400306184053,33.517420683940536,24.555718677633354
952.6793937176374,258.99155804176274,33.420098909940506,25.015388252466547
952.4600640296983,258.6362664478816,33.41238005477002,25.40076399818363
954.3522761147938,259.98603552825074,33.16671964609942,25.449484189725037
954.6361264118398,258.5010728332708,32.756037951925,25.80438072150003
956.7127989906268,260.1175667847883,33.16520471527993,25.728813930525522
957.3951537025006,259.6128298907084,33.15613963681588,25.837506146820353
957.7505167913868,261.01331365329736,33.73619841406814,25.37251307652223
957.954975435109,260.0843341516613,33.90483386242936,25.282606474439888
960.0876436823895,261.317397676662,34.24872693253491,25.0696177281953
960.2366428091879,260.24766874269164,33.74761296236178,25.420264150899847
959.9947441677704,261.40070679538377,34.05922698487502,25.197161525740118
959.8502702562558,259.75814806954355,34.04811551916394,25.639673625018833
962.5226435171227,261.6943284014773,34.09165606484353,25.02331967883321
962.6777416335965,260.7295185950483,34.33408644169822,24.921502133106635
965.3914367630933,262.2072002552632,34.30598388335754,24.48956892170092
964.5356551867629,260.81330983179646,33.6503752716447,25.44814687823824
964.4487327188835,260.55201174757264,33.310156610678014,25.728530721351333
967.5074741025679,261.8721547383807,33.23719517509639,25.39350778218517
967.5431612956563,260.38602055455726,33.4269940968151,25.62319454392083
967.6472921350061,262.0056928682762,34.04984200149346,25.210921344781898
970.0091159339337,262.57678311497887,34.182465670575446,25.04522598454764
968.502776302485,260.63811459776684,34.1094541967022,25.505182924443446
968.6709604954564,262.7273024097481,34.66789511642748,25.23200468245419
970.5759922392283,260.8407051424644,34.44990936096985,25.74629404467362
972.6416671333525,262.1914690217795,34.39368383648474,25.6069131881278
973.3231200093385,263.4372217312791,34.696138535257354,25.402015034600968
973.5122348083454,261.815619528824,34.407322945205266,25.601968401913453
973.6891766287671,263.2399993548823,34.9813705535036,25.093282812144377
973.6993454069112,261.97316401178915,34.706765662277306,25.420532838311743
976.2676456223057,263.0556649076807,34.55713374879168,25.391498062748727
976.293284273505,261.56094540552954,34.296653814085076,25.91099640466702
976.271343375398,262.6962198662721,34.55882216928498,25.751495943188587
977.0504699264884,261.658017642472,34.254281244380664,26.42269156472376
980.4681502457256,262.54519093668284,34.25552281690492,26.296941024657148
980.9317751857636,261.345167706896,33.99782097149682,26.475679252877026
981.3492809664538,263.3426722145235,34.375538506529146,26.016172432980383
981.5975918854942,262.511197909094,33.95857320234529,26.310287501969228
982.3482989708887,264.7026292065441,34.47163556926073,25.885098218302616
983.0560664548076,263.7956267242826,34.40435897754453,25.985831922564003
