384.5,268.5,11,13
383.42768865561175,267.11646429173396,10.424364214426504,13.577818563138534
383.8368649411916,268.02402427511214,10.200711145258069,13.741776412391703
384.1275309483599,267.81247146894776,10.04588728936684,13.791885992482474
384.36272071301937,267.62389739890835,10,13.797801116308747
385.4619995376063,267.4599446773358,10.195949282131043,13.707111483846605
384.4257491277948,268.24102981203544,10.241071304222995,13.534334782486177
384.97756369411945,267.6735232548182,10,13.660043731080556
387.2151678353548,267.8072385600132,10,13.442555792943143
387.9390120655298,267.9915153410402,10,13.193872312433134
388.8002963811159,267.4780885415228,10,13.354409652560562
390.4781076461077,266.4205200196125,10,13.945354720787591
391.5129953175783,266.8318066542843,10,14.324833806256656
391.7394902706146,267.24201973698365,10,14.28359341280012
392.68399155139923,267.0765482167981,10,13.959846962376064
393.1010773181915,267.3478242203882,10,13.59164687091303
394.10269007040523,266.94829942463616,10.187663854093143,13.381845291877168
395.085037945817,267.4603134272052,10.380487920621773,13.17637943674058
396.36716587171384,266.827843615186,10.658678157619097,12.997613144374334
397.80373369891134,266.9586947517729,10.584420457707125,12.998752036266264
397.61082409982697,266.72201756827815,10.596636997365662,13.008669620895699
398.3256210471532,266.5808874045538,10.567431581945968,12.922388230815166
398.5899653607653,266.6560288403062,10.469187463512807,12.86991655158446
399.09007811593636,265.73893484727364,10.179182468898638,13.147708649321027
398.98571971097175,266.47218297683435,10.072903721758058,13.135965431466921
398.74115227523794,266.0268451119975,10.1949619280626,13.09322968214438
398.9953657199067,266.2514769185453,10.212375440374572,12.965383847779222
399.3037282865245,265.6717262825866,10.544236890276437,13.169583834906618
398.99715943977515,266.556807806337,11.067709379488603,12.98422317655061
398.8384503236287,266.2731746049886,11.303424470449889,12.956440913247082
397.83986890915526,266.24797924334706,11.567321541836044,12.675315013033096
397.9898138422044,266.15478733520627,11.81766498023834,12.541559898040324
396.78571482069316,265.9717331438657,11.751657052496583,12.193134355664965
395.8086132152292,265.76964941769785,11.560982829647713,11.906120088697504
395.5137182337741,266.1175616165371,11.259821993569481,11.9104752678928
395.8951767431312,265.6030095192709,10.980919307149808,11.732496833221344
395.7884960373328,265.5392613804546,10.815038864794193,11.511622260767828
395.4176702738965,265.29645065111606,10.755252119667531,11.2257104090315
394.8020144247847,265.38550039958193,10.433279292019678,11.1466068584475
393.87163360542326,265.85278973475465,10.073892844194809,10.992919368140566
394.21333657950163,265.8843558441151,10,10.769888525595501
394.0805334225297,265.2966150935729,10,10.627716847511252
393.41920111328363,265.51955090509557,10,10.545568562116113
393.3943657949567,265.6930260825854,10,10.549473617235499
393.1552429869771,266.0193983250093,10,10.627287229750157
392.8680993691087,265.2916245133983,10,10.457641614713896
393.34865117818117,265.51834837317494,10,10.402358286678282
392.7087631896138,265.45286917545343,10,10.406744982144357
392.5660646632314,265.53099959948486,10,10.504184897068587
392.54221466742456,265.74871477107837,10,10.566391468134796
392.34625253640115,264.9359446868808,10,10.44466236372563
392.0215070601553,265.2266018360566,10,10.480177818296218
391.4164097663015,265.60583496363,10,10.444755600968268
391.58750908635557,265.9697106639632,10,10.45726056941573
391.7323169168085,265.09444914176436,10,10.617728744161678
391.59570289216936,265.0502236972903,10,10.647505591928013
391.4588930364698,265.0086837522362,10,10.671827334975301
391.26817814074457,265.02618768288704,10,10.724841802586894
390.6402911301702,265.0715100219116,10,10.562438407239291
390.8643120136112,264.95827785996454,10,10.23262491960612
390.2675074543804,265.0973384975499,10,10.103170070974809
390.54869925044477,265.26304679468547,10,10.0075963751917
389.6539900805801,265.2689920903649,10,10
389.1383484508842,265.1945404650178,10,10
389.29054301045835,264.89295273437165,10,10
389.47659390233457,264.4607694686856,10,10
389.3514015432447,265.0068017782178,10,10
388.83257839642465,264.5277992428746,10,10
388.27470520697534,264.09062947422484,10,10.00781060901964
388.05557704530656,264.2816416712012,10,10
387.8031723257154,264.53014186932705,10,10
387.5850132461637,263.90081081702374,10,10
386.5153122898191,263.9621846394148,10,10
386.2428422626108,263.9751465001609,10,10
386.54585493169725,264.3721111097839,10,10
385.5499470885843,264.28508404432796,10,10
385.43939941190183,264.23384154378437,10,10
385.87186022661626,264.2399030078668,10,10
384.8831144180149,264.1578972314019,10,10
384.95507823489606,263.8364763830323,10,10
384.20123850367963,263.6053264562506,10,10
384.2613208871335,263.37894279998727,10,10
384.2581010723952,264.12194163841195,10,10
384.13863300927915,263.71625204128213,10,10
383.5385150278453,263.46885916334577,10,10
382.6864749158267,264.0087942753453,10,10
382.7661956290249,263.7327833448071,10,10
382.4175157586578,263.301985231461,10,10
382.6733346323017,263.855948535027,10,10
381.49671784439124,263.3747387204785,10,10
381.6027360896114,263.7585622940678,10,10
381.0384717921261,263.1699196372647,10,10
380.9616317714099,263.29363763076253,10,10
380.3184795344714,263.50887065869756,10,10
380.16115645715035,262.88588100415654,10,10
379.1556262189988,263.1877419028897,10,10
378.9523369485978,263.527102020802,10,10
378.72347268112935,262.88498815638013,10,10
377.89732864149846,263.09444221598096,10,10
377.90148741262965,263.33840337139554,10,10
377.2716823841911,263.59265759331174,10,10
377.5136818315368,262.92079314333387,10,10
376.6507546331268,263.1394853864331,10,10
376.24480235832743,263.41768902284093,10,10
376.3728261466604,263.6263576273341,10,10
376.3754371118266,262.92087544244714,10,10
376.3590813719202,263.16353720170446,10,10
376.0572039328981,263.4099851225037,10,10
375.4248541437555,263.48284764331765,10,10
375.61807081033476,263.3815033037681,10,10
374.33379289438017,263.24684073519893,10,10
374.8585094504524,263.09498680126853,10,10
374.0333264165092,262.97552399826236,10,10
373.9494255997706,262.3013073169941,10,10.049897777133136
373.60188292642124,262.8881037559716,10,10.108314071617704
372.75104807992466,262.27735001043635,10,10.208711361806225
372.57443561335094,262.69842489833314,10,10.2642967644832
372.1560825027991,262.09090424853946,10,10.212201251860499
372.2521244280506,262.5726373637588,10,10.22482545263522
372.03670033742674,262.1656365589987,10,10.030148864294638
371.37235644389875,262.485425760271,10,10
371.5148499601055,262.8212686975021,10,10
370.42219811608084,262.35759900999255,10,10
370.53275284846313,262.72918988074633,10,10.025708043305375
369.7730777033139,262.319236894371,10,10
369.1001960404683,262.56582538505944,10,10.000646397901297
369.34295485098846,261.8338790166271,10,10.035194123054792
369.4740440614987,262.226118092658,10,10
369.0483561225701,262.4946702171583,10,10
368.34939528186806,262.6186233329225,10,10.060206568592914
368.2958242923487,261.80204820313594,10,10.072665290308947
368.22669664327987,261.98464671688424,10,10.068816236159043
367.6673978299368,262.4364613015556,10,10.082653051637616
366.9528827399481,262.47206369335856,10,10.059446267968088
366.6472414166201,261.45508130298276,10,10.061479171583416
365.729776564287,262.475324093597,10,10
365.74815334309824,262.6067015223671,10,10
365.4979102455545,261.7555405788589,10,10
365.41313069988973,262.09796884586103,10,10
365.06826013256796,262.30413875728584,10,10.195982737937536
364.4417523138691,262.4377088781298,10,10.371039491269544
364.9121864431072,261.5715865198709,10,10.514944998230792
364.20739221503027,262.63172735345336,10,10.543467280421964
363.3665305369068,262.6261783232944,10,10.65621154801282
362.4725270860363,262.79318545806956,10,10.537964229904372
362.09010577131994,261.7761145773734,10,10.578733550958555
361.6926611356903,261.80510124458254,10,10.560103573626384
361.6070335500408,262.1136325787009,10,10.486536560449458
361.3511216335464,262.4035864867067,10,10.435134248569227
360.70060428907163,262.89738487793653,10,10.348151727736758
360.02557745506056,262.71064661400595,10,10.395877278797037
359.7764361195732,263.0281556378724,10,10.403602937767372
359.8549706407357,262.79998791049604,10,10.170990536093788
359.30957133253105,263.16554203932174,10,10
358.95215821941383,263.4149250269402,10,10
358.2752887078095,263.6457430452574,10,10
358.4108574904967,262.90723583404906,10,10
358.37467343290336,263.1864434510935,10,10
357.75390595872886,263.4582966596354,10,10
356.17933247398264,263.6087236881722,10.121345932657697,10
356.20882961084135,263.09533094172366,10,10
356.09621389140375,263.5560881078709,10,10
355.4309803985525,263.14535861019976,10,10
354.71280474890955,263.7736182094086,10,10
353.89572663535364,263.405701208263,10,10.082008421217477
353.2716499113012,264.12707735900767,10,10
353.574188753264,263.91463385825045,10,10
352.59699128498323,263.81189009104855,10,10
352.13724701159884,263.7283966502241,10.047115621487295,10.005481301700492
352.0716871761251,263.8751939420847,10,10.014739467803789
351.53408010234125,263.81547201727517,10,10
350.996868922608,263.7484297633637,10,10
351.17368975211866,263.58603824977763,10,10
350.65763196279295,263.6817509562243,10,10
349.83128532697447,263.77968384628184,10,10
349.1922137432266,263.9132371575106,10,10
349.3532971434761,264.0723077834118,10,10
349.030224859016,264.35651533608325,10,10
348.1407551758457,264.4826915592421,10,10
347.69387870957144,264.701730433153,10,10
346.47253531147726,264.20710022961674,10,10.051247687918188
347.0078769319225,264.65140660662485,10,10.090500200701875
346.79147681524046,264.285402252246,10,10.113063075299745
345.5110479288269,264.86130142514594,10,10
344.6946169428993,264.47357845609076,10,10
344.1601879291702,264.9843097955454,10,10
344.4794416122604,264.5532770783175,10,10
344.31553007592447,264.4319315208308,10,10.028136015366874
343.64201570977457,265.0803225576808,10,10.107779088723476
342.50231613148935,265.33767849720346,10,10.080418209987155
341.6907057308126,265.4975014955271,10,10
341.8684772395063,265.6103322834242,10,10
341.62681586970575,264.54136007693705,10,10.052802515772834
340.43360705603845,265.033370994157,10,10.013922056397774
340.9238203309942,265.4691354960669,10,10
339.5854581946139,265.9347639154988,10.021916943582763,10.032185546332766
339.0759019397665,265.48422687010236,10,10.2035567472064
338.5936198376585,265.3789804939445,10,10.17088712085342
337.5162633799482,266.1266960592314,10,10.123864355529195
336.85831440915354,266.1002794968265,10,10.224053694713373
336.57430590619333,266.176031557903,10,10.108539468023345
336.29191629518755,266.24045131677445,10,10.015484701457229
336.09640134801157,266.43878540511474,10,10.107345014843238
335.42293102969415,266.4095188067788,10,10.234176029818151
334.9110478304792,265.8354032160643,10,10.568307422581352
334.2994821809698,265.808827026365,10,10.577892293520875
333.6876334690023,265.78313286107186,10,10.585692950651708
333.53809739579447,266.1061730675516,10,10.500857263873279
332.77150036324747,266.85150567729096,10,10.463823564665807
332.2866545759607,266.55870682505594,10,10.39710851355114
331.2442594031627,267.4740739845304,10.007183667586961,10.214755666236195
331.290967392968,266.8193317324311,10,10.123169814065704
330.4197187901009,267.20810553785094,10,10.047800979490257
330.00126369600184,267.39246020463736,10,10.215109719476215
328.60183675889857,266.9470950817533,10,10.473587570091357
328.3989077687729,267.15754806277727,10,10.529893172822607
328.1954240233172,267.37380255948796,10,10.575900311040801
327.27368355100043,267.85913691326266,10,10.879653891432365
327.35490541462786,268.1750617162362,10,10.833378912407818
326.41568369948385,268.02699512655687,10.026092718465575,10.89567913640605
326.2476840049494,268.8249075877423,10,10.817450578056556
325.67604670280497,267.992675426979,10.029955326525462,10.861664436097437
324.69735729997046,268.7464645855788,10,10.860102969369308
324.0183198482264,268.5546117900404,10,10.811494730785686
322.9670142211278,269.26561169808383,10.022839497071365,10.755036253619384
322.50427970592864,269.05802040224944,10,10.769282539765307
322.03032926027663,268.85411842530135,10,10.776322534968966
321.2169305414427,268.64722139884105,10,10.80922493697441
320.52647564117797,268.7402720826016,10,10.755073411429432
320.1859722167719,268.99685568806325,10,10.523843263246436
319.2401221424807,269.54842236608573,10,10.523073970464452
319.060426536249,270.13149842224595,10,10.555562204671116
318.3210235268343,269.0722437411807,10,10.72244812701277
317.81084084813483,269.81385683493374,10,10.763604769172884
317.2401132613886,269.4659662072986,10,10.827910039392941
316.35086274449714,270.19987721035614,10,10.847289962370255
316.2744631797541,270.09175702208796,10,10.848244426750501
315.27695006434806,270.08153242509536,10,10.767012410635008
314.51751762931235,270.17055105857276,10,10.727656749138543
313.652259650873,270.655578766196,10,10.690071476733397
312.9150832325686,270.2702694092578,10,10.564535786923201
313.11499689822085,270.8573979606748,10,10.50407289166219
312.1953993320931,270.7422635640728,10,10.557354677605897
311.55525218253024,271.0492890318239,10,10.317066439085135
310.81641337280297,271.8841931185188,10.073652780053262,10.233890636644102
310.2208736220467,271.8061260850887,10.086377899050866,10.108382624150927
310.53010689024813,271.74721602653153,10,10
308.9184039551494,271.9353316830816,10.23279980063266,10.122730493197206
308.7169484885789,272.25054099040517,10.020947891118439,10.247221215116932
307.6537656693737,272.59410017487824,10.019273454226825,10.412298109079748
308.4218910780612,272.46349636085824,10.011017388781928,10.482546209031188
307.2462835224725,272.7039096064113,10.165132337453322,10.40288851136497
305.87669197099734,273.26316136836,10.273886172520324,10.585600636118697
305.44085416163966,272.60792253494526,10.104756451422372,10.650682046501277
304.3702588936347,273.146304909748,10.070454223913114,10.838417080411755
304.6335728347767,272.29592389004745,10,10.967856917130387
303.60849441890605,272.73759919241417,10,10.945196190860669
302.94583536987193,273.1101468850396,10,11.01077165827082
302.2372197092045,272.55308303048434,10,11.073684553195376
301.84220752629875,273.72149319171643,10.06149670067331,11.085392377474982
301.40386245949304,273.7624642920281,10.068873951861345,11.076413250701254
300.88356041680515,274.00091983524413,10.013974110959921,10.917997378254663
299.6788708184073,274.5294474492367,10.004638546021596,10.898414517556105
297.9812455197797,274.24347366317727,10.101397188473342,10.895177029173992
297.3057938993443,274.1094451693111,10,10.857844761621113
297.0731346786488,274.45104294454603,10,10.803378971797944
296.1890892565716,275.0358964859214,10,11.047046313028021
295.772907453822,273.941313081576,10,11.251780543631815
294.603441437463,274.5062150863126,10.049216504229761,11.238225737840757
293.5815295630723,275.38881351258425,10.042315508214388,11.099524842671986
293.6294944341465,275.2276653264193,10.050109195209364,10.9603652439993
292.8191153195387,274.91335302561953,10.145514469560549,11.125027618492716
291.8383731859501,275.6162265078349,10.086519296048657,11.167717748750382
290.86649186550466,275.9024350149146,10.048544204052273,11.210596740793662
289.84210166265257,275.17150955103097,10,11.404640900143544
290.0728164159227,276.1202258324308,10,11.571791400469603
288.944277893147,276.2865224941519,10.004767007938497,11.56951819688515
288.5508633397985,275.92892720659444,10,11.677614662941716
287.59357159857393,276.3632865250677,10.038456239407205,11.70085932908433
286.8117453937565,276.2501006630133,10.149220398691071,11.639719287236169
286.92405924432694,276.17313966188874,10.107726120878608,11.612620254767712
286.29586031793724,277.1457416751359,10.142557892610977,11.647114528635083
284.5216286387061,277.14576149612617,10.176431702962264,11.701892887298953
283.42450940145125,277.0903409615317,10.329411842358432,11.691046283455686
282.11462600184075,276.9941839749464,10.311173861763766,11.786321577801326
282.4908733146463,276.84647207577393,10.020951880195584,11.914219324744177
281.03519541479534,277.18258546243226,10.099712808376555,11.794851023297895
280.6172169886995,277.5387136433706,10,11.827249078459253
279.51265250533,278.22514018196256,10.050473084857321,11.628228298600437
279.0455595817485,277.94619935273056,10.219351684381621,11.333681818808376
278.63799448801797,278.58646220474907,10.248438347100578,11.196477032854578
278.45373917431954,278.2955719203461,10.38002463913683,11.114708178442644
277.1671694519838,279.1236335149144,10.580460293143663,11.179524267908732
275.8642139496425,279.29346418047277,10.752327890386107,11.200831407365358
275.224499142075,279.28912676117443,10.606414349660223,11.161949674299667
274.82429991366433,279.7532401959079,10.358190555924581,11.170623897362042
273.4680030066049,279.36953852657234,10.534077684023572,11.210336956549304
273.04244288336366,280.518860195401,10.518021218946696,11.236446903346412
271.56422927032395,279.4425489020008,10.689415934268702,11.267485789966667
270.85850532999416,280.25471819423944,10.703710556604634,11.215410446303602
270.9504220352547,280.0989882944183,10.522632625970651,11.181833858502372
269.5538883341821,280.89353651905054,10.437520954782102,11.192893716458318
268.8945192267792,280.8154331436881,10.382016029367291,11.233007405318887
267.1333345794253,281.0825616176773,10.346176381661785,11.311358294063812
266.1197270102729,281.4826554243107,10.479253899040557,11.369651551520725
266.61903124519097,281.3815873190493,10.520641814778811,11.388299795386896
265.2182476059784,281.8293871078974,10.403376552691963,11.499831198182308
264.8636591817534,281.3633393842447,10.347166283279165,11.44896797105688
263.28873326758577,281.6886305481364,10.45861889210149,11.380192124157919
262.35070714393675,282.6266710804247,10.5702590939207,11.665744789516012
262.12085152585996,282.6029716500438,10.536999833658223,11.950307968839383
261.69896134649224,282.4775777371069,10.65632692195831,12.020628144418874
259.90091830705484,282.48817973700585,10.708249773751845,11.989252408030469
259.37722486296445,283.24458244176355,10.77624115316641,12.040840876498082
257.5794268053206,283.6748665762362,10.880979428869763,11.944293646562
257.6325153082215,283.14162267367414,10.913112602182334,11.93903176449119
257.086749492103,283.93908373619973,11.075269897222928,11.806552871976317
255.50495520722362,283.9719725034302,11.224971061586235,11.711913067920168
254.9273885430688,284.1982527340081,10.997788754214756,11.790593368044409
254.367420865446,284.93140895769994,10.987954784203943,11.82936603132514
253.81582647663245,284.7363040376931,11.010332895746787,11.889031906237527
252.79323133765857,284.4662224579526,11.049037473087246,11.99513866446577
252.06306819018937,285.32241216541087,11.157540557309375,11.893718898635248
249.7467208372058,285.8109375205087,11.008396846223338,11.867131781445813
249.30390101485833,285.8212314858984,11.20041753769026,11.667425738936728
248.8995430754489,285.7936891485675,11.318785923814307,11.541756437491834
247.46690257878433,285.9682243462077,11.134196664534182,11.627765229366247
246.98114056241124,286.38622474442315,10.946362672683165,11.630372876672421
245.81972157531285,286.7207212151272,11.052553498747617,11.55453603458378
244.5884880113161,287.25988891229775,11.05346824522566,11.535573780577646
244.52311478352652,286.8550332522865,11.109451246307884,11.515529794356286
243.1595561771364,287.9454219946681,11.095123632962059,11.514380920204061
242.16643313767682,288.0837325905433,10.907323672299933,11.62004857184693
241.5389653803578,288.56547537636214,11.106415952875746,11.672015981204535
240.18937833181712,288.88674491352015,11.199595348571634,11.661832060449065
239.8359431600121,288.23840992855145,11.310981733460494,11.694034791006583
239.4513107546445,288.83871818970334,10.997135973288099,11.941169433139212
237.77681845428143,288.9744788025144,10.957411982553099,11.914437837691711
237.01932355239552,289.09230049648664,10.994054842469614,12.00133351105517
234.9764859741775,289.741923146037,11.03068348248715,12.090672468126666
235.69870899280394,289.4296584989778,10.911737218259837,12.142054405734807
233.82769426148872,289.3905339743541,11.054450560742556,12.328813762949844
232.93821088254938,290.3667084692818,11.269240401545098,12.430564094459868
231.57528686713437,290.3603084940515,11.49335322195643,12.51305021186259
230.89208322291083,290.61988886741045,11.39299892135325,12.543108119777198
230.19832015543258,290.8916081106263,11.318105784840615,12.547266684012373
229.23960105899937,291.6675278272811,11.429566156356945,12.525953888733794
228.54297662615483,291.66412280669954,11.667806586796678,12.573863306873385
226.85955594516514,292.4509892140337,11.740412004028116,12.614356237406174
226.04974334557627,292.72936500536855,11.711596603764335,12.613279326863253
226.0326618936491,292.0078135736142,11.593332027993931,12.596741568232954
224.79392885200264,292.540427033497,11.690496635761964,12.628440383940994
223.7487265271297,293.1200742180819,11.78651318202276,12.630462647995659
222.51396116891482,293.339517752515,11.731195437301363,12.52321030923003
221.32155743736283,293.85139118582225,11.849060160918647,12.527977231792534
220.9799562553515,293.3791464826246,11.839801391938089,12.540238967041386
220.57306928695147,294.24790658750175,12.154800353199875,12.303422449723334
218.77002561805077,294.4426018763601,12.247708865622887,12.3019472746575
217.74000016893757,294.959963715116,12.310762645853035,12.273123384094895
216.4396328828396,294.8186932131798,12.14382849398896,12.505912960942572
215.73910828740338,295.2422894072274,11.945722258835975,12.610365351099084
215.2923576330347,295.582627920427,11.854831341831023,12.627362479935158
214.0328371096452,296.3381949751235,11.950140107878838,12.624796061391535
212.03919293587776,296.4914637401674,11.91707847601302,12.71414429685623
211.81008331221605,296.48696987098924,11.9641297738984,12.805387890415247
211.57561196176562,296.4884847220969,12.020961699090066,12.885800078976043
209.53303708955553,297.1577715230222,12.206540978422385,12.956127810934383
209.03051339099696,297.77392085571626,12.117103092641546,12.987306232567121
207.60332673997044,297.5203528145681,12.138762075465491,13.199021548986636
206.79660727726497,297.48261956788735,12.036094824500058,13.39029231225804
206.85705099577217,297.5579513526975,11.922685490061687,13.474022786321761
206.02088955313235,298.3313129171307,11.993912937337763,13.461386838546648
203.92548767799357,298.3908222796613,12.056348309929781,13.564140814033593
203.07722440210716,299.57089635919635,12.304649959549577,13.438978960200323
201.70808519882533,300.28854520776514,12.333977846551491,13.411382397744427
201.26989734066188,299.99470708475235,12.339404890583765,13.345220307302238
200.77705893418613,299.9450259515423,12.271973488203233,13.406553927461863
199.24012965065572,300.1033645994453,12.302774851971213,13.439266035714382
198.5341529953902,301.0685243964309,12.383493826602905,13.36831297788356
196.53481054282,301.4992097253901,12.462063022438498,13.354602027034572
196.5316858439143,301.954716901011,12.48321017094046,13.349865093929377
195.5456897455284,302.1157284751655,12.761631396223336,13.169113998742832
194.4657387460118,302.7746805745505,13.204745937790406,13.058198015419459
192.5016000085528,303.05243168953007,13.03804412651453,13.11489032357662
191.1807165897621,304.15481734117736,13.117548905837857,13.023310148059162
191.8303697897293,304.0747882532148,13.045729473943954,13.047851367535683
190.57282943292995,304.2260474072509,12.794016221249318,13.317512853775048
189.97508682778545,304.98783238902587,12.723187282635433,13.319634637890506
187.99271229696183,304.8916756631408,13.003979721205285,13.463551241518504
187.13914509150362,305.25456230844384,12.981791698649975,13.59494608893965
186.80910064631217,305.1652807594382,12.932506161237495,13.629332524982752
186.07191622572887,305.48302010553186,12.80218313934409,13.851834024502999
184.62762334984913,306.25949682586753,12.820825272329143,13.876577384063623
183.1922935646044,306.6545587776225,12.978739653151859,13.96840189201832
181.25831792558174,306.4084703441392,13.13549760806185,14.01250534203669
181.7213436085147,306.7280468053844,12.823139181477337,13.944471668413273
180.8177730198422,306.57945775819695,12.888017160923457,14.238487448604118
179.20635260854309,307.6720449834417,13.18665291874817,14.141239862738628
178.09535622618264,308.30319948679437,13.509392791928507,13.958835650726261
175.97093479718188,308.71646994112984,13.492764191494985,13.90553918261094
176.26776366421097,308.60462573450815,13.414587273801068,13.878853725720017
175.3017050536247,309.1241272875046,13.28157259227897,13.814064041071845
174.6561217799433,309.2181387880648,13.5969163332834,13.64849873272366
172.38624011125498,309.6333601908425,13.705675623266224,13.648324369798953
170.67115602255765,310.62750719668276,13.83607606804064,13.712010376734106
170.3761712982,311.1841234978832,13.787540594365954,13.693859938144021
169.63100972884735,311.2483596100182,13.964198819893813,13.853960978949633
167.3128835356075,311.9041940595575,14.165512298750194,13.935814461653605
166.13862468564005,312.5838443762106,13.830016155148734,14.162539304803136
164.53254396101397,313.09289618951647,13.868799852096773,14.127302740283223
164.87967762355854,312.6807387170678,13.8338867965122,14.077892866950787
163.8441317476267,313.4342025580656,13.901185308782399,13.94268490293475
161.6884859903268,314.26160248030635,14.143939588122194,13.928914177944755
160.66234703566536,314.0591327360041,14.32391734943478,13.993558798795366
159.57128599828482,314.0891714430497,14.656925125375354,14.099487607071397
159.0610497792898,314.62578617984866,14.811192467120623,14.277924679341371
158.03923831520225,315.24524993644815,14.65930071634061,14.456133835301355
155.60469400220322,315.39120318346744,14.467463381797904,14.491117422429966
154.9074993781387,316.19717764640205,14.533634646681119,14.559571729135154
152.59629634527886,316.4720092326346,14.63017849545135,14.450625449150902
153.09886403269755,316.7016234386436,14.552122380963239,14.385185434445082
151.54554442266843,317.83468396874974,14.444208721687954,14.382006449962189
150.35063648331123,317.526745209095,14.311053685561667,14.421529048407539
147.76095603272606,318.12459586666694,14.154105153748596,14.544571439013252
147.10890868542532,319.3567097686194,14.30060039919235,14.55495897057277
146.93325962167364,319.15644993188073,14.300000988987469,14.480539416945906
145.0697008419936,320.11385909580633,14.405515536262559,14.492376262396466
143.46664975519838,319.7857476262238,14.36842527554212,14.569830650211856
142.69250083101713,319.76332145340405,14.400306812640551,14.737308048780289
141.21087419046262,320.4431444372752,14.558810366500465,14.782020944868588
141.3281110420493,320.6962076461985,14.634666189989895,14.786819402758194
139.17106858821398,321.50398308643196,14.765892153721348,14.911356746702317
136.6616741521923,321.9529510365486,14.715862456581384,15.097450640208326
135.5048946732617,322.1195706834695,14.789203251905914,15.196229417779602
134.5445360390927,322.79164993576444,14.791254991946527,15.367507204884344
134.3876804629672,322.4507616732506,14.757184068792377,15.461341606498856
132.6960334547638,322.91097097232097,15.060845087686351,15.214137741958796
131.2146956068643,323.1988664353249,15.081821755470248,15.288461888678157
128.6603743588302,324.47538505494055,15.24129127790559,15.259429347246467
127.98590456221109,325.2730371541788,15.265739012661463,15.494189207073827
127.76620322154538,324.6511713330674,15.29126343194988,15.682486026260445
125.90083964445506,325.6346532931376,15.351638842432397,15.73415928644846
123.58724723573518,326.36060260220773,15.656710622762802,15.45560802224335
122.31339340071591,326.6782252438776,15.59639393405195,15.476721994217543
120.57084522068523,327.62696763256014,15.755635515823524,15.563798779390588
121.04082924574263,328.06446741364545,15.615266159556356,15.582467809196158
118.82952948779129,328.1144334692317,15.672280348310606,15.775635518637554
116.56014203301118,328.54534908976694,15.537710645749264,15.825520738748661
115.66356782818701,329.4898575184434,15.570666303513121,16.05823063272324
113.8986494064064,329.4178529727614,15.65258497042332,15.924948873209466
113.1154819200556,330.3570626766173,15.772989939005083,15.802835636914944
111.59531201283336,330.3968750628204,15.827953156998744,15.843195483828191
110.75177586120671,330.87470574304956,15.86286779595304,15.781693142363226
108.65189378530708,331.7051250239033,15.878513676878264,15.80092033173155
106.65980477349956,332.19161935451547,15.977786839043134,15.858727721532507
106.39129590458396,331.7837028268807,15.821305667400903,15.953963509651189
104.45622824656422,332.7304228576274,15.752853317882526,16.279598651099732
102.47548544513877,333.6769322976469,15.918379924914321,16.385591406841083
101.15031711815558,333.78229269753007,15.687813811699286,16.292335194167112
99.28181064560779,335.27947836919986,15.692817345936728,16.305333130689
98.51414232872214,334.7392692662908,15.81494299166329,16.319765537671277
97.3269721451202,335.36833951946704,15.957919585521248,16.22811606296562
95.59295370772028,336.55035113863744,16.235074969613652,15.940830228494384
92.70714662831767,336.18921257580183,16.181702670594174,15.920807380200882
90.8259727922175,337.2416207390304,16.19865849709141,16.00985134617853
90.92790447267305,337.3263531336078,16.145386733141336,16.035854431431353
89.10301328765217,338.20780545747857,16.217805850543293,16.03251811731576
87.4346134845143,338.7456222656873,16.47873375081012,15.8803433751239
84.89011027599605,338.88688023430495,16.47652121948237,15.83842228687894
82.97564151667356,339.55160468723415,16.583793355742117,15.967624208428393
82.7802402723485,339.11642748558904,16.496234744433824,16.142446766625923
80.00935993878828,340.4722070090417,16.819737507501515,15.89760353240363
78.73345328361268,341.0264940591505,16.828735609417663,16.015655828365283
76.15017454243943,341.14701466108386,16.548612069120097,16.218471817491743
74.5888563513702,342.24474542422314,16.662958398844626,16.349429406279686
74.7976721989528,342.1733146818347,16.50775814641702,16.481396385749516
71.79905296737941,343.0367879002799,16.736087632055234,16.412449702811195
70.3840383390999,344.36505257937415,16.719777662845217,16.60754197243026
67.61855812388478,344.05692659480303,16.830599257368483,16.556580024793945
65.40775709894469,345.5849669123487,17.041141260099018,16.621982954079368
65.8037886843691,345.43663606233156,17.11746316577303,16.727634119350384
63.30425807253637,346.0586533120368,17.367368391208494,16.65199656970787
61.01524566556142,346.4228231786536,17.460015416614677,16.748277917826584
59.140634921649806,346.5511684791974,17.692389532382855,16.866006529080355
56.37956540204499,348.0592991137611,17.626978408323446,17.06598852701228
55.62797807251588,347.5784538031212,17.603070147307204,17.24094713029814
54.40890773534682,347.85378545812404,17.678326538579526,17.372152611872544
51.733035745270854,348.7234317618109,17.72658417153297,17.238963305547188
48.96695224356286,349.9647361911681,17.7951448173745,17.42271887821399
47.62722334859334,349.9921316845517,18.023927119795232,17.585045677854232
47.495365725138626,350.58392985695184,18.05005273920031,17.71214676938661
45.41596716648459,350.8099640199336,17.945731112611902,17.832369758025006
42.453953909755185,351.93049637375543,18.12860486270401,17.769759449490305
39.49458189431735,352.0108091235765,18.164534486231048,17.765324434610267
37.081185879737916,352.73936866192344,18.002072040750022,17.844977012999117
36.94710605515819,352.8452936942026,17.792163636187098,17.945626590812964
35.183032341914576,353.9280007878151,17.767531388144295,17.940249921135567
32.024140206033906,354.73412317532063,17.80617518749353,18.013684105017273
30.768392022055366,355.44471983201646,17.951692837646643,18.10363221103634
30.153480168981588,355.56025614819504,18.00401248114162,18.13894283916775
27.660269182678476,355.5034953041128,17.959378526471227,18.153530569815132
24.312139478606852,355.7348793467515,18.207035735060032,17.972210759388513
21.677070015357582,356.6418359970336,18.135726831358376,18.08295718782825
19.053719168113215,357.0937475496099,18.152401803892765,18.249400210262024
18.882704940751303,357.0383486069437,18.008582040413994,18.36378007234519
16.74984953507031,358.05270832548723,18.233156586974957,18.182831922222583
14.312917009625435,358.762264593001,18.63176138014376,18.033271021983495
11.948906443777764,360.19500817221183,19.02590780938549,17.934181816595352
9.273617921697689,360.2353936711783,19.3228907411494,18.093743004884406
8.939052831324146,359.9564970511254,19.514937417696505,18.206226248385356
5.864349618234074,360.6711768210792,19.704103002964782,18.20086327620394
2.7699724168319175,361.3878683161475,19.554996344672904,18.371525438731474
0.7787198570465748,362.3227037566754,19.76743114983624,18.232261795682263
0.09827152988266619,363.807015545945,19.643281655863888,18.34916611402424
0.15915325707329941,363.2955566905073,19.53307894608858,18.432266694334018
-1.4226774013823889,363.31320823091323,18.92661320497078,18.913692908775804
-1.8727464151716458,365.15195877542726,18.663566947385416,18.998020003875624
9.823866596241036,376.8085670831429,17.611252789794428,20.13989486488473
1.944115037698845,376.79762850569887,17.206437822162012,20.72483242264298
1.2382054789409462,376.59564061285715,16.733296049861526,21.541011848072063
-0.4622568657156272,377.2422847233645,16.24916424350817,22.320486831631992
1.638878864141482,377.66296082760556,15.632924459132695,23.08989423904804
1.84606679316306,378.52705187633904,14.916767095743241,23.71977941567468
1.4505392509831871,378.37635908179124,14.720684862445516,23.763079545299583
1.1670569218831082,378.3184582099656,14.583078571568068,23.7983148752502
1.5484004105867495,378.63984714100354,14.581293998945942,23.795774582983363
2.8313878443159934,379.2709948315521,14.581367276781643,23.795239317509655
4.917278252323144,380.0356290683424,14.58342555302198,23.79170109619501
5.9164657705675365,381.3955186209667,14.58524840395385,23.788321422175066
6.4768929424573844,382.4769568278701,14.58713432888143,23.784613728613675
6.711432614855493,383.92940117602177,14.588350502721916,23.782128148536465
6.6229864569402475,385.5285473059331,14.589004669147881,23.780047226757063
6.299949635845651,386.647777632952,14.58991966284617,23.778337413859962
6.263776187092078,387.62342159047586,14.590419799543893,23.777592425600524
6.180012232198225,388.07347410666756,14.59090174354085,23.776908012228123
29.65894117307207,378.5067078501208,14.284742927955273,23.97432144573177
40.6621473661805,375.2981989372643,14.081680990346811,25.19280859746407
38.750561704620765,376.19717292185385,13.973630828328343,26.56669032875488
35.67661256986457,377.46422758195837,14.141398425385901,27.48534122811989
35.60852964075623,375.6782034441746,14.452298399203162,27.971951490610618
31.64851957801545,376.5681227293688,14.928135175075347,28.366430280146538
29.106436710851234,377.99001692645163,15.016905249003386,28.901254881128615
25.664211392467294,380.06998244684365,15.450641297605987,28.830191981518876
23.039347005275207,381.27597695133585,15.642223118407392,29.055413818481753
23.363696433352906,380.5539127498348,15.66609085494532,29.56091354793035
19.948173838572732,382.6082635816515,16.183148789409238,29.144535092152147
16.160180766029093,383.1488017944247,16.57695739085638,28.974182412428753
13.288866301140207,384.4191665564043,16.62392668318298,29.26300363157248
9.90566237759926,386.07084543699807,16.96342937508299,29.23971069162822
9.993429288630296,385.5900679000851,16.98055586984583,29.64999498250669
6.985471893681488,387.4919989601093,17.259850233565466,29.66333900679112
3.343473440562473,389.17292153409966,17.839469488588897,29.42532250833135
0.5029166979722977,390.4906359725942,17.86494570951754,29.568346742990812
