858.5,456.5,82,33
851.3347617001017,441.3451910152236,84.12839301215021,32.89231869892291
829.5908628782744,424.2420822706418,82.69994233427148,35.33637874790102
821.7919212260033,408.04660738379346,80.50357515053244,37.03054545580176
810.236880171827,392.4169752077951,81.61537578000323,36.544122323057266
810.4188757410486,383.4583620177995,82.54397919360012,36.180901696822886
761.9421400555599,373.1961226320155,82.85780212707758,36.50803854944556
744.0800088088149,370.171822101145,82.34453868062613,36.39913219160043
717.1183873989947,358.79466731982967,81.71725964968046,37.53862890327889
700.6163806388182,355.34933519327524,81.83424924425238,37.215981484177114
674.5124380342136,352.10587113404694,84.6880084768992,34.4200955767548
655.4871341340688,342.7892703292875,87.84751444003051,33.502075338739516
646.9408852672631,333.22935749941746,90.14480705736992,32.23506208551565
632.2359655299327,319.9250984948063,88.4395304126458,34.00976165906903
645.9025299033904,309.4505960947214,81.6961691217852,39.87138032795224
650.3147587422972,311.56040858381095,85.53952760608107,39.395235555309036
636.7118339549298,310.7358259734995,89.22839033389187,38.11561688234665
625.2488005443537,316.4654777779152,92.55199247914089,36.66696676930378
675.0406884536154,349.74631942806053,91.38635325729703,36.69481441383746
652.8208104034387,405.319036871243,80.79748768406654,45.10466974964046
594.9139969151884,377.56230260177597,80.14119736320397,42.664978956299116
537.6694618949218,307.75328994377617,77.66768195451834,44.35111950667378
527.3020486734647,300.5138427996637,71.75626625570874,51.2378945779798
522.0298230464055,318.74537080513363,73.5088874469611,48.91167938735234
511.8689474461179,329.66906708598555,74.52846121833699,46.664960501185604
503.868876361304,331.8102331089812,73.24384195913183,47.151947035821735
511.0513124887213,340.83335417252846,70.71000722565957,51.75424922025073
516.6227484655849,348.76510413736224,69.76205008974227,50.62454159557578
525.493600478268,363.91999034051787,74.08854331474227,45.624450127985256
512.1162633239497,375.43274373860794,82.19847847237789,42.04306946095554
536.7910310377257,392.43133752907136,83.57026796548035,39.65125335524835
540.563952375871,404.7238637680748,84.66807343677263,40.14168419938506
547.2744504603197,418.00168468105653,87.11282758068042,40.78988453650751
561.0763612431587,436.88364485505747,91.63942669981694,39.11385099880836
566.990767744513,453.49612839740615,96.46382147603879,35.66754754936496
573.6746143836335,467.0129472154943,100.10979053605485,33.80852386582531
606.4090148487973,475.8402672490317,103.2295287292625,33.043917520674455
610.547608158597,483.4546588253501,102.26762636182973,33.885982833003325
616.6494915392511,487.8564182702115,101.77124466369295,35.237406455792836
633.4242758389892,491.0635883234424,100.79783268042777,37.11448728591553
647.7030308269029,490.566749889954,100.7382341578473,39.79026039579693
657.4838985054643,488.32290303978976,101.2806324066816,39.69859075002556
669.8480342021369,480.90833602752235,101.93643236343415,38.94706204720445
685.4309536838452,468.54993280454124,99.53627943517368,39.51183373364522
701.1439012369141,458.99532320831173,94.33117900677036,41.36378783516179
720.8406174288323,445.03239501606953,91.23066578186936,42.00242803312273
731.7837887419655,432.3656710379144,83.04285144539797,45.849032880302204
736.6739437465588,426.79578444068306,79.84901204015407,48.60934001794113
750.1645491405616,418.1291665320518,76.6687808664064,50.663148306822336
754.4265609114053,412.7041022244185,77.66713147785615,50.54109941659577
757.1873113268109,411.8030495470623,78.93904523978799,49.043424640921735
753.912711277583,418.97435841566505,78.72996696834022,46.29797677981493
750.9664228769319,424.3835772708068,78.1450466688123,43.876928481457604
747.0441066349657,424.42908698128673,77.14264088370162,41.43431771184978
744.4385488713091,421.89913580428083,77.4666294884075,40.70430021265109
738.8221624076242,423.8311018765954,76.26466521027193,42.512677943510226
731.7829169586445,425.32539844885645,75.3750517457436,43.86557554453263
731.3046021389733,426.0880869548685,74.3016959572295,44.97077633516653
726.6479914250135,431.78400594646445,76.77210055546774,43.14065538536086
711.2194745097195,439.60511119628796,80.52334138678806,39.50138601730564
699.4960434294479,445.3077234715902,81.77836242184304,37.01133595095422
691.6619257539248,450.4438962808038,84.8552033484506,34.252172018928306
679.1185002470758,455.604684857295,84.70922240719273,33.06945747580919
664.8137238516327,454.63942394731146,81.83268167696073,34.01771102194583
658.2457084212623,454.6205668532875,75.71404525559701,36.49654535769882
645.5272617358537,453.5463044140423,73.32131254304011,37.888033073408415
640.6723305792543,450.0943901561739,76.05721254926254,36.56707006235076
621.5626702929155,441.43138918495845,78.93126487242851,35.49709498451803
613.9849294746648,429.54580060426883,81.40131979689386,35.01726315847058
593.4382450934594,417.38995668835906,81.01244216037894,35.61635409697954
581.913769065816,398.3372260999382,77.19603967770162,38.950597927629765
562.3679537563319,386.58595818037577,76.85021988773457,39.99069327603209
564.0150472350892,376.92429858910106,77.45794466575454,41.612317970056054
568.7696984240081,371.39842234009643,78.69246724671802,40.589808802721116
567.1906853745369,368.4157781790341,80.03032675783078,40.28202583578333
572.646711752731,363.748436220592,83.46847274717024,38.854031606305156
592.094121694827,364.47170460494567,87.42516577191378,37.90757804568195
598.5793939574694,362.7284243337373,90.81508152800104,37.668339027551795
568.311400333151,350.08658454930816,91.21681050637403,38.21672234702045
565.8439004880653,342.27285893880827,92.04924443116474,39.37589659048112
558.3458214667683,335.5450016828402,91.84015650207908,40.22283310253927
570.949211659031,338.4186647199855,92.79807185729965,42.49081159367853
574.1379929800102,333.2919943290932,94.09353482340401,43.882401772740884
574.7755608423201,325.518670813782,94.26969113674805,45.328468587909185
588.5183904926873,326.7504266438545,95.84066673896768,46.74984772251823
598.6022681826287,328.14286559658865,97.40307874800106,49.711906138308414
604.7443746621733,329.91993771564836,97.22384244296457,52.880079595806755
616.4905671019894,335.8133531177692,96.1391170939718,52.71999210821533
611.2914034573612,337.43001473709097,97.40099933775717,50.809858008938036
601.5493572202685,347.2318967410474,106.74075511150322,46.62923357316865
602.190860009459,356.2988478599354,111.49190728611285,43.45896010431368
665.7223037854059,373.6231916690187,114.08671931917992,42.57168987506306
668.8050613743943,388.80023468864425,109.19930367809884,44.09667221044571
686.8019684894765,402.05696938801503,106.10212641082512,45.06550643108895
710.012132424109,416.542087817372,108.08201369048595,42.92027415001162
723.010021796154,425.0454953815585,113.66797246470647,41.16936035830856
744.4101894570632,434.2892880270059,118.46140240167713,38.11019894894456
775.9646229412187,438.379944280778,114.44538897950858,40.02563670079981
799.1508290562119,443.5117404960838,108.20345084009847,41.8145860029763
824.4486507234872,450.10251297993204,101.28725849431746,44.48294795666658
849.8710058964497,454.6202093043997,95.89521157002322,48.3078019660564
880.4214346026527,453.1223444746578,91.53117437856467,52.81059072283023
904.680738417434,458.31462210075705,90.54485053196102,54.7610717484027
947.8646243968088,392.94289590989894,87.78820070455892,51.04213704515805
948.4747808500015,393.9239584212729,84.49858428560042,47.67594486371098
950.021597927831,394.47020577783934,81.5375686913286,45.31000061043997
949.7864004299416,394.7293533493493,78.72813871495447,43.69743118496456
950.8497280054636,396.16589731215345,76.89935560060609,41.92030459167745
950.1240410543522,395.90330910832415,76.92355553069895,41.45711207090363
951.5780173344477,396.8684808386136,76.33383669891677,40.73392717584594
950.330417511213,396.54699253813385,76.3179441594121,40.48263889996298
951.7868699150199,397.2207015327872,75.73545770011049,40.31513800774787
950.9654903744116,397.0945149313058,75.23529414148048,40.12607486036508
951.972567935474,397.36252960845246,74.26341838203406,39.9269025865314
952.6125434012605,397.17793129493776,74.24354623826483,40.25557232802147
952.6977866913325,396.43152451416705,74.00188107282993,40.156224234136815
951.2260987238562,396.5047855535249,74.29953271121269,39.754842141697786
953.66608768133,397.0299068935284,73.7796235943302,39.85486551298325
951.0670024972401,397.3792305949324,74.76226118281645,39.883054016680816
952.8819760931126,397.0924019352139,74.9754069094675,39.87613986347303
949.856945447314,395.41310749094197,75.74246773185669,40.37917345607261
951.28176946535,396.99034645587074,75.20507030995125,39.8226681576696
950.6811321213261,396.55477917459945,75.11760913145244,39.72561723580283
952.524300992991,397.36486030651304,74.97268350321954,39.64840679425657
950.7745631444482,396.66615080047023,75.07619648515639,39.64377996035668
952.0728308213457,398.0492920375895,75.16100850150886,39.38938241386781
950.850489614458,396.6618073050543,75.12272878378418,39.61077469426103
952.1807502087094,397.7076910768282,74.6496475137995,39.44356793600688
950.7792824471256,396.860683375855,74.84581037575767,39.71485301130077
951.8939761906701,397.61852805811833,74.51476978960892,39.7526299668119
952.0795727484799,397.2451369479742,74.9666053576515,39.675784774781086
952.8418868185959,396.75511245265875,74.52537055276204,39.718394800568134
951.2693985503037,396.1154224372255,74.95720087962961,39.786593190809626
953.4420760473126,397.22073960835706,75.50748053679577,39.745403171132565
950.9618916230688,396.77526647573563,75.7347666139822,39.77199762735067
952.6241201190826,396.56885786807806,75.13489134039935,39.935098739588845
951.3249300500356,395.4742450869192,75.20816242583523,40.21976373595802
952.8172302572443,396.91081370828556,74.87430716484504,39.75517985511803
950.6580105427619,396.600086663046,75.32138009295537,40.37779079107651
952.2463964149881,397.3358919203765,74.82739886631006,40.02622915699246
950.9995732519823,396.1358424416734,74.8064682803954,40.1240584172094
953.0415868305708,396.5857308250582,74.26321999856923,40.15321705903209
951.721303293667,396.4066558752262,74.74487894363835,39.97811293132936
952.9180789372283,396.6823611486468,74.51099347949857,40.08606040908529
951.6772438046161,396.3617570353455,74.94712436560323,40.11102998202818
952.4417051882389,397.5572072603724,74.38560954017584,39.987668317908756
950.4876399935922,396.18499601947656,74.74945057895958,40.05138811339062
952.1847048326833,396.96007400227893,74.7827737034354,39.987032890888905
951.9500626526992,397.031078575572,74.73693266953617,40.053634308773105
953.1153827224472,396.56179880191553,74.53283795926998,39.99620107635423
951.2420902149859,397.07243547727654,74.23152277430239,39.95969987138041
952.9668904240208,396.60971241188406,73.7940139928904,40.084690670363024
952.6477497740035,396.6796866507087,74.22452428967858,40.09874368199542
952.9855798448909,396.675422219105,74.49029048466905,39.963428804978015
951.7908777402273,396.61758132249633,74.91650616498178,39.86019875668357
953.5900774660325,397.04619527966753,74.08387738712298,39.97592487714639
950.5116984095422,396.640939034643,74.6943923093383,39.91972491621432
952.6051909356177,397.99900402102736,74.67578370295769,39.5927114690957
950.926211652314,397.28973826170017,74.6616156902803,39.475028993723846
951.9097893718873,397.60506113286266,74.50694201211245,39.42603660795098
951.3380485833654,396.6651426788585,74.49756437818824,39.63719976222087
952.2883826366768,397.7471640588644,74.29650888905803,39.446181966541616
951.502319055744,397.26158502792237,74.89329109500241,39.32016466869986
952.7027179331592,397.22002793404357,74.49683708826471,39.31988455253948
951.817115406989,397.10199163055603,74.89496224463184,39.66274475913776
953.6573910836602,397.8370110717833,74.19971500849243,39.68735373721029
950.9101720583782,397.1754263569228,74.19486259274768,39.829416837967116
953.533215619323,397.4966986931258,74.14281481564578,39.407764013767604
950.5940447740522,397.109729086092,74.28034611190023,39.51072050936746
953.782491211809,397.74702855822426,74.1817754562352,39.457759290933055
950.5447333710132,397.2954945051164,74.03887578214453,39.38640124682687
952.2917879913866,397.6383114726658,74.05856000987288,39.28903755871062
951.9269578634317,397.4030894713164,74.32442961064682,39.45808072112695
952.5076454533101,396.91809512896026,74.44783839027846,39.4190698197339
952.6920067350586,397.40333768259393,74.34565835088105,39.58325759263927
953.0570965455777,396.7905418506021,74.2689226027714,39.70540873347534
951.8228126865573,396.82651781242396,74.84083225787732,39.80508799703213
953.4121206324857,397.22936033792814,74.51843398877769,40.0157013593005
951.5481208121942,396.64127060345857,74.74886049207734,39.967363602020484
953.0736850082479,396.8846605446268,74.09994042821681,40.07075887150893
952.0352987714542,396.53296559394647,74.61191371223663,39.91867376438191
953.2249268418244,396.9585221694924,74.14392044133115,39.87370926155201
951.4689736563035,396.5350799181918,74.71387506066392,39.96676637109833
952.6397247405797,397.28918615146694,74.68979051372418,39.84013056184321
951.7370924934255,396.5436159303884,75.03205924043917,39.8983337395579
952.2123153091466,396.59580720844053,75.04196507612961,40.14060717810736
951.0618362101993,396.3392427089031,75.09825526712712,40.05145466635224
953.2906242469182,396.9304559517238,75.17667944545936,40.147189229599995
950.6037035510058,395.8465649227625,75.63213485477073,40.422331292901305
952.6199643749939,397.0160930834645,75.27175547402183,40.05277467871926
951.2116451893223,396.3146818885633,75.04874030570734,40.24136343166562
952.78070160239,397.6445101292984,74.89696323396649,39.95415897084055
950.4473939030702,396.61349629917686,75.26311209513044,39.99191538131257
952.1344484399867,396.8893894955513,75.32580803113942,39.637005693256505
951.3474379817369,397.16663080081423,75.25972071990925,39.56769988441219
952.5122504505703,397.89188841667163,74.90179573532158,39.45716799677542
950.3404615584728,396.4413971640868,75.33209398613036,39.475938578345776
951.7273370797836,397.49399291122745,74.59845186265227,39.31883787576686
949.9079083611907,396.83163726911613,75.11541684759824,39.54997523211014
952.0146088073434,397.5723585963158,74.60678199037274,39.63239955063414
951.6509235856579,397.39934331635783,74.92948881136459,39.49342446360593
952.6857726810072,397.6045536623115,74.70855682836111,39.590121579563785
951.1421937093725,397.4004529508056,75.16748849141808,39.69964645218727
952.7703119758147,397.1637232340192,75.06359761588219,39.56474583365124
951.3805002214082,397.35856184729744,75.42354648976185,39.81156908488556
952.0526668104299,397.2332749357125,75.02401011233181,39.73008742876743
950.7687025127691,396.29758421228996,75.52726480704915,40.114508226122055
952.5708690884435,397.4260544199812,74.94670866375694,39.89270904036919
950.5579662771999,396.2096752739315,75.24218167325287,40.35256753788997
952.1779611456572,397.1801431793058,74.73306361373703,40.41271510116489
950.6046635616367,396.97882290663375,75.28529175449513,40.08566437949541
952.0062734184557,397.3291904198385,75.55445830565809,39.76342853316446
950.370382644672,397.12450239324573,75.65577891381827,39.57110487645768
951.4416886015298,397.31570520508194,75.57251653699842,39.46587488788469
950.5047650064688,396.2994355651978,75.63050679352664,39.65201450277407
952.284488518815,397.37575833228635,75.48428708855154,39.7226699024349
950.9686586035473,396.8870422334619,75.51972904837486,39.864931413838804
952.1501550185519,396.67754299019873,75.0657328003967,39.79243527455829
951.4136916266444,396.4118304477794,75.09213651387624,40.117977586593746
952.2346509872773,397.45258531993807,74.59610242567496,39.81829982202797
950.2535458993992,396.68143100209807,75.27970666347314,40.11017799296336
952.2639948672099,396.986332792275,75.539115543953,39.819851911140844
950.9236154689073,395.97060429266713,76.06308479931366,40.1898717565404
951.8935983985284,396.64141695031395,75.74743527479583,40.30114232099216
950.6226436995859,395.84819248225915,75.63723051977257,40.532618060118516
952.7054445711893,397.0452064100712,75.46533547975173,40.21401940562048
951.091745541361,395.7664769262919,75.55373574621072,40.58769126571139
952.6687927536851,397.16366991961957,75.56704859580867,40.03423893574859
950.592800996432,396.36645190669697,75.68422681246344,40.05142269280263
952.1239101146923,397.26507584376947,75.51747466519136,39.860659231804604
953.5098863155932,396.7495863089699,73.86344039712532,40.078918956310815
953.1918559294949,397.39132557507895,74.19952508866604,39.82592366994243
951.3096060039509,397.1704721903192,72.78179637453785,39.98677743619845
952.6770950509598,397.3659428462506,72.72437860995737,39.679020292078334
951.6273493874671,396.84205925461936,73.85345017242389,39.9722467935019
952.7252962719081,397.76061299092345,73.89978491153772,39.78991911272564
952.1145870569173,397.1660509367283,74.03541723731684,39.788086747765426
952.4754852765567,396.05338291373295,73.45524298374515,40.18171722353519
951.4984850608905,397.24616158884,74.08595282860591,40.15535057575943
953.125427760152,397.2919383564701,74.84186643368422,39.97674914321998
951.0023679599475,396.9912161837833,73.67719463699844,40.22967538523244
948.0322390948533,401.19579023413684,69.5054108937981,44.809505670450676
949.2394996793433,394.81211404159825,67.91518864306515,43.803898346360334
957.1491464435638,392.94164762966176,67.93755179949964,43.29077948490006
948.897291656253,399.01067758093933,64.00425537741734,46.532023514534856
953.385620545842,395.524187649283,65.24021261136186,44.32498972123125
953.0890597298594,394.9517238761756,66.91636780503366,42.64216849196395
955.2396342979854,396.64588567452716,68.27427819331778,40.99791435231495
952.409868492254,397.0448723505811,69.25658040033113,40.347281655533976
952.8178180808478,397.21860109560674,70.43832815097709,39.73305147804747
951.7306848888834,397.0172498018105,70.66599457457869,39.71364806783913
952.7657215362617,397.6853960963067,71.25311041060502,39.32095905407639
951.515457747937,397.7284360527949,71.34760661709163,39.429905345089935
