227.5,478.5,83,25
244.17179982334807,471.23683708576567,78.59258809744446,27.509770042335827
261.22200296152937,465.4197101851499,76.24860767862579,27.311144777100104
273.89836010817066,452.02314944865117,76.41440801852194,26.717990004980386
287.3890201932904,437.92116649248777,79.08313705787725,26.420708511301328
308.7284736114957,423.51576389577644,79.80078707571467,27.075668062634143
303.5162185681963,416.54019935366694,78.49102897383696,28.46449837213391
327.2324909037192,401.8222783864021,80.27994273784962,28.98375056972508
344.74841636449673,399.7874180760845,79.62473213611881,29.02578697862927
354.19402760236045,390.0182610048516,75.634486795096,32.388186356690916
364.29148837647824,382.6243782195637,68.92859608487316,37.88430020149754
393.00083027650254,385.2978265408725,68.93276003262727,37.799038862377344
400.7173270164543,380.7071404322148,70.23464318541414,36.09806397275912
413.2596822281754,375.4338873119122,73.67466535169365,33.5970066605079
423.356848890627,366.6568015501908,76.40445006878254,32.45376378575737
434.2345067524702,359.0526461812676,79.7281748724399,30.86591096464369
448.6510395871994,350.51215253413545,79.93607523691705,30.18750647424008
468.5575975962762,347.6591608316552,76.47706612183973,31.108453792164433
483.65760250123486,337.3122791273915,71.28061923916842,34.71886415808929
500.80988065735494,333.4731193609344,67.30441299406698,37.01304319951796
517.2125332460738,332.2060716371609,64.35172126572601,38.84646524570916
528.0533967525403,329.3803673087551,64.73624219285658,37.94844830056144
541.7165635111828,327.83129525448544,65.75578346194824,36.50495451160947
548.7655623995281,327.1743898052996,67.50775841017231,35.01178813794741
571.0436226009092,326.12744253304635,69.65052869344525,33.53559858745271
582.7002267961085,324.7371557320368,68.96252438935029,33.41942007040749
601.2259021159502,320.8867702759547,62.81229107449599,36.789054279080446
614.3728699986991,317.4300615445977,57.475470482338125,40.461410531162045
632.6077816336148,314.6950503578585,54.17408898496767,43.38648241941094
650.5218821349996,311.02113926417655,50.79210838014723,44.526034533837844
665.2744062393815,303.96860834312486,49.13510742785329,43.40859938955219
671.1017931610796,298.20885940250895,52.303576725631274,40.98856022244414
682.8629211197974,292.81481324640083,54.94436859872307,38.7626878816452
693.1697023307364,288.34757133597935,58.67431775826596,36.50134803305458
708.9654445474242,284.47151087747267,59.43491462371843,37.198709924494196
726.7463032834988,281.4390146162512,54.2963939441718,42.15000765991165
738.9573156824524,275.833786529635,50.262733938134815,46.177544330885766
751.9344516927841,273.26539288869526,47.15592743260807,49.77303679960909
761.8660757969934,268.47648588324887,45.43068543451651,51.0266215700845
769.5867266532018,264.30332383784565,45.91541102007342,49.465605611147176
770.0298049520128,261.25808198311785,50.908141598965194,45.49377147239726
766.1689277629773,257.907730357175,57.0594085970082,40.792069939126705
776.5665899283226,254.2647440953669,61.93215792049254,38.37194104520145
778.1027794591105,250.87962977270666,63.6716351287533,38.17705080548157
790.0054210298761,251.40183305635358,62.02280607352567,39.40862399549674
797.5776515030652,251.9173658013752,61.121236438793055,40.03335598699033
801.9683178788642,252.47438364310912,62.22698578710942,40.21629341276783
819.7227345958289,245.46650257170901,60.108155557525826,42.62620438216713
812.0443768974043,240.22315003867928,63.34219315133565,41.32249273069734
811.1111755785281,239.3256724802068,66.4223182565104,39.20202755383427
804.4689568410178,238.67484850805164,69.49969301027869,37.182667531149406
805.4432329893581,235.09828953537271,70.99805109491518,36.61010941678434
808.6973947117931,234.0531511073921,69.21771923100816,38.842259036379296
810.7954583423978,234.0173657499154,66.37585456020716,42.284898228963314
814.0486138561657,235.11516682795934,63.56213567668371,45.8074567021479
814.0026785283841,232.09576264662235,61.557147115556944,48.45616315518442
811.7829067812938,232.74914224680415,61.564533093257964,50.00479545720118
805.8602945106916,233.9033079199076,65.69809581881927,46.87684397854799
796.4536314837701,234.98876678683214,69.87104578165882,44.023418491326694
790.4628612958819,237.72687991262163,74.81628883611555,40.77830591200423
782.6422462229204,239.88188387952982,75.87554113780021,41.24517585828424
780.8926064892516,241.0160949439213,72.68342961392672,45.31380798212581
779.3134094821055,247.35523245938776,70.37311654356346,48.79885349257472
774.1665159959241,245.02646708667837,68.4669199191245,51.48158055185155
765.5330575707276,251.16007757485073,68.15800821727134,52.21857290863669
755.7888939342517,250.65181017386382,68.08763492869946,51.26597230697742
737.7685761964566,252.7686420623079,73.03152395958782,46.903894003507524
724.0260030430196,253.72589374423887,75.44609264500178,44.76394297002027
715.3884305190959,254.8383616363394,78.24845555783946,42.51672839825093
703.265848349462,255.12726429662553,76.66044995997338,44.14386291990286
689.4675135688898,257.5409654854193,73.6352819051511,47.19541781389121
680.5335476598565,261.8143037036507,71.37170584968257,49.33369125230633
670.0025615954985,265.66366237239504,70.36466629016596,49.687606246665844
651.7785023360387,263.53370181565947,69.27712501904652,49.37770838659575
629.376172098725,262.1497525245623,69.77233343678935,48.3078231553135
616.9891640930198,262.27959739566757,73.66725437068499,45.5289943616656
609.7914157460496,260.9967539791435,76.01379705461557,43.28441040842838
585.5222726380617,260.97553466254135,75.49324919466355,43.54835995858096
571.6942954444944,260.48637306523153,73.39389161585594,44.98203861861273
562.8810308757508,262.2277902780756,69.83611556230309,47.24607423381818
551.3649295669476,264.6694026015697,64.90854797727275,50.85107361637091
542.3016039325157,268.19037156247833,61.00231464835819,53.49544360165812
534.2231630055954,267.79393477879546,58.27098048352204,54.23172858632938
526.6092227501182,268.5779345174714,60.5494343434754,51.04607800405038
525.8015747581321,266.1576204701918,63.89645053656936,48.15919516950202
512.4655686461759,266.11978649290967,68.61298981431477,44.487062058621326
503.5210456450362,267.86288312348654,71.09927721826642,42.649858355687414
487.38107496545047,271.9050498917678,66.69772291093403,45.488345864046785
483.77279126287135,275.22693736254286,63.911116487967355,47.4477699276237
476.2595532921134,280.8649190413555,61.36316005643631,49.27148270220049
469.64528507915344,281.11948184763816,60.89675114696806,49.19301846992616
452.85182929148516,276.8805525965321,59.57565033216798,49.64907120889366
458.580654978368,273.42693489054807,63.02664363461077,46.621335765148885
458.24569647587236,270.8728134391777,67.48527028010494,43.13552921415414
449.6650825331465,269.8283074650626,71.72924276394531,39.953286146057565
441.0293949914257,267.1425822685986,72.36093317026288,40.37733263120974
429.17487043392055,263.5709004447849,65.40066313244115,45.639668580320134
429.0725338480462,261.44379145512187,59.32527839708537,51.08125685993918
431.1447525597022,264.9027792763685,57.740602736392326,53.07514359079802
428.18516434405893,263.07306332507466,57.938604450729464,53.28797171836128
432.49696710547954,268.0608743944684,61.96692020016613,49.8258364417565
437.82682365237815,268.75471816430047,67.80926895024092,45.9763447505573
436.3655789822248,275.9113023832431,72.05515771510055,42.315384640919035
445.28662467155516,276.26844525857723,77.067640539931,39.20589863771781
449.2760558258158,275.49622470449697,78.9107777812755,40.05969583928499
451.43255508776474,277.2327349351307,74.18941046126743,45.090713235073295
460.9507989318125,281.37799211215895,69.08312907200008,49.73359140573599
473.0880968554277,284.58685746774574,65.50703099698644,52.66390318266059
493.51459936564083,289.35910183992485,66.70737451782003,52.33377181440097
513.8058693188646,288.4159396176834,72.09515626664601,49.120132593875304
529.7123324801246,294.636848018536,74.82114367093251,46.16580739983614
525.9235270250598,294.9383854199582,77.62220810279064,44.57985170662228
567.415725603933,296.07235335675375,81.26159024191925,41.92392783192304
577.3176501125972,296.4580955087033,78.68581815940524,43.515963196602996
597.1676466368608,296.3235642023692,72.49938254496013,47.541127655966186
628.0293467837196,303.25784942189426,69.39267384059806,49.730183941159225
652.1415815139577,308.01980855492366,67.8077612648874,50.34315894750039
678.4112916938965,307.9639738169891,69.3303449943653,48.55724839578922
701.2677130693393,307.87332590161725,71.95655253644844,45.58024025047396
726.6039603234841,306.2601057360267,76.4597782430026,42.37473811873393
744.1936603357047,304.60406844003694,80.82550227251636,39.516862702321085
766.0518716017168,303.6013200052935,82.825113676039,37.75031848942581
771.3194568702994,302.25849470442023,80.80844060591498,39.087459898705546
790.1914065194144,299.7463556285728,79.6350369131537,39.82026990693724
811.6461086226133,296.17042089584686,77.76900962936348,41.95413209394677
832.5085969768967,291.0979369206825,77.13392244716381,43.0902117996466
852.5847069934225,282.2044605614684,76.39279326494226,42.25135770960314
869.7789676897966,273.67605466106875,75.75168550744793,41.55158725027053
884.7923805296027,266.36893536603407,80.41638051875358,38.71908855091121
897.4450569792493,254.68488518572488,83.89595689497315,36.94481678018193
915.9760987973326,247.40995021605568,86.14110134718538,36.21030771408824
931.9556995080014,242.46273282471515,82.16830243744448,39.151446312229524
950.322763895085,238.80467407779753,76.94047554316009,44.018695292957446
966.2273936525571,234.71882184375784,73.20512960243471,47.634060973957986
972.0785808946608,230.965891957022,70.50354285321268,48.641525304466995
987.2357601089018,221.4512475921429,72.18115639433513,47.029633995773075
995.3747382564779,209.0240559341295,72.16384882659995,46.540095650422884
994.743406158583,205.23764420297334,74.9589564265874,44.43843676715417
986.1255190854686,202.11140966092228,76.55447941314821,42.42723683727922
983.2568067370967,194.77060370448623,76.02283634560997,43.874725520170855
1006.2314944335938,189.2314747377517,71.15738047776232,47.592554643520245
1015.1239370564294,191.29247407858924,69.55465847061623,49.255894363639655
1022.3399461649901,187.89568664228017,67.4431358589635,52.21512270343613
1023.0251794207454,183.73842425535707,63.724798759150374,55.20585311235308
1031.485213062184,184.47142115753093,63.04968272444254,56.99400278449159
1023.540984299509,183.0298370945533,63.12796721512437,56.90378414592051
1028.7176964137948,186.72071491274627,65.88489550272706,54.77948719636318
1030.280899382485,183.35969383933798,67.37922997901262,53.83286965613749
1028.929083550623,180.61658515937876,68.62887142171243,52.964495646427046
1039.0080666959564,182.99036928837975,66.45236760968352,53.62008796047708
1050.9372298787564,185.99063309914126,65.35777796893723,53.87573156545553
1057.7770170618483,191.11976835878647,63.49918081375193,54.976299127524975
1073.083774268722,195.63073993554127,63.35133221726548,55.341929216202836
1022.3414095607579,186.55344626931748,67.9057637816309,51.64987882282039
963.1661756777378,212.48970791830408,74.7281172288236,45.972515436956556
981.5490969979495,247.5167072723101,75.86327556496265,44.88951740033124
1003.7606825388747,249.81370520696984,74.80140590523129,45.97397640695777
1022.8259789933304,222.93373857429975,72.05839768259919,47.85715109685851
1091.5107150977058,208.73063990570796,71.31429168478584,48.08397183186922
1096.7616751093688,202.61295171228514,70.51170199135487,47.93372619417875
1101.7394382346972,210.0672523328288,69.73982861850584,47.52390520364074
1104.7512296404059,192.9332274257173,69.96638122884112,46.11840155106685
1114.8008215999919,191.5586846107813,69.70900753610964,45.75722431015027
1116.2489816793757,235.5134934759881,69.6380572122422,44.94881812758827
1114.5425243777047,237.1495131483166,69.57020456552297,44.63786338719458
1080.4933382582951,284.74967288622884,64.58679732436184,47.76767544213182
1102.7123718962785,259.76927102184953,65.76498294756516,46.499044203849394
1116.5211790689186,245.099851524548,66.38857763243603,44.994837010097996
1112.407825543187,229.42497363373732,66.47324157019042,44.644773226899986
1115.885985900611,247.1842062021909,66.6487701442828,43.795280105373685
1116.6948526776957,252.53138927243492,65.64492449618801,43.477171861308975
1094.544786148599,280.5441707079978,67.13846652044596,39.33775935029059
1095.149946050834,279.2112874550343,67.13688587746765,39.337241771897524
1094.3692616961382,277.52381674292263,67.13449418704072,39.336830098205276
1095.4341711931336,277.3636604772412,67.13315324328205,39.3358037077828
1096.3500709686296,277.24952106087886,67.1321116678683,39.33506717526453
1096.6649845935935,276.50386187933657,67.13116569359414,39.33457342840191
1096.558593678961,276.19249663237173,67.13029243848749,39.3341048170688
1095.5645441472218,275.49279829932436,67.1288585544259,39.333528686723355
1094.2441903706228,275.1008395861052,67.12833147131677,39.33316032939398
1092.8190285855223,273.69793250507,67.12673658257927,39.33287817608054
1090.3734076994704,270.753692951148,67.12482039569895,39.33277171645009
1088.720132898295,268.7507784332354,67.12180612285114,39.33272182695187
1086.6196555983631,267.47701381901334,67.11733307607815,39.32939565721785
1085.4949600822672,265.77033582324344,67.1066130147489,39.3274169472196
1087.674340574218,265.00297491399186,67.10235137090473,39.32479788628242
1085.10531950557,263.9393628769619,67.09823643041125,39.32226288708483
1086.1078741591982,263.5814347219873,67.09263395432389,39.31790637984206
1085.604569585848,264.4464334700566,67.08265179052344,39.31776120246724
1086.0860844894194,262.3701622003258,67.07510273775577,39.315243927475606
1085.8424001145122,261.7876091971778,67.06785190944719,39.31260529723599
1084.6767216997496,260.53888393087914,67.06441517131502,39.31076560194339
1082.520221618441,259.16630212065155,67.06045499915459,39.30840901403977
1083.7433550942715,258.10869166472236,67.05462989434096,39.30520837133274
1084.0888703596586,256.8173130237668,67.04989260792874,39.3021135070951
1083.7584768808495,256.20046345037565,67.04592481720223,39.29901496348591
1085.5625177371535,256.1339013832329,67.04383160709696,39.29669515701262
1084.8282424969075,255.44008244887019,67.03636616218148,39.289124786182775
1084.3428656779802,254.37602710307496,67.03078463215121,39.28354631265787
1031.5846142013402,191.22825797968264,68.21028197019696,38.01965920543859
1030.6819395888733,187.32553687574693,68.30334519964708,37.89078144031804
1030.296255108055,184.02282954122356,68.46198574436382,37.73852236897786
1029.0893319511392,187.85289096276273,68.60334441781448,37.56209694029768
1029.4397933399107,190.84749996760146,69.09858755957569,36.90004548793222
1027.9509503474312,186.553633639932,69.0474172670686,36.847706274374666
1005.1634888545033,139.55493564764606,67.19298844628398,38.422082849766866
1003.0810345993875,143.15836875074206,66.36148372561954,38.83701897359198
1007.9125352599588,141.03751393573978,63.90546167922691,41.009314226383985
989.7640302994004,123.91261317920087,63.98110090332224,41.147341294881734
1004.7050606518969,136.80165554589132,63.66906087398823,41.3252120668719
1001.2937123835565,140.88137756929396,63.12383128991114,41.421044700059326
1018.3345951781608,83.94153652570537,60.87035282533605,42.10221757092791
1012.2114083863322,89.03308615853976,59.63698912719403,42.586292644553566
1016.2140754473398,79.1312289578041,58.15940406676326,42.931343105595204
1015.5411859755856,84.14849203973048,58.118862419298964,42.94589397573902
1005.1456820786949,134.68433285958864,58.140012806464,42.41048247762425
1006.9991350381919,139.84212795057786,57.98229144824577,42.26500585918343
1009.7534806155301,139.33722015315155,57.26818933623311,42.89256157850006
1021.5842472072658,82.27185689420182,55.79156597331832,42.255038584680804
1011.9168013442942,81.55674839461166,55.97874689909046,41.11144476804994
1022.2262392615573,83.49284922415639,54.72431770457898,42.08958585950981
1012.5731510567414,137.4350613666387,53.9402841532732,43.01119184798268
988.8915231559446,124.00151842250168,53.58058234378297,43.59736915166201
992.990491262532,124.15550310679093,54.31179385094494,43.45467604226738
1015.0290847598201,141.34475301415418,53.22399436857597,43.82118660351745
990.3551733735686,122.61588695863537,53.280378084682305,43.88757655146911
991.2257173424771,123.48636534112659,53.45515616420687,43.7689797775603
990.8576324417253,124.56068642218946,53.648269537278196,43.722839723054776
990.8459144529929,120.57082886811429,53.97497728522015,43.319872030912165
1011.425617086986,137.73078237591824,53.34281658510504,44.37346202458164
985.8159358428069,123.9952477590328,52.01514767087543,44.961075981863246
1011.0848483587778,136.7578604290143,52.88992410988089,44.2037186838924
990.744948561337,123.39619968209877,53.15883884758472,43.94542701854378
1012.5810956260232,78.7331520155945,53.05360328144484,43.32167799120079
988.387245243464,122.84451587543106,53.181862670830746,43.2377518462347
991.940862788868,124.01384921619086,53.26963347373003,43.15669858520152
1021.5002916934737,85.24523834044774,52.669776671598505,42.380672656023705
1014.46536008542,83.73465257726403,51.90897334565282,41.70876542605875
1019.3179544998308,83.66441926506266,51.65373473503211,40.98271534113377
1018.8037079250009,79.77752075828177,50.36284736291734,41.735798548543215
1024.433369608052,87.82950750820685,49.43797757957878,42.274365026720396
1022.891778417379,85.13790824675101,49.57312090605438,41.90618882810497
1022.9670470080453,82.85850495494262,48.81866731809027,42.064630535928295
1015.0932383605467,80.26621782900816,48.42250295110003,41.90850034672668
989.5703344262379,124.92324588855558,48.01666592225693,42.231796217377905
990.6882694808675,123.9993960612895,47.786814690027065,42.54270967329404
986.8176496925157,124.25740587825524,46.066430121222794,43.039276275362624
988.3617971222648,125.13490688175733,45.082871351431194,43.08446972390958
989.1299491877678,123.64364044340908,43.652299676274765,43.51104170697509
1012.7938405276356,134.0788972890893,44.61183617988867,43.395139984608804
989.8435696217184,124.88132231896668,45.273089661644974,42.95763878654839
988.3449163248084,123.97194046046988,44.06999304196396,43.078991204790164
987.8011060749202,123.07451239446209,42.51276829447166,43.40330359462588
989.5321199177338,124.37761476140966,41.863588461551515,43.298538908948494
988.3790754957357,124.18272333718654,40.53901772531694,43.28752719171709
989.6707171257376,123.56158534497973,39.89350292463304,42.95454051038213
987.3094218821765,124.45513943490027,38.518721356701796,43.13902249186459
991.996986314904,124.52574504297729,38.62764896402497,42.479120749225096
988.9857271310004,124.56446481689075,37.435325966018,42.64406375759822
989.7622999618732,124.04877548252176,36.65573826525945,42.81209722055233
989.967642454924,124.9523088456306,36.02468623494752,42.89810727179286
991.5877394726697,124.86735697287801,35.55535430196469,42.77979886696271
990.5811730857486,124.99394598607466,35.87055447483175,42.07180426075068
991.3209486880364,123.5025610087065,35.91554750930034,41.61319085367064
989.6467229213688,124.91170273712706,35.79094892514283,41.54865676740445
990.4626028174938,124.3840467999857,35.53983691140381,41.12818827383592
991.6823072379848,125.29946682143238,36.29354640423842,40.65094384537584
991.0381293434283,125.42187152238404,35.9399631493527,40.363912241648336
990.9984295984112,124.89349939056191,36.1228322421504,40.09282785958642
990.4420723575054,125.3770375323803,35.11243571436434,40.13046797228142
990.4971097387391,124.99063719545097,34.31621934175135,40.35417826070306
992.3055337242231,124.61451528254568,34.23198393296288,40.03794588640989
990.4577548244307,124.75446765063174,33.742465972660064,40.32553119149371
991.0751993390861,125.64685579366915,33.12361317963533,40.26926540441944
991.5867442361695,125.64738883734071,33.3846717209256,40.10276272139798
991.8736106227178,125.42545308074178,33.04397466126312,39.868028439689255
991.2914385857398,125.50817956951528,33.11784257993797,39.493785428086525
991.1697797975373,125.01824067108988,32.274962899301116,39.84800268626392
990.6316188954796,126.01953901577264,31.978332957429487,39.882453621486434
991.6643451089827,125.47487350781806,31.656859865254646,39.675356076184954
991.1862313097637,125.47747088608952,31.690435278729318,39.04078413334365
991.347666297663,125.26227620374435,31.301921500645648,38.86726197898341
991.7431788628276,125.49663758371031,31.45131854763112,38.87297213450064
991.6644276558338,125.07442278583946,31.15867357125316,38.610273110094624
991.6113952300926,125.87238800309888,31.439826977356304,38.46301282442527
992.1756370268071,125.14115049910367,30.83369208588129,38.610499219287036
991.611760468965,125.53072217231204,30.83939002864502,39.47079569411356
991.2306998792296,125.96714040958787,31.052223114072227,38.59264725129123
991.4053282034689,125.80594491665957,31.17788319194433,39.2842641563945
992.3181915887558,125.73936865761783,30.69958855790624,39.29113314805737
991.3406880459254,126.30827968392487,30.97502103476421,39.7306720831066
991.9173493650339,125.97043042004883,31.234816520555277,38.77742883649037
989.971783661777,126.242369508069,31.273349021506036,39.33926331265644
993.2738360596022,126.03435281383898,31.543167527552143,38.33997701994889
990.8419818344925,126.44527162286374,31.721276173847187,38.348349312768974
991.413280062419,125.32042496560982,31.450113691306598,38.02009524911824
991.0076360098724,125.64211014247581,31.398229026853187,38.09559970751242
992.0777955795317,125.47963735514303,31.121062749129827,37.71224671822076
990.4229376693812,127.70486658114538,31.089585131854427,37.17416967681483
992.4356342481747,127.351490204892,30.868492282495097,36.86094199871853
991.5732126784367,126.65818148961968,30.46395924895168,37.499594868277626
991.662442732015,125.74590343360188,30.245691799801897,37.40993279298107
991.599978230586,126.16943541268449,30.404792532940014,37.51373946794115
991.7645710690558,125.14038795975486,30.114846758049598,37.23897414240086
991.4195666389361,127.51636273575537,30.17044595222778,37.65335540476145
991.5643772289355,126.5110982274523,29.950153698732414,37.60065366842265
991.8328524028063,126.36735093374085,30.213822893589647,38.13415332903524
992.0989678207809,125.97565006723765,30.32880223839985,38.11678364680804
991.2034461773438,125.08243982018848,30.218065158376582,38.32263141656405
991.627140412915,125.46103197592024,30.11322461652119,38.204285753896606
991.6618950366259,125.94668987175459,30.20799602209928,38.87090536223707
991.9996069301837,126.73915632467038,30.05109789502154,39.105243901679856
991.9099678931224,126.59717069461766,30.526713812085546,38.842480888351595
991.5995067892179,125.5902430207958,30.421966814705787,38.54114663600446
991.6473191712248,125.38428991166184,31.05638170685425,38.195307111474534
991.1648470296898,125.43928018265461,30.78806535836295,37.96996525894735
990.4067463491087,126.4918855397212,30.75050940961132,38.57374941023166
992.2795328031793,126.45345821847323,30.517238900151803,38.323598010723984
990.1679602428203,126.43872398753814,30.372036376064035,38.35001728756028
992.3191787495874,126.01824852813147,30.316144677318484,37.92224281117099
992.2171775500699,126.1840271869815,30.337094700441064,38.07097006511857
992.1913022278583,124.70339702778841,30.041665067755005,37.31577253972419
990.9679840830198,124.99847847445157,30.337199291391997,37.14693747575884
991.713918145838,127.1181676470408,30.204705092872103,36.378890011699156
991.7193310756195,126.57746157608602,30.55504508466345,36.649508992216525
991.7780207523955,125.34363148647574,30.4431709022503,36.19522193060759
991.0280492673534,127.8613465528498,30.507062384411853,36.34313759253722
993.5216224555936,126.71041505717278,30.576477001126076,35.38093960977016
990.4769498861159,128.03810808978577,30.523838631017796,35.3405223212471
992.5237044244236,126.75625983151076,30.404648535572846,34.882987186490936
990.9858765868396,127.02865323245601,30.488036125261367,35.527340227587516
992.563691845806,126.55640693247547,30.301234285459536,35.099841550807554
990.7799424223132,126.82940329503475,30.579697096907488,35.63990672707142
992.4686038238754,128.24126764673338,30.63034422633924,35.052101790764006
992.5255516264217,127.58378834636271,30.426679175886974,36.272142617304915
992.815446791615,127.18616332439933,30.138425385293246,36.39587695803038
991.863025644505,126.76411955193682,30.205580067933326,37.097390252257334
991.3925228598769,126.60735886903564,30.02485471353713,37.23766547281127
991.6389714005486,127.12673174116219,30.175375229010683,37.32638378457317
992.7266762860232,126.51888866522438,30.388089447166543,36.53062965934919
990.8858162029741,126.0282578904296,30.768528399504433,36.72557219152848
991.5919621855402,124.46244974159183,30.642284608276686,36.45437791562615
990.8137815318937,125.3883813880235,30.855939831318185,36.41410028751194
993.0723357834889,127.53691614109984,30.831361674044437,35.7519373117395
990.7165175085536,127.34958585549606,31.041617780342115,35.81697142287169
992.2539522976172,125.62585325633094,30.893665278325802,35.419671196473544
990.7485172713075,127.96934988071087,31.019601620846966,35.46661091966803
992.5244892886408,127.04251911619798,30.80239679440173,35.08040285411984
990.8237170203031,126.52728439303476,30.694095835853197,35.66567185717843
991.3997111157256,125.71632524024507,30.341540041896927,35.37198163748163
991.3277715710417,127.66097177799341,30.693265623793607,35.07377709538646
991.6753582894515,126.15720899133147,30.20006994657365,35.361887242456056
991.1631520115392,128.23587222900835,30.501369144377534,35.706989775586194
992.7045759450875,127.01630878189967,30.214009396406343,35.464631016879956
991.65971237354,127.41668465409123,30.40199813427386,35.73261904433981
991.6752600490096,126.96538985416338,30.037751174628998,36.19408700637431
990.9373844947835,127.2195763294902,30.323491139396737,36.65198903245103
992.2402921976417,126.20672254347846,30.26483731281256,36.735692400678104
991.8830888423664,126.17844063137461,30.58959525803736,36.77653688190898
991.3327803719786,125.21144775325016,30.276715704519837,36.711228357152024
991.078263114413,125.73870738570702,30.6655112822136,37.08185400305071
992.0050221490013,127.31510684439407,30.24984881434755,36.861375442045606
991.3669080415395,126.6304796111792,30.685340222878576,36.815728771123375
992.1996583767709,126.1829898932617,30.469723490251475,36.816931372947266
991.8362514404336,126.30439039297688,30.61984388767965,37.28528662256323
992.2537563643103,125.84688391745792,30.616940570592487,37.219630671204015
990.429737949461,126.77549661958307,31.286771481025404,36.837204899979845
991.6696857890423,125.65236136514287,30.759691930593515,37.17923754245855
990.584611182122,125.72186252611789,30.71812926088944,37.714748560504844
993.3168112574316,128.10347562528656,31.31494117310574,36.531598102981704
991.3356221646892,127.95927032652443,31.174828456643684,36.83134126083662
991.5050298625109,127.0195510316158,31.051673364831316,36.64608735340044
991.1267405226527,125.73144212395131,31.482682265866895,36.55361019573749
991.3272929018591,127.47254261613448,31.29808901031609,36.014027343008735
991.9527965563805,126.79918223751287,31.026092581266724,36.783040928811815
991.7867718710745,126.5803093565706,30.681215100606014,37.032521620377196
991.4528430889477,126.54011425120473,31.166584253194788,37.03059024688424
992.4175179888526,128.03843828720483,30.921105841820236,36.543002557727064
991.5395531137889,127.24516665919822,31.036262176382298,37.122853046597015
991.8866795849137,125.81633572558862,30.770474332275057,37.1059726774881
991.2859229764199,127.93675267475933,30.87812894960006,37.31883503006218
991.58954220029,126.54372584674533,30.82262047899065,37.24715829744884
990.630596896204,126.11153715580873,31.04211404679561,37.87872400484637
992.5032084255452,125.54812917282473,30.858356966735677,37.72305329364456
991.9531388473521,125.70951310232408,31.158559411333744,38.0065284489815
991.034886080164,125.9622883115974,30.76007911731007,38.270399369469885
991.1922894433587,125.76177019801243,30.996451501924525,38.45087823479864
992.3322628940841,127.62545453182527,31.192518260904762,37.53480006972117
992.3557351468976,126.32488623520862,31.832836946024223,37.44857136945167
991.1355582977026,125.98636740547997,31.096807625920448,37.825313079926744
990.2918333701185,126.26640480104233,31.444910833826007,38.29747105018507
991.2604757761122,128.14166210128744,31.105586374736326,37.77755299205326
990.876779601098,126.40550404825365,31.25600866250901,38.0611374277412
991.4732627479689,125.6198909939492,31.02229418980822,38.03020379780944
990.9296147891125,125.13874312136977,31.38892924221402,38.62429602219346
991.2469310306711,127.1265473722562,31.63138530584986,37.428070226109085
991.0001544568114,126.56502804803986,31.419216598405747,38.07640660570285
992.17097873962,124.875752434103,30.91723094229641,38.3190590050701
991.4629171228157,124.41765331858616,30.879725397447245,38.50522866640546
992.1675949312347,127.05091310107325,30.902470791885506,38.08398450350037
990.4530015263504,126.65540563912401,31.09103961116029,38.74422357340735
992.6130683192343,126.10995767927433,31.219662243348985,38.16326022873292
991.0391797224602,126.51175783348656,31.02908127306359,38.65674460944879
992.253522082213,125.98831348585524,30.94822971014368,38.21686970817669
990.2031131860128,125.8069562295155,31.13014987375972,38.17333836337898
992.3604305855548,127.85227577157534,31.128005061095617,37.21806118912564
991.3817010075971,126.78681501877945,31.02145812684674,37.70764982995606
992.3519300153216,126.41365167762575,30.55932655125529,37.50057238371197
991.060835638598,126.22553645851558,30.800554086822405,37.923744545606866
992.5875729004038,125.56637952604488,30.791758966515776,37.45531167020707
990.9799288485992,126.8682739005326,30.994351757624763,37.920336722043395
992.4820897944688,126.24079735228369,30.807091051722445,37.95720524479549
990.521106815293,126.49536756502293,31.12369125690021,38.13965632055297
991.8231072576046,125.11915322532937,30.868681051064215,37.72372309770316
990.6269787764479,126.08556621441369,30.687928283992182,38.686344612134015
993.1214938059447,125.78801503308742,30.920075326133965,37.935728114160334
990.7328942189338,126.32739937397275,30.668327146792805,38.47628948095074
992.2053309280408,125.38213205946482,30.52399536790673,38.142889936382645
991.1738642364473,125.59105126550432,30.44807448588059,38.83926534857578
992.5871805311646,124.85667949570256,30.580194767005956,38.3606362132373
990.6672332789495,125.35963136105121,30.981923368344482,38.26049342642961
990.8426040722562,125.7689417548459,30.716130440674405,38.192591470856236
991.5628523241379,126.36241958978027,30.933649664907808,38.630908790260534
991.3681977985937,126.20740874873242,31.027166970810413,38.04004328106064
990.7692463541844,126.50294450683313,31.1205123454383,38.86150731306937
992.1673075074141,125.89266014729421,30.84455786658513,38.66779514072873
990.9804707558641,125.68352539281756,31.07653253240474,38.73180000291348
991.7535475136182,125.11073418902967,31.188878376981265,38.46932567449683
990.1515969286228,125.02778469171582,31.32420487999494,39.04513978853409
992.5423379866999,127.20891954104418,31.55092674714767,38.163496196139555
990.7672148900191,126.74395193984842,31.969447867648583,38.1959106775724
990.7948037898865,126.60186745407555,32.25693383286736,38.57156277271862
990.8160537739071,128.04075751610335,31.691298858398397,38.220293602566166
990.343149980114,126.77845832200879,31.833838192181283,38.48474680337739
991.6642524123538,125.44536807516742,31.82059226820764,38.11242984909259
990.3795988516539,125.26474286112719,31.439880506856156,39.152562697236064
991.488454416781,127.3758202932997,31.367126203765647,38.75321872118146
991.2610775988841,126.4138233621826,31.02121028866364,39.4626731747319
992.8869531163781,126.07494256358976,30.770416504270706,38.98238387718034
991.5217806897764,125.78390175047934,30.64427074544424,39.10140893907009
991.7719372762168,126.5414968274601,30.150892692657973,39.0400784719601
991.4131562460307,126.14474333195275,30.229723154176142,39.388412616657476
992.2745484270122,126.67420991667666,30.23821613882412,39.36984705051167
991.2719097334012,125.92427316467986,30.721718518798163,39.520499324952056
992.3246563361498,125.98616947965586,30.882433008308283,38.828867072502504
991.0220488394815,126.2690657490076,30.80167459580688,39.438089506485795
991.875653326069,125.55138745986636,30.6506360861938,39.11121151617239
991.221492109903,125.36980043608773,30.82467509510215,39.70024478852592
992.3163890887328,125.23585631955362,30.67661130292403,39.39009051442252
990.7269128545166,125.28346922798441,30.43839992247934,39.426203919753696
991.7202599584575,124.92699509343073,30.097995420827793,39.329562445246864
990.8376450509139,125.28882473340326,30.060403480505776,39.24453224416686
992.1928029738459,125.2897107524231,29.919925443250733,38.693305576705924
991.0674214834007,125.3388817162159,30.289434824020713,38.16872934421543
991.7376137185184,125.25742907670045,30.007353590746526,37.89013637347709
990.7853721987719,126.02355836796895,30.324689513578402,37.68625587226181
992.0190165204098,126.34758235789909,30.07676265237672,37.392623636944634
991.1840249047568,125.90825261568806,29.693593799332227,38.07404925074118
991.638235888988,126.32432831330001,29.388485872961052,38.161221478697655
991.1419671821242,125.89595429272828,29.64005935083673,38.16321298574154
992.5601709410982,125.9202231513347,29.36195781166358,37.9887386858442
992.2276892607905,125.92116624212187,29.64734439982771,38.05190619822002
992.2165147781989,126.02077142063047,29.712263389739825,37.56506656468879
991.0850022834354,126.05131901963682,29.716891992166406,37.893956033977254
992.9809267898768,126.68944320912536,29.75670062737017,37.05878032760568
991.6142073911041,125.95907298372975,29.642939508076005,37.626337964275656
993.5261663264407,125.60237326252991,29.87885802503701,36.68538819879724
991.4414445923658,125.9785347940651,30.282264982719404,36.542145271549145
992.3639704565037,128.17048939226206,29.9588996891894,36.09336524080466
992.0081352127286,126.95899612452325,29.99278030981521,36.97037764088337
992.3732609775032,126.88947131095742,29.855196002289233,37.14819401721826
991.4012421761729,126.76702614664484,30.28292923120847,37.738801388527975
991.6622389485314,126.032635499361,30.10699226703506,37.74739334059685
991.436784960334,126.0566274489524,30.41630926075446,38.23689390844365
991.9650495370892,126.11592909954442,30.019316826566172,38.17239142991694
991.350972930679,125.94961795168061,30.04321910764668,38.22716756809377
992.7637420955148,125.62101515087951,30.100686873861328,37.60511754111014
991.5657924933217,125.69521382621068,30.35840677603176,37.461374217503774
991.816253670125,125.72762365464101,30.167284928063452,37.2142135363635
992.2839848898345,125.36762550048802,30.079995630123797,37.25179072340407
992.487691939395,127.75170521213668,29.88805086155229,36.64357964910575
990.7119285093252,126.73281741925848,29.824425362682987,37.14077603507121
992.9029779212425,126.85658319967956,30.182973854827505,36.55867025166434
991.9748051871743,126.5985606266841,29.855370329280902,37.50050406843355
991.7813097019434,125.85544551799566,29.433257333983498,37.72514893100543
991.8126807823962,125.25965424823626,29.71954313457025,37.97065430253642
992.4690950347203,125.61932568467435,29.631787013802736,37.57798466912976
992.0889872981538,125.8917961916883,29.990145826092974,37.35700896615228
992.3263261862816,124.7343393896724,29.95241810758232,37.01679432959875
992.0798920745178,127.3110203606891,30.284725663595136,36.53508756563542
991.6215360473074,126.45635748257537,29.89729118977207,36.288264220605555
990.9364460573165,126.0344456020291,30.171054100318642,36.2134473681422
992.4038666509472,125.2398473992616,30.372981969377463,35.6184370495103
991.1158196804349,127.6672185363081,30.731679651094055,35.21162272723008
993.2092127600204,126.12013820745857,30.74205850428273,34.782781237254575
991.875870609331,128.1948321184264,31.12376823061892,34.016481288777754
992.5177370946391,126.50683443471105,30.66520905522583,33.914575197468224
991.3997140470118,126.51328761912427,30.60595490519532,34.44705985180082
991.834026928676,127.99355343594524,30.31972666240899,34.103687584766526
991.2210167445054,126.8000077068486,30.010608781353113,35.056375504255904
993.1763119616018,128.82739529992844,30.265182340995757,34.31913500323111
990.7731888889604,128.23950573758887,30.018969246318786,34.8939307466389
992.7191372794731,127.2017939184585,30.188815724723394,34.32099556303072
991.1466973290296,128.7150132968718,29.812663530654845,34.5751909710143
992.9893548221189,126.91186791069805,29.966830851910437,33.74031915714964
991.3348358828139,127.75087545315711,29.980671482061553,34.65511851772716
992.6892506299248,126.31447410154664,29.915773376694702,34.390036604096274
990.9426557591025,126.15811855802765,30.477945957923566,34.76437711314325
992.1181320853156,126.04667097422453,30.550053484254324,34.46919830470962
991.5787293799536,128.34142513767307,30.295746774349702,35.27525167291141
992.3161323700201,127.32303575335104,30.078076185452154,35.02373421886868
991.5059695954432,126.61926208607203,30.025921628252235,35.08845184914205
993.0329667059412,128.4397944824947,30.49257898615928,33.878172473853446
991.7475580326175,127.28581277657116,30.875744460172058,33.76709091423446
991.3990157321911,125.66848665203463,30.784005039208544,33.676105584343304
991.3266972144773,127.90723761135771,30.913090659364,33.994333779680275
993.0073099041275,129.89937173914382,30.961738288791537,33.34078952503886
990.8272046173822,128.49435244435858,30.891300535408433,34.12980674848997
992.9772876621684,126.70036374360498,30.834697621037577,33.82756255423301
990.5099306564482,128.00213908274213,30.97158677285866,34.52418015179182
992.5024732076968,126.52831415031118,30.759771800518998,34.187295085470886
991.0281783007335,128.03067025463474,30.901747930745,33.931122563026776
991.4651760285315,126.18803295663896,30.429946885711587,34.03600599042395
991.5807057636938,126.63327835610691,30.579698421217742,34.708613383703
991.6936737764387,128.53974605441238,30.239325858700496,34.28256315326029
991.0859128519614,127.62562189027233,29.880914225485043,35.334043572013584
993.2170606030672,127.08189773615307,30.207404848456406,34.895603437258934
990.8867594470528,126.75851806241931,30.226749397576327,35.41992048708898
991.5949114457205,125.66846518545488,30.047607036593575,35.36440884180214
990.9921860999091,127.39354514673568,30.2339183191512,36.27395818208846
992.0242670121028,126.43674339134213,30.32433851838446,35.713067474049254
991.1743805004202,126.91770381454077,30.4650248613372,36.45727439044647
991.944537489484,126.92749284738927,30.414052499840167,36.59826629058883
990.9663393430488,127.31252696537588,30.514900649323558,37.116948822323444
991.6982535823056,128.52901859839073,30.32179432161268,36.57900582996014
990.8026484848775,127.3538959881561,30.608378719197173,36.53582892365938
991.6884369459101,126.63095433940731,30.795050889233977,36.286748885166055
990.8557814142126,125.92439141169264,30.966399187888968,36.98842970704513
991.6465806477759,125.71240187301734,30.755747128080582,36.99324853754665
990.3032709083451,125.24433721082387,30.749401814690536,37.03047574372757
991.7092395339944,127.68403833795654,30.451971141837543,36.598331961904876
991.257971210359,126.52202901370529,31.076772824022385,36.05664965024805
991.7243796352292,125.34234365139503,30.678278414906224,35.812563877676226
990.7583828904268,125.84833036787705,30.348093245071773,36.489166308550345
992.5561844499537,125.4868433542236,30.102023445491287,36.27082677107991
990.2114008007483,126.08723441853599,30.084275298955802,36.82193744755462
992.5219265984359,126.2146407947871,29.880797632413604,36.93219223665166
991.2135253523894,126.42710507780424,30.09489493194065,37.51260269706848
992.2525777036553,125.9323709684524,29.896224099724307,37.62188882835073
990.9225649394514,126.30851244347522,30.13175512320378,38.71943149895634
992.3015090233577,125.7258632232454,30.073106924644684,38.06049402327831
991.6861452497326,125.61236728934054,30.03111425418995,38.5618191296897
992.4191069568666,125.75362194278829,29.789830494081574,38.105442358728645
992.1493370213038,125.10362379836293,29.721512780253647,38.647209511112386
992.2151706177566,124.93958448681641,29.834241603349966,37.68086538850075
990.7064895677264,125.61823436270349,29.84011002054889,37.88980380162834
992.141076747175,125.56107642780073,29.92443497882086,37.1940510044989
991.2249759943322,125.13551125107787,29.8412515958576,37.94420734950366
992.2629609862803,124.8340862342117,29.877986365837057,37.46892189281852
991.5707586720022,124.31288972192557,30.36638888057436,36.957564640825204
992.3493001773797,127.00131872287739,30.0706865422739,36.37557606183417
991.2588268737599,126.40593928373883,29.697232943901618,37.3661198835727
992.4604709844613,128.45602831927812,29.525302535380142,36.561688854196404
991.8566833561745,127.23758330917039,29.33656376702845,36.84297498876122
992.168397290492,126.81921429478894,29.4352471831265,36.834292418540386
991.5210419775198,126.96900759685384,29.738089551548317,37.49793910651337
992.6623597389195,126.87922724384231,29.947361148499787,37.02645192711849
991.1886757447444,126.80701402013338,30.12470841350706,37.52923246618063
991.8644839734453,128.02872275169884,29.90535466286183,37.15749292625225
990.6819454717621,126.66292785795568,30.309029369208236,37.68016438068496
992.2097003986679,128.34903942916017,30.609219054581217,36.93383173166893
991.3984380491107,127.14229233207087,30.670269430422984,37.66657007219458
991.8205477241672,126.71544597834634,30.46518293763266,37.79780799334297
991.2822292533448,125.91889915557,30.613621482117978,37.80191679182687
991.8505294657643,128.03252592591053,30.58093794074748,37.02826628039689
991.145116001397,126.88733802152016,30.579515661985305,37.402341196347756
992.3387599056546,126.47669439013208,30.467764152222124,37.26495259776527
991.6613466966509,126.1897324470063,30.71832523800751,37.804994152913736
991.5284904612664,125.86486859204487,30.686465811269805,37.60796671585632
991.6973563889472,126.19381761878847,30.95307051568062,37.827481637203554
991.9509296241737,125.46450932148583,30.877487005375443,37.621786942021544
990.8457012756363,125.57436152515456,30.877504735699254,38.42068872059719
991.4911540874438,127.5172728943815,30.673882842591087,38.07033956727208
991.5665259461422,126.62485536013773,30.710882505860106,38.64425358664158
992.8511741876652,126.07225871761521,30.540052371462245,38.34487474243705
991.7130179695941,126.5136904854727,30.634361547945453,38.89555822668056
992.6840625492293,125.98660236654558,30.605658972003297,38.32662643516927
991.0183256527965,125.80114980596937,30.43991606336137,38.61085925771145
992.3176418998305,125.52670441392196,30.378154764132837,37.99999516948421
990.9491293675687,126.02801074559812,30.364846281064384,38.16971181273437
992.0868313306612,125.5415554950882,29.803106886587017,38.035970530764686
991.2603634051834,125.38360654109836,29.751090497552518,38.47024093868717
992.9499247307906,125.52768675135674,29.913531118814255,37.49832678930383
991.639572545026,125.59834502833348,29.934573186418916,37.96015708641312
991.4289128533194,125.58411128755402,29.823583872131717,37.59104129193863
991.6239749847882,126.10970018221377,30.097026556177386,38.05965093338238
992.4272619492185,125.70622480724893,30.14374063409921,37.606432415657665
991.1620809792714,125.3940305486151,30.260481625201955,37.29723189169223
992.5125211368968,124.23383357221857,30.07636332815499,36.9746974825926
991.1542522600474,127.10794871447683,29.85582904320303,36.95193678730949
992.714090505238,125.77629244400637,29.782142066219237,36.51024573289823
991.639118419284,125.87412803159563,30.438225158911177,35.94792367833661
992.109249534593,127.87348751847863,29.99365270781322,35.85278942327486
990.9678576853274,127.20003602360211,29.80973036882309,36.08352141063989
991.5929003492664,126.41722924390099,29.973940714315432,36.49617776903809
992.7600713117205,126.24391620648896,29.91660684604794,36.04286743009721
992.1869348351474,126.54747895751483,30.095743892974546,36.04414072317335
992.7535037694862,125.8043424620133,30.23362762883505,35.19489249301553
991.4020936807453,128.47501258486264,30.10097188468583,35.27173128250357
993.3852872980768,127.92356060280599,30.2336771335433,34.507841375691
991.663411337113,127.27140865713852,30.65619835783931,34.28227439929673
992.3744733393274,129.02565858099075,30.230369269086466,33.63580171986623
991.9099582547846,128.1921566651459,30.32511143711166,33.71398712065538
992.4318070411697,126.45852750522032,30.091763388362473,33.33943092253164
991.9819514875078,128.7166656285225,30.61449895933992,33.0664861082698
992.2751707653179,126.9563166416132,30.61437907542314,32.46593392950051
990.8880359612292,128.78125545343516,30.953290636114964,32.12725096413603
991.9033616230383,127.25741850149197,30.872164907208173,31.98223044243952
990.6162680380049,127.01886662318793,30.698776078968585,33.125262324429045
992.7418436092768,126.57312630392661,31.174453511559285,32.768935817832975
990.5994318000808,129.20256006882295,30.878406024757105,33.030081143570094
993.1269820431287,127.46631983874002,31.156853130824345,32.38759330387025
991.9701176382408,129.3332008970319,30.498797587343887,32.628348771133524
992.0932727433728,127.34759391338008,30.088170558961806,32.60246953775356
990.6159424040154,129.2059270910952,30.186188514593052,32.85834975977693
993.2781482987997,128.02365646213593,30.692771807879776,32.16715662171461
991.5568896563818,127.44548689337292,30.409121652301007,32.97423784302859
992.0514958577921,128.88656579111702,30.09700734489747,32.51860683243722
990.4595807704148,127.82550262264718,30.015155776030213,33.38166694527872
992.3344197299094,126.82726789185018,29.899702510285174,33.04548240754408
991.5395799030864,126.86947894998703,30.857168690611143,33.204593127707625
991.953484914119,128.60776944543608,31.095418257931968,32.78125958859177
990.2959658472264,128.0294467562553,31.04795095577353,33.634195579174076
992.793508965483,129.99806104967217,31.037494350302794,32.93744336219812
990.0332212777806,128.26482716028738,30.882646580413443,33.58821108679899
992.2143610725627,127.09648032312293,30.78036340503371,33.553206858448455
990.8545987332485,127.43708650451848,30.860463998045105,34.35840809371797
991.653065889268,126.38794642324248,30.425331501039167,34.7226367902818
991.1251260669773,126.1001202207539,30.84903719018015,35.58509515281476
992.6788153655406,128.07482905410777,30.63667359435054,35.08048120085921
991.9422619224772,126.8414515653444,30.99294631681152,35.24858710573884
992.2280811382831,128.36076074323702,30.77021097496138,34.553561870528554
990.5057458470243,126.87055959473206,30.644867557539968,34.75917078107912
991.7992944583949,128.67808116206604,30.478247009832426,34.25413683983155
990.8407802588372,128.1356574604144,30.360263163769602,34.53885274336753
992.1621792715501,126.5086517717641,30.098297095207123,34.093099153703434
991.8960744217308,128.52963168001978,30.126555304920338,34.494964105258454
992.7837842490712,127.67453779889672,30.21732763346252,34.566363882656546
991.5162033732702,128.07300304746818,30.223249730523627,35.74407721199835
992.0658934662127,126.80547019852727,29.969884878767658,35.6162081297593
990.2402947635626,127.32540723580875,30.142482020472364,36.45198255373149
992.6022028061332,129.19118674647027,30.185726692014594,35.717428518217766
991.5023990369914,127.63933956928845,30.306264615887848,36.33058332180016
992.3900096126004,127.42835429340323,30.11680107785193,36.40074759057346
991.2453565028609,126.9482935168559,30.444752684026717,37.250354122880424
991.6235720695036,127.27407533252784,30.262519319906477,37.20973637194958
991.3614651199733,126.65260496067926,30.35120500022068,38.32421942040102
992.3315971037024,128.6663403741272,30.06586554467198,37.555182650740846
990.9123245747545,125.96904884241746,30.069065095899738,37.6479339919008
991.1615703335264,126.03500184045811,29.99158133077455,37.67730411278671
990.4881422820526,125.76041303669709,30.567827041628227,38.146527721981506
991.8673741335549,128.28542125012694,30.52709076133801,37.751032760423286
990.9106079214669,127.55662796416907,30.646510980008784,38.15497992041279
992.5909646953148,126.41968322630065,30.84204442823865,37.634159952103595
1029.9436061621564,140.99784084094952,31.93852693645031,35.9096283989533
1033.9278112253555,137.83783495285525,33.32804222509089,34.40222661618191
1032.3040534589002,138.399385936829,34.17248468556818,33.55402624692635
1028.6831933115136,181.8123507053386,32.86733951708464,34.950859771430586
1027.1956855586277,187.13974543798153,32.62341691059728,34.174940316520676
1028.0367109087426,183.16805743439892,31.54382683315514,35.2164837431195
1027.7676745663452,189.85117980684183,32.695936078008415,33.22480698376834
1028.191359708216,182.94522040417326,31.435638405121946,34.89795187095366
1028.8354935169702,182.81381167439082,30.411191346400063,35.772021519201076
1028.3127656564518,180.68664934532723,30.00665929830963,36.43078967975438
1027.3378399806086,181.98551820135717,29.724319087343893,36.61420183189129
1029.0702883209146,183.79324925601549,29.907989844857298,35.718817952478844
1027.2755545827647,190.0910742804749,31.950464780797464,32.89598456157998
1028.4204063227921,182.7633104188522,30.57578623694203,34.54694990689576
1028.173406783613,183.75786592983428,30.108476478362977,34.9518782774029
1028.4214909690438,184.08871923817642,29.979823224431463,34.80648515397043
1029.329270760832,189.60117855341548,31.373203908418162,32.920150660455185
1028.5061532760237,187.01981137367218,31.40746559235939,32.550601713819944
1027.7556663434534,183.5997034463009,30.286452353084393,33.73812477376272
1028.323909790537,184.1605867179845,30.008796745347194,33.95324201373599
1029.2026816488617,184.3291064771588,30.022944708652602,33.8292823800357
1028.666401492263,182.35679520924023,29.660064362327116,34.33505808931951
1028.0522058516262,183.50257016890941,29.330122604316834,34.517722246976966
1030.0350406632097,184.4109908636038,29.44425978580714,34.55596348869933
1028.1452488698353,191.0404688050962,31.160040653439545,32.04084019391036
1028.5736525665134,181.50500262114207,29.564530426430927,34.15012552812722
1027.5452806905985,187.60398547859182,30.21248871588127,32.9703530581618
1028.5969719889747,183.82699456621125,29.596279914828912,33.64631793422295
1028.9755926073108,183.744898249379,29.493096538531088,34.1111834864456
1028.391833606133,182.5594711575937,29.00680201322993,34.97417462527745
1030.290131381171,182.71460972554155,28.655379726703686,35.25290516502949
1029.4604734361203,181.1796094080974,28.322107573592163,35.942132732443376
1028.8251228180077,181.8800510305241,28.112965074122766,36.35744187612452
1029.0026321402543,180.38082041331705,28.145408896584918,36.611884317432526
1029.433703535858,181.0258061623236,27.90104828091826,37.14171581891594
1029.6768352513839,180.52419606188226,27.565145776852123,37.558926457783066
1030.9389550554679,181.21840135804277,27.86084411309659,37.491446823256254
1029.7433787226128,180.62187764360894,27.737457060178734,37.42915701381213
1028.2510016599315,181.6029111465754,27.581915203180202,37.168861624814966
1029.838883013687,180.181643726263,27.53866387300394,37.30313187613009
1030.5979846828575,180.85669305261203,27.354272056193093,37.64810492066711
1028.401965974866,180.06974234489115,27.469480229469738,37.83852459515731
1030.2213783981767,186.73816735468608,29.491011904454684,35.29958240485209
1029.6390633081937,180.47090284986535,29.43189089709647,35.92369195038223
1031.221888890725,190.84065605065237,31.517572491891055,33.45399717905725
1028.9135671561166,183.4051548676735,31.410790572771347,33.64359638491973
1027.8175905106248,189.34363629515266,32.506432175331966,32.08849956542284
1027.5645977840322,192.0949096717497,34.449452593078625,29.800760322604766
1027.2137463832055,194.42412875064252,35.57549218577079,28.13488112096534
1027.4871765054106,192.20193998131714,36.1764569440306,27.44415400339662
1026.454138554968,193.84161088847503,35.9923654750732,26.71076880071419
1026.673727171054,191.68970875685727,35.90448627709232,26.84168907652295
1026.3705652471738,192.88495535713832,35.426055896260976,26.656899611312358
1026.7451576143164,190.63291700097474,35.26941136650087,26.98544350579899
1027.1653341392002,187.37331681711981,33.93163383343382,28.55442567282525
1028.6579758794026,188.42558870595298,33.969790952470916,29.024212463472516
1028.027747721679,194.5174189368121,34.787895390228535,27.650419860640945
1027.0594689011923,191.95595891011476,33.990495263715246,27.429953740787347
1026.6179074099148,193.53075583995977,33.90157592411136,26.72034301059872
1028.5864623351752,189.96176077552855,33.05083773382311,27.689522771876902
1027.7299379267695,190.0452033597961,32.62507949230016,28.348448214589837
1027.6155050522627,192.42370157150816,33.3624468902166,27.34981837594354
1027.7717337018034,194.0527734317085,33.74778986979888,26.424374431238682
1028.8472847770227,192.4310880523249,34.04949037744143,26.04829986606179
1029.040269265335,194.17294144868956,33.99732359422042,25.610296007597572
1028.6691600002578,191.73791903821754,33.61020087967721,25.90693747008212
1028.127704564776,192.73332413362166,33.15897044853174,25.91393430518334
1029.878728324042,193.8620217171364,33.286234730003095,25.747625764206724
1029.4945802409968,195.62122676563195,33.94991856798123,25.28544597384099
1028.014211539857,192.52768403439677,33.70499038188206,25.586413977967823
1028.0911293822714,193.7946970890175,33.50643018793305,25.562434589231138
1028.2136057751263,191.3463003451025,32.873356959594076,25.99758581174133
1028.2067801088822,192.67921118241296,32.855662075284734,26.061604654164462
1030.3776267573696,194.04750550556633,34.22440798347958,25.44182990594424
1029.431762699667,195.0256474342404,34.23508002855701,24.98202150674128
1028.5839863645565,196.32793751948213,34.84621297145255,24.411251951797333
1027.4362990642223,193.200689151836,33.95982034685544,25.049609752000478
1028.193620592312,195.0509791342485,34.54395863795078,24.638806350819912
1028.2031730547897,196.87842363658845,35.229470974881906,23.85281907572377
1027.3115488611465,193.93751980883727,34.21621009626863,24.482046565363074
1028.0633952655726,195.48367844793276,34.45724597184208,24.09675338461473
1028.698639678626,193.7035557603905,34.17051482042903,24.405245906305723
1027.7385095790485,194.6331785694844,33.54227901166506,24.73219637690881
1028.1243665732454,197.03964630792296,34.23099206909312,23.620573680411894
1028.650917658305,195.03415234020406,33.68526913281126,24.10382304468271
1029.7344741748268,193.45561986790955,33.56633811041817,24.35277903961049
1028.5434220312056,194.06345161575254,33.21193784291208,24.77140254362694
1029.2711143584788,196.64133809772926,34.16080476383557,23.762423421989155
1028.2416431902666,193.92612966342156,33.73139360943041,24.33937997871491
1028.5094163327096,195.58510771453606,33.78292893570084,23.99109560271273
1027.8868349264096,192.56169729850134,32.86208780581148,24.693220866697438
1029.0235594468584,192.51510941780322,31.898734313543823,25.876851564121246
1028.3003751623758,194.06120898077552,31.93190238488171,25.541761841786844
1028.7550289673554,196.98683376512682,33.53159221526048,24.033961865674577
1028.1266433955595,194.55017458811886,33.11023142087163,24.29092670788018
1028.5785377793625,196.74606764901293,33.7112310520085,23.25331972999769
1028.7189833813231,193.78557579972895,32.75232533125648,24.105256454383536
1028.8161362388569,189.67199398309936,31.173784710946258,26.143253541774804
1028.4801744097047,190.33283419897404,30.42481839561026,26.971375317972225
1030.032953885536,190.22040851813594,29.9039142519918,27.752972506846454
1029.1911188889092,186.65768096054575,29.056730496924047,29.467532274431647
1029.1059878559947,183.51612714676503,27.65754528377653,31.719586835739392
1030.67247962881,187.94945846451083,28.13051447786152,31.662183614920643
1030.1323572412664,185.95621951787496,28.37593320075966,32.07559145890649
1029.085108712514,187.44375738093265,28.797461155404804,31.48551500799863
1030.556131610008,184.3689280087092,28.36108996101837,32.70016188873704
1029.8470136346082,185.10787066901378,28.300493190107694,33.20115864248399
1029.8644365771295,181.59135098644836,27.52125079732494,34.82676926615973
1028.6264851353449,182.60343781154506,27.636805694673114,34.985019445998674
1030.233363997249,183.88297270156244,27.855595063302417,34.64790019696975
1028.9872877917555,185.18709383938887,28.150220304108267,34.151801676276
1029.4524889463867,181.6572064547591,27.43265364946221,35.57402704520599
1028.2556512521874,184.17390647831746,28.282053038791528,34.64514064326137
1029.0476810917878,181.95462101307413,28.09856601717597,35.262295672563965
1030.2627700356784,182.8004547629845,28.20754909626801,35.433294898855564
1029.349698365046,183.20255853486717,28.63394780767284,35.260650780154315
1028.448653779585,184.97508981692272,29.322535072200182,34.55070460245679
1028.951876675127,182.1427180308628,28.858131476912632,35.44279316435326
1028.7387140762578,183.10872573323255,28.928756181792235,35.60729436880564
1029.397251189301,180.8544619340709,28.2450101550928,36.489550719265125
1030.2712587869255,181.57912450014655,28.204713689816295,36.73080500148156
1030.1370885824415,180.36900283826026,27.82504795759842,37.320540689183886
1029.1494198289122,181.7926782817872,28.10118447684143,36.95290610309435
1027.4045200443031,180.6117598601434,28.44605129917227,37.092956685777104
1029.6899713731946,181.70608899877965,28.60734306506486,36.920083148952564
1029.9811297008027,180.00758322688674,28.478975146039367,37.431918510945216
1028.8201743068867,181.83448975506786,28.873716491694513,37.127600627083524
1029.002332334164,182.6660368519494,29.321343252920354,36.67901150972885
1027.9670174589096,180.53100971047144,29.260606512111565,37.088677275305
1028.5332499381884,180.69665208801126,28.72939768567986,37.73543381146226
1029.314367004944,181.1067744626733,28.744085372809607,37.91848281480853
1030.4404095408688,179.7529729686545,28.70513745077036,38.131707236104134
1029.0369657667632,181.1424538141253,28.760416865665903,38.33341075207171
1029.6075509268974,180.5176401940871,28.726317825876595,38.46149649205653
1028.5438402686325,181.56061646153358,28.641984105098857,38.18683910887411
1029.9216915189284,179.99815487993072,28.57812582943705,38.37817805882296
1027.82323374423,186.86256335722354,30.17679337392002,35.72602030681306
1028.2465582832149,183.49537042276452,30.320963869352735,35.28481756794298
1028.7623919410837,183.80449705248864,30.510244176868202,34.9585970569555
1028.718153390795,181.2435268241132,30.164768707484264,35.755594448063135
1027.5457540565176,182.3553851266209,29.720814820191535,36.3330696498409
1030.0052274221157,181.15724950961703,29.618518956457567,36.74421105062721
1028.0271885382006,183.32235604388967,30.016525110976012,36.00357446485472
1029.4407555981468,181.212797008095,29.699901197306406,36.782867001623536
1026.6767847950025,187.95244259358356,31.818133826849195,34.51860077876654
1027.777528841003,184.3594777706809,31.69900671774313,34.38776559302884
1027.6052238919585,181.37026826070783,30.850787483752107,35.5418108908986
1027.7119344094403,180.37133009108874,29.995066081432945,36.77269352867883
1028.170011293087,191.7491009567189,32.83677392836655,33.923619235162626
1026.9336718267791,184.19031779767678,32.05447825732965,34.79395216243877
1027.2087858255277,181.31157413302014,31.195820392803366,35.99893685961092
1028.3640739241453,182.69915815737352,30.95057970772948,36.26466212717308
1028.1923478020162,182.81661636863956,30.60129496868811,36.58882618617025
1028.605024136388,181.0580772018098,30.070859674794118,37.32789677408701
1027.0569558491675,182.5133229699631,30.011472949064327,36.89586292706568
1028.176608669798,180.6990031737116,29.802022559115496,37.22577667613909
1029.2335385351093,181.44540002599692,29.64304497342051,37.5512141965822
1028.698756394595,180.28072208924038,29.620937906831237,37.63563241178532
1027.3645471644545,187.244122127965,31.21431531143309,35.48506696110607
1029.890875826891,181.96945723899967,30.67419498912326,36.52206763747428
1027.3755928855155,188.27296480128211,32.37925084684989,34.19305143716476
1028.1689224415995,181.5572578151457,31.381313546453423,35.37528080097812
1026.765338566746,182.77022857501774,31.21349402771238,35.63208807578968
1029.0636479644786,181.0379377176454,30.55979687073607,36.16095339992462
1027.1997311226871,182.9963551865716,31.115686889768483,35.705724249349416
1027.9339369968066,181.13285610400467,30.641164115719434,36.29733189438748
1027.0820101248037,183.5796211415916,31.151781627921245,35.6689471210325
1028.8820991818068,181.65220785915633,30.161187368590333,36.85990478178921
1027.7624464647113,183.36599696342722,30.20611108891393,36.30980946433024
1029.0298752821227,181.1438252853751,29.873769771458825,36.749424503173685
1029.6197494356913,181.59964697663236,29.733516097996237,36.75599520337711
1028.595230903311,181.9119946759798,29.580218758765053,36.79284227990578
1029.652245719605,183.3046813922588,30.06384203831689,36.508112815929906
1029.9269912472896,180.89777582514782,29.70459264759583,37.26837752147146
1028.0036324642113,183.5425729990589,30.126432331748738,36.252934498875085
1029.2083313306007,181.11056721204216,30.059393426560803,36.960994096132474
1027.150602367389,183.3084185506956,30.872416431719664,35.96610619047781
1028.5217068840275,181.65501722258762,30.388202527074135,36.67042533572271
1026.1677305481012,183.60974030264396,31.08089164149261,35.800990819973464
1028.5790529371534,181.3183041302837,30.697139227890155,36.32568235567293
1027.2193209670445,183.41206317944372,31.03050764427367,35.769677137678215
1028.5731716004798,184.68336672885033,31.507720012657177,35.32376522357262
1027.902643112327,182.01980499972973,30.89958863733144,35.90627026598133
1028.3343527337402,180.99062233029989,29.895893007171253,37.19334506414585
1029.8115474078159,181.22585888488243,29.681112662086782,37.50685196692075
1029.4362023573412,180.67990413080173,29.235595478108714,38.33306906222887
1029.6518525565439,181.0420357881846,29.187281863685016,38.53624513907618
1028.682237686608,180.15095090162117,29.194984704218548,38.71170018670864
1029.6523817366772,181.10017089197447,29.42986964828531,38.210870155114
1027.8793294032444,183.75011972236445,30.785615914806087,36.488547701090646
1029.1738537450008,183.64351258334924,30.868156605835264,36.34080337311635
1028.3342610780458,186.63885251274178,32.65789813989222,34.34819137016618
1026.4457287508544,188.2139424041738,33.0229225606625,33.13098747555441
1029.0486983746314,185.07327754250534,32.78467664196627,33.35373775400609
1030.2175020106813,190.4401327958885,33.86090418012335,32.26899022178811
1030.250354694675,192.50631287775124,35.437376155504325,30.770314931643572
1027.6732211421336,187.59848362912504,34.47361891137447,31.6563803426533
1029.2019641540915,192.95821925137494,35.86871238574979,30.472369570260412
1028.038336845094,189.53968172526038,35.710296198767466,30.588147358390437
1028.5222626438751,187.04195937850182,35.07936775341359,31.217044944211004
1031.1123830026413,192.3251170772241,36.57763102605446,30.585445771436852
