608.5,344.5,17,8
608.0852711104761,342.2783713936806,16.888670202908692,10
606.4353413524265,342.9057267308235,17.223689545286767,10
605.9853769814297,342.88887079689323,17.24051044626547,10.181224080256236
605.1369242293507,343.30969090014696,17.66562353861932,10
604.3799113633543,342.6290118172765,17.887717045384655,10
603.4229270495352,342.5495849326253,18.15669463279296,10
601.6750970678157,342.64576460421085,18.96601664838648,10
601.2724025190712,342.81856966018677,19.225636531245513,10
601.2624533015878,343.3429703116417,19.085992688756964,10
600.2934906390834,343.4799701869488,19.247627597048133,10
600.2320723461544,343.13167932629585,18.809525466971618,10
599.1824822380323,343.30162720382214,18.595890732272746,10
598.9800778856679,343.1185946762562,18.312210238316727,10
597.9509514781225,342.9155548661947,18.167286554994494,10
598.7572123453323,343.36261509358883,17.87335701131746,10
598.1677938312125,343.83515383303165,17.703141848776298,10
598.5650513355549,343.533285215497,17.54502360580047,10
598.8569857640855,343.52603137958795,17.544445683302,10
599.3978636628776,343.65421353746206,17.61734868012083,10
598.9484595747789,343.9142296211794,17.985534493227828,10
599.0660406698241,343.8718293579295,18.31778497756422,10
598.8903800996469,344.0989027591422,18.662165758203486,10
599.095005670335,343.4786450834945,19.105366656545765,10
599.3812413203609,344.2360486360267,19.393842369395426,10
600.416648587738,343.6606271835044,19.244198903786376,10
600.5065193675365,343.9619423719123,19.27334961511192,10
601.8365483217309,344.17680668551475,18.630924667996354,10
602.3159319725946,343.44298815447837,18.219734568588976,10
602.7826014592237,343.8367198975757,17.801413998861076,10
603.3772900802218,343.90479264128953,17.561275355211528,10
603.6779093889016,344.45230958331376,17.3882173132226,10
604.6596390450809,343.8875153409317,16.96301583815958,10
605.5590372529823,344.31964603532106,16.93757812501638,10
606.3510130683876,344.84852490294725,16.80250740507937,10
606.4344047248113,344.2378053413704,17.14496847461335,10
606.6275443807217,344.8310693250969,17.45666211611215,10
606.2961091654801,344.4514678167179,17.674305877283764,10
607.2515590629308,344.05675024259835,17.50121121047993,10
607.2370394834279,343.585173224099,17.597631289538217,10
607.050040934267,344.28780708182603,17.8163308551822,10
607.9914733047065,344.0415391372517,17.637458004257127,10
608.7096734152582,343.6131287859753,17.552527419116952,10
608.0964041309559,344.1040740655735,17.727403900281114,10
608.4754671953397,343.6890668319538,17.640669258635278,10
608.6235192126527,343.7933675618842,17.255036030071288,10
608.7873921548078,343.6780335428193,16.951620057678625,10
609.6087114793902,343.3114661993459,16.747537006772774,10
609.6522998059431,343.8687729658559,16.57016161330379,10
610.6355327717602,343.6970846327022,16.81598811445476,10
610.4384747252203,342.6844083936885,16.975535358328383,10
610.8069894206307,342.3118116231635,17.16229683960482,10
610.9644835067991,342.61081614810973,17.435093911255997,10
610.924953840853,342.3306319983676,17.65649938687067,10
610.8387310758203,341.5252793105319,17.675175915571238,10
611.408259537708,341.07996073085815,17.121807344380734,10
612.0592898010053,340.6428049476817,16.97760101719553,10
611.5528232069635,340.02210244257003,17.04508538945672,10
612.1835933873123,339.9100325005129,16.915605914188586,10
611.7793219512348,339.5332222478464,16.940652525700393,10
612.9609003857385,338.70386086869985,17.023146711075363,10
612.8462048662379,338.5925775738433,17.12041667885709,10
612.9166509121263,338.4719799058512,17.156252329037066,10
613.1002040780995,338.4375580297783,17.095635166688297,10
611.6712221383849,337.9214226352051,17.337637256032586,10
612.2205702121646,337.52846095431596,17.349866306074624,10
612.8090753418935,336.8473807917908,17.499569966256335,10
612.1240604619438,336.56731442082673,17.740683343366143,10
611.8232942344782,335.47937575448304,17.956176064410535,10
611.7676135493101,335.68353605736047,17.67868004028996,10
612.4764227484014,335.0834936546162,17.53897366279056,10
611.2047070499791,334.0443764375523,17.887093751728003,10
611.6872511648111,333.962365497835,17.92708395700825,10
610.9592689546164,333.3814335362986,17.85352929628189,10
611.482657068176,333.25053419638425,17.399954110384336,10
611.0929762964316,332.249643583782,17.25136592729146,10
611.5147192733493,331.82932626176625,16.93253924946472,10
611.4512883003625,331.3388388650492,16.595350962074242,10
611.8880637255726,330.8801515297964,16.315956138494464,10
610.666175607171,330.98497943300754,16.13731850162501,10
610.8670307220577,330.4403568925336,16.533228985562392,10
610.9191881538027,329.53387371916324,16.458034038332688,10
611.0808341410169,329.18060369510204,16.263561484837993,10
610.9053813412448,328.4920051218942,16.1475289165716,10
611.0091153308578,329.21892644185573,16.111031645477613,10
611.2571049882904,328.75757188815624,16.13988302957927,10
610.9484393348167,328.2196983816102,16.383377610576378,10
609.6406586118122,327.6319909216836,16.55041195888348,10
610.8408930585209,328.1219388069585,16.546165895284734,10
609.0374778995149,327.49215511698276,17.108827264169566,10
609.193988208475,328.0332662286237,17.247589409253667,10
609.7405878496712,327.0888331355527,17.3455292288434,10
608.9758711375769,326.8681629123166,17.366407121530408,10
609.1901805820266,327.5283208908513,17.377843751973096,10
609.444225547088,327.24316881317645,17.257229103804278,10
607.9741271182774,327.06132702250034,17.40752422802713,10
608.4967107058275,326.8341954918578,17.434627565507846,10
608.1395480883565,327.75284945685416,17.54877914827771,10
608.6223338651528,327.515134495683,17.630166637234247,10
608.2810632287317,327.3124847682193,17.683451244369664,10
608.8013600090815,327.44556024391204,17.439396751892318,10
609.129610360296,327.2855807216838,17.44596684738324,10
609.7157901884074,327.1238673599437,17.436237272337436,10
609.9543734790257,327.0371447103098,17.234770694009413,10
610.3955800963295,326.99368995893747,17.166276586389372,10
611.0480291888815,327.23258455563337,17.091495841508873,10
611.3706932672545,327.83991469908506,17.093208767145192,10
611.8727073105069,327.5227413373068,17.127770277388574,10
612.6165906818599,327.28817239869386,16.91773829115246,10
612.236410164034,328.0321333752945,17.052105836585092,10
612.9510646552095,327.7783535467461,16.81740923807658,10
614.0683826761689,327.5836323844269,16.668326603827026,10
614.1864830335792,327.6604524301365,16.55406613672075,10
614.5355750859204,327.84741114545614,16.39153520596188,10
614.9916095720871,328.3294254736975,16.632561478989913,10
615.1257609776729,327.7410350041464,16.793197533479777,10
615.3598120569899,327.29026817250997,16.608092953228272,10
616.4643265439806,327.2910017356626,16.41209593878053,10
616.9516041960665,327.2081422120682,16.48878608558251,10
617.0615216307474,327.08165465894854,16.426176601528823,10
617.6190475588586,327.04381742182886,16.54157299130856,10
618.2588899128467,327.253295546805,16.778004187186692,10
618.1188479745334,327.7401288211695,16.979483395434475,10
618.2774136978643,327.18602818850195,17.002403003727377,10
618.8918954700233,327.6332033932558,17.063162021245553,10
620.0263135640449,327.11519468430197,17.066568856120924,10
619.756959015416,326.9526278436533,17.1143617310449,10
620.9298655452731,326.85514402989065,17.021516267384982,10
621.6764785447423,326.5510517716757,16.82361566689165,10
621.6611899305531,326.2300727427355,16.702411485291073,10
622.058161246235,327.02963150147116,16.650623452163252,10
622.6994406225691,326.36935318115866,16.50473290475626,10
623.6326339605831,326.5901865504538,16.278925690779783,10.07977382699587
623.967129976869,326.6232351171202,16.20748130854512,10
623.8628389598593,326.56676707364386,16.15767124699869,10
624.6338627314186,326.16914356447523,16.160553565902443,10
624.727968235649,326.7908462951309,16.183989039790198,10
625.2985044410923,326.31641257501906,16.21766290385177,10
626.0206217324144,326.34880302421516,16.302247643793677,10
626.0368951945301,326.1308860736317,16.432034506049924,10
627.2087282203498,325.9823870169348,16.44514969868832,10
627.2749875075895,326.80066681973403,16.570326203058702,10
627.8924032193239,326.43183423153823,16.52787914181068,10
628.0640678454777,326.06980935804313,16.646297118602522,10
628.5684420502577,325.5870322989649,16.688135767109728,10
629.4115244511696,326.2879037069506,16.989403206725733,10
629.5857695723084,326.1257654236979,16.82084800253772,10
630.162477118462,325.80635197035735,16.593116050985333,10
630.4391117041363,325.9587228851742,16.692559820806522,10
630.9791088418715,325.4793061571545,16.5627363007225,10
631.5754474179822,325.3555505605764,16.479597703646235,10
632.2862010776782,325.047806415183,16.395611937293772,10
632.7363792107956,324.73714021168416,16.30058904698981,10
633.262071496604,325.20058513007825,16.3470692224206,10
633.7713513589767,324.6977276238031,16.425886440309622,10
634.8394164236554,325.3635183008737,16.651112330926026,10
634.102459514644,325.4701925175614,17.012017411384644,10
634.8747528084901,325.4014531405992,16.999517553695732,10
636.1104096889885,325.4010516726412,16.86017567647294,10
635.5174241844235,325.06266460055485,16.99832254123946,10
636.8831866240905,324.70555088156834,16.8061603308965,10
637.7844916886083,324.3901458703913,16.716404468027594,10
638.1756915683884,324.99041292304173,16.60989557140911,10
638.3836184292675,325.29841432208195,16.472451390304393,10
639.1947301798377,324.58463606471196,16.489249524219286,10
639.6818189953502,324.43714583152905,16.392634714105757,10
640.599332690426,324.700871324095,16.35582688553113,10.039718919577052
641.1537068187938,324.7096734334984,16.22499933983601,10.112316309606904
640.9571301500013,324.5374794290401,16.317492961291727,10
641.3875588584447,324.41830572346225,16.31466061840991,10
642.330506372236,324.4642710783519,16.299187715690188,10
643.0307080386483,324.1957186558284,16.463216527030557,10
642.9934019982293,323.851928869728,16.504873579751713,10
643.2209027823263,324.0272589721717,16.6355567282593,10
644.0611421138909,323.6422971286811,16.823411762449147,10
644.9415966421375,323.45112947607413,16.678200924301482,10
644.4776056537388,324.01571575785056,16.77863165540947,10
644.9921171888365,323.7128533818759,16.639877566670943,10
645.2742519658327,324.2343661286868,16.521354911329496,10
645.5732273938172,323.5620615580119,16.671386497739576,10
646.4978850586924,324.0284496047534,16.679130527539556,10
646.7260170003924,323.2971623041667,16.574182768340595,10
646.2292277384838,323.1833172761835,16.392070641217853,10
646.9277338460582,323.7989857518114,16.306544312642682,10
647.3354370572758,324.35316339368,16.340252963888368,10
648.0620030279208,323.8505761944689,16.33224552954871,10
647.9505021829814,323.759912120644,16.253123821838997,10
648.2213011879716,323.63805122161284,16.172049148984318,10
649.1783021727603,323.4547699340619,16.284350470727727,10
648.8948252332519,323.31682842457667,16.27865993722676,10
649.0576648182566,323.2282415353693,16.267921815839564,10
649.6483978565321,323.2793488302268,16.475637234001297,10
650.6975273309197,323.2390312687494,16.48078352242417,10
650.8571681891535,323.2274786210619,16.527732800419468,10
650.5235446731522,323.0789661533199,16.5216120936984,10
651.4834099019748,322.71807999676093,16.55226327267272,10
651.4297205344842,323.2874988443218,16.55984734416497,10
652.1846802407027,322.668954861816,16.45416186422313,10
651.7623220095256,323.0359063274227,16.59918393151193,10
652.0777478131535,322.21326388185844,16.480212722052926,10
652.6905952445603,322.5923444754444,16.645639842767384,10
652.4103980706496,322.7755561149679,16.828420348101428,10
652.9205590633868,322.8166283755563,17.096251414957084,10
654.3006442497824,322.5490619330667,17.0899484299375,10
654.2429437620515,322.23666746309027,17.280219544759788,10
655.2191547729661,322.0345013826154,17.150933614162685,10
655.1470727191612,322.415088751819,17.0491070580058,10
655.3313341491394,323.0250598578714,16.887417992762508,10
655.7981548280815,322.86420836439356,16.855183995908845,10
656.4672242779723,322.7122457413934,16.84194512721717,10
656.8750886981328,322.94972980907187,16.837513465164335,10
657.4054826183852,323.6355093806051,16.85669705734543,10
657.4005480817325,323.105722555425,16.828736060989783,10
657.6767979773928,324.17069102218375,16.91508135576693,10
658.0450999108288,324.0421335484276,17.005904697318446,10.013780743553745
657.8070841470961,324.4495424865745,17.125458785380225,10
658.7411621893298,324.86751117696986,17.12780028525591,10
658.589209899588,324.60902296891436,17.23479032599844,10
657.6699532181434,324.91466649761423,17.34234558475386,10
657.6087364315516,325.13350599398836,17.541170728207497,10
657.5849191587956,325.01787385484204,17.53376677686762,10
657.6261512456275,324.9452833472751,17.517746649999168,10
657.6735283961659,325.96861522784457,17.480720386160655,10
657.2984198340728,326.2862455188297,17.680515437936176,10
657.2321101570531,325.16468303790316,17.747006806259765,10
657.07954846645,325.5583936511539,17.784448827221293,10
657.0839376613435,325.2391062914394,17.83036615914998,10
656.8650605573415,325.79114215960726,17.800381202324516,10
656.7574114650937,325.2120711005823,17.830710244740903,10.074515132499993
656.0997148070504,325.7348760603927,18.058415114782463,10
655.8984750693162,325.34129569736194,17.884200399748725,10.020218105784082
655.3698347679826,326.10303803673014,17.85687435492451,10
655.019786456371,326.26094321301207,18.218573356039364,10
654.3034673208748,325.6126310019754,18.21272540857924,10
654.0126823836486,326.31146965315565,18.357433052730762,10
652.7127306121636,326.41468166699633,18.833399465726472,10
652.7313105263646,326.72537886491045,18.887775935718597,10
652.4410072486165,325.80539667000994,18.654031290157334,10
652.2344368946112,326.5016140281223,18.52592701449465,10
650.7960121891863,326.44417544594035,18.619666045171854,10
649.6426726855138,326.79442434897646,18.825150670802948,10
650.0252774922426,326.317189657595,18.412190381667166,10
649.2003296504847,326.49986303737387,18.375938256154306,10
648.8346571918823,326.7392015843652,18.37018382386026,10
647.9530844946687,326.83076493581757,18.325653141398572,10
647.0773163745076,326.94631058117375,18.189621861579,10
646.8862847234991,327.1327138408087,17.96565893135348,10
646.7839887510336,326.5163283809088,17.80313117656813,10
645.7603577038849,326.7523091151379,18.129088258162422,10
645.5641854124909,326.784920131322,18.21893217576256,10
645.0857242024124,327.14887705957517,18.145525249262818,10
644.1244355398956,327.37752107298,18.43199250692893,10
643.5190711496766,326.5512056699954,18.311419479009558,10
643.3504394983609,327.12627020990476,18.219933220331338,10
642.8546396246289,326.9281133613549,18.44801683973197,10
641.4723810603043,327.4580546221696,18.514862554959652,10
641.3404603688805,327.4043006054126,18.628610382356744,10
640.9960088257566,327.44796177884564,18.729440453391554,10
640.7560234392865,327.85481178900227,18.714843057214786,10
639.9067112653039,327.68325047334656,18.784731028417635,10
638.6107101731849,327.3106272383593,18.934595971292055,10
638.5593495366326,327.6040857001208,18.856628028736715,10
638.4832809246082,326.6857571764849,18.670048894838995,10
637.7460821654064,327.2854586406611,18.79703609200685,10
636.7013826369391,327.62573947152123,19.054557917343512,10
635.9726055284902,326.574689285364,19.043796056055253,10
635.7565623928878,326.8471739157103,19.101239180268596,10
634.8071427783343,327.0681727989577,19.223824113072723,10
634.2313963666755,326.6255137785338,19.244345862285815,10
634.2959521945711,326.8061767234467,19.113655591564147,10
632.6909695569086,326.85810956871137,19.42512853061597,10
632.5475065711748,326.98328437423334,19.442832868410733,10
631.8382503349872,327.0068342569284,19.352682878551587,10
632.0632837156957,325.7540930393152,19.15563422812503,10
630.969702003725,326.05795397190377,19.092218056500464,10
630.3965827898293,326.33630462316796,19.0544344153148,10
630.4083700737722,326.8629483762197,19.062708218457736,10
630.041050138122,326.13331015734,19.135678239408595,10
629.2417693603396,326.631353426259,19.309560515646062,10
629.2368288786439,326.95253606466576,19.40357894111707,10
628.6421848460474,327.0726668643765,19.60138933802477,10
627.2272699662767,326.75928501365706,19.939803358506595,10
627.208078129908,326.726401548367,19.757081202362865,10
626.0503110350941,326.9765898096375,19.853387124320893,10
626.091544059549,327.1480529905183,19.826208242840977,10.027338377036536
625.1212852253215,327.4657778996043,20.135051860011295,10
625.2299370878026,327.97953316150233,20.042716783005883,10
624.6005471663293,327.7684772568755,20.14154291253545,10
623.5648793872258,327.5369900870137,20.30623603376131,10
623.9877647634104,327.6287363204174,20.060054927254612,10
623.0446969682912,327.4515669154141,19.951300662108157,10.062362417737447
622.3611870055435,328.26290196216445,19.72802193495477,10.124870604113422
622.5950400566447,328.4600938886907,19.342620571214155,10.133289516430267
620.965389736071,328.567223088471,19.71177877156585,10.127454031017137
620.8423613198466,328.6075508783479,19.68593503958233,10.193942157942601
619.8563284546308,328.831528528249,20.063431325357556,10.234963664542695
620.2824888276893,329.65449752020635,19.993383871782143,10.178957168665082
619.4991831291734,329.4273851905306,20.104289030067374,10.288342165703177
618.436598118099,329.733228061729,20.638173465858962,10.216610549187486
618.0992475886446,329.3124640381932,20.88205423849368,10.292842435084323
616.5382219288806,329.6030443735454,21.170677890404107,10.231545071855967
615.7974128407731,329.8975843850125,21.253992796279242,10.190554076326542
615.8958802440051,330.3196884128265,21.23701581178043,10
614.910456257482,329.9864810141735,21.402631021536084,10
615.1677641967657,330.13856113365097,21.1347565570389,10.047631083276366
613.8806707182416,330.1001351137754,21.299233345248386,10.087064206205975
613.0259996559963,329.6847693099376,21.36676636386592,10.115771449410143
613.216909746536,329.63603178326093,20.889729632853584,10.397045233136843
612.0495119571268,329.7868096580956,20.917596577028572,10.59220729409835
611.0507722275125,329.3081090281162,21.175771493715516,10.676539982966407
609.704040348704,329.35391701852444,21.447801802541,10.723234956124639
609.6730069039295,329.4437043707337,21.45593241177992,10.8666371687345
608.5651785906263,329.52930703263485,21.511411807551525,10.99972607348601
607.435509289278,329.043505616597,21.940134889770555,10.851093224028011
608.0320518586772,329.57340590575717,21.675934674430366,10.817943074479524
606.6874675800814,329.8666847291048,21.553431020928613,10.785536903213771
605.5987815111454,329.3357588669827,21.6462933092524,10.696872594285383
605.3679811877512,329.65004835013383,21.61395977172781,10.628418323284192
604.4958587933147,329.93637912904103,21.79349906953485,10.649058002099359
604.0997449804887,329.52294840825044,22.019250707752477,10.57810534866019
602.9127453088391,329.56104223096736,21.952445331126714,10.908354921415564
602.8252295407553,329.3349873855371,21.825453724717953,11.061275819570568
601.602672928547,329.19468596347696,22.157105216270452,11.068792086037007
602.139415056789,329.32022755409173,22.00557416108035,11.12090819603673
600.8564519271378,329.6993821165465,22.27503383140871,11.101869937044398
601.331141644233,329.5957353303969,22.25040490409623,11.054222433303245
600.0567909813826,329.4176966792772,22.351556409850694,11.043433444973378
600.0263173402294,330.30486232896334,22.325575793929012,11.204297233987637
600.4512385456168,329.8444401139046,22.222645981764035,11.103650255757028
600.7050349424316,329.60943749400946,22.024297344018365,11.21382934799103
601.0213548874126,329.5607383272862,21.95670519499257,11.139655234614457
601.3379538900151,329.62461392295415,21.91053277257796,10.999629943764607
601.271420369994,330.0009980448894,22.005437529020845,10.89916748173534
601.116865499757,330.3853227612171,21.9360457946376,10.968391984779448
600.7421654501932,330.4819822618814,22.14081649875698,10.768609916310389
600.7186385840143,330.64338449772345,22.16046634747852,10.696764781383964
600.6515325389552,330.8310052132945,22.169475722200005,10.561997961762733
601.2561649606798,331.0885170139078,22.28137131442743,10.522788166593088
601.4815775905207,331.5133884020601,22.289938959980976,10.44712113682462
601.0560031979481,330.6418818717067,22.309098456795947,10.573073297797007
602.4210214592493,330.66821846642847,22.12596411391157,10.620798589245668
602.9936266061975,330.53653036393916,21.89066116101862,10.701002404359343
601.9548273415111,330.60355134780525,22.23849141417695,10.652670656666032
602.683427314211,330.6474108449837,22.17561291042735,10.61153867501729
602.1112478282461,330.7202432097023,22.391231917395395,10.65508431576312
602.9981476295991,330.57416695286304,22.28796537571675,10.753912949007546
602.8244186533193,330.5938509706035,22.476538028116856,10.76353027557953
602.7049434092572,330.5196110314127,22.320575766712114,11.054300269317686
603.1299176185287,330.14355257033,22.379282455190705,11.082316601730922
602.8816746984685,330.28578440459523,22.377578190349503,11.317621648105177
602.8608667816126,330.329248294181,22.484029751276136,11.379572637020003
602.8205101771989,330.5481528948332,22.608922466703405,11.38494518887423
601.943917125526,330.37278755986085,23.134900670955687,11.260771142804051
602.3472249600997,330.3635493829881,23.20182796626684,11.224328279767759
603.2098062941051,330.45780535462984,22.96094946077728,11.386448229165303
602.3676725391821,330.1986551586006,23.33340313929407,11.346675100563377
602.5634253482149,330.01514948103875,23.29295454403836,11.396451909740971
602.4653319837798,329.86010033953806,23.411820771700125,11.435612779765123
602.5298715725125,329.89155468254944,23.396156932333753,11.434498903739453
602.6748822005536,329.68471291831776,23.25111574922679,11.500815562753264
602.8249934132223,330.0236751140261,23.226021897068605,11.538357491851276
602.4742043233119,329.8973400731234,23.3783540637248,11.525345561813914
602.1951528892915,329.98482011707307,23.688032282526947,11.356191936288182
601.5465694821999,330.39554443667475,23.965548756630135,11.191637623294778
602.2025848539948,330.62500600839263,24.037234834710706,11.052628850634264
601.0271978309179,330.40569799683783,24.439524579297437,10.933030864935716
601.9925504767393,330.65159366074994,24.377129381534353,10.828403474203352
602.1086900413928,330.5851190905813,24.782320378379467,10.668914047855822
603.0258370515862,330.719062738326,24.403163372381613,10.874144431724005
602.9726869844393,330.55950154023634,24.660416948533694,10.784716118417354
603.2561379567834,330.88802029336455,24.762695635483087,10.693011203694613
603.5450860104135,330.681421621357,24.772315955263124,10.719548180459245
604.0359202201912,330.5467103020407,24.84416928806506,10.777472290372852
604.1382211336513,330.69432544096566,24.787135552894938,10.78072052647901
604.4192301423055,330.4522875119258,25.00894108533403,10.70152122615346
604.173816084225,330.31236036043595,25.01186435482692,10.94505198176994
604.2344959150636,330.24528827234434,25.132721831559383,11.040277349850488
605.1761311951584,330.46702062311743,25.059430590942142,11.089873117931724
605.2654925947857,330.24181049817435,25.267284414412178,11.049237461998924
605.8731801603806,330.22282259587536,25.054793313564442,11.253630865321274
605.7270276414872,330.206244620088,24.991278440586584,11.43661130207877
605.8975165069959,330.18647101485726,24.78621020730712,11.511569509066685
606.8205559612014,329.8106320329783,24.296107284422945,11.645881993355406
607.2628696735565,329.27432116677227,24.02706912076802,11.834720266103965
608.2473384727167,329.3549925567652,23.6822440092867,12.009494783529117
608.3672037992332,329.48972438582393,23.575630272075948,12.072553189859006
608.193024108045,329.1206209632689,23.70048271206069,12.073965503623711
608.6307134710208,329.2293390965076,23.52191750987848,12.284379721994409
609.1583643694307,329.3766303840986,23.302143013893406,12.496976407066338
609.0766047527015,329.02003054817,23.28457047682195,12.583130328305558
608.6585021132711,328.8118634739438,23.502626713553383,12.56687244241801
608.8922198301966,328.5264339863437,23.470807951741335,12.646356299124133
608.6160094319374,330.16603651942177,23.797500907001684,12.73556301237167
608.0234516317411,329.54332497646203,24.168234609944797,12.627960185052613
608.3837037837379,329.5504659453272,23.94419622735316,12.768552795638367
608.9327972170311,330.0706826278792,24.205584751582492,12.585908887378693
608.0226948190926,330.0835357624326,24.525098968044993,12.758622770340068
608.9021656610107,330.40095946795276,24.474694862791786,12.945496972706806
608.5068471237533,330.2148185014978,24.805997951262576,13.092618619786261
608.6543165733808,330.5383750399389,24.91939518477228,13.169875486045953
607.89364276108,330.30777837645627,25.115590054590555,13.033581840202364
608.3961842319928,330.509311796061,25.05381838681634,13.059368155175303
608.3397163765615,330.5294961104348,25.455497235992333,12.854764307068322
608.4458069533554,330.7349551251105,25.566983251021938,12.828757129433889
608.7323959011114,330.7352501484829,25.713271624525902,12.637706713698257
608.8338223888921,330.19311768675794,25.65127488518394,12.869692212480853
608.9169219908181,329.8941110650735,25.674171074155403,12.974151936600741
609.1109907541803,330.37281748718476,25.541596448927663,13.0253519635483
609.2592547545485,330.35864855337354,25.583701955681665,13.139630177292434
609.179154655588,331.0935539499529,25.569049648276064,13.171177058732475
610.057629430024,331.34694389921816,25.505766080696848,13.124183515697341
609.4007537213,331.532432078242,26.072420959601224,12.950548674263707
609.5532624529566,331.3472886004536,26.284997476123603,12.841043243547013
610.5000037612243,331.6331309778174,26.23833771744487,12.75851196338879
610.5049007870783,331.64328456036037,26.347651470929264,12.752868586792825
610.7405787382711,331.54320034835496,26.206624778109838,12.823308812752199
611.2433882044255,331.8089678517188,26.244929939047562,12.725286136079745
610.8225619540896,331.93991747055145,26.5555575068581,12.611255814806743
610.8577183055675,331.75478413542834,26.516494762924097,12.690647467410077
610.6814142317091,331.842064911639,26.70938637900656,12.78708585323825
611.2863188136913,331.9248208362267,26.817105820503173,12.721239668199324
610.9135311577318,332.2072637875419,27.302658849821952,12.629644715628894
611.521685164672,332.1296106230995,27.50923839964682,12.652671648456511
611.2347795554439,331.9819970551657,27.78165378461094,12.85424970988879
611.6698127640643,331.9925188104565,27.815415153815522,12.954686857957599
611.9425842636163,331.642378308661,27.734404857873066,13.258349495307144
612.2746173751941,331.28847029228314,27.826247123944654,13.538788453106045
612.5073747291212,331.3513664905522,27.93358419316703,13.72575348902868
612.0561085150281,331.1832853705355,28.308300444938787,13.895007852332142
612.8343223811448,331.5631957685519,28.06202107105026,14.007282223936127
612.7565912100349,331.3162247660189,28.081677448800328,14.067011782789416
613.4624741253554,331.7232621897828,27.712515945361325,14.230212426022423
614.3355877609151,331.52553140758715,27.411559927827625,14.454386856123929
614.9014466637317,331.6378482127254,27.458219988939327,14.487001498477719
615.5632980457057,331.65753834564055,27.54321292277576,14.387758414078506
615.4719696542543,331.8081938567537,27.554677312971855,14.6509474257076
616.0973329043698,331.6997874919601,27.5766529106335,14.661149118040516
615.696429831586,331.5866985250621,27.91229720908663,14.64941092498914
616.1106750109662,331.9367968746716,28.056355573546895,14.667905455590514
615.9181083896526,331.5742423066886,28.24578703823919,14.717675846439294
616.7253437576264,331.4459921540003,28.167497394553763,14.68973855501798
616.9875085344787,331.8576461378368,28.14653460920936,14.737776941829416
616.4596832041594,331.9286085555653,28.534246381774878,14.75590960637728
617.0681990506331,332.1245824181068,28.473070344497742,14.78939930190085
618.2598597697252,332.1536882350708,28.606915520846034,14.722860212713098
617.7125391625738,332.23433691561667,28.898024373164688,14.819560096217755
617.881114170607,332.5768959554778,29.031710996502426,15.092307016266501
618.6699840736151,332.57920357745587,29.221653862033236,14.958323422400701
619.130736259145,332.52502571799397,29.29852735056571,15.202172777455797
619.0140177431573,332.3593965605401,29.675113311422,15.072176555257851
619.5051436875833,332.62752833016094,29.67024461892379,14.991561199838848
619.0446651477163,332.16200875598935,29.851832008239676,15.027739961333623
620.1210285422303,332.3173254578669,29.71896858629235,15.082872397393636
620.8346546857413,332.5833174313799,29.44488450071679,15.179117055161253
620.7730835992903,332.3747539628881,29.610955831233483,15.243013545567724
621.4596285156754,333.0219340468682,29.498343302922006,15.283311761930737
621.5001715639482,333.03325582651496,29.439694711800367,15.340196176765875
622.2235940009808,333.01369816024,29.267240296795727,15.51842892903555
622.9055695649372,333.3226254589715,29.286377996016114,15.569450443079802
622.2775327801443,333.3213576969405,29.469293420651237,15.780262522084112
623.2133183152038,333.5317748670441,29.364411412650796,15.708873405685097
622.9601843710923,333.8511714048993,29.757913668304,15.393097837766268
622.4764944661413,333.94831717196695,30.369876912072463,15.014007705341488
622.6818875946158,334.5181214367571,30.27986616400395,15.158403506396173
623.0709598837086,334.68891314123044,30.729915107318035,14.98531850922415
622.986032664198,334.6936799033732,31.17270562226509,14.747312737218913
623.4593524461205,334.8380029239757,31.620511835359437,14.51543523630692
624.3229422164318,335.25791530772307,31.663364819799344,14.627503023572125
624.6540935012632,335.1305230457774,32.00996396541529,14.664049447053898
624.3397370998634,335.2428360360555,32.297897851140476,14.57519076245433
624.8228221095751,335.2863987638276,32.14097836529795,14.737455089458127
625.5438595279024,335.4206638297504,31.99652048726157,14.810914594033687
625.6360916274386,335.8013608425034,32.13424359268574,14.806069390453803
626.3284470663277,335.24184813582985,32.13376583201129,14.847545107832275
626.9320778794656,335.05964358446676,32.069637846024776,14.741576377907283
627.8855462885126,335.1955951101773,31.697768347800853,14.796768417829227
628.606827440918,335.3322178823354,31.387443954214397,15.056352456204213
628.3146499313599,335.8877263402461,31.419139878996866,15.125559005348567
629.1671871892232,335.8134144791084,31.095298697811536,15.142498290229831
629.4755692869867,336.1167279373878,30.97565202166324,15.366744684237048
630.4677386303722,335.782363949529,31.098791715095608,15.102652876267065
630.8595652786937,336.6454413520285,31.049462575690484,15.053219167306766
631.5036956678407,336.3610952035973,31.330072937876487,14.859835861160969
631.6958107611555,336.3231488942109,31.44363955495991,14.959229321044752
632.524221708255,335.97440787524346,31.408739557695228,14.933714945271813
632.6275456502837,336.4164862799705,31.242235632862354,15.365653487990532
632.9158882910741,335.5494935550717,31.14742395295632,15.656183241682271
633.2684620179922,335.3988908882021,31.23259296163709,15.51233532582387
633.7482308888683,335.1693332046592,31.270108425851816,15.463450736301821
634.0049779945477,335.8438922908631,31.228747523141976,15.677199132459426
634.0937648854573,335.4918060654649,31.130731890303075,15.73206534555828
634.0978848407045,335.565503243441,31.28859418055508,15.615751628595824
634.6256392286219,335.6889296476125,31.333594333019178,15.602651056023065
635.9400910182673,336.0495680133917,31.17697983911677,15.622612143659428
636.6465963944286,336.31046425999256,31.047039531854814,15.866809609697777
637.6774391085585,336.49465472217486,30.80006841614835,16.034736556674872
638.794554227657,335.17487200481963,30.274611194880833,16.458382019919213
639.2773747181117,335.82671577235385,29.9091727147919,16.798291134020708
640.4794633980888,336.03087367472176,29.728710421747287,16.903463979606826
641.2442314521867,336.64410106712785,29.51502659798294,17.024191349450078
641.6153533179953,336.3327358309332,29.46942407310712,17.176600583798546
641.7217459887852,336.980068506246,29.97073897318851,16.937075847682387
642.1695670797711,337.7786843754555,30.04383951944993,17.052661539759733
642.3548935407904,337.2743833689115,30.149982717816577,17.067569187823093
643.0868827521058,338.25793535904734,30.026038184002566,17.25641789958332
643.8247860777378,338.5047768816418,29.6800571247796,17.651675665551632
644.2928701370931,338.1012618782968,29.64188388197687,17.819831856705154
644.9640905526273,337.58002163080386,29.24211750893525,18.068024014460303
645.5733379875765,338.52063419896484,29.089840419150242,18.115746803705996
645.1896402331099,338.45415481269947,28.924206157232113,18.12818448531198
645.1516762733379,339.22350187351645,29.161219786705757,17.919321844657897
645.7596946323578,338.58932160091234,29.289447218331777,17.86045563186292
645.8936356440413,339.22263534924593,29.137075636327697,17.67525165623757
646.2824837830905,339.17869201126643,29.281149811682365,17.564359822102894
645.7832914795417,339.206504335291,29.443592806059293,17.185536021107282
644.9187921963102,340.2217579080891,29.74838523486524,17.043206628005937
645.0164107693247,340.5867450437934,29.962783573054814,16.94133245377668
645.1029998955025,340.92635095063235,30.037348837859636,16.80513230544308
645.345622106809,341.960670297363,30.107078315564774,16.619937325169964
645.9061515212536,341.96340963411484,30.173758739719574,16.60541796163908
645.7718322049302,342.57017208328733,30.162977831007474,16.561609659897513
646.5919445206583,342.40832362475663,29.349639376614288,17.15304110454679
647.1030752275719,342.9785386397717,28.847146200854663,17.410430355141028
647.9007052770828,343.0109548582145,28.209486516585912,17.76827209733258
649.133434352332,342.5180683680245,27.061513579367258,18.391926177890376
648.102242679058,342.32476742416816,26.787834732998427,18.523937107246223
648.9102820858725,342.66233305371526,26.548682222279346,18.668942097217396
647.8106073583061,343.04314364874676,26.508791507886727,18.711974611320773
648.4746427900101,342.71466804038045,26.329960065369757,19.012590307309104
648.1951283819751,342.4150781193418,26.416677682728277,19.019547816432055
648.1443174086254,342.5370124972316,27.14390443775823,18.502102532818434
646.731024745077,343.4783168381777,27.696203971550553,18.52395535395513
646.1307836739029,343.88855726813296,28.44384110671755,18.46629289013604
645.5378273249547,343.2811751774556,28.21019468348205,18.874521827502655
644.4149412267146,344.07902966018736,28.28147928917256,19.218194819093398
642.6488987894328,344.1741504336883,28.419431072763203,19.418520455586034
642.9314941754942,344.8719905949329,28.642782690510167,19.550128093149304
642.3120272778069,345.0462009588717,28.288793798354128,19.85609573340146
642.0587077641659,345.78933660923906,28.053553124021807,20.27803804808418
642.3523796701461,344.79753046728484,27.678370107988584,20.695536621589262
642.163006270687,346.50299881319023,27.600255649353578,20.530273824660632
641.6071957848974,347.03753398657483,27.463854660674354,20.620098851235902
642.0995243871276,347.04023621549504,26.95797671255763,20.55837348025949
641.8769235975491,347.543404770187,26.421756165421634,20.42004766667089
640.9427912759153,348.1440188113385,26.257994279376945,20.16619219970527
640.5859886136243,349.0060213368237,26.542322869368476,19.573681551620343
640.572521998079,349.66523600051534,26.28174141387477,19.360244971543935
639.9066880166185,349.87141914144996,26.16906879013326,19.09458045771528
640.2940453342916,349.064733065556,25.573022311053386,19.048219552481054
639.0990602213346,349.5952759052788,25.145962822382902,19.198113811542665
638.0049142027407,349.5508787901226,24.907801030759117,19.090968962927978
637.8043532659871,350.3883890477091,24.4268655951157,19.118701276353008
637.0748832350415,351.32137392049344,24.12644748935851,19.09476336729407
635.3709564511372,351.92265704599265,24.288252368278542,19.178675754944596
635.3026293644622,351.7594853482502,23.891196955962066,19.47804810454793
634.5041759727733,352.5590956077474,23.772431961614494,19.613882197713387
633.7584624161141,353.00159365157214,23.70357899032288,19.821380001779882
633.0560505229048,353.6291662123418,23.470575499557917,19.91766648844068
632.2373200456778,353.75777839271154,23.36758154182629,20.15288422894129
631.5728693083724,354.60275109391546,23.35297167343459,20.09474770352469
629.9631616702441,355.6646169436035,23.680811374816628,19.96488566643349
628.2999251608459,356.29454157110433,23.85657857925132,19.993506441262802
627.8822045920871,357.84047778769104,24.00052423861571,19.94387391249296
626.1476214532471,358.1487727208146,24.283600523772616,19.784299590422027
624.6383633583077,357.82412947822047,24.719098172315185,19.92046745092309
623.4391310464316,359.6482001713664,24.861029173325846,19.940975738093126
622.0241231450268,359.6983568235964,25.11630551995868,20.000555141696267
620.6568412133925,360.8859844317053,25.45223423422516,19.87517404046862
619.867611185775,360.76552524566193,25.5198525622034,19.96686942764545
617.9471004112597,361.1789546790467,25.630440170346386,20.248912299996444
616.7964688958364,360.7983641378831,25.543827405828843,20.72985463472682
614.7327020951777,361.10075924017116,26.096032895497398,20.253207621488272
613.022456423915,361.34029772273453,26.68148939076346,19.94386330151555
611.5649227868973,361.8678059168097,27.279246808384055,19.70008639433756
609.5873866230372,362.21904605078754,27.84012238737077,19.547955302311845
607.3761714085599,362.6659338766509,28.003761846476777,19.735596734325345
607.065050601886,362.6274717235863,28.043646828068567,19.77753989772497
604.7751632715825,362.98287934926594,28.312763987454794,20.300931203639642
603.0528047872155,363.77074734258855,28.593669272534378,20.577446627478672
602.6596998489625,363.70677882143116,28.5762057624663,20.698791151609157
600.7176516279172,363.54340106906307,28.686498970456533,20.94810033718247
599.010492321422,363.7561008048251,28.756954811459046,21.405967791470225
598.6687167873062,366.0649204139394,28.584696667959964,21.651683256163984
596.6750270014217,366.1808121762725,28.797983803892137,21.784649699549675
595.066459994808,366.1181879582464,29.274184398845463,21.605355713307326
593.0696243748212,366.6987468307393,29.871706957178603,21.785823485251065
590.7696753529193,367.4974206169344,30.334180531988174,22.086293047718087
589.3599064850669,367.6810812258949,31.027913366569983,22.567040245915706
588.3949257793462,369.5690896221072,31.499592188098873,23.32264109494003
586.0432159415197,370.0352061487906,32.13880335621381,23.602666380501397
583.86427272434,370.539166671928,32.307375902023466,23.992373283941333
581.9626670873125,370.7483065592268,32.70005041002632,23.907219488051933
581.7863043825243,372.96067770474974,33.248158414664985,24.37737418110641
580.8620582589336,373.1471802249067,34.15522134484878,24.28521198146408
579.7740748659033,372.494532520205,34.86025600486417,24.423811796079956
577.8544306505828,375.7699673659795,35.48461318588661,24.601416244698203
576.7613645670218,375.0485825118732,36.00598965098986,24.857516245612523
575.0867681971686,378.130284246455,36.67415187884032,24.51388263576277
573.4593697320818,378.2633316700782,37.334764887199924,24.650073394185526
571.1172316750332,378.3718117705539,37.80822128007516,24.213128527720958
569.2130128035062,380.4950284922924,37.738395072781216,24.605682625442633
568.4330747032581,380.02107804391017,38.21416566243008,25.029406984216624
568.1615946441974,380.0499818026664,38.92912367042773,25.284213073157026
565.23527641611,383.4987271013625,39.34974232341058,25.331775099513756
563.0503915520275,382.30497811714474,38.94963986300749,25.585726715562657
561.1695438982206,384.89665895571676,39.543037164563415,25.665385077023373
560.2734911955115,385.48101080922663,40.27233477159601,25.240032591088216
558.7319575742729,385.86846955210194,40.58402850371249,24.95977443975881
556.9166242901288,389.4931708831178,41.12274775487731,25.113216206743267
555.0418307512986,388.90738160715455,41.68943416534722,24.980741571299458
552.0456117781142,391.57826529993525,41.99079774037804,24.616576667580087
550.6378703639646,390.6104281974554,42.14215059621948,23.86006785480906
547.3193626398416,393.2468760790895,42.512258829346784,23.509358943042287
545.5721199194809,392.92480449729277,43.32809269879446,22.738227724998197
543.4152445215697,395.0754015149279,43.051517185412905,22.466423071136678
540.2980096905393,395.04053271376904,42.71296734292661,21.74585392649462
537.5353354829097,397.57311368165625,42.281969246345014,21.400598320828912
535.1481913733484,397.60344091949264,41.70217392741219,20.92764346707195
532.7779463247746,399.6825168023093,41.80563866826702,20.69939330132268
529.5750909172895,401.6815806165084,42.06832599233138,20.486683706524246
526.2808769944577,403.4734337524449,42.56376534693661,20.226488081471274
523.9111643002527,403.8314664879941,42.34429743624389,19.73289773675872
520.9056975338692,405.7271141511761,43.02729956489702,19.904370011407707
518.071604939434,406.0374412110809,42.97677051655423,19.684063064812225
513.7205588442866,408.2008151616374,43.043120519349,19.99069223889447
510.7152330024386,409.0050567713191,43.442308179455075,19.533729867805274
505.9654985416518,411.73710288194997,43.64681994007892,19.756239762174737
504.14621066527843,411.3368871736157,43.775373529434525,19.851180053259576
501.85102753689193,412.31050261343086,44.15944286543122,20.183475645720936
496.86117268644443,414.8269121885841,44.916956941020985,20.594321999869997
494.63039792569515,414.88727349180795,45.75905493969237,20.6832058471987
488.34981505734874,417.4725401622845,45.611129489861845,21.204918943318404
486.40229785547785,416.67189095558973,45.97153168764038,21.682791753794945
486.78213351021554,417.39753766556333,46.380764086623024,21.610008093750658
480.5237920338271,419.9284741631852,46.471184183870186,22.251694973995278
473.3064310511687,421.4478197079265,46.33455509785625,23.09387351151154
472.5872514929008,423.04285658202434,46.08538965727847,23.321398010843893
468.2633213937088,422.2526502648741,45.94701976838222,23.533785103838927
472.6014864924899,424.6427626510096,46.354617679035265,23.208451059564666
457.3475983171112,427.0143027846878,46.95277183741,23.510369914827933
454.85221516754416,428.5566706633379,47.14074654108502,24.02798463093161
449.3111123813184,430.34919420267977,47.67144988575334,24.500407873903164
447.52813282930407,432.4450815166528,48.0641118229577,24.597001471054753
448.73306069373604,432.6403291903314,48.459981430168554,24.25252261192196
444.99015399829835,432.68508448866334,48.33875966097925,24.330107139979507
444.8498197604507,435.82129942703995,48.48068883392013,24.213618749585006
440.97089366835684,435.9561067681123,48.802389036754114,24.10401418175235
437.1889757540239,438.74708222571826,49.179802040560354,24.20982552697749
433.3123172052889,439.36581562173615,49.09037240341126,24.38634076867128
430.44282060637204,439.4615029361531,49.38414846867655,24.591664704128323
441.1191957218821,435.0898692659408,49.49306434483428,24.52822084765354
418.2416691935889,441.00849684137967,49.37335772734836,24.741389318907235
413.9530832789187,442.1777664681765,49.588888626512954,24.758488330923285
409.4029021708021,442.77904725106316,49.70494259994827,24.83709665650737
396.7340305811971,442.9980706686352,49.08336952549626,25.143408599363152
387.79732538460325,443.8822609627979,48.324373683942646,25.380509015752736
419.9393929281384,438.82055850762066,48.795876719431064,24.354253815633605
414.76559973537235,439.9375616081084,48.91730973124477,23.641507160938
410.8649122668832,440.1656934642963,49.401659006754535,23.090500174409904
406.0376330513692,442.16962411972867,50.17344308475523,22.47752297304225
400.43402955918725,442.02313356533756,50.40204384505909,22.1773675924331
395.268006555096,443.23449680954366,50.288421632721565,22.37541132000907
389.73857101336836,444.2166173525718,50.54139595714368,22.31921266483053
384.7738419377522,444.8159423585083,51.13825828318072,22.005473713290662
374.0886170039123,446.99527729355276,50.90560451316514,22.24186228436395
367.37145277601263,447.6496602092837,50.82689814840788,22.1555092775328
357.45670507342226,448.4990914769952,50.67211582836887,22.28187126088572
351.4210052464286,449.7721604879999,50.66773461382596,22.16003605526734
344.1050930398941,451.384376055951,49.83222523325478,22.504203428199983
357.93240620679876,446.06027340169004,49.02768892630088,23.21076216079413
351.7476307406335,446.2619156036478,47.28487508964957,24.258024140736346
347.45536114374625,446.36415809126146,46.24257655301627,24.87603748704224
339.5199719198454,448.81074004418304,45.885142644250664,25.588022373465932
335.29760445693194,449.6627958948648,44.8703476933685,26.270235316191133
329.16652869924786,451.9236222006853,44.53391407995251,26.44896207619319
320.6919813217939,450.1738862001293,44.216092559836085,26.802201949161912
317.9140538141422,453.74843300269356,44.25472993903099,26.66080306525534
310.20710428080906,453.7659054346302,44.195491150167506,26.59729240342719
302.2867994605526,456.0870599822312,44.095166609467086,26.553760602384166
291.5013314505726,451.9825650017674,41.8104870135823,29.171263632464644
284.4033114083417,453.23666746041226,41.406754644736026,30.237639622996554
277.1476835760207,455.3438632119289,41.725986078421,30.29438678802352
273.2828216358471,454.60381081327404,42.15194275448357,29.95345465048068
263.1218652718227,450.98485512561825,41.873572813465046,30.898175546513695
256.0410734285759,450.3889896331073,41.56216169557624,31.869825932346806
