393.5,328.5,155,319
386.5933066585751,333.8551001087714,158.01312900004945,310.20973906201345
385.02665742122656,337.6528882958968,160.29893054796207,303.9544323725543
382.2061774600713,341.9616407870874,160.77627476668985,300.3463730574399
383.97261593274953,339.1355247122872,160.70369230642552,296.76988454206236
384.46309184913986,339.6324445266562,160.41909474362626,295.5990705273476
382.5610989171919,340.84736448498154,159.9324216567166,293.8268134897633
382.1164216778039,338.9558991358895,158.98746417336483,293.9127305713854
382.01610122094337,336.69809069836305,158.0875171230279,292.8989609260526
384.93480054369473,334.3405689658622,156.4390342070479,293.3685658153097
385.39161406388234,336.24934828684525,155.7870344533453,292.82050337581245
382.58827680578895,337.7545506594779,155.23638036388022,292.70269153749905
383.65887157500083,335.81078468465387,154.36571926116358,291.4732090790356
383.49544453687224,334.6369308823975,153.2720090435593,292.355838568085
383.55754585296734,332.83676222364346,152.24455172358307,291.745777688419
385.7033205613658,330.3344824059735,151.1899114578635,291.3987671943644
385.249023389683,333.3216215010272,150.6744508209511,291.1447954007414
385.905434746896,330.981084446403,150.12843870251422,289.4501475785323
384.2068872305832,327.26730420079053,148.8244033449726,290.33056461043714
386.6030575342355,330.7269392751417,148.52075406762395,289.684069634922
386.59291250536216,325.8911892639154,147.6453952286766,288.2836959925187
386.88557032077426,326.37691947291273,146.35735955180888,289.4964899824067
388.1298169578031,323.30328151396986,145.11747224431923,289.76185080782415
386.83801352979236,325.91103281749696,144.6948201358022,287.1748975381571
388.4146410479362,325.82871909534924,143.70766893938878,287.368363462344
388.3872123513457,322.34320951395284,142.6990312926299,287.25402019074954
388.71150913009507,322.54846447173725,141.61774005155837,286.5943957766846
388.4920500158662,320.14944863702345,140.5440960050832,286.6006073968264
389.6947540857957,320.9653972808841,140.3887834710745,285.22678090583327
389.20165173461714,320.02848401517053,139.437271808571,284.0360818330123
390.9488429622326,318.80625308678884,138.7137781587295,284.3863988686087
390.8498472233558,320.6642622644391,137.30854595503314,283.0877474948145
391.48506508769304,318.2613903950106,135.9161485284227,283.5760569227584
392.3656216403076,319.63591662815213,135.27567558184685,282.8846991300136
392.59754627737556,318.38738248647485,134.02970613950183,282.50775613521563
393.0289437345768,317.75777688311524,133.1250223398994,281.6094034171455
393.48329484680715,318.5220671528193,132.26123889844771,280.87410204872737
393.91583722892756,318.4122528215372,131.4528250011135,280.0991310709221
394.7256491611839,321.0369150909175,130.9062337541697,279.28458093096526
395.14650224258855,318.30852716500425,130.46953742731898,279.2623395251013
395.1437929297117,323.116116385828,130.00189824658085,278.2992873957097
396.06180961882495,319.206679814175,129.37730686206774,278.4585049680318
396.1056380116884,324.278710098362,129.2093539846054,277.02163777429155
396.49934835906873,321.35338321749794,128.09001180179814,276.9059233376249
396.4472726621353,323.0049658569422,127.33635365205545,275.613949665258
397.33115638122746,319.7627601220936,125.85879640130618,277.5239402060002
397.553870404116,322.6661185684555,125.2271929495499,276.7366467980786
397.7411573751985,320.01193722345033,124.0539145620229,277.144109601004
397.53864195682274,322.43540919994405,123.76542234941991,276.1039540925355
397.5279256306736,322.1126787854679,122.9738629057708,276.13314896890074
397.46297997573504,321.3890201941564,121.92840855639204,276.0306805375101
397.31675401609004,323.7948773832293,121.19324981608267,275.4666768641678
397.55136714632624,320.5760766191666,120.18951210865745,275.9016991801044
397.1622148459731,321.85706808969826,119.62549209483898,275.40189413554066
397.6846183019156,322.42243738903574,119.4655812229167,274.87248605558824
397.84264981670117,322.2607221805559,118.87982374582816,274.6572707878289
398.1519539503927,320.81210615036343,118.16787772652012,274.7194129262625
397.641688296091,323.02674724544863,118.14643604031913,273.86350023911336
398.675643425669,322.08815462573796,117.05777096701509,273.778883115139
398.5699386702548,321.242384368018,116.71619790910268,273.2987360275821
398.8702646584355,322.31731221405187,116.28142601677918,272.49030098599656
399.4384331246013,321.1201413719188,115.37598284536703,271.9501963354238
400.1245094996435,321.7508761640638,114.55429645394423,271.47129997424776
400.82587478658206,321.80548801732266,113.6400639717649,270.18770764781124
400.6644132794035,322.41131062055945,113.11065087743745,269.4741581623441
401.412624538726,320.2317063150971,112.50937156968044,269.2122549034568
401.0938210736732,321.264426577516,112.25242889155533,268.51066962134814
402.3385387418196,321.0651205700548,112.1786718179732,267.7746627579061
401.6337660445211,320.32299771610286,112.14205546559144,266.51655359596737
402.2925435096011,320.9157662048418,112.10199138969475,265.9571795647136
402.58968709590914,321.50013505574185,112.14853413784738,264.9479211084571
403.0541682585551,320.8092014823518,112.03552274267403,264.5032450433002
403.5474057957379,321.6692023064673,111.99904127869043,263.9608847868234
403.5642488670472,321.13893455028546,111.61430428234269,263.6219282738117
403.5524352992265,319.9474014332272,111.18847430900959,263.27063643564736
403.9521265041736,321.6156028959333,110.98567538471875,262.3543120262416
404.3564304930588,320.9303592640986,110.93723846274212,262.3742479231049
404.84768310929,319.2604761253307,110.77621863047955,262.8995350880157
404.87795175284566,319.0953007892569,110.59243845104334,262.1791837843408
405.31808710301146,319.44534256310385,110.31579871069935,261.9188719782755
405.2440755964927,319.0225759444594,110.44228990716496,261.5194458611639
406.4380470338231,318.444248068007,110.93264483829022,260.98041181666713
405.67936317781965,318.1729375958156,110.88379775041622,260.1507395271785
405.8359576467851,318.0368039619666,110.89346717587524,259.6088849524922
407.49337536171197,316.94567235158854,111.24565254375096,259.40637968722535
407.62327690747793,315.876720338353,111.22607950588241,259.2601781743746
408.520164236387,316.6115910047767,111.46825121723526,258.1013955250179
409.61530766620785,315.91801934265783,111.4528522531777,258.10674129714687
409.96295618306436,315.04615449929474,111.68018010550063,257.64889832724157
410.0327344728249,316.3929555694429,111.68737308204418,256.99206414654
411.1226041372636,313.22080133308907,111.85665900264799,256.68770099220296
411.9853955555021,315.13198979208306,112.2825878353299,255.18236165661244
412.97375269393626,311.5534782403365,112.18078641647088,255.41315766736264
413.58336881939675,313.660766810215,112.43714165277076,254.12767341166926
414.1837323936467,310.647936792014,112.35003252051376,254.02421595921032
414.93685747483056,312.27706089724427,112.4872451352838,252.77198710261635
415.814481147248,311.033817658054,112.31607920181071,252.39444870344863
416.545513035128,311.76450381855364,112.57165499151847,251.76389545278852
417.21422294120566,310.8101128098638,112.39383138412083,251.55980725379854
417.9686611495082,311.7599726731723,112.47260574342525,251.35954922571375
418.7816786422053,308.44384305501046,112.65408697526283,250.82715992916994
419.6650683255718,310.52932333103183,112.58321281711747,250.67739955718093
420.5457756166047,308.48664359847567,112.71356978999843,249.93999081092858
421.6442382585933,309.4886298624534,112.93923452334008,249.32361477097191
422.2670886518109,308.444997086834,113.18967493220205,248.01408242677925
422.75988722107354,309.47055513215713,113.53406186254739,246.67330379617408
423.4615014643761,307.30904237398886,113.63005207825847,245.21485090751185
424.82043379990097,308.115495124155,113.40225727338914,245.10469938018676
425.71114923923255,306.3843222089747,113.42315068976993,244.45421981687065
427.11137634480997,307.28055715482327,113.94003780628242,244.04788788751478
427.56645836567395,306.8736576540815,114.22842959169515,243.09716612464734
428.85181554504777,305.8280159826579,114.5148464756996,241.42859085924874
429.8046559728342,305.6373867340386,114.93565363816265,240.71367690451433
430.7768994411632,305.10008281516866,115.44610702056588,239.30848857106594
431.85109506700996,304.73865833371815,115.85443244939911,238.88340428926176
431.93610352557795,303.9120244975761,115.96047143450583,238.8173524987696
433.46857396236413,303.6873377999472,116.31924209924829,238.96472829204149
433.7962899063025,303.5799865041672,116.48919387454913,239.06403568036882
435.1833885609923,302.9101589662923,117.16883491355817,237.93373578861986
435.5014613981308,301.4744427926797,117.49687292744487,237.25277565308733
436.40896455044566,301.2710197661449,118.0538072356081,236.80418526187452
437.7810701461309,301.6700745374871,118.37055705230951,235.21810928900288
439.1569899978934,300.89690826588054,118.54675189277563,233.99703250757
439.3821786140776,300.6721026886636,118.69649103251572,233.9135202880186
440.9349112874438,299.76245626049763,118.95445451688374,233.1564367062096
441.63893519009196,299.7413893573654,119.07862504864653,233.21493471437742
442.4011393943923,299.23010830528847,119.07082893138175,232.24927338503676
444.3895681400624,296.6442778258975,119.67908258124649,232.02994170236968
444.6353445543296,296.88769512588783,120.10807765529614,231.84400511788817
444.97278722196864,296.62715098512285,120.42242068782359,230.98485391272374
446.50712921275584,294.8862978189126,120.2992337422294,230.86759078561056
447.7600732553635,294.4452165784562,120.07041021885783,230.9650708138447
449.1856482756477,295.153952597733,119.73520179816262,231.80629890766113
449.95506512296953,294.2124031994305,120.0997818761019,231.09562839236114
450.443418454744,295.18745392391185,120.44508668334765,230.08293193359475
451.61416257049814,293.2024819261823,120.9977730276451,228.68729775446278
453.22890716380005,294.1681777689057,120.85981535616267,228.94337531301926
453.6264042201082,293.6873078657808,121.38153815295496,227.82896899347563
454.6094775964089,294.13948310061505,121.59598775197705,227.24528087326962
455.5810199265272,294.7505019819215,121.64039291126718,226.65340248870854
457.006912390101,293.6763998889387,121.8096846633494,226.2301593022375
457.6455061343287,294.67127858416154,122.21142435804524,225.50186209684284
458.1813275026719,293.42986249787714,122.91531851615704,224.40961721252694
458.5626188379978,294.0007362707779,122.73562993234304,223.92160977473853
460.6102329950645,293.59941299553907,122.55481530877665,223.7864180092525
461.10833416744856,294.471017651685,122.88077904925167,223.32625220072185
461.3306692286479,293.7081868193063,123.43926737697969,221.89138358441227
463.26226753966205,293.7704225275826,123.02409741205594,222.4536458905465
464.41578855253755,294.38260978062453,123.0555821120739,221.82203492759163
465.1918500313959,294.1059840940867,123.45156186698844,220.839178879746
465.83645837964104,293.801548272441,123.69415724229844,220.17138257049982
466.3418824175286,295.5700458431372,123.80587741622566,219.9376954392087
467.2795493239182,295.22304291728915,123.91528326466323,218.98679858475856
469.1824978807898,296.6522040808692,123.87128609904013,219.44729578045622
469.8130545939106,296.6625814103157,123.85065917544603,218.83405885275295
471.05886965754723,295.96350832758094,123.94421982118303,218.8853373376728
472.0672564841153,298.59805850683995,123.78368739424306,219.0852053705732
473.19278369167637,297.262044496789,124.15180364486201,217.25479722963394
474.15939979816955,299.97231471778275,124.04203964018858,217.71978058372792
475.21641694005723,300.50826694558873,124.15169634304652,217.30799303905047
476.4898724934309,300.014091134719,124.29317000764621,216.20424690154294
478.0704412247618,300.9562746090173,124.76414171017615,215.7073577084929
479.30658876611994,303.2841758933195,124.27894853995832,215.8028693030966
481.8071985060037,302.719723772967,124.46045687391148,216.173383117166
481.866865095281,303.9839063549833,123.97915976761107,215.83980569384076
483.01561188821495,304.481639142206,124.17243771380181,215.15177959564684
483.39332596202837,305.0289191006458,124.11583736930993,214.02989843883387
486.4187710747004,306.08668537912655,124.83409597056502,214.68868123908067
487.18219818112163,306.7181379814202,124.33851726851054,214.13342592110138
488.22430045857146,308.56864074787336,123.66315527724,213.6414595994684
488.533834964935,308.6713302842714,123.98572962178983,212.8388164156303
490.4130811075204,308.59477379519893,124.2364417242839,212.85625974512786
490.340332496196,310.73838819999077,123.77848078081016,212.5839783499424
492.00678511208554,310.62852382161526,123.90439517679292,212.4964200395185
493.0607506011947,311.5521262860646,123.75248336170633,211.63600916512803
493.9935239514082,312.0870482628186,123.30397867826238,210.8855266003034
494.4003737747233,313.56381165317896,122.92011393391873,211.14473022729743
495.7138337606913,313.9940195587806,123.486447240715,210.63943200532947
496.9538214441584,314.6611812409788,123.44565200950771,210.29283658101565
497.42503404652484,315.5148701170802,123.52040796284064,210.04424734295014
497.77204125960395,316.05099129546693,123.3960018078044,209.73667517937196
499.88734892961855,316.64824086011913,123.69270685275443,209.7987384022481
500.1486699296524,316.0555506254432,123.59926585957615,209.2234396266049
501.57749205150986,315.6712195589836,123.52283823726012,208.88262304744222
502.18168050248823,314.8776460725842,123.39351652538977,208.3516925036852
503.34208795278124,315.06478487017483,123.56188099759113,207.71541735777797
503.8721353979266,314.5278026040079,123.37043332505098,207.08221068840595
504.0581129157718,314.6399768461555,123.12150721591198,206.7387470079422
506.21714734521163,314.3841648649595,123.49919717661241,206.61320536431242
506.96235522528076,314.04144411077567,123.06932018524242,206.21884292904596
509.2015319711706,314.23414583754885,123.40961741596644,206.43235386034158
509.6988106533457,314.02526393026085,123.24854726427418,205.7822310839599
511.35900057393167,314.1449313203443,123.35485251793553,205.51196135904416
511.47875281937064,314.16786543055997,122.91749429792878,204.61847062484173
513.6186322435858,313.868760201461,123.1220379702504,204.46805193026483
514.4708600575915,312.46246688283236,122.52331943234981,203.40164457948507
516.8891486930863,311.8085951909889,122.57576069697404,203.21218389784906
517.0250057466163,311.2191533716508,122.07174320894806,202.95653131788202
519.0488550212424,310.782696165789,122.23700347240957,202.57994867359835
519.6891087102399,308.39559772844586,121.98341104859982,202.65581943744476
521.7491364556016,308.0377624284456,122.14002410646046,202.60006234646238
523.6982598884846,306.9694162932398,121.65446883386471,202.91404934801417
524.7883104759431,308.6932818168774,121.81180791125173,202.55760877467702
526.7159827316931,305.14273723003896,121.27810985170176,201.94734035481753
528.3716128823608,306.1989277425579,121.11516164219395,202.57949692171388
530.4878235404627,305.3656943684241,120.62930900579961,203.39058867808768
532.3733349148681,302.16795630413264,120.27571689625564,202.22922581741273
534.1004282810477,304.9213000694747,120.16822725595281,202.54852896360856
535.8048730202019,301.0224863617159,119.77238118126996,201.67715670719008
537.6428310459055,303.60015349340574,120.02338077546216,202.1193547161493
539.4761915167388,299.6539542455777,119.71459025562467,200.98479951460072
540.9937182611956,302.81906618760473,120.0159556338223,201.06322173726667
542.7913827784097,299.05400839148524,119.59469409664756,199.77016666757936
544.3913339224979,301.66117978027296,119.88736030136053,200.2578373825882
546.0586727571118,298.28159192918775,119.36112832419516,199.27967263447167
547.4064553080034,299.7640864753721,119.19198476934791,198.9249831293528
549.1783701373969,297.69059125696253,118.72569097825208,199.1100108662818
549.7416266094259,298.92397353198,118.99881966722769,198.86281194620597
551.1597240732847,295.7633334073786,118.53411593328165,197.62054792203236
552.6355243349886,295.769286923193,118.59071867792477,196.68556271104396
554.5265950716811,297.66037610759736,118.46840872843524,196.59456910137533
555.877023589283,295.72785460410256,118.71791318348093,195.53715632070626
557.0567117962087,296.6472760537617,118.91470508742451,195.3703478042081
559.0120958953011,294.58747036878054,118.80100333935864,194.93891947843065
560.4995350589058,294.61316561598096,118.29346047471935,194.98100521244578
561.6783317842993,294.6959734682292,117.92527122543991,195.61790519350754
563.239293988797,293.1423827550892,118.5368954576494,194.23499148123778
564.4776170316427,295.03449471322733,118.02427105469735,194.7449651243183
566.1899332867739,292.9359180956884,118.45184954297005,193.81428737718784
568.901447132695,294.3512871891795,118.16044130455802,194.61324484412097
569.754331678926,292.1180939094311,118.14248203703956,193.35093744152067
571.0217627696159,293.00534305213057,117.82202563073,192.98976875740954
572.4629199506082,290.81610329496027,117.32393449147779,193.0661714551914
571.9767918424265,292.3312803157526,117.24028453127434,193.51073911694527
572.6290534035852,290.298325815346,117.46476228729084,192.45301234886813
571.263368636953,290.7499408485936,117.57326519000091,192.01392937328472
572.6649255748862,290.5680429726491,116.83976906239518,192.79971155605716
571.5787757389913,289.7466990184521,116.96053694249777,192.01827307780877
572.8134401258523,288.7535249837456,116.48301634481672,191.98036801726263
573.1468235100779,288.22602543737037,116.29639228895857,191.40696106219212
572.5340344829335,288.3605110774662,116.10729236568534,191.06592368354882
573.1643574337035,286.246558654133,115.53976384428756,190.49008898248567
574.4564275549229,287.307289872144,114.96025965111917,190.12572283705208
573.9104069144619,286.62846309008046,115.2893133183633,189.77891196560176
573.5087720959866,286.34781876491525,115.4102422737609,189.55913151602908
573.3632025769997,285.2326604680957,115.37142194898956,188.86681708435395
573.2448677110904,285.5812197860804,115.36723445217146,188.85584810515707
574.8004195080115,283.8763112149329,115.27312938776339,188.13613434077482
574.1948862742906,284.67515386469324,114.93536606127498,187.91443871677598
574.7111734773564,283.67197741852044,114.86381403215762,187.65715311272268
574.5212351376016,282.6486917528088,114.59080032747005,187.44316273951029
575.4154478768361,282.3037201076829,114.37189031569125,187.26261595560436
574.7787023529532,282.38323330682397,113.19111791474175,187.92468877902866
575.7358792797743,280.83485825716383,113.03147497380411,186.73888234453548
575.7270753326666,281.58968263031045,112.88236590496672,186.47691664649057
575.2367111852124,281.14815573357293,112.83319662926507,186.06544159799316
575.579544922888,280.1518059031531,113.05501702317659,185.67789032804671
576.1152062040337,279.5933024707614,112.82576414634418,185.58376430880458
576.029225269395,278.83562673998665,112.94996087985658,185.25343684483983
576.3147069177606,278.3446521966133,112.24738759193241,184.8816678892129
577.6761347435387,277.9478939526499,111.96640143767551,184.93256086916318
576.727350253218,279.1440198293381,111.22103013549533,184.0756881679489
578.1308623192591,277.1932318054588,111.24948955443853,183.5284302732942
577.6511726892141,278.02069240617243,110.95929832559864,183.42143537859153
577.9646525166947,276.11298134847004,110.74464480056984,183.01162775385336
577.7064825206979,276.1288430993078,110.43485267386154,182.8267697422569
578.0245059999279,275.2790175673946,110.45341426308912,182.26816484752618
577.6938958600975,275.28913637324524,110.09152880220265,181.94971372411936
579.1233183480338,273.6389252545281,110.04261295879168,182.024062696478
578.537242100234,273.77062720865774,109.01937117681851,182.2152307505753
579.3030857645157,272.60339024221355,108.89160759817895,181.40341438118713
578.7931973992402,273.19150433154425,108.74967716587297,181.3861682410236
579.1795590787374,272.2637954855767,108.57148790598053,180.96158453105744
580.1759237158542,270.77596103970313,108.5608926163127,180.68845028407168
579.592412171309,270.63113112335554,108.14328652735603,180.70844725971114
580.110525345864,270.287903355736,107.74770049663971,180.58219823180946
581.0712808280656,269.79834535779503,107.7363019132178,180.43957793962065
581.6208877595074,268.4196671198574,107.1785023708033,179.98865170637424
580.5965369438222,268.56294577754846,106.81796375635429,179.80688879639285
581.6549727139097,268.53114653899183,106.68947550933137,179.74185161369218
582.337031959101,266.99517917342916,106.5616818060887,179.3508225253138
581.4845179170063,266.2773486553448,105.90069564810568,179.30466834255702
582.5097966663226,266.9525669024665,105.99324627897448,178.85207669933064
582.3993497456318,266.1755890495349,105.22188937982799,178.49216528921946
583.0187138408062,265.4321337556586,105.0334445022767,178.09287485291654
583.9332482013001,265.6691270485096,104.22663740085682,177.97843689554475
584.2652636973808,263.84274802918355,104.13334955225389,177.4274915307239
584.8543927338154,264.2412937721572,103.78383553322537,177.38402859673667
584.754046450602,263.35108070298764,103.37678519403542,177.4630794890278
585.6013545198003,262.7001770127399,103.40309414833594,177.046252860162
586.1084784931378,262.9760848754721,103.15016715026182,176.8603248064066
586.2026258000617,261.7874157317749,102.65382276820446,176.68101865410387
586.0498532989158,261.73294075025984,102.27636744433963,176.7203105165289
586.5962004506869,260.5595456715636,102.17790108660219,176.38447085023668
587.0587706637323,260.38790645668996,101.66891754851943,176.29912029887055
588.0434109985429,260.2064415047613,102.06081170075186,175.89980633580737
587.4986765786578,259.98663795999425,101.61417741113522,175.4871252387913
588.1186233126782,259.69084259803526,101.17500743619351,175.30628661567113
588.3706327580852,259.5546328001594,100.72706982176652,175.17559913453937
588.8298346784416,259.0495699880796,100.59805916762292,174.94813492257845
589.3973173780839,257.7553689676114,100.14779980061428,174.67991498284778
590.0468992014647,258.30927155265647,100.3505659138321,174.31415986444674
589.9923603169674,258.1753828025925,99.97366588412629,173.9894477643931
589.9911699460151,257.37818130776304,99.64814955419254,173.96044434383478
590.8703329506578,256.7396614848921,99.59014402716113,173.68869877992086
591.0481097152025,256.7741001253172,99.15598401175143,173.34683973618468
591.1766215084314,256.1274924603298,98.97859050217872,172.93008423428847
590.8260147441382,256.05864588435486,98.75830531488756,172.5537599831125
591.5998864885843,256.15911584563537,98.4284082195806,172.0506140509251
592.4939754005677,256.24341278380314,98.22217843752972,171.45479884656947
591.9266168006295,256.62961787131917,98.01172013272162,171.17549330820663
592.4910781145936,256.65429263117846,97.92332139147408,170.83306137243045
592.4152589145199,255.52185043582148,97.51675376983566,171.00565488484847
592.6619344654151,255.33657999992465,97.05159443940353,170.6658445875328
593.0758852044501,255.77952701840712,96.75329000532483,170.3885052118418
594.1448060861942,255.7778190024398,97.02475166857903,169.84640850793275
593.59962537678,255.877034382025,97.02524418424736,169.6857136021066
593.25571199299,255.9166176619127,96.80856927526784,169.56645966654128
593.9258430573745,255.30879391113461,96.21924907870013,169.5027654704046
593.961241629372,255.0596378814393,95.92012884760902,169.21741527021652
595.0536098882387,255.4172965677803,96.5353119351307,168.6543263721515
594.9512679512671,255.13469456394066,95.98289570378822,168.44745615726612
595.0988177774071,255.45406260696933,95.67301643163579,168.14520131458076
595.944288480271,255.56195440527128,95.3398962520279,167.69785847119834
595.7683914415761,255.2430694447679,95.18895894657098,167.48528021763312
596.8828767325483,255.93128967820414,95.17142201368952,167.24725604104384
596.6811672416219,255.54693400202572,94.85860440420336,167.24635037231684
595.9696448128211,255.99482277340024,94.58469298491119,167.34462684901894
596.7382477943128,256.5550868600074,94.28983879232888,167.06648742492723
597.581123172397,256.63797872901705,94.18632456455708,166.75287528677285
596.7410331186325,257.127221465555,93.88052177718876,166.9823256237861
597.1870326983944,257.17449382967663,93.50083395704323,166.39531122715448
597.6756855383018,258.0635543216609,93.2113478177292,166.20675468582058
598.1403252160482,257.9775096326835,92.91693273292347,165.71171335508086
598.6069380862173,258.8569708295164,92.6990880188532,165.45524190440818
598.6236218407857,258.439565771868,92.5787384904706,165.24712761556077
598.897805528555,258.8756448798717,92.43180890413402,165.20461819229706
598.6473415337326,258.75050097059477,92.17564471591069,165.05732792042156
599.5214132320871,258.96304290148237,91.85091721847857,164.9792218587773
599.4515516509077,258.5207179585969,91.84352096305054,164.80605047074448
599.6029889532452,258.79339054179303,91.59203150773529,164.63138954064024
600.4467127751602,258.56863089149874,91.36109273879852,164.2729170981411
599.6267791343572,257.63009911294193,91.09514012752126,164.16444443756518
600.314235573856,257.4619993553599,91.16182757124716,163.68022851550765
601.0795506764376,257.26266157932605,90.82020727094536,163.33048943191721
601.3945329921371,256.81376353736823,90.32212241626254,163.31934716753943
601.1948362677276,256.5469014256747,90.08731457685832,163.0119304650422
601.2851817794896,256.2341586060217,89.85473341852291,162.99001381781875
601.607404714659,256.6404414411952,89.79151967871172,162.94281285398796
601.987234540427,256.09388916526893,89.70776006923265,162.4806693837611
601.9983245580216,256.19937007175565,89.4927076736946,162.34106682520743
602.4705921358016,256.23008012144476,89.42589865577284,162.32353003832276
602.5036416194528,255.99728561100108,88.82146120609056,162.3527094665817
603.0378020663288,256.46190776936317,88.8533695756442,162.03048153445908
603.2377065660164,257.2745198172058,88.56758078975375,161.7726278058239
603.4349437776482,258.01934084762456,88.55657284865275,161.6691719870901
603.7729860336837,259.75514365902325,88.55835020591684,161.32056984711136
603.4326715669689,259.8526579404224,87.9840250396912,161.44690777324658
603.6908928526752,261.0930745936546,88.08975828099983,161.10951638229423
604.2862651627264,262.0156941804896,87.87323608254366,160.88621651011496
604.6639752266268,263.1300389751488,87.77774749523198,160.62534434652446
604.7619990118044,263.3009151859329,87.38109065811886,160.5790460098294
605.2366060125956,263.4448193367791,87.42915075731675,160.42541665951967
605.573186460798,264.3748692919845,87.00001366080838,160.32458705951075
605.5033312055373,265.58367564457035,86.70947647707578,160.0556230932002
605.7971812924459,266.3026750664084,86.58195390364256,159.6059996748628
605.7560411946408,266.6371532600645,86.32584121571347,159.3677477321975
606.4130696400283,266.66438849699443,86.31216968088776,159.18905223047847
606.5821435729356,267.4586595794569,85.95375612595345,159.1797825741747
606.4233844013096,267.765442041432,85.75488086731124,159.39258139257603
607.0667276856454,268.38654521665137,85.65285246838577,159.0560903884737
607.39316989065,269.01039118572874,85.40299493721037,158.90184005588685
607.2188052350953,269.9095117578166,85.18959868469855,158.8202238869156
607.2328079134646,270.4902779731478,85.05296276762134,158.23455732100697
607.3535384896994,270.64473851864,84.90470488409677,157.3976697902986
607.6759348255641,271.3551440466696,84.6999381380038,157.2480423442018
607.5167396007845,271.84364907562485,84.51096389725913,157.2545705562879
608.2960364086277,271.0047310081849,84.45587563073184,156.78113487109957
608.0167169009767,271.7343363998123,84.14742257307043,156.81807195886213
608.1398661173782,271.5376371953266,84.01945189202306,156.49786901704914
608.6785104542482,271.3573276031239,83.93932097079691,156.11619776423314
609.1161330395339,271.79522084708447,83.77254083995561,156.0742434210493
609.112753725704,272.38250623666625,83.29205691795747,156.09997405065343
609.1190873496871,272.19061256677327,83.15316600153527,155.78281333088046
609.4429495034041,270.830742987668,83.10710158809101,155.54331181411848
609.6812036933267,271.4699179781195,82.85259009676396,155.3870905582674
609.6722787025471,271.4100396081262,82.68048420304568,155.1994579793109
609.5956856925862,271.1687456659332,82.56476413628405,154.93137280804814
609.8337114909921,271.70809479427925,82.56119799236289,154.61210740362424
610.0643864985959,271.2724235803656,82.37420553445197,154.62260051056296
610.2327499996987,272.2379922067624,82.1173278126632,154.24025585840116
610.6937693798004,271.4165815054274,81.98249570224013,154.29295432291497
611.162953174289,271.46508594360546,81.77491950320511,154.3544066596707
610.9097184493532,271.96508634105373,81.59201945339335,153.9909814444175
611.0723196498777,271.16694942964386,81.51282592533025,154.04190972242216
611.1421440063784,271.50047916595975,81.40802386462781,153.83070555975354
611.7877991663657,271.1126889224258,81.561051866339,153.4889156797714
611.7479270235332,272.268530148397,81.30156096542737,153.01446104917898
611.6069394818487,271.92687913535144,81.39102507140896,152.76494537774508
611.4976052834295,271.3697058394469,81.2669275409326,152.3962239802048
611.886328446726,270.49741682008255,81.25236225491273,152.29384695797472
611.5873880536029,270.41139484626626,80.9570599886191,152.23464771245767
611.763979236583,270.1543980767442,81.01067857819274,152.3980996002528
611.9375102931236,269.7803813918158,80.99116166092946,152.25580140377593
612.2165530061394,269.8088518101619,80.75075063332017,152.4183312319425
612.4545019756156,268.73296533736334,80.53890073428109,152.0459297257117
612.8426180730962,269.5982492110461,80.45046340349744,151.71700406246785
612.4261696145031,268.6222809557406,80.21650834714995,151.400455980641
612.969809708617,267.98479081314053,80.09554122302046,151.4141820744426
612.530723443147,268.2907922073458,80.001681624196,151.49277032330548
613.067778359707,267.02437346277134,80.00826062526663,151.20852302317832
612.5795925939493,267.6249651878427,79.98441936819985,150.93906030667816
612.5895498458307,266.9828752751484,79.98614604994444,150.8267924735279
612.5550081168476,267.33314740344366,79.85460368596252,150.51337350041703
613.0254635204781,266.7323652203589,79.96220676801443,150.0710446247043
613.1458627394591,266.20279126345895,79.9611745850734,149.959352513556
613.3136540056054,266.30607771498455,79.84019349499857,149.55684969579195
613.1823338648825,265.6329451736294,79.69098290678889,149.4234441346957
613.8286042711912,266.23073651589425,79.56285137399449,149.14331631466797
613.966390035634,265.82624917241645,79.44171153091428,149.0472921627221
614.1155881067431,265.25344616939736,79.2844297428298,148.7648852016506
613.9906317915998,264.61632757007874,79.07510169814397,148.7380228614847
614.0186028051527,265.46024804671686,79.10634345945681,148.56067101438686
614.4025494240728,265.35058072305844,79.1454785152261,148.2811945657506
614.9120682988793,264.8983442725278,79.09316939329504,148.07128281562782
614.875479198062,262.6834885001931,78.71826729364483,148.7277359126502
614.3483243452274,263.0453463671069,78.55200047457956,148.49696120074177
614.4814712717714,263.6281453932581,78.45664834686482,148.16178626512337
615.2410668667586,263.8929774033604,78.56005950044964,147.76230305084033
614.7909983160016,261.5725632398453,78.44924651346253,148.34071482437318
614.4435682820159,262.9384233803491,78.36975283883457,147.76209479551713
614.7885931668435,261.65144729479266,78.44136179730214,147.50932053001495
614.723089599162,261.5547267102002,78.27487040847603,147.49649033391492
615.7444415165634,262.2061080598795,78.57481460300075,146.66471060336352
615.5195380080704,260.1460165768764,78.30996479015269,147.56481820048867
615.3996715817887,261.686006527528,78.21333799281965,146.98067098084124
615.0472767307097,260.5609427618248,78.04362032736671,147.33338692739358
615.6977499049242,260.87965160809716,78.07905279172742,146.4724099595793
616.0744954897941,260.0951252516978,77.97926036437723,146.05375505747924
616.003134375865,260.550676766697,77.74351506222342,145.91513084637438
616.512353005274,260.1095599082411,77.77298241403913,145.55985078269222
616.7121447212959,258.09096106594336,77.67777743191223,146.279449170718
616.4906942621157,257.84211276961696,77.53224979335378,146.2907517454359
616.1546168796148,258.21102584464643,77.43981679838384,145.99210674438297
616.4781970808904,257.04951584351454,77.64969465533895,145.98922190045525
616.3039549255003,256.286705920998,77.6556355131408,145.7861455184147
616.5406288555224,256.0468792340017,77.62619527161934,145.71228327932818
617.0949675975515,255.36054477324382,77.61464427147816,145.62654575247976
616.64478525058,255.4536808371536,77.35108677475515,145.52172239571968
616.8735571400165,254.98447541352843,77.33096810264605,145.5050745490842
616.9143022117394,255.5489781730444,77.21433816753287,145.18415524650203
616.6308522081383,254.75839113711203,77.08404979735445,145.48827178987096
617.4960404019768,253.99060777699754,77.30019314215295,145.1587872405687
617.343874871629,253.7591907031898,77.16410879066069,145.1147253095976
617.1947534663797,254.93630876439707,77.11962808254954,144.75019570344892
617.6979703446732,254.1932151394867,77.43698058465996,144.50896298084993
617.2641139038349,254.63206076967444,77.28323650947328,144.50019550377675
617.9375046350995,254.9738489787789,77.38651434164467,144.05349314441048
617.3393032142093,254.25445093346977,77.27386972286908,143.92294340315772
617.5874125363146,253.72462539068067,77.29539687152408,144.11368697750163
617.7296554332214,252.60085247067093,77.24212642058987,144.54467755590915
617.4470512340906,253.2679407818206,77.01076320649324,144.34142599292835
617.679188921798,252.8324379113216,76.93598821064097,144.63567257436142
618.0416866916464,252.19003308538987,77.02228633253847,144.75796491703605
617.9922911611279,252.6877640025889,76.91129158942296,144.44283306110404
618.3419253647863,251.6496167243128,77.09305952329642,144.45335651475094
617.7109680453334,251.76173533820696,76.87671316824472,144.54087390107736
618.2150063644681,251.4713636729573,76.97038189702558,144.53152737399844
617.4631567307173,251.15642842080916,76.91709006421593,144.43387991583893
617.8739239936972,251.61436761925398,76.85836588772062,144.29699286054014
617.920113806853,250.89143289098507,76.89925929669673,144.32021543692818
618.4366501805843,250.4105978693699,77.03600530819885,143.7159386627604
618.7373950471222,249.5866070273769,77.01255504245769,143.6774641432857
618.0983388254159,250.0226934345238,76.577449869789,143.84622601088432
618.8715423876322,249.06796296224724,76.73085277343255,143.127198414788
618.1270355686326,249.7747984007789,76.59260668013911,143.1463593019459
619.0483038553991,249.2172867606846,76.81309844217733,142.70483875507762
619.0803582229654,247.94481550796667,76.90575147252487,142.6177128648989
617.8298760807978,248.78657638057166,76.63349760195268,142.79192413093458
618.861944906095,248.21827129124918,76.6705445579106,142.84265867920084
619.3462651443502,247.09466258775348,76.62073733716781,143.30950442023766
618.8681998828717,247.57824320177664,76.54517273263752,143.06888053903123
619.3563058243562,246.85561829263492,76.45123917284222,143.2595964704052
618.7040274615633,247.7189366079149,76.3199502849483,142.94150461866906
619.8410078579901,246.38809658627468,76.42448828474303,142.81253977784004
618.7249207040737,246.93645841589654,76.17206181018156,142.90800128209423
619.861580349783,246.7280785234933,76.29407890830447,142.9626789431443
618.9662031820696,246.7668901639811,76.27076254213226,143.01154349841048
619.420881399221,246.62670989102858,76.03428198902445,143.245072078869
619.7484860696682,246.15175454573728,75.91396282299601,143.45848614212085
620.0305203164844,247.4574230193939,75.63477478867219,143.20195156487898
620.2700170564494,247.89264971836337,75.76231239232577,142.9161041587804
620.4133608605304,248.60848226189114,75.86850105159718,142.83541470439238
620.7286680192659,248.87935922194666,75.90813512337009,142.79491564086783
620.0622418232397,249.26293282948143,75.94436905381365,142.75714873538007
620.5377246951305,249.66549535330358,76.08378469392812,142.66836256064528
619.9994331811436,250.0490174341158,76.04453288971047,142.74772867352647
620.5955138610254,250.87355080737285,76.08563371122875,142.78104439142126
620.765435639992,250.83415922219808,76.05783781364622,143.13135130563867
620.8357131856823,251.43505033695135,76.11523251918089,143.13458103997638
621.0118743961884,251.53840426027838,76.16812235150061,143.2846414139854
620.9449235183379,253.07051752390953,76.18401984475439,143.05633450532966
620.5161075504398,254.4736648048986,76.1496132563997,143.00318754543287
621.5724577306007,256.0045846361004,76.26115153018748,142.94819550303959
621.2027226276574,256.96757563544696,76.41066950562039,143.0946133590065
621.8423028407359,257.82767418783044,76.42422486735116,142.8606248123221
621.2443653484225,260.2983811023806,76.61008412588839,142.9741531142644
620.88547585242,260.25898180231013,76.76146247073,143.37613700927182
621.4164271250031,262.63802332807006,76.77239978171151,143.04694037132614
622.315063166348,262.7267065999893,76.412279488687,143.4037840921704
621.8381664831478,263.6562205492555,76.39968784818284,143.40474071073547
621.5517335568074,264.79887614760344,76.4384464330069,143.27075545512542
621.9865075549233,267.65316231349067,76.81784772609711,142.86798785281266
622.7845419797588,267.9476374672057,76.79788184845657,142.90010155266484
622.4281847263792,269.0468190068766,77.1456034088297,142.84974705829933
621.8587243146098,269.81875890717936,77.10614123962381,143.067198696712
623.3215441231876,272.63962879804666,77.1725842182936,142.64814997408996
623.0134686438232,273.043106292662,77.06617411563991,143.30470311397914
622.3378711843701,273.38065984458336,77.19331541325415,143.67934109299165
623.7521823732181,275.3428271575441,77.45846115536999,143.50191727754077
622.9754708083283,275.3440334899086,77.38054139727143,143.84586413396227
622.7024961241655,278.2713704887559,77.93703492690933,143.68317812760077
623.6040991885594,278.1194357447529,77.85413149911783,143.33757889564757
623.0065876835938,280.63158267260314,78.10409789178902,143.80415122418168
622.6994702690727,280.74653691300097,78.20215470893699,143.58109844075707
624.3633244204796,283.58509411990815,78.23918439364162,143.69718499663873
623.7546278184755,283.1055280053674,78.38442581752133,143.3741751826066
624.7074297439837,285.98396514544265,78.7282843326091,143.5694893942773
623.9486050401474,285.22949035421544,79.07921096577596,143.04660580488724
624.7661131275928,288.0674265405356,79.5463762255165,143.3127390665548
623.9216530627325,287.7000640048376,79.3855987653628,143.08800888625706
624.5401634922475,290.43237720011325,79.73651573821147,143.5002774465724
624.8335111448259,290.08946491303743,79.46096862951336,143.45811073778415
624.5653115462756,293.34950402175025,79.80004463842845,143.0583514099764
625.5877848675142,296.0724176526869,80.24133719082126,143.51830112564227
625.287486920189,297.3811920610543,79.92044766142973,142.80543470674974
625.6171413120276,300.13741724966343,80.24462344396451,143.1471398699979
625.5869957183348,303.5665521392344,80.50388784001571,143.00376343192048
625.7971316983699,304.00832160700315,80.40439353459342,142.9748937096779
626.4644315196856,308.4004195813383,80.93676276212494,142.77910050911544
626.1609414152169,308.19573054912155,80.49773652994605,142.41790650724198
626.7144145847286,313.554555262253,81.04363175891584,142.27686097044432
626.0925018197063,313.4803585327119,81.17228156493084,141.74777087087182
626.2240064298371,316.90977104332455,81.38483300979976,142.20294025730024
626.5608358484562,317.7040263374532,81.38333402315897,142.36010177578592
626.86305121223,319.3190135320695,81.5767751236909,142.90527196357962
626.8268579817004,321.1020219225849,81.59922519706188,142.86433276395437
627.4218323303145,324.6391213321951,81.98956872471796,143.79426335452413
628.0586224959461,324.4425808370768,82.07421588483348,143.3395405136603
628.0675481388139,328.8892180762582,82.35849353991841,142.95026288435753
627.9463768226611,328.76315351329464,82.3565148855457,142.08258130986806
628.2575050857896,332.069324332009,82.69926876387564,142.9407205913236
627.8448048107167,331.61458977386064,82.97157397329265,142.37418057714234
628.8563718327989,335.50383954064847,83.38634333336415,143.35148796647934
628.7399354679466,334.2374647513989,83.19397843723141,142.52151085659347
629.4624141420741,339.86274264556647,83.6379944442698,143.17372224965482
628.9078601064774,337.4041342684361,83.3487261698286,142.73329015442818
629.7248100744878,341.5539440363775,83.81089199346658,143.64935646296675
629.2839754417564,340.4562484131516,83.71670078243547,142.5991195909036
630.1558990084359,342.72020806711055,84.08273791116152,142.9981040076561
629.9309243439767,341.74913465837744,84.1203423075237,142.44807619972562
630.4082209593419,345.0925697096219,84.59189582247515,142.88923353635408
630.169058506517,343.7732533046053,84.61302240630565,142.30067680552432
630.918705237932,348.77512918213375,85.00335723460563,142.92546222850694
630.679321231153,345.95071088899084,84.8477351324257,142.7691936054422
631.1267803872955,348.77910584874184,85.28719196319179,142.32976561297264
631.6112137495687,349.2980106023417,85.47841187042033,142.18535051638315
631.4807864439362,349.5274299292239,85.49338148205275,142.0721173850129
631.4560037067045,350.7701753880756,85.64254591560437,141.89479249437858
632.042427559351,353.9620643016307,86.09326316888357,141.9806353719194
632.07445917161,352.71834093879363,86.08795724578579,141.69977155071845
631.8545585965682,354.62166552975305,85.98670790215215,141.64823263262403
632.8984150189774,357.1577760419425,86.35803617595559,141.8950075608513
632.7883762929275,357.114589231439,86.59123047484752,141.6205130557044
633.3819014244401,360.4096287431567,87.15150372485346,141.45983686048555
633.2838481009339,359.1695497768118,87.10642053441,141.29114411377788
633.8180672525426,364.0066139474724,87.70717633347999,141.79887574254946
633.504608349698,362.599549571286,87.43689826352471,141.64787893416164
634.2526902044103,366.597378171659,88.09835498409257,141.42402654298593
633.5068229773422,365.221708827641,87.85717236784008,141.2678477978555
633.7595349795137,367.27353976802226,87.92836900186761,141.17580023975523
634.323819616048,368.6857629363707,87.91968648474214,141.0185251429113
634.7185534294272,369.9779087790255,87.89503245995465,141.0126202412016
634.3715687595144,371.7714355352138,87.87214454527489,141.28166776489672
634.5814696964138,371.9389343884196,88.11849532755446,140.7806053043567
634.9003388970813,373.99937262123865,88.16133593289155,140.8242796199686
635.4599744644206,375.40983431757354,88.10154975686136,140.948494681736
635.2223302321673,376.31441417446763,88.39964183789166,140.9128296884069
635.5434879025428,378.02840379080874,88.40347917229278,140.71816282411766
635.9942016349942,378.9728626881748,88.59532904255678,140.3619514092759
636.4478970828715,380.6332171341725,88.58591001531722,140.31774822597495
636.3340108716221,381.73036895722163,88.79376167146242,140.70617606524354
636.446882172335,383.3255565806808,88.830811299689,140.81595025909053
636.6248420740578,384.2696690191006,88.90329788381086,140.40062613050387
636.5391398168956,386.0441896701095,88.8957137029906,140.5833510523935
637.0000933220009,387.53448139697554,88.85080857437954,140.29169524911313
637.1647059983914,388.68903368261044,89.00416781727874,140.09884739171042
637.4881934151067,390.0657340128247,89.0981260444941,139.7968822972305
637.7435431998587,391.1466454690361,89.23266892761178,139.5927001519051
637.9338061657365,392.15814302307854,89.40117568399688,139.86131266215222
638.0060435823567,393.3689691535403,89.55239812258037,139.5022586296832
638.1093933254598,394.5418078421045,89.7185214575146,139.3725837168492
638.3426077426415,395.9915588959888,89.8342070812352,139.1954324448808
638.1737956636632,397.75802108430753,89.8127235362212,139.3505731202759
638.0325656193379,398.6707483863693,89.92197917307243,139.2055048210076
638.8353050163869,399.5742969888744,89.94489164484361,138.74355164942943
639.0547822745929,402.5349308610553,90.44823160684811,138.648676555672
638.3744582956926,402.76712518868146,90.68290645921793,138.20346254514317
639.3489862914296,405.3571180245415,90.87715672308478,138.01179579355863
639.1520379952375,404.25990121934854,90.78184083230127,137.89145417544404
639.1674708203038,407.3262539882453,91.40150230180511,137.5903116335612
639.5587831287338,406.04876979377605,91.13028029190926,137.70366992461453
639.5539607085575,410.1686992473459,91.57251516984607,138.0708447470281
638.3248212984528,407.757091522455,91.23822435275704,138.3744588517476
639.6989902739175,411.49517674266986,91.56065952652239,138.60036675375574
639.540072117563,409.99585280324203,91.2993398576908,138.56395518055447
638.6094236966046,410.5775986679534,91.4114696149136,137.72048984883676
639.2599468167107,414.29441192572426,91.37090091757875,137.66369009644816
639.3492455764302,413.5097127714722,91.12321031976458,137.1035021851647
639.7316030568682,416.9577018151537,91.34619790739262,137.20354918325089
639.7653074096663,415.0490622194504,91.32489380431213,137.4442039811944
639.9658625066079,419.7655850641569,91.56483532008076,137.8634617967252
639.4903556320012,418.0209001170003,91.53476263636045,137.94528326345667
639.7199005063784,418.7388230540314,91.61153610829768,137.31624264242328
640.297801586936,421.92258459348676,91.75244515361868,136.91071659567808
639.3288272136479,422.32897410254014,91.79256174496726,136.63803606590216
640.6520632530094,424.51867228575315,91.85502993380712,136.34487188483993
641.0506995945502,425.8142193803453,91.73954086726832,136.45448465442632
641.5477797100874,426.702953150837,91.70468508813633,135.9327540605026
642.1104627487542,427.8830351712715,91.61759210688733,135.96701398127297
640.2043773325539,428.1179163504029,91.9773727453486,135.53284716669276
641.7537778381734,430.25280472963703,91.8181118818911,135.49909240376894
641.9208828013032,431.5906954014109,91.65809204473828,135.44681903675314
642.5095471270772,433.51801853392317,91.46301950767301,136.20162740353405
642.8375254995326,433.8174455085196,91.9387248931179,135.8425367589324
642.853785382885,435.4446630748678,91.65666230893981,135.8167574413605
642.4727986255315,436.2742410518251,92.1122935794986,135.49149728994382
642.4212713104434,437.74622264478376,92.17456333288092,135.68273627344482
643.0207370760784,439.11393189499836,92.17167088223087,135.7684304057671
642.7748615019194,440.0821065242906,92.22389606867301,135.45520884608084
643.4105068940745,441.83876480678884,92.16531077733607,135.1366509347252
643.9673981207438,442.6288389764733,92.13585757147212,134.92038132231545
642.8527445652583,443.34911237501393,92.4814305754258,134.79921826565933
643.744000106211,444.26362431397536,92.40530689414739,134.39864175349723
644.0711879487881,446.1523999971996,92.33690918054707,135.02043626183516
644.3033173744622,446.52535588406363,92.618831161585,134.55322132314816
643.8242975701846,447.7595648373149,92.62108019082109,134.67370851269968
644.2930691894791,449.6151085541591,92.55004424402587,134.96237979940918
644.1522658184039,450.90698257419996,92.53111664841725,135.2175618893324
644.5859292996552,451.80736556277304,92.59403645629654,134.8579497961202
644.6282654545381,452.6178430957407,92.7445749079586,134.43481289024209
644.9001736678432,454.3521498996449,92.66661676200707,134.73983538510998
645.3252075437896,455.51814968629856,92.74848217471086,134.45183500690152
644.8809941734958,456.32332582100787,92.72518250014122,134.23906812948115
644.9113659973118,457.7711173875112,92.80967403336388,134.605887769378
645.9655922145263,459.234967697175,92.74932016308296,134.50544883637542
645.8252837752791,461.0046521361231,92.9344332568613,134.87006760458206
645.3816774306953,461.2813222244476,93.33888119530984,134.40426064858192
645.2414852818131,462.51497735754236,93.43508664897979,134.3914601174998
646.7944312155776,463.90207956257336,93.22657561030842,134.07888629024725
646.6850119756793,465.387277149791,93.42106347488655,134.35723441148156
646.4048896758992,466.40743173360624,93.55771669909586,134.35047598313935
646.1080877799296,467.237992091414,93.70001659174687,134.38185907745276
647.0742129823061,469.26328419086474,93.44744832257584,134.9004553671378
646.7660324243902,469.2872031032125,93.92202044910218,134.707713823017
647.5518862485867,470.5204741230688,93.68145081550266,134.45553869614614
647.9511428856256,471.33965576031983,93.76790451091483,134.3222669696102
647.1813412351137,472.33238573875883,93.92637151375902,134.40735650079978
647.992377572804,473.40028903328107,93.90486153006691,134.47041174914244
647.6192269182532,474.6385905513159,94.0924544694366,134.7268955374899
648.1252605956687,475.9210960264359,94.02558290871121,134.76853493972783
647.5140837887063,476.8910183055552,94.24096313682503,134.6683772520643
648.1368698477369,479.238991641503,94.04788006104609,135.19343983462417
648.7129368893488,479.79410270843505,94.41993556922984,135.11770971659877
649.123977519629,480.95102913977223,94.42277514178048,135.00769067236
648.2804508083684,481.77165314345666,94.81203648723694,134.40092705143522
648.5944138573725,483.0113580192444,94.67896689581491,134.57453195974134
649.1821610752761,484.0543752040953,94.63262642691133,134.58144602677658
649.9214640237312,485.36506986212555,94.43672249914796,134.6216539626082
648.9844299559509,486.11597762385804,95.11129329259894,134.80340942016886
648.5499826977522,486.82496252276616,95.52891412926313,134.81729208226025
649.5610788662545,487.33938091691635,95.36662822727115,134.36378972370076
649.2056555960402,488.6191183185438,95.38472246600688,134.4034157486166
649.6212922702837,489.6591481643687,95.33880379138233,134.5483507163907
650.2684472364582,490.4193423736728,95.53326946995712,134.39521715103103
649.8225967584766,491.4066570010537,95.72723964627238,134.5595639933762
650.5812581056334,492.3802468411801,95.55693388253903,134.3407938418557
650.3983823946496,492.93577291488833,96.02985071562122,134.59729886244608
650.1467718962026,493.7820538284567,96.1319713154052,134.51757423070575
649.9578579059491,494.3903752260174,96.27868478919078,134.5016802368158
650.6569872686085,495.19141834603715,96.02724577460344,134.32178585506793
650.83839811352,496.2434447491941,95.87415415859002,134.36587777073885
651.2775834094125,496.7739312062247,95.94569939312582,134.18632248878066
650.8194640981792,497.54963141828796,96.20690365232267,134.34981159102136
651.2673009797197,499.0456637801793,96.04217768177162,134.40444662958288
650.250896381747,499.4785315061644,96.49383920697119,134.4795023672833
651.7542854470419,499.7507755766011,96.31363683245436,134.15781203744132
650.7247926688881,501.42830181343186,96.59557058231212,134.62130633578295
649.9600732372868,501.8889685660376,97.03046169694898,134.51455476120884
651.228718727891,502.3080226898474,96.6806239856993,134.3458649081548
650.079231190089,503.3206541767596,96.85455853014463,134.55259870900386
651.2072511636406,503.70950144160247,96.59693512604835,134.3578958985641
650.1244147339106,504.1197942801615,97.01786475754972,134.34137008453644
651.6428764903169,505.1207496851148,96.44265241302637,134.32730851016464
650.656541510501,505.50623135581765,96.98420042727676,134.37311363618517
650.572918152493,506.55319773890443,97.0952139234906,134.23476158137635
650.5565103518463,506.8979604105227,97.35666474650351,133.84021592964515
650.7956878289713,507.93193979790453,97.17446405288908,133.6662542280551
651.5787703835277,508.92022602327006,96.92484371497054,133.69226647314008
651.0431648815098,509.29082660704563,97.35343749335951,133.82793116938902
651.3758159848284,510.191522593277,97.20061423436186,133.82278536792393
651.1038139512103,511.37933366691084,97.25935471555371,134.1333268845203
651.45349264264,511.6770447585596,97.28145928442706,134.1040874934096
650.5802182839653,512.6773214440512,97.53197743269978,134.35900082202653
651.9018383887777,512.9858546635849,97.31956293337164,134.40161153082462
650.6627538986464,513.8766523111568,97.79199508578375,134.55323125776766
651.2558897573634,514.2180583785619,97.68437312764247,134.4898078224893
650.6397353303731,514.8849980463693,97.99156860166782,134.29949747948908
651.4256484996491,515.2622063354208,97.8032526142967,134.51098179936565
650.9849719991699,515.6455555065676,98.09652085792703,134.18082027581505
650.8077002129928,516.5678276439514,98.08032553653412,133.9463077250233
651.6214088129476,517.7077625337357,97.67635756681858,134.08519490727733
651.6538615161617,517.9437010580241,97.78397486916407,134.18859476995925
650.598137761386,518.1920148579801,98.38009289854395,134.23100487451515
651.0178409937432,519.168707393255,98.14443302682818,134.27594622474925
650.5204539339967,519.1991038032025,98.55394741073705,134.7170104471668
651.5685906081674,519.6490122000533,98.36489967122145,134.77212151515573
651.2725924064249,519.6861914225567,98.48429680674673,135.25423984198045
650.3116727755262,520.0599482027447,98.88649550362561,135.2539727854343
651.5218033522856,520.5886872275757,98.49147787084343,135.22975698857988
650.6425052321734,520.9059404671175,98.83386882408814,135.23722191881723
650.3141179936387,520.9219822274382,98.79955557837927,135.53073669767932
651.6073965129804,521.1379444878462,98.69727054286986,135.6848166128794
650.9352081890731,521.3354678371385,98.82751225911983,135.90466090693624
651.7296916317315,521.730336229218,98.68406267536255,136.09534685799142
651.2692594448388,521.2166234973768,99.0717844824672,136.4126583790508
649.3260766282311,523.0575052738036,100.06301209039867,136.33141257598353
651.6897098240681,521.676768221836,99.67657840899078,136.45301150634987
650.7040430860288,521.4613518034857,99.84912047653059,136.91620161481103
651.0886834573456,521.71610164615,99.62297889357632,136.91869867554584
650.6282617452823,521.7168356304908,99.7577459508015,137.23032967393976
651.2527683569369,520.8157838526156,99.71476893755249,136.82191200852907
651.2601065026615,521.0570981865048,99.50113234184309,136.84349792557816
651.4769059427783,521.4389319042922,99.34455844596913,136.83194860066016
650.9520800962489,521.482998129104,99.5398411543287,137.05086032928398
651.3646524850762,521.6862216024283,99.49440500056006,137.16234657250416
651.8848675088656,522.080596901953,99.45783924131169,137.25834258457314
652.0480025265613,521.7901786477979,99.55656292955109,136.97654038095405
650.9955167708204,523.0890725095247,100.30454899124193,136.2207285848533
651.4989186612858,522.8335415446898,100.26592610516278,136.38154339962648
650.7700908268666,522.9341309826,100.31165848470198,136.9270701750893
649.3782269353374,524.6245633348649,101.39410865412094,136.30820221662267
650.9106053149596,524.283695504319,100.76195954563318,136.59192589527365
650.9658453426275,523.6885039046477,101.34637225438885,136.08364216441728
650.7345014007261,523.7405255026038,101.04446188780253,136.52886757183012
651.3687479490186,524.1980732481809,100.52580571290937,136.93951527907063
651.0658627382254,524.6507964670786,100.62611229591863,137.2983951752748
652.081192792871,524.5656907160104,100.40384852604387,137.19485339200324
651.8530495721917,525.7741770591058,100.47410354836376,137.33337191484262
651.5236735907791,525.7833014757801,100.64358455586469,137.48037834494176
651.97008569842,526.3571307293703,100.4291880964157,137.79324725780532
652.305533306586,527.2493052893976,100.35790189745578,137.97321390980744
652.7524592244683,527.1688283108131,100.49594832180773,137.7868666818453
652.4028857788737,527.3215457185198,100.82853076034871,137.70215685143543
651.984889452488,527.7833584493222,101.04301266902525,137.8589998060444
652.0522124404736,528.7463567244088,101.96454120973212,137.0787206383024
652.5900419537625,528.859868317301,101.56399377497026,137.2733794824806
652.2181143784076,528.7639172163548,101.66233276852964,137.49765299675283
652.8010019886535,529.0537781130696,101.28828062056672,137.46385819144805
652.5070904174673,529.5647461708173,101.29933572228202,137.3688569142476
652.3184020441463,529.9555962331208,101.32371844417058,137.43792803798132
653.6913742744756,530.4393186721486,100.74858158353328,137.30247560730197
652.8287986502878,529.3563111877072,101.21950865073356,136.91414425317126
653.6820179116095,530.0002518679107,100.99674668086277,137.0229097500261
652.8793280501606,530.6650312962956,101.28729168982471,137.35714839100535
653.2638299252454,530.5454648063076,101.35086892329376,137.18919347868768
654.3727031699187,530.4162272610002,101.01720081739293,137.03572915694681
653.6812606146304,530.5923032240256,101.26701271725327,136.96788918110292
653.8633967894424,530.6170326075625,101.30349440214857,137.06346438450436
653.2498665784626,530.7412239377543,101.5163099100532,137.1428346719281
652.962463639051,530.8405149087637,101.65687374895768,137.33668258835547
653.7213879107862,530.8487981491965,101.34364520918737,137.33376759211342
653.4262198033048,531.0884143951637,101.60454938369722,137.42406850786722
654.0563760665603,531.3719271177255,101.43147755313944,137.27258146315518
654.0240241548568,530.5648872582667,101.63253719386455,137.12305499139111
653.7671276935774,530.8849097801012,101.68542685929172,137.16619403499874
653.6267583325176,531.4023592262686,101.77734942144775,137.1396954636708
653.5241240187756,531.8451600469318,101.80753728761835,137.06606810937728
653.6529811883445,531.1195227506265,101.90860929300882,136.95189608676876
653.6477869970904,531.5784848671874,101.90813589874773,136.8727614955041
653.9052547824696,530.807307879054,101.89151831471625,136.726239915779
653.8329913767509,531.2741626869297,101.8422098974721,136.6543505805795
653.9108911894765,531.6396874683437,101.69072561896593,136.4472083811661
653.7942887553636,531.7043414061665,101.62455388025036,136.3339517234342
653.9640238851688,531.7462395268606,101.52134778985618,136.36114657258204
654.0746124981875,531.8028257809942,101.4548458985108,136.42499324318212
654.3020694020984,531.4883250437359,101.3758428794635,136.5844215477521
654.4865819103536,531.5333611427768,101.39709137436277,136.54478723966358
653.9243815647417,531.7887465559675,101.57521885792217,136.35207561929104
654.2969992966543,532.2525254950833,101.46134869332181,136.2780581615917
653.9728575669155,532.6121023242258,101.68951689052938,136.36537054630205
654.1733720832186,532.379163089675,101.68740758930167,136.31670691258995
654.4914120532228,532.0989843434619,101.6428881322722,136.20668196492608
654.2050822459082,533.286113515733,101.76936227727406,136.22637289063243
654.4830857347808,533.605939845288,101.63395991593237,135.9548593494783
654.3569591296879,534.0183229541096,101.81725575261831,135.94733903246615
654.2552729950887,534.8538966094975,101.9265967251463,135.88796247078233
654.0035608402602,535.6295532339032,102.08210371645919,136.05857650716547
654.7843587157089,535.0725651403318,101.99241093206125,136.04562460325894
654.52384369414,535.0455718434504,102.22120098138811,135.97079253604747
654.310965005045,535.1054995796808,102.42340102145982,135.88250221196995
654.2755439370047,535.3620727346781,102.37165795776694,135.7560476510713
655.3505647168215,535.6211966099632,101.95345581654475,135.57741375538606
654.9079945716835,535.8945690737122,102.08726292973088,135.52103895246654
655.5443445757066,536.3502497009582,101.90695631996964,135.54132327016004
655.4701933229156,536.6794586752878,102.10669891921785,135.76631184139075
655.0693995040638,537.4696650319054,102.26981394024922,135.8855872051285
655.2872243557849,537.3166381294891,102.28142929556276,135.95971152893156
655.5643443138131,537.2814067268292,102.29596413927581,135.96965711628746
655.283833560547,537.5245616795448,102.46499990157008,135.8173258936127
655.1122184297193,537.7359034524674,102.56644308722903,135.81645780272737
655.6449203097438,537.480136855672,102.41470521787369,136.06357623882803
655.6171792665606,537.5517359424715,102.48669656708508,136.0321737514143
655.739207178157,537.6124515476903,102.43432825330981,135.95109968738888
655.5569223363202,537.4057452528699,102.58240377907308,136.0201501373278
655.7711549297111,537.2758532494001,102.63394880375901,136.0484831693262
655.174966482082,537.2005465136964,102.8037662946439,136.0644799081362
655.489059635637,536.7915513086606,102.82629802084793,136.02962882174023
655.9490377730998,536.6546868389402,102.80524183757024,135.8224609604247
655.5455859912613,536.6542987107426,102.97087214113071,135.72862916325462
655.1944798254893,536.5649296643969,103.12922332193301,135.70873079862207
655.7670908375678,536.2611873891012,103.03424789411253,135.5899030695123
655.4647157265625,535.8708370641135,103.19145115719978,135.61083255125578
655.1150787185109,536.4115202250528,103.20127461130289,135.53492720693166
655.8061909807325,535.4518498492678,103.1999279392995,135.64894137750028
655.5401354366184,535.8428147865493,103.2102369597709,135.5509683644333
655.4528418223158,536.1111731523872,103.22488399031229,135.46105815298094
655.5429871180781,536.3251756424487,103.2176898469707,135.39691407802837
655.7723463184782,535.3126132700103,103.29832481683717,135.4509791429203
656.0740878001639,535.4859947558854,103.20864122280102,135.34801678147394
656.5738485136358,535.555531314481,103.07858270317126,135.1604217208925
656.9003763785597,535.5864727266868,103.09488492877927,134.91708948318114
657.2376623102583,535.4201862835685,103.00469804319962,134.84316441409555
657.0563643137323,536.0165277703717,102.92697718034428,134.6498712081359
657.1648766687997,535.1944078262202,102.96454482927544,134.71403142171806
657.049037350985,535.5242688146433,102.93891188233943,134.61908711716274
657.0524014462455,535.8273406860237,102.81841530795786,134.47929443646123
657.5541321574485,535.793714286521,102.83598872232092,134.69896087191276
657.7398982510958,534.6329903140504,102.96279523436712,134.826112456838
657.0547568257912,534.9457036054918,103.13816743949164,134.86516685816628
657.0530133602441,535.2273616081817,103.15972227253984,134.74066620808722
657.0285206350544,534.2063012684605,103.34448887695575,134.8808881458076
657.078574269236,534.319205110673,103.36194330655246,134.6777281607238
657.040917610462,534.2315226423459,103.41307420573904,134.47450749056463
657.3017674657272,534.3630755860199,103.34928190368467,134.0989942839688
657.7643879324521,534.224605700463,103.3847221106576,133.99332421087473
657.8700265545061,534.787537296904,103.32307580054947,133.9530404132871
656.921491977757,533.961542323,103.7177179721219,134.24926036922025
657.3418024704278,533.6893767622668,103.71104774476058,133.9655612024674
657.3593319479768,534.1537143175282,103.6205450371055,133.7317925054997
657.6724434076098,534.2189333337618,103.69798057941028,133.76033897022202
657.7744719095607,533.5501397685298,103.69003076933606,133.74252994914323
657.9277104009069,533.7475038129601,103.65892128504144,133.46792327226194
657.2435755233969,533.842793683638,103.79649781896944,133.3426918953189
657.7912335629611,533.4815887965152,103.74579450515314,133.3581858737614
657.1614594905182,533.4070416497093,103.87088971100556,133.18896305206624
657.566667987361,533.315750690792,103.71706133130662,133.08447445712932
657.5375328219415,533.8474583070358,103.66930990025156,132.98368526462352
657.5426008100193,533.1466530026644,103.77321760690964,133.0644054467307
657.5806911693442,533.4786809829507,103.79688448812381,133.10395823745517
658.0562490283736,533.105230821325,103.81081761964768,133.24167065968635
657.668486335441,532.6267137412211,104.04207970223305,133.38391773006953
658.3031499821213,532.3536149675787,104.05971038807445,133.38906692940435
657.2586780389049,531.7553900908852,104.37573438124267,133.43502496831385
658.0526997048789,532.562209383414,104.14356010408895,133.16949109860354
657.9070087168822,532.5863619910309,104.28191993981798,133.0584544534351
656.7077999574037,531.5280902041738,104.58720567815053,133.3192839444314
657.5267813192396,531.7708513735603,104.35648203395417,133.11584139172078
657.9792402945808,531.6922153989049,104.37035758274156,133.03989508837273
656.8489658866406,531.3836239782073,104.62380080970894,133.01894231775694
657.3401442563854,531.3810807233094,104.60869578826356,133.07027216360447
657.9041617764786,531.3246751361094,104.65165574510152,133.12262336657662
656.9774344597711,530.9893059390154,104.86542737032286,133.18956033149283
658.1927218977295,530.694972046027,104.7150479690306,133.6218891128338
657.4792425986187,530.2030511662101,104.89616339517866,133.51105235131126
658.0547906454909,530.8087071774778,104.75313192908179,133.34056486128466
657.8585867604296,529.9848809866825,104.94790786326689,133.25810612074397
657.7354700812465,529.0167421642311,105.12376767902623,133.3393305792301
656.9421047653033,529.2237855271981,105.0709936398159,132.95513155188706
658.083611415583,529.2579506152807,104.83659937116252,133.29859574017397
656.8008538049555,528.8644964814014,105.1570591553295,133.29761762678342
657.5218217511433,528.8084638927891,105.03150960500255,133.29426067437694
656.9413019462384,528.4332138188582,105.14439295336847,133.1503398408316
657.6547400521581,528.206785378199,105.06840475536859,133.29309127914925
657.0289534759409,528.7503369628477,105.20747437920828,133.0057130463372
657.290692413131,529.0126783231601,105.2008544865098,132.88924659353648
657.416155604382,529.0332217537369,105.22170042904668,132.97042212085066
657.4151812413888,527.8430781302299,105.39190685344971,133.09326713191805
656.5050491071963,527.7886197718947,105.53619603752978,133.06437859532105
657.0731711949566,528.0383091162225,105.55824200979077,133.01037862742578
657.6392718549106,528.0564707933839,105.61082736724322,132.96958401530827
