1215.5,240.5,29,36
1210.2559381841784,238.1786856252903,29.49728939549839,35.006662448455025
1208.3377670949524,238.8279307004865,29.79098087433464,34.941201782811504
1205.8361976053895,238.73112867783897,30.834288138830228,34.16708394862429
1205.6996178550912,239.39684387464752,30.74869637223213,33.68316180667423
1204.0042528558274,239.6039213902661,31.722330232759294,33.01145674449031
1201.546609303881,239.24398371648783,32.1513779033636,32.58665469145784
1198.9596419431145,239.72277656164837,32.963533411944624,32.129722804485326
1196.9734418359749,239.70111763814847,33.40606478505296,31.696460359498623
1193.2503719492058,239.67954163480914,33.99101948473845,30.790775205113142
1190.1993905637592,240.4401515775363,34.571693383866716,30.61474572550444
1190.2075799538372,240.52774392554804,34.2913602324965,30.778939177798375
1188.318988260246,240.54417497430424,34.628070301579015,30.570360769546433
1183.9059685373218,240.6883608008736,34.53132494212983,30.458817172981583
1181.7440217576434,240.67029432409294,34.56191310445283,30.236981820001468
1180.0092748784164,240.96510053471047,34.60276816623622,30.684227599793317
1178.462566450671,240.73957337082956,34.524985938399055,30.27126825568012
1176.086804130056,240.48435325815774,34.400828702492795,30.1395716688137
1173.6265224014312,239.98750118012072,34.07560644654638,29.83584793220281
1173.0716329569525,240.08484623729774,34.043830026208205,30.100472372778487
1171.2996670543077,239.64985876390796,34.193463516449185,30.06531878094951
1171.2214802991607,239.35655406554835,33.92215346470326,30.04736714680398
1167.5925306860327,239.44065839481448,34.209330015635715,29.664513653872547
1166.5530357587734,239.21348431648622,33.708877845923546,30.039621026479985
1163.1741376242978,239.13726385337384,33.89632537525062,29.816277704591155
1161.4384086560121,238.70731453411574,33.68604493520427,29.492665920400725
1162.36625481432,239.4349314789477,33.6767972253699,29.784984187185167
1160.4562621773543,239.16032174521735,33.881446796404624,30.164615386842684
1159.1097155469151,238.2928906659493,33.956595816713005,30.436308089850513
1156.3061840797068,237.82534175414602,33.961719072937896,30.316932513341094
1155.387366922214,238.51092521489932,34.2942194014505,30.22114739534709
1154.680497277623,238.7606442225565,34.60422872732924,30.1051479970238
1151.3754394193627,238.506622129489,34.38111967044327,30.059737068794163
1150.3733636838392,237.43425833542022,33.72706348653716,30.358193738085582
1149.1811976578497,237.12440083658188,33.59498685664666,30.514198904524445
1148.0182422201158,237.83539643016272,33.440730104779995,30.77155201381815
1147.6542979307826,237.4908581083667,32.976398830045206,31.039731799433326
1144.2273558014285,237.00743259658847,32.95564071662214,30.73251732845239
1141.6425842087592,236.77640965008936,32.92380126493671,30.23159552764494
1141.1118212902243,236.7446964074055,33.49509299522731,29.773305835549106
1138.6015558519327,236.458925649719,33.496039216048764,29.4928770359426
1139.3162678910385,236.4188190851076,33.348348054669195,29.586287745517797
1136.8690562621944,236.4517378674836,33.39745442545561,29.088540351387685
1133.3085725762924,236.8455295989961,33.795226244433564,28.789747251436005
1130.4105611107368,236.9509649909285,34.210616775032086,28.464226992950362
1129.5067465620098,236.3306894920816,34.11833673380649,28.38322845584652
1130.4782698701417,235.74710735279334,33.34024823693536,28.921597825899468
1128.376708906261,236.17244194959318,33.24428311711975,28.999712883512846
1126.2732923392032,235.47323202771219,32.88011519837903,29.002347395548767
1125.6590653295123,235.17465873784582,32.58507270916232,29.718688065647903
1122.8720382860968,234.70146082600877,32.42356828616686,29.76286071951838
1123.28800052061,234.15919322229567,32.302399344159966,29.75724235200102
1120.3184873116272,234.13094645620077,32.62223220820091,29.33511821603892
1120.357386627616,234.50837961478334,32.45049298292069,29.669255700219654
1116.8548698144525,234.24142653248668,32.04385449392224,29.746379613216476
1117.0591927405162,232.99392657824438,31.625363375675803,29.845039389941476
1116.7417818223932,233.23213632380651,31.36242446305877,30.17425749685493
1116.2229535138467,233.36039134369466,31.11481325025672,30.5589581323182
1114.8946516839444,233.17158917771727,31.142852552303978,30.75300346378088
1111.7350967630698,232.54165764572204,30.919541529947658,30.323037178253507
1110.8319283711658,231.80385603263537,30.28857405540928,30.727988753998098
1110.7611268269038,231.839513503014,30.25883687210275,30.50468545593531
1109.3262907711226,231.36256560376785,30.340642629676523,30.491818830912287
1107.2151681767077,232.17455404676932,30.2929431506902,30.430122599816563
1105.230242174364,231.49344696097245,30.497646277279934,30.650061676424357
1103.0028590087204,231.59998035175298,31.026764634552737,30.661535933138055
1102.6014903889468,232.07213178539266,30.74368751729601,30.640535060659268
1101.53077993506,231.24665277831488,30.149875356603594,30.851506607453384
1099.9691513799999,230.58923872839344,30.075896405627518,31.029792029416893
1098.214812438266,230.04050193204046,30.445966548692702,31.023035218222727
1097.1229636119979,228.8837190057769,29.707711953609547,31.441537789690592
1097.2777858351028,229.68635241804347,29.276938463999684,31.274291432915597
1095.5200525492703,229.75439671392306,29.19471993701644,31.33902482199047
1093.5354638391689,229.85615290490495,29.39402087711673,31.374902217210213
1091.4444692085306,229.0604598167603,30.364504963756794,30.503237551214326
1089.6318125641533,228.72498793514856,30.506172336526124,30.525451870887718
1089.0089850547836,229.31565902149634,30.610129590868624,30.36517517174864
1087.7902201836946,228.95922025335256,30.503869707879044,30.37895686281378
1084.9260554128086,227.86889130900374,30.83674579658673,30.28828391807631
1082.1989087082034,227.75593039157488,30.668886400468928,29.91790729674203
1081.4607577825225,227.74325634568385,30.180962125160026,30.330419891860046
1081.7780329728016,227.79458472071536,29.793022564895367,30.343967269466365
1081.5447077310187,228.22665050755379,29.550702561343364,30.583064264820294
1079.340156558651,227.47108561224067,29.823840512462773,30.482884050258498
1077.6258237406626,226.52889854154907,30.112555396181413,29.886417270239743
1075.4593007358455,227.2570101392177,30.488649787621007,29.863432342801026
1074.4107493032875,227.41940169725035,30.499161647411718,29.989019329856546
1073.0157458347605,227.3544746275047,30.688468682885002,29.89761274289598
1071.5624342393285,226.36427241858627,30.594681316955562,29.980365011532378
1069.7251561315504,226.42872115594292,30.91399766434784,29.968523042333214
1067.472260299654,225.8951961856765,30.85261537031597,29.896093345720082
1066.8929426234808,226.4802094457659,31.15177773262616,29.432222542914204
1066.4143227054194,226.04348687375096,30.282823163193548,29.641559172158306
1065.3236655929165,225.5715360163605,29.843549085586915,30.11998663900676
1063.1312667623602,225.2993309128866,29.704887312190237,29.894206785815868
1062.2056949584496,225.73185213256875,29.558980634671954,30.064597042794038
1061.8606025631673,225.0809623583516,29.27619911187476,29.92378349354157
1060.4316210042869,224.2495993751351,29.581743282415438,30.005026930334378
1057.0110745169845,225.07578943039007,29.955101920167316,29.615147225136035
1054.3682730370128,224.56981567464257,29.97749935185144,29.14628147178422
1054.6744787044727,223.94576114197065,29.164747447912532,29.495260311946495
1055.0097416843503,224.18031627212767,28.94323040000502,29.336368266621147
1052.248586113218,224.95194718241893,28.860101879336707,29.291584262620354
1050.2795109080453,224.41058293500674,28.964420979409528,28.9260994185928
1049.302021199215,224.5192958086444,28.821466151006987,29.145599678588315
1048.6644116650682,223.3898114417935,28.393094349397114,29.42258260487127
1048.4296433648913,223.77299161431213,28.432834760681175,29.357956266238894
1046.2455689048807,223.7590265005909,28.667804016090436,29.546984869597843
1045.0377591955398,223.1048434761195,28.663645087756983,29.73784405685391
1043.5470646557335,223.05969407425692,29.240144106944463,29.43412215416388
1041.262695469413,222.8461046629141,29.506444220460622,29.452351124859817
1039.967695263249,223.22946519182602,29.784352090140437,29.203063710376995
1038.7775284148584,223.3037342349403,30.07564860697493,28.957112128965463
1037.221936101968,222.98107514056824,30.42425617587105,29.058167193243655
1035.594742439571,221.94544492817525,30.02523616538318,29.636978096011212
1031.903635042303,222.13538783295152,29.962630555866582,29.299325850418242
1032.276800337892,222.7244968279149,30.267117692731297,28.792771860048994
1032.1079633579554,221.7199598731285,29.68526692335255,28.862294773795114
1031.0561455908382,221.9132883413094,29.32706874214803,29.20382563688702
1029.2521610279102,220.63462268590894,29.020285861473255,29.565858037546924
1027.5447470717488,221.1975973217198,29.0150540928577,29.815390133036413
1026.5819636419965,220.49495737665933,28.895342880005202,29.483885803415532
1025.139138949506,221.11470020237556,29.267968411684016,28.954944142118304
1023.9471504664757,220.6588921526908,28.87759425774958,29.428986093309693
1022.0130619117299,219.98515938792616,28.880945880104186,29.90624508797643
1020.5302305281955,219.7210506886941,29.279165276354064,29.55533462637129
1019.7480305846509,220.49146506363175,29.325156030485793,29.334548844292314
1019.1092790464625,220.52738168864403,29.729522169244223,28.793956534361744
1017.4507537348254,219.9073175459341,29.912116634834042,28.77191986941085
1014.8135700573248,220.15794198193146,29.68143857586429,28.691875355755418
1012.3283114821284,219.18307989011177,29.349259021392854,28.720681074734138
1012.1526540868864,219.57443630684952,29.36281771455986,28.828476535364167
1012.5240604809181,219.76091658242814,29.4102635725078,28.41593453264192
1010.8182047246648,218.97837171239155,29.016619059318565,28.803336508547297
1009.4813968083835,219.2217858042546,28.67414926718658,29.077824028213254
1007.5613796838779,217.86755877927706,28.418661112480606,29.291270801633303
1007.0674735242134,217.50887614974104,28.106006298287625,29.479746225824506
1006.2945389393772,217.84611260521487,28.1571228224676,29.700669666691113
1004.2942517655346,217.0609521202867,28.356260269060208,29.59113755484429
1002.113555078775,217.49582874156326,28.432457338258025,29.501731123108854
1000.0226952609212,216.92652326288678,28.249810919430722,29.39013310657723
999.7354831980304,217.07709002547364,28.236456417340015,29.223455903000605
998.5716415577301,216.44008117784765,27.796063754947156,29.623895586262996
997.8678285263486,217.17846488482567,27.630239371581403,29.630655117421085
995.415603959035,216.89730458724776,27.906600985609217,29.41409291104418
993.4454271978153,216.43948082796538,28.19103400252495,29.007259035794853
993.4843473115061,217.0135632634456,28.410505826201266,28.759313784108524
991.2803693573736,216.25965838525846,28.794443446807442,28.706480582795443
987.9138747164689,215.69654274646663,28.586145211069308,28.597899600705013
987.0260207076889,216.54057760808467,28.276627169669418,28.779258988949692
985.4645010095164,216.2889702313337,28.79272558128833,28.780472754921853
985.0716318686968,215.87369478882786,28.7922762141544,28.576320742861704
984.0723270522683,215.5211610998973,28.91333667556361,28.449152426791212
982.5285173863612,216.08080056416674,28.985435673134035,28.631898339560973
980.9513710567866,215.91743328859084,29.28103592467528,28.194039170276646
978.4554025996389,215.3356616316315,29.467231052013823,28.223681603381735
978.4772474993717,216.2418725604319,29.524025765294425,28.07545838278963
975.8199014502014,216.13977867412927,29.50942365892321,27.71571999505931
975.3850891281676,215.98410965172135,29.494880393368657,27.770360742778927
972.9914355784005,215.378318090785,29.901469261701767,27.707184929676913
970.7168666051249,215.53907377385497,29.48674097442717,27.738340150174533
971.2760823601432,215.0313640241314,29.037175681526968,27.857935574876507
969.0106283594748,215.0432131462051,29.050510326235404,27.640869760090432
968.1751042175642,214.1549958769088,28.766540685747707,28.128956458373843
965.3786267224037,214.89506310765495,28.655879533795684,27.875109600259847
964.1045170585309,214.29116354716103,28.430828731384057,28.08833554534054
964.6921800231117,214.90335707970192,28.283910614340876,28.087633625636876
962.3048784405607,214.70952590948392,28.248591084282843,27.793740933342786
960.082743464199,214.19547278644825,28.029774145832043,27.77934310722481
959.5580972965863,213.5923616912172,27.842459525529158,27.9282472062944
958.4979542149962,213.05641468041483,27.2479100449412,28.393974447904128
957.8560745956623,213.5563356609158,27.2121730096145,28.442897669397304
957.0156230995786,213.17569489034128,26.718410550731917,28.588733119848158
955.7912752151288,212.47716568166186,26.696931768621482,28.9667061299499
954.1289769394293,212.59028786396732,27.27119787186973,28.819765111913267
951.7626422741029,211.69824848225963,27.540872150185088,28.936245270172734
950.445519435086,212.67631238131054,27.512768127291025,28.96833089198513
949.0381757570026,212.74915777798722,27.718965970060687,28.45026917010587
946.1851848481375,213.34569351299075,27.854909945993967,28.094537518576452
945.8995943589894,212.94789921652102,27.913273124245222,28.018874111184033
943.3403885687433,212.63086813945802,27.51937896819561,28.00558285458917
943.3336846537494,212.63929833470138,27.448360112015628,27.937109475988134
942.0180934213064,212.34749082328676,27.29601877891278,28.393898555228112
940.4613120456352,211.2755826406092,27.031112778347875,28.758789620938778
939.0715794901992,211.44157095298473,27.460312147871818,28.68804614714673
937.7673700045825,212.0845758376976,27.209774066874047,29.101705738835506
936.7466247370854,211.75853426584078,27.03539159886241,29.064226204212048
935.0723070278756,211.1726478711361,27.166586650537013,28.882479077086977
933.6390398210823,211.88403999283565,27.1097907571167,29.352471203736417
931.7037650862179,211.33018693769714,27.359301074700088,29.13496507379434
929.9482976705144,210.89953315592683,27.809410319788107,28.958499862638575
929.1295140799898,211.74613397372065,27.958288435857963,28.71229205487078
927.2229938705294,211.29669839098028,28.37487285158953,28.503397426551164
925.7199051502838,210.56766837614572,28.32760209185492,28.667183006871802
924.1699845176503,211.7702645504447,28.201330276143608,28.5295923867132
922.2682181354949,211.0307152141326,28.019639508731515,28.54805563567706
921.8072295641831,211.75544078982054,27.763489004908624,28.3782748420054
918.6474953018309,212.19010332721385,27.888129019328638,28.054615806208787
917.794897189363,211.05457549931313,27.512647496537937,28.15628459830176
916.617892029736,211.35922876384856,27.40521176896281,28.47041316120324
914.7750977472723,210.4356414450024,27.530925799283224,28.53004474050018
913.9319334804841,211.70792245006172,27.465897492726114,28.20227459859139
912.1744473185113,210.63390717996623,27.317597912679933,28.46882361050017
910.9332815563155,210.79414670538895,27.426149901778096,28.770913107380387
909.1890944595469,210.45795610160343,27.747430818337477,28.792046694368878
907.6479689438586,210.3804490349946,27.98382303738206,28.47739732680069
906.7072165856307,210.81221545749247,28.261325397308678,28.274472654221626
905.9445398415468,210.54831233109945,27.703737830178717,28.436331988281708
904.1352796792457,210.773291996403,27.826942841441337,28.440030910629126
902.5419428717038,211.0081945760976,27.855209722058774,28.294832348663455
899.717306822513,210.63821221682514,27.54030325827592,27.993989939255783
900.2439650000874,210.9622161387031,27.36801919120171,27.800713530083566
898.9548741334629,211.52914911509,27.852825956875563,27.681428065514694
895.9209840575261,211.21484477188977,27.516160937393025,27.69466463058111
895.2817842894407,210.0091949182864,27.36516289055622,27.808786069355214
893.3023391310322,211.26346278513418,27.37180558774415,27.713026090588258
892.6745495472396,210.42854625266892,27.065497848705448,27.520580932481018
892.0682254370366,210.47935583084922,27.21977869755225,27.54797759435871
888.8399244341311,211.3020145369535,27.090131828698944,27.41169350448446
887.8657135071551,210.1475518455854,26.95745321878384,27.620210809980595
885.3167838429869,211.79700632793654,27.151256951722452,27.646021512713066
885.8840760015194,210.65507880921666,26.937778555925867,27.409156306698833
884.7851729747747,210.69701782978,26.916064278986184,27.420385321772628
882.9033782628079,210.62452787249498,26.942775784676407,27.483223993421365
881.6311131471917,210.407714200485,26.95467414182416,27.483782823571055
877.6058534535478,210.47567866210838,27.08703738210896,27.30088019130728
877.5039042618356,210.56106891213332,27.067867125897134,27.226000428006543
876.5535258144145,210.14785949872174,27.3693425904951,27.25428665642961
875.3684463799884,210.25905245365286,27.262954218136173,27.373801452858558
871.9179170199465,210.45989369824332,27.18226626463608,27.305106838423963
870.8582542510441,209.69869240120298,26.86730926116595,27.733943134019853
870.6035493515835,209.74663567878608,26.767569365644157,27.626512580358884
869.5257334886439,210.22973126859353,27.087465770478552,27.693755553347145
867.5966607050464,210.28940478606012,27.23364076997051,27.30178995643088
863.8748056790942,210.9945214611438,27.213015857122553,27.16596458908974
861.9250720470562,210.28702855377557,27.825651742261705,26.995413208620498
860.9974628932797,210.37865859577704,28.350005501131545,26.544177675055508
860.8070468927685,209.85005891997238,27.966645993860705,26.758887784111085
857.7941174700352,210.7984188788933,27.822672609713212,26.807807118931937
855.6070878262437,210.5648495999763,27.437034460009826,26.871060878477557
853.9967441662628,209.62400577048666,27.343889973788798,27.219609070217484
853.8694958603985,210.14599074129646,27.85576781610997,26.732509589108133
852.8029814073648,209.99446785049602,27.801328908685615,26.926257648130953
849.462574446965,210.94634232185663,27.707655334062796,26.89470561817526
847.8420998179214,210.35104303039287,27.704125651186445,27.20251882121611
846.2252966030292,209.824861583351,28.01203594640362,27.186862205984347
845.5875478521464,210.23479986398664,28.547891662547606,26.75775324882574
844.4421616891239,210.10967971284902,28.65480797815548,26.679522188510198
843.3078632638924,209.95727960606746,29.16146554143272,26.289735767437385
838.8295370493371,209.71564221738217,28.77808539302878,26.821100730778042
838.8805817772765,210.3095833194433,28.864773830931597,26.554168641382798
837.2249882984927,209.49610016250602,28.596065768968025,27.005039111942203
834.8179844544447,209.88387964240437,28.46120756656102,26.753306930080534
831.2906094624575,209.68146818622387,28.522828297147868,26.56260112063216
830.1823666191361,210.1511780252026,28.273145341746563,26.847044448312847
829.6787565132887,209.6975583410781,28.018806424680275,26.82888999675287
828.381889487757,209.66404719740407,28.168056241887385,26.900802479660634
827.4020835959283,208.68444536728703,27.878183724931347,26.989613698145135
823.828018275931,209.87328102248537,28.143706904904093,26.859831191230494
822.7424444809149,209.1161054533619,27.771310440904962,27.29906486064351
822.2223355379366,209.63163227189102,28.21701806961743,26.715060513527064
820.5756554738099,209.2200894991936,27.917549208841923,26.899130920772706
818.5621505565288,208.37848239252293,27.647158568855644,27.1061674417007
815.5074217831901,209.21677155942507,27.664659500084937,26.892025187875337
813.6048040116649,209.3383337508191,27.848661341429505,27.147768287034246
812.5874160141684,209.22714291573783,27.949593008495953,27.120809870021404
811.4455696616732,209.41913657484247,28.151167440705038,27.1508905950441
810.1355680314614,209.71277678064507,28.25415071402214,26.909872072181294
807.3723259868854,208.57580599244176,28.176407737134316,26.93787105596708
805.5885332034833,208.0799126880975,28.037094137831204,26.877054181455534
804.3193655841425,208.45165464348355,28.131311830431244,26.963744359161545
802.3158969473865,209.49458570181292,28.707716648498952,26.62022089988193
800.4532441416262,209.62249368601522,28.85695171291559,26.449463322571532
797.1347311461263,209.79482369578446,29.042247929440286,26.201241904646107
795.9420820045783,209.62898286384612,28.870735118252348,26.41716342840183
795.7557941615448,209.67005407349265,28.93055685873007,26.146961053273408
793.8620360582452,209.1958242975309,28.768600161124233,26.19489044572348
790.7489528805081,210.01170421035016,28.782014174374144,26.23504472073195
790.152581382869,209.7548678555181,28.419682120252077,26.233189168734526
788.8077251252527,208.63214019642632,28.05141338281439,26.287285682215348
788.0182182772064,209.6476868311072,27.990133003894776,26.180158820629448
786.6177482909043,208.9213852065959,27.751434695630476,26.03418540472743
785.1971170129068,208.69353015711732,27.656408656425732,26.48488629674138
782.6071710189489,209.0151243394454,27.931896480981003,26.33197122891822
780.6868206150237,208.43346608347753,27.714609598859443,26.151563013223388
779.7363939923805,208.50346478537708,27.635718171370662,26.227683617322615
778.5110777364039,208.23926968087468,27.59500551616391,26.43437739588269
776.7164044830639,209.24867073962767,27.776077372269963,26.453778517817614
774.6573487300548,208.64105519096915,27.408080575218168,26.344675112914523
773.144871573604,208.61455975367332,27.365773192258075,26.275526451661833
772.1834224427911,209.43518749718095,27.4639952978399,26.25047689535642
769.1994945023914,208.82122360558128,27.245978623860175,26.17238263055924
768.0949515166835,209.42060741540615,27.172116578155453,26.572059949569145
765.583157507859,208.47138491288877,26.88147701478026,26.754804209021387
763.3985173396916,208.63912891423303,27.075693741038428,26.830016914960545
762.6315785181009,208.5874065261594,27.052812980441544,26.689498687949214
762.1523551815285,208.59263800711662,26.86723814250849,26.591275530898713
760.3049373574206,208.7765823511168,26.91339644163378,26.497035700968727
757.9614336215495,208.28395526914562,26.866366990921147,26.27230627764606
754.2942216564014,209.53530569909674,26.660555878645184,26.284550209537635
753.9621761794601,208.77660839377663,26.335262300553126,26.12612184692656
752.3327951690101,209.13698189562805,26.592807909862614,26.21542676125349
750.9020295107874,209.10207125592697,26.509324987950315,26.300060677776123
748.4867650860866,208.7705956623809,26.621269776682933,26.402089421001477
746.7524406688408,208.51403551040607,26.678441045409308,26.2005591536049
745.8800854562213,208.5573506965327,26.831369019972286,26.033206121525357
743.3220473897156,208.84216159802835,26.84384989617819,25.981450393572977
741.7674270974588,208.56432432234823,26.748173765069822,26.241614295252106
740.2993960783074,208.21538207614967,26.451128713376427,26.399647122152423
736.3828449594569,209.28030501908358,26.523056749112058,26.413056708467824
736.1604059225975,209.27224536626423,26.65952820161297,26.142833572070877
734.7751497222706,209.14360903471058,26.82484937149288,26.143937929304286
732.4427212457024,208.54196765736143,26.98602037339643,26.59718271584385
730.3296625162969,208.69988663162633,27.391469850106034,26.543774064284413
727.7649214134033,208.27832621666425,27.40468389793425,26.54364652689901
727.0305086334148,208.4087847944452,27.78968816121943,25.977854742554847
722.9761850600383,209.8757067783516,28.161671489612953,25.99044551099387
721.7700556350748,209.38349102143064,28.012521819795236,25.91619756335659
720.0837441205038,209.49036040414012,28.18031563293391,25.792765728181593
718.2632053264135,209.51320345908465,28.339660852644926,25.71835999192545
717.9529020176922,209.65127795474626,28.6036253132484,25.347439242880323
715.7099710658588,209.62831860643618,28.53078045650875,25.406888039264963
714.2536093946933,209.51772388989139,28.38014692246635,25.519115510191117
711.5798237282463,209.25450150907892,28.555551431019566,25.346585781650322
709.6181302531002,209.0291206673285,28.34820489132146,25.246013739698764
709.3066270356883,209.4272476154633,28.253603351139184,25.13872200497012
706.1878600746635,209.58742598711743,28.10462404000388,25.153475777017924
703.3292909301254,209.36137869809608,28.085302597024615,25.04394368231589
702.617629109172,209.10928275121967,27.818861262429927,25.205954072295974
699.1543556079289,208.75299411710697,27.429989067833517,25.318741244238417
698.866439387174,209.46515981268786,27.54736684082153,25.35335548505753
697.838328307709,208.93259648243358,27.158151329997274,25.636440834302068
696.5485339703823,208.43803510015294,26.872453177563308,25.91264245628517
693.3869527623899,209.2191835448089,26.987796608562917,25.871077016100465
692.6170331797998,208.57761349104084,26.605824669922164,26.017689704546314
693.064509693746,208.44920339451517,25.95451424042038,26.062158977754976
689.6219354376497,209.05581854800153,25.936638555988438,25.943507771391083
687.9614513060102,208.16008478529457,25.79755409061437,26.182930547545013
684.6685044047439,208.29367434810825,25.79542709160275,26.172263288963997
683.0490332343235,208.0035826106218,25.737955295556944,26.57698120993796
683.0966910062328,207.76637511071172,26.148280377691787,26.105512220424032
681.0138306334051,208.47574919872304,26.065454999842807,26.16884498083327
679.1746935523693,207.53082753270436,26.243002462085222,26.200783759457224
677.268226130515,207.24244943195038,26.04855348239905,26.565944082960215
674.024213422439,207.82440433844573,26.023938899161557,26.428755866687315
674.2895123735864,207.2408817740345,25.957303253775095,26.184921502750054
672.6323569088003,207.60538265311183,26.235787500302784,26.100020708664793
670.249323854276,207.25216834979557,26.411317014960545,26.230286142575427
668.4459679894061,206.88909160123865,26.504884728434444,26.146111513735622
666.2761982665891,207.20403612759182,26.580119059322502,26.174280806347088
665.0985732075641,207.4269722167328,26.567545576603454,25.813447826463772
663.6959132136931,206.44958490419714,26.319637662886528,25.942699671116664
662.1990202756167,206.56070898734754,26.147024060127055,25.954195246924176
660.8527109381599,206.12339065350636,25.786982985055722,26.01381039971397
658.5521298105643,205.64541711591835,25.68356159537997,26.189736403455978
657.3827508496088,205.65113599830042,26.17334445492099,25.800351338019315
655.5331219091994,205.74884002738787,26.3968974273687,25.860430453640106
653.6169780970233,205.82109705230698,26.190133518975518,26.369699546368565
651.4495514667647,204.95267738776326,26.426140343945953,26.36625955855386
649.3817438882116,205.1147652131421,26.461747013350635,26.459164310170426
648.2918540656045,205.41280789408975,26.761051852732777,26.290545310989895
645.8603246890457,204.86642813630203,26.88686790718119,26.11636208707864
643.69860880648,204.99992176667928,26.825169266886363,26.10105651177186
641.5942887246207,205.3067299079653,27.14543748617764,25.916514099381878
639.2513523516755,205.17692929261,27.079793889905034,26.151835093058487
638.5240242045562,205.24563867399408,27.422761689461158,25.614969097805485
637.0206867218519,204.78501482675463,27.03800436956087,26.00656062048569
635.0052912812012,204.11516434512174,26.874764012306507,25.84525378841758
633.4845200713681,203.9238989787525,26.631070788585767,26.176568604284064
629.8329758791212,204.35221349221945,26.719254864760348,26.31449290491058
630.1355851965752,204.1094580730922,26.80972429871927,26.143173611157483
628.1186931194184,204.4179937608632,26.77903673138379,26.366757264435556
626.291957641286,203.33336612994015,26.381505662044148,26.869476195104887
623.9891160885154,204.3769459679336,26.77314085880254,26.8160117400652
619.9018513715831,204.41110293176095,26.827244114688547,26.545462992879074
619.1699283999912,204.70503066627495,26.986393974803313,26.16562020903082
618.4785357827316,203.97939590944435,27.065628727526487,25.821373112546436
617.7280591032959,203.73951403845763,26.70131993563345,25.871160033574128
615.2564582274811,203.13723429390873,26.51037499689428,26.093240606026875
612.7648298044039,202.6920114246728,26.803084376770585,25.942039148682678
612.6535224370278,202.98250816395444,26.768826159538335,25.88512171467893
610.1904436889404,203.58442456160734,26.664317304394864,26.027128062172473
608.202999916503,203.05949342174742,26.453974117305556,26.30796316837317
606.4807732377075,203.17835738753223,26.592416513364107,26.12006873197342
604.5368866603458,202.35192246462293,26.32822548046544,26.24099275316894
603.5264046458713,202.7413682979234,26.518178094886377,25.987336918305516
601.5916576203947,202.80312082371336,26.403670509334464,26.340519894107494
598.7598256760839,202.15504431036175,26.64116690985795,26.395924872982057
596.7720236951507,202.7414014700966,26.704670079793118,26.3945863050077
594.7680988263755,202.0872864056333,26.57109706877786,26.559079952267716
593.7560833676173,202.53862861391906,26.626127169949182,26.432534318197433
592.3976759411844,201.56578233515043,26.431201004519593,26.663622021150935
589.8140897237278,201.42243375458608,26.39792301905319,26.832413684728692
587.2935119482079,201.9202525539804,26.53330540725125,26.58632106408183
585.3022321186697,201.47753542247793,26.48772642878468,26.68963021169217
584.4402831270928,201.36141696896914,26.69241502702046,26.323247955673423
582.5495817888858,200.81421588917567,26.771875021168068,26.15360141969608
580.8465132341076,200.90372029574343,26.60105919645927,26.351246099011263
579.0551179185344,201.10444088828635,26.35999919589203,26.227081608700054
577.7418379709112,200.32989387090933,25.981563268231874,26.426110888968005
576.9753721568896,200.90692974649102,26.154835582119297,26.317235194170642
574.9002753329471,200.1204543102185,26.09433110225794,26.408821339695425
572.8390583303743,200.39382421022748,26.184045495281886,26.327488166140355
570.6774334355963,200.0926214092554,26.17491928157248,26.1709514620428
568.715436079931,199.82339238683198,26.00636848356472,26.00534698543195
567.6251152356217,200.13737510800968,25.905379894549654,25.845823476470052
566.4636353694623,199.32675598934856,25.37723274477323,26.13771481857438
564.8916293767849,199.32913513355973,25.280976976526922,25.95989051014014
562.6574174188046,199.7036503335397,25.144688883057686,26.099673128979006
560.5466767662526,198.6711561683881,24.9002063476768,26.37196867878756
559.3399011604902,199.191744096191,25.16931023254172,26.292841830597524
557.6170894620525,199.26138537451828,25.045075555228703,26.321889555915874
555.150273877787,198.7022815978487,24.648295766423438,26.418713227686084
553.5451918682644,198.5453251423677,24.345149591452984,26.665586417934065
550.9886123333868,198.03527867815967,24.276294195876332,26.685237318304416
549.8941099092974,199.04133306218503,24.73206988374612,26.499338929854197
549.5594483072622,198.8002013777999,24.588869484377362,26.400375353701072
547.1512001211357,198.54004130483236,24.73362198684867,26.236109749533156
544.1842822139561,197.70003956312416,25.02190516601503,25.61229715285615
540.3108588354678,198.90962337141983,24.95837575569424,25.761826988809993
540.7771509249271,199.03812496212683,24.81555735197925,25.607510123170925
539.2726309208167,198.51304830448194,24.396526815003615,25.95414767040958
536.3801392347622,198.8345829344143,24.5316436061497,25.95780847589058
533.3348596055479,198.65490411685852,24.783921709945684,25.652807912359464
531.8189904751292,197.82475504118284,25.00185701324804,25.381398085462177
531.0875325341175,198.23011529666385,25.266759351188966,25.193823035582618
529.5460268053201,197.89988129541146,25.156262899008837,25.272680835298083
525.6481528357618,197.7484700301182,24.889283863638127,25.338749917040698
524.1428505544067,197.95840803343233,25.06017699865985,25.503241364464394
522.8591517206632,197.0817028154887,24.4699952441497,25.777270477490873
522.0181202309786,197.10511432921948,24.492045859131416,25.708336911472173
519.6252249530702,196.6367797505289,23.813877197876792,26.33759392133142
518.3360715123306,195.80734203031497,23.519218981928475,26.514584763027244
516.5762095762025,196.06094712130422,23.475207369107828,26.71460926170134
514.2117285565927,196.45405703001296,23.890742436891948,26.483576788834938
513.3200247642982,195.6592930616977,23.850090892719635,26.473894582376204
510.8352448973878,195.86662178148126,24.051220393538713,26.448161652095976
509.385185286225,195.43562440763085,24.06202091125915,26.040329510758696
507.31471990275475,196.0282794059094,24.35745573894491,25.847923581241098
503.4797603282686,195.8357315956809,23.958171511147224,26.129756963493627
503.4424060820585,195.78293977809653,23.808089758272956,26.020185861428203
501.5173008628215,195.1718927102487,23.82478336058042,25.923941364540283
497.89621753521743,194.78194865208656,23.708879642253457,25.91500033304884
496.68033604329503,195.31217336319,23.485726578048357,26.556780053031012
495.0131067592634,194.11643522619897,23.559889516610234,26.148351265291232
494.6296985384546,194.38737848453917,23.727432276587194,26.047987704505296
493.06393058644255,194.16436158884176,23.448223513558148,25.988972207627256
489.19312119654523,194.45585311343996,22.85949046382389,26.70101939467508
487.18539662976684,193.9864475780651,22.985929406416986,26.89563858043025
485.3651439902293,193.26325905082788,23.056460739874424,26.82060445440851
484.52849304869284,193.85964024086977,23.568950721854726,26.639789467742126
482.50759430041404,193.75085434275252,23.571152614469504,26.689997620330345
480.4158379745121,193.7644332709315,23.74914969086445,26.60692047810877
478.1704334577586,193.28782837885475,23.75411029755265,26.34599163520992
474.347991590448,193.6633087290296,23.76808601978371,26.492613406230912
474.526002790462,193.1237503139398,23.812826177739154,26.32178733766021
472.7909829983547,193.38970205766773,24.0388653270782,26.462200401412886
470.9959791842771,193.2885708666321,24.07301625052148,26.24597958579504
468.55853284048095,193.33254244599365,24.088209212009,26.06827684628097
464.2134258122663,193.23256647155858,24.450243909002364,26.099425669531247
463.7672316548742,192.80584827950668,24.650082101048643,26.28758260560266
462.22075413172774,193.07586327818652,25.067129773913123,25.97228415786363
460.9107663446649,192.63257405423286,25.219575574326615,25.584522095402587
457.7248641488041,192.5959521661523,24.943885649947227,25.68797288527503
454.27494043870627,192.61964761065335,24.826440570600596,25.710130640398393
454.5128143016907,192.71071576033327,25.184674954655268,25.415252460919717
451.8820479988046,192.80848036652293,25.09906247986113,25.257484303473476
450.8444927119282,193.31457822685658,24.758948978296587,25.830943795208523
449.4844870055745,192.22906206448494,24.58971893401836,25.49482284732303
445.76400652991697,192.27992597910102,24.63373536247581,25.40249555998495
446.28609503091525,192.40193113943832,24.36605596294197,25.429104452891448
444.7119673975222,191.1813821895909,24.092489158652693,25.63086824614101
441.8230898040214,192.4679557411991,23.691289267529292,25.757628207362448
439.4747786053902,191.43954024958896,23.752649652309945,25.377944097732993
437.6574992929161,191.72196561022616,23.35726195004872,25.42217273742053
436.423746581821,191.5688375179725,23.65682294093398,24.998042187919054
435.34840366257095,190.56024605123176,23.424979043868888,25.241212674997033
431.53925057577555,190.74123692038685,23.632624950583427,25.320874979417184
429.4218556471176,190.82825774109276,23.723189687355003,25.33819270895225
427.2228093625609,191.32533917909902,23.619527972563304,25.490315605263312
427.39000040977544,190.69996677435174,23.022866248426958,25.67741457506674
426.54806706221643,190.2989457630253,22.66010470677424,26.17271550909084
424.38344955067095,189.65147465851393,22.73978891046825,26.05367747252337
421.12232511101837,190.37928288377054,22.674568211984145,26.140357312407808
418.8846807648524,189.43794551147798,22.561715939808032,26.01199828357069
418.35117145789866,189.8262973058466,22.525460208317497,26.113114411763853
416.16990530477983,189.71024243938896,22.627636565153402,26.419775659960305
414.3906845687628,188.93608596730286,22.35258718864607,26.5769134532612
412.08264210876683,188.57724318919094,22.396973443019228,26.340958786935623
408.247481855683,189.2596942575313,22.571187324583548,26.661359027002028
407.8658546739592,188.19010470623766,22.554367508858704,26.656998939296933
405.90785643359277,188.2719807927793,22.948320999860684,26.352298112992578
404.41132687723405,189.36674600732076,22.824449627806374,26.583980357096884
400.5020868235728,188.2257081519865,23.483997049276777,25.750643355668224
398.1420743308707,188.85089784940948,23.635745152509454,25.733912737830334
398.4802647971137,188.10785745772225,23.008144840121556,26.049921323290654
396.86051759027583,188.90695739774114,22.954552486600605,26.01089323909793
394.1371696665614,188.78613261652777,22.219737885573604,26.408540956999303
391.91868584964055,188.19201009265413,22.45774426148084,26.185883027756883
391.0561352960386,187.71048967805174,22.71759165793801,25.976042134511353
389.5256726043632,187.37455165532387,22.665302310072327,26.00958175990791
386.55950523099386,187.49210258898773,22.678460955126447,25.931409579245745
383.821581008383,187.81715212045435,22.586450227527102,26.000762957051194
381.4574530519703,187.23074626919717,22.222419553591102,25.70276996825081
382.0486194393524,186.62510849679978,21.893186363406226,25.523979723822876
379.4890045985184,187.56871378367993,21.615841071014167,25.642704580589353
376.94592554124324,187.65707338630568,21.666806695940497,25.529087449305273
374.00315426521644,187.28719935284528,21.703448929848328,25.37691047931887
372.703078731838,186.92132679486502,21.63788382534062,25.654275500274338
372.02177281572483,186.21835056327154,21.59295891249552,25.717716190351872
369.26360857250376,187.18092980479514,21.514127868298086,25.913497438902617
367.3024180312564,185.9043262258438,21.697601852022565,25.819653262424215
364.42095577610286,185.9748177073824,21.556204214960253,25.83000731199555
361.0737141160069,185.8708944819387,21.762566979274567,25.871756986159088
361.2577580988792,186.27317589409617,21.932937301245822,25.83677685065259
359.79390151982153,185.25972698273938,21.796374479365472,26.00867930345496
357.2946636876443,185.53696969742498,21.238347801495767,26.365932388984014
355.42701091580216,184.93605554494653,21.210970907283336,26.637340056810167
351.64972358178824,184.89929062352172,21.30152913778069,26.50207663205208
351.60782982616064,184.95065237748804,21.528459423736987,26.074727632023475
350.57655805313965,185.18494140345766,21.52988269809621,25.977869476877643
347.4296087557616,185.12166791057763,21.074953358587198,26.335797178603933
344.74290547032,185.14465520977936,21.128727876095148,26.22247937498691
342.06726270015025,185.1500393118868,21.310076759482783,25.960185828307612
341.9314123612848,184.99051496081745,21.150967075112998,26.117059143302193
339.09235203660603,184.63950422329498,21.288693895124876,26.06990840765374
336.30504550921125,183.96807364272573,21.252653072656074,25.93307889782519
334.0819135389817,184.43332326255793,21.363168340629848,25.811201720367016
331.7726060659016,184.24320725307575,21.142928497056285,26.026884954836966
332.40216225714744,184.10754874943262,21.034440389772087,26.1255482572416
330.02489889294844,183.637655217414,20.86150406351302,26.18680672630812
326.57155775484443,183.76047896059814,21.10026908813414,26.426491877965148
324.39272750226394,183.04672680262664,21.253928643435554,26.48693970491735
321.0474224100625,182.704484853742,21.26878285020778,26.554455268965434
321.41312982070417,183.1407539708528,21.276753276155013,26.57795479214056
318.1227054367758,182.55560168025283,20.77643005457086,26.716454930934766
315.5839572744185,182.37965186382604,20.510340411267872,26.84506485052485
314.08226769780856,181.77405955556625,20.266153102924594,26.873157945781294
312.189504331988,181.6127997925087,20.151858314714033,26.905902338763482
311.4909647401098,181.46297835345285,20.07275432242976,26.936183303671008
309.7171739885544,181.91951005963088,19.82258606777387,26.751297915606926
305.31541710835245,181.88903011923938,20.225594762259796,26.75208172561035
303.38981162575544,181.33950505023327,20.36119665381494,26.55740696909895
301.20051707491774,182.16238437646777,20.52102001986406,26.332735343226048
301.3135272044847,181.4571907301192,20.087373447758967,26.359628974042685
298.3174051438565,180.83398915325398,20.169792244003272,26.350467914974047
295.30969065877713,181.499028596226,20.579578418599212,26.066545793060484
292.1378461521857,180.48543906317607,20.458386488483658,26.017601621550455
289.8277017786743,181.78028350816723,20.80090710043578,26.184972782532483
289.18655735145506,181.24399628735512,21.071435362413542,26.20362385570276
287.0002054010784,180.70283278442628,21.110225936903504,26.351279399978267
284.1860420513684,180.18190048109128,20.98375946920916,26.151717419543424
281.97718848982174,179.65086656648498,20.999397500505616,26.28250189399685
279.93600203690823,179.53084365560977,20.74740313109465,26.44792185857287
279.94649329527175,179.41064797390305,20.50986630046957,26.836810833270548
277.2404436419555,178.6511942693948,20.17810583918817,27.21017240202365
274.9778826356011,179.2266500468624,20.520915840178265,26.837182881352078
271.38400771833665,178.11599428116347,20.68359834530042,26.276937091201518
268.77609232693874,177.80845040320705,20.40573816053642,26.56323969587114
269.05075291890245,177.567096603745,20.24465528742291,26.690625529849214
265.98959366829183,177.59305862551278,19.944221408273005,27.044070470059246
264.2099333050311,176.6521760446475,19.92188567880087,27.41018249839749
260.38728760887324,176.4754082987849,19.90046860172572,27.684463534258228
258.84777461861313,176.72065211477346,19.853956948350117,27.928356862745588
258.50729482086933,176.70035235121384,19.833779179927003,27.96735610282505
254.7209941881721,176.63633226465527,20.054040223916363,27.690970982735067
252.2737214422711,176.25432001736817,20.024694171376407,27.504001402964604
249.69875933532617,175.93339690452476,19.957180164288427,27.608331928787983
245.922655685515,175.08283668631552,20.10438486991665,27.411488126085985
246.55188140188596,175.30589167183658,19.997512101954413,27.401497443249966
243.01426178538034,175.35246080838832,20.05918197995465,27.424232633598375
240.68656446094286,174.90603340310378,20.027254965926755,27.615057202678052
238.19713362077215,174.17026132800837,19.966581123807266,27.529144501863307
235.2823779667791,174.23373320543854,20.09311239028941,27.514462750126686
235.39347710046985,174.24338623132803,20.188564053623484,27.531280935229454
232.89902106428522,173.12790099303365,19.961415964402207,27.86304453506345
230.81896863216267,172.87608610733687,19.914875339908267,28.016704323356137
228.19782736747112,173.17124767213755,20.177890272092867,28.275010668394643
225.19998409745887,173.15264671991724,20.311492900221673,28.439704628132176
224.59090541554457,172.77351746635037,20.316738539006014,28.612195687317442
222.90124960154253,171.40555180085323,20.544699668810633,28.204409729340806
219.1871409407486,171.68464697514597,20.227698713420942,28.408441253561868
216.66221070606323,171.71014229180324,20.321028611807797,28.187308982922033
213.34187434240602,170.8476311845134,20.48347896897452,27.97248658919485
213.17430424950078,170.74811088601345,20.211698137615045,28.148251240859118
211.25881887995368,170.26836512351196,20.504232940735122,28.43329654069578
208.03880212518453,170.68682072079642,20.782850396501406,28.347620592785155
205.77541540957378,168.8338682902583,20.5808654926094,28.69659281378575
202.05748680734717,169.3152545153817,20.589033621592655,28.659267469900346
202.13441199928158,169.27161548420992,20.74503768556548,28.64641128619255
198.95952004963422,168.54200470148044,20.44444526497495,28.83216018491113
196.97625459343573,169.0398668735046,20.650756603397355,28.653755770462567
193.87308431879686,168.50465417590854,20.713797573054727,28.817889680821885
191.27011125303227,167.58287625268946,20.825709032800415,28.942329077903977
191.18925644562844,167.38205470069667,21.004250086596542,28.68284687957481
189.2884110102952,167.88284913924622,20.944320531085058,28.67362139578243
185.6762769282134,166.73722566475269,20.87588983508014,29.08755413483148
182.47280648574392,166.2776044649322,20.420047288012334,29.309690649920398
180.26663003061955,166.4562886771615,20.43550622014212,29.30331886876666
180.2808915968151,165.57256397682323,20.192540760132424,29.62153962507216
177.46308723030972,165.8427400815636,20.194305117532878,29.469386119118923
174.36864698529385,165.13884511075415,20.47325251735466,29.652434959472828
170.9325094053339,165.16295913658846,20.674821405149302,29.84553875332615
168.59178042881308,164.38883400370574,20.357864364904817,30.04012330959604
168.77068492869716,164.80944872891052,19.824929393700124,30.022464408674516
165.96006108173145,163.89581602777287,19.551966749039043,30.107464586493023
162.6976805310237,164.0230500507596,19.8160838914091,29.794753873053175
160.04558399575856,163.21492544298445,19.80782750667816,29.940558409343197
158.0182467435418,162.28999220970502,20.139953287890865,29.86159961669341
158.04621862381978,162.79287925630484,19.414570509562203,30.195270041583086
155.21310666166124,162.5270768540114,19.197482685374688,30.568631175110347
152.09135434498236,162.22826497991753,19.33874103424757,30.574163362934303
150.53146910318512,162.28913937976608,19.51356689770961,30.51345829138019
147.24891094099127,161.4182276280333,19.470079744619284,30.734143484413323
147.5793950794285,161.12837762791798,19.55794518366047,30.862410034660368
144.95452071593573,160.95993908745555,20.037885141419977,30.66523134614171
142.77148223068363,161.08868453410727,20.26168439433381,30.707539924931858
139.35408416867136,160.65481883234278,19.646533161180628,31.225958546173203
135.60678927030875,160.41772137039993,20.184782168110928,30.970776438732642
135.408728242953,160.60635328288777,20.653874449229466,30.713244867010395
133.8790926845113,160.50644547218806,20.169287037975643,31.011997306949922
130.9477208779402,159.96407157223177,19.942648956324152,31.18478951184605
128.6817082910446,159.77571716361254,20.227470780048233,30.990798577707395
125.63763881198585,159.0859067715762,20.395750328833472,31.29404423494141
126.3088879153247,158.8546708418089,20.577721616975385,31.571805144816608
122.82260670924872,158.6261825841716,20.37922585117938,31.534778036367257
119.90275140783339,159.00959953992236,20.71817065353396,31.1276649510147
117.89268841336639,159.03407335349794,20.701507702038278,31.07105541406724
115.31242990581123,158.73333600999035,20.62647717457655,31.286859677574764
115.70307124553602,158.5469735169103,20.56885275881029,31.4697574003796
113.77020947699019,158.10031050122836,21.028544925738995,31.13023943664918
111.9022896390959,157.32650085235733,21.129540298396478,31.132031226418494
110.22892232657625,157.10415664741805,20.804753259770006,31.329276407337055
106.49280787320794,157.5422337059569,20.778172828890664,31.185138257628413
106.90601272248838,157.43513801292355,20.831210292481117,31.09795759245612
104.2720966052694,157.43799446856116,20.94045030279799,31.22384887582197
101.39136075866185,157.33902097334402,21.022009905711577,31.094953528409498
99.43751208695747,157.83656035434748,21.268467625096875,30.704679937892323
97.49240975854549,157.3400551003433,21.168818422973082,30.726588565827097
97.17163105469244,157.74545163526125,20.880816182642242,30.6183970480008
95.04126991348362,157.60722449305672,20.952411496676085,30.61870393703748
93.35532348461042,157.5448034427841,21.107057821982302,30.609585447816272
91.9033481109726,157.72400885435343,21.045691081541268,30.455122735019586
89.87460340949484,157.0881951299022,21.09918029757662,30.788153458458154
89.24234114384483,156.79309421382968,20.999344377178335,31.117358740281652
87.4799280358432,156.94770078133487,21.2120127238426,30.804231819008965
86.26715056312175,156.65956558974824,21.079942852390978,30.84174094405695
85.21529251994482,156.07972336997545,21.029574256280238,30.96820151618615
82.85825168387314,156.1655848541649,21.317775019457528,30.63826216077377
83.04677305494972,156.13965817284455,21.096777460843743,30.645194345043762
81.52673247249415,156.6554336169353,21.09365169559439,30.900351096556474
79.32388401323486,155.72702975224306,21.151639435188393,31.08688826376904
78.97606966613276,155.86328176810912,21.364430541797617,30.9982945423053
77.9242398747248,155.99189400529397,21.433922834879624,31.062926298432934
78.04457375690703,155.1581117180191,21.707890275784038,31.363642761830057
77.14171759081047,155.015688878454,21.336779945623643,31.657330811433077
76.37045841956737,155.0794406629965,21.03777201819713,31.520328265245762
75.94694194943344,155.30590956285573,21.3393189255022,31.233637937694326
75.08600229927711,155.4518616556413,21.325725189048804,31.25248963081009
75.07655753474029,154.76444116559284,21.338935006422943,31.48339028135532
74.41432422435913,155.11831933650947,21.304748797061364,31.38371653200935
73.43825917775311,155.40843932038308,21.23704437184078,31.486709288928747
72.46895419864774,154.46948714940032,21.380409636295433,31.530003407124127
71.94480454775876,154.15816789476995,21.379370120476946,31.578586661925506
72.03114584651466,154.51758176287964,21.61312909229347,31.526159417897432
71.34445685370486,154.26758035622586,21.649226446847713,31.51651992821502
71.19550056716174,153.83513975975853,21.395039374796145,31.605624615679382
70.73759073764465,153.013686525707,21.140274593599003,32.139851312359156
69.69896724607199,153.77878761098717,21.8386147306979,31.843001922140903
69.12522079540412,154.14722449464577,22.432397230975425,31.61864030225032
68.46144211357766,153.82095616449934,22.745053910271658,31.40318873374524
67.72096858568312,153.44659828839605,22.602929176319194,31.576667748223684
67.36777068780285,153.89143964066454,22.92381458704331,31.31772318283926
66.0624556011215,153.78881937975564,23.26166076573131,31.121532024931426
65.9684356834517,154.25388656951708,23.84095279094554,30.59108845227421
66.08987804174653,154.3871275214162,23.83421404756147,30.50203525595639
65.06993463467204,154.3404019664707,23.360794243973636,30.76232104807361
65.10564365142099,153.45621805022756,22.84580213954525,31.252397535917197
64.3436607595306,153.4240241918904,22.888711233109966,31.123084193965365
64.2772916608809,153.5640035366855,23.002857994783213,30.88516774115032
63.674761360157056,153.61420794530935,22.966583919488347,31.030401988282335
63.60187712807509,153.81761031011536,22.873450157561848,30.908878648622
62.79431602504376,152.87637742578937,22.909667973289416,31.583120955169186
62.18884400168612,152.82902784998504,23.023874039162113,31.742105444702794
62.244692934748564,152.91244481127015,23.550894062822994,31.528877062229363
61.71260326745184,152.59436671576833,23.536528542298633,31.567098232309352
61.84620294349116,152.90561709569275,23.682562291587956,31.84510790279653
61.142469418302035,152.67359393179,23.15452395179896,32.39758577520392
60.73607141704266,151.77957691350235,22.465859282892847,33.09013829684855
60.576278650707366,151.61260600643578,22.295603831218955,33.11057449121734
60.28266862693493,150.9643308320611,21.958146447180425,33.41143151397027
59.60053842375296,151.85132980157607,22.734883869993343,32.81570522620836
59.11977406611585,151.48528560276947,22.456489823350434,32.93350195588332
58.60772608126163,152.18510569908995,22.47054396013499,32.81724215245597
58.240577559861876,152.1064151820754,22.21393238019281,32.66731871475383
58.08149030121673,152.35662447877053,22.56288830066703,32.505492263230295
57.659781068468156,151.42658375278245,22.528906010281915,32.7880550136531
57.082244719938416,151.77765874224303,22.72752717211648,32.75533135671525
54.33959546005084,151.4388058380678,22.887177384091345,32.35677409495921
54.69612246460305,151.46577255079913,23.010809807348522,32.247342520250584
54.04667252157806,151.85298603835804,23.88430565139297,31.611919462707633
53.92665670609842,151.66610341059237,24.240545329026972,31.642536486732617
53.07649699381337,152.2730099563683,24.69945628630428,31.490129769158468
52.65942579212316,151.8668349869904,24.620979635367227,31.57204046221342
52.90709475213431,151.92789675158176,24.865274262246622,31.482066557110148
51.871893651097125,151.4922527381184,24.597870239498008,31.837321709452667
51.498162091659125,151.4025526649672,24.55750193270719,31.844750132317735
50.67222168734418,151.4078234364939,24.497259824161794,32.06295047349589
50.84389778929957,150.5871369593979,25.226715885937057,31.99463607550745
50.27019280489367,150.90654273222123,25.661501543301707,31.925976454947747
50.21746236181313,150.4333027588483,25.505782237230655,32.657581403958595
49.77670057696324,150.47574093859447,25.48188860302723,32.999206437784466
47.42280161942866,150.97441235143802,26.403878670119706,32.4169637395559
47.23589899343899,149.7991537187539,26.81922975276608,32.31194606992658
47.715804655576854,149.28202171627,26.108698732207007,33.40308578061335
47.2386597177336,149.42231089760315,26.51417752982193,33.13392804693431
46.93404138994675,148.625632003983,27.204407912245173,33.102574082236785
46.26955677196488,149.8212593005756,27.132868863640127,33.0870719380872
44.29585327021137,149.9652451451217,27.167627427739806,32.896156958224935
45.60757972207877,149.73214585711594,26.913039775546146,32.952015940349156
43.00248412134414,149.03480359831136,26.365473313288597,33.24901190224085
44.15612468299792,149.33900228225178,26.351207193185378,33.445449794274424
43.68849877848029,149.32772196726071,26.96085417600871,33.290225236296884
42.33147934439453,150.04666159757713,27.031148813909837,33.041588100221546
43.141374746306454,149.8891568508123,26.40149511030571,33.18794027599358
43.05797630171617,150.33796258072047,26.21151197710356,32.64502345085322
42.89094656809002,148.52070392495045,25.890897748791573,32.906359896151784
42.62396792957171,148.77092118590454,25.199274810374092,33.69599864980973
41.81986341362368,148.72882342777476,25.251825501816057,33.411171081428805
42.160586861007225,148.63058848616546,24.926706200375538,34.018245679994656
41.3630292026079,148.5360919635182,24.8183928911137,33.85571449147112
40.755444236719896,148.6316859077978,24.741263552259824,33.93909152476789
40.527734350307874,148.94194606137958,24.869556434662954,33.32254942717435
40.032698202824946,149.1197954467657,24.925541989611876,33.000764797759075
40.30738069184417,148.93570896183635,24.827911107385255,32.7935341964889
39.38877388440737,148.72648315189642,24.667570300833994,33.33224594325755
39.00110408876293,148.60372310891086,24.491853769343038,33.65931883274506
38.35640347166752,149.05690327983856,24.765996691308523,33.027623459141786
38.362214377466685,147.25402202830432,24.49522637139986,33.53960663672507
38.356754499541736,147.9998827187987,24.16864329006868,34.0044275092306
38.630325761473514,147.12858500307482,24.22935829155378,34.16985960201717
38.171286189756444,147.3576905893606,24.21716914732923,34.11811902623589
37.43534719134929,147.6791059674902,24.505675719468556,33.98733842180168
37.37335741953202,147.76441662621988,24.547013005889497,34.07430072250636
37.35807511174934,147.45288048065598,24.624192633444913,34.411561559576434
37.49600246103819,147.30537113880268,25.015229748145423,34.66515286939696
36.6807556773301,147.38163955636475,24.986548277223903,34.561878543022786
36.36253325816185,147.47080132314204,25.032000128404484,34.32283598135288
36.30871267412439,147.7826975714731,25.017331462714367,34.381294759276514
35.88050139627104,148.39917839861448,25.2626023231696,34.11005839958374
35.92620618655608,147.7234327317537,24.788277841819806,34.44443294825592
35.73758260744485,147.92679882943324,24.586089234299003,34.77959028927757
35.86828050396776,147.00149595562246,24.451025321941852,35.08293134173158
36.43360531195954,147.0106804767955,24.422785187960564,35.14869327945991
35.886811150107924,147.46559727931233,24.090072628370635,34.91475876280896
36.326912005864614,147.99616590227308,23.98556814814998,34.91659048623255
36.974268009320774,148.55064966965602,23.748911899713917,35.091463369328594
36.48003404284726,147.6251906261723,23.5645071701167,35.191027834813184
36.89019342579749,147.985971959612,23.591052568091815,35.409349830562
36.56756400476431,147.59941838473677,23.29338846036722,35.243307481372916
36.49103863523548,148.50283788203154,23.444911375800665,34.42110050201164
36.69593616672199,147.83832512890402,23.094664102222513,34.3332035582011
36.59721518867741,148.20676869314767,23.16979415328523,33.87434342775687
37.22623289852278,149.70421439323707,23.2497167118431,33.78548029829946
37.24549109861898,147.99360489649135,23.522064521779484,33.18738357218645
37.53757636911347,148.8891649566206,23.454589062978165,33.17391655003431
37.69002040618921,150.61191499971477,23.967510332164682,32.627359172815076
38.55840984344688,149.14834752775573,24.144781917511096,32.84424612326392
38.629802557529246,149.02122380402724,24.530739816010346,32.668675506746524
39.73136349568752,149.16285002753037,24.40051132081257,32.68159940389652
39.98237523922777,148.55684329395604,24.788793591254645,32.31674111830624
39.717761260247016,148.6487894265655,24.42911536835755,32.806111985659555
41.987493286402405,149.90680302550183,24.13963462674623,32.716191240728755
41.92939196484165,150.54492442783186,23.934529044474445,32.56940388326563
41.49691984814228,151.01318469342854,24.920548401421698,31.464883935482522
41.89071778346057,151.45272452278454,24.769553442402376,31.210471563643424
43.21594091972512,151.16843491845043,24.713093919522333,31.23547029984232
42.819177781686975,151.0004578284499,25.182254669160876,31.067519839168774
43.69019405483768,151.30253266141352,25.346339323710893,31.24382927921001
43.770647990212325,151.61147800198998,25.871689769001645,30.748970899721428
43.86110890916552,150.69084257971204,25.916385146132598,31.185640885588974
45.656637884326514,150.35778408530103,25.839053430246658,31.370004316490483
45.596357405489925,150.6075391834217,25.981095724945583,31.439858131536866
45.54444247660207,150.8491813862232,26.106487322687578,31.528068782086198
45.707028472849224,150.82317786371107,26.494532529041987,31.28875040696923
47.134524484972246,151.4526042675698,26.67536957202617,31.41072001937203
47.52021608230027,151.3713180932539,27.53678433383679,30.90566980178065
48.8681348727128,151.16888944728674,27.53455360649684,31.44087015838076
48.51996303942577,151.23969159869063,27.56473496104012,32.0966051161512
49.30365296572407,151.29673834072244,28.077378635588907,31.91461519146238
50.54134875457956,150.98132660580856,28.239593440247916,32.0243587038049
53.95850026037619,151.0226679646476,28.41392118121813,32.350569392518
54.34210476320885,150.38337489914935,28.56045978421446,32.871212191319195
54.60378255253629,150.20477126390082,28.70570714897999,33.37620637711856
57.97185430789236,150.81836395083016,29.566813146171903,33.04972103597087
58.46739356034951,150.86345349804435,29.448943640891407,33.05338447775353
61.16896479382258,150.87829156276825,28.930344115992362,33.72519684317878
62.98037562118175,150.97250116859678,29.68054311023033,33.4078790705209
62.478696671687864,150.71816022068785,29.890391347066767,33.299733716811794
65.40356282090767,151.12594773250348,30.7703357721074,32.845651297197755
67.35612914595931,151.67591583821087,30.669521073206482,32.92269629649163
68.85422189456565,151.71987583844594,31.435935521062163,32.45080913484286
71.2430525927845,151.59397313419498,32.13276333666062,32.66214868178588
70.66521914253032,151.15622159915443,32.69161953865975,33.06575575911108
72.0469648218387,151.30889019982143,32.82603877498317,33.10213055576294
76.1707207132893,151.4272193327496,33.150168914079046,32.970207276927084
77.92849651116589,151.7788774522811,33.754734982663024,32.65570697729052
80.48443845536728,152.40614809108033,34.2359444894934,32.300937509270014
80.87519611359843,152.57591254613482,34.66152217344309,32.067156611822924
82.24412253816158,152.90129840717353,34.93127201596718,32.04901273455602
84.3783891754842,153.05100322166746,34.44229096262015,32.36195786096978
88.6166042895183,152.76842192702975,34.24346197661738,32.647063377605704
90.89039813370833,153.13586206873276,34.070418908751236,32.579992222960996
92.32435940703667,153.32351589040903,33.96501357591596,32.68124853992224
94.4729381708039,153.76139999930618,34.03200943354385,32.48545016933025
97.0661156137298,152.39785682921803,33.90632587719034,32.11348002719149
98.92920630418558,153.45557270306364,34.210676379518546,31.707267735219233
100.09409879712149,153.68092697585942,33.97095568083238,31.837016280959183
100.2690507864375,153.83895902547113,33.68352019742029,31.876580105939667
103.58158431623298,153.86108473617568,34.14707332368141,31.670677311621
107.24373398064836,153.42997789122307,33.67830234949541,32.08389258009559
109.19472991530498,153.14255107043368,33.57494143301727,32.246976205719434
112.64892580547905,153.2474264217451,34.20739790782659,31.926877747843292
112.15067877735743,153.3537446626336,34.27674159537935,31.963743090445256
113.82204039665174,153.05707782876237,33.59816001175899,32.44641754631371
115.56429386328904,153.55526783287524,33.4663211254357,32.297007977045176
119.07655795090194,153.43248279914255,33.4793605657189,32.3398280769355
121.55668218210522,152.81712421496144,33.14975737842832,32.880217004903116
122.09050010217454,152.77723541614387,33.2410955897652,33.085880998111875
