811.5,368.5,75,43
811.9991480709083,371.21358216442496,75.85888969879002,42.337402569496014
814.6975103364655,371.72032369988125,75.55043106351926,41.785807990690806
815.7005499147571,372.4579439708735,74.92952463165992,41.274291942686766
815.612392916191,372.44776812692004,74.810505660557,40.745061983674404
817.5740050339492,373.9682503160853,74.33010102037744,40.413385248776535
819.5380978576642,373.1622917612903,74.20795661363977,40.344886847235195
821.373947911954,373.9445884515311,73.03262395958889,40.40651464671579
823.5258615624311,373.21847293437565,73.11707466614189,40.67439232943366
825.2967719400847,374.2338586464479,73.19338745575669,40.539676007637425
827.2097816088353,374.1386182965306,72.94356049725315,40.682881078577566
829.2982318018322,374.3097181909676,72.66590632707981,40.825366174251734
830.2146257577756,375.0299156666762,71.89919469387958,40.90531953330519
832.440958402093,374.8293265761911,73.00755454791448,40.89086484050176
834.7671946389055,375.40266317607467,73.39622024643911,41.01095377814761
836.0535843484687,375.61123629469466,73.61729744810127,40.91445937015027
837.7436149821181,375.1789604584742,74.27490202476615,40.82672020959493
836.8292229617659,375.5182538260793,75.32819125155127,40.82393099645276
839.0183008132608,375.4861854758378,74.25685260331002,41.34085989440169
840.2808558787133,375.7503674280678,73.78933820223291,41.345202071808785
842.890606138826,376.829428690402,74.07733833050602,41.50057256052236
844.7668904730814,376.154300593897,74.53371350583697,41.570317374290454
846.7822189780545,376.68401374604485,74.5692133600568,41.62708722554285
848.5268196311009,377.6603656145771,74.41919419240708,41.64845868665194
849.385899285681,377.56277607449346,74.35368976949252,41.682881551365966
851.273599882587,378.04292048246975,73.87039830354036,41.85477247250451
851.3100283472658,377.4841282713046,74.42611544749727,41.754363396986236
853.1182053316072,377.96601210582094,74.008730127725,41.93840237239331
855.0400043624632,377.73717326804996,74.08848311543636,41.93556389316912
857.1087227648283,377.8717991516664,74.37629159574013,42.10729524256309
859.0378825257997,379.0566159268536,74.95241697812469,42.03208622603257
858.2068318352484,378.7606972794815,76.39818958930513,41.70681623670774
860.0946676023472,378.2584704630873,75.92647814002265,42.02126426904377
862.3758494416801,379.39280571517156,75.76044720214063,41.98536110839635
864.5254601397785,379.4515334348322,75.88698416776023,42.22550170884709
865.7747612744778,378.7344010416342,75.8292455076756,42.356383383289355
865.9238592037896,379.80923587088483,76.93889443092763,42.16961734360064
866.4953541201874,379.13207271921044,76.15225674857221,42.477813347381186
869.3181810658454,380.2310383066694,76.34287748112698,42.424633005974634
871.7162585770844,380.5560942366806,75.58774762039202,42.73160884155083
872.9593128924929,380.5210299317134,75.30513806832576,42.91866339140293
872.9431724217177,380.5722513778862,76.11059496469478,42.8768642353303
873.8390869948388,380.26946616804156,75.57136350808122,43.13709005195789
875.7298981884705,380.5893260678787,75.27575405645612,43.27478409734587
879.4019121364736,380.97541421280823,76.59307068864827,43.27063809332212
880.5927019942206,380.7537817930338,78.70428930155393,42.6769261186009
880.0983193174874,380.8067579577794,79.72797443476821,42.72745118082955
883.6755160663872,380.30056124621177,80.10463400322223,42.80005822939583
882.7540667290092,381.50219933446607,80.2420137170255,43.10680283345057
885.272593096921,380.8075150683893,79.14333144743405,43.80563647590617
888.0426240695805,382.1665136033313,78.97940342087728,43.69954998761091
887.0809798863113,382.2392826681355,80.70316003852487,43.32107712973761
889.5657509019832,382.57859779830073,80.80341790723602,43.07168441394383
891.7142381270792,382.6128013308602,80.77652450028756,43.22220947081706
893.6820496483127,382.20326528744096,81.17629440978571,43.1889477735521
895.6142192059975,383.28969610082964,81.76576693992392,43.29829411262552
894.7355872228694,383.4856294926776,82.09271493480557,43.437735145435006
897.7707756342413,383.53701513419264,82.00549288577386,43.623611901507516
899.2094962296068,384.00962341724517,82.3288287488761,43.473570053305636
902.0670898406476,383.3222070724301,82.00743367919937,43.822475199295596
904.5400883721946,384.4112397988919,83.00272890202422,43.643912882053094
903.1878302011817,384.3435236781488,83.9278979435208,43.60888406492266
906.6575973058375,384.144298580639,83.75701045128062,43.88179532964541
907.7903145767149,384.52617623464465,84.11088008967111,43.9670799338579
911.3971027803633,384.3014203118714,84.75093756298942,44.0578619996841
911.5903208188714,385.435283272447,84.67014552131272,44.405405501063996
912.3889961729282,384.86437922285654,85.85160316853066,44.28662733849564
913.5078445990318,384.42095998469557,86.09044545130246,44.41706505082917
916.5632646986418,384.63340096797924,86.87344031983159,44.41171225405972
918.187194939184,385.7123955073162,85.61295581340224,44.82423141703914
921.0066787880764,385.8725043987524,86.07682186348111,44.815070248088865
918.8937373790461,385.44988953786907,86.251791347649,45.050207270327846
922.7523781378318,385.4868006283068,85.951656512817,45.34176227718126
925.4492426314791,385.88542188721465,86.84549752521707,45.036891825148174
927.6735424305774,385.8268711504783,87.10796321937883,44.94948865971044
928.6404869881735,386.4495284524878,87.03080873763237,45.00152434312892
928.8541688673108,386.9714811475643,88.17293529288781,44.980026603923534
932.4877667948923,386.0289012186107,88.26858915009663,45.37493718566951
933.2051074654661,386.31695864195365,89.09288951366108,45.38274293701372
934.9554388333494,386.81185388340316,88.69229248605484,45.30047018530442
937.9499910638314,387.2600132394905,88.50478848132863,45.302666995609776
936.5783587353748,387.79474831759154,88.66262227772238,45.401843532637336
940.5394462301679,387.3512032937527,88.31365180550085,45.667371158993234
943.3097365193511,387.2004420958974,88.1796874380718,45.565582927958516
944.0276112953361,388.6100454993577,87.71041188274103,45.547929131978535
947.2947930098261,388.55373975934674,87.36571377129647,45.685473536658456
948.0890724077514,388.3528723377097,88.55699520638761,45.282256652542245
949.2103000509508,388.94973292548684,87.99908364881733,45.33726935512374
953.0748581347531,388.0619514132846,88.59917776258472,45.37245101947412
953.6322435609738,389.00581765729345,88.66635664483113,45.36616334327739
957.2368956671545,388.7899429541228,88.74110623495986,45.63018188175603
955.565394215865,388.2470743791625,89.60871560383231,45.76535136896071
960.2149120334939,388.6598851141445,89.82933233521281,45.93011823279418
960.6733854936948,389.2031991218899,90.58784992572842,45.85588083085928
963.8097396389303,388.74940170675575,90.80780358822983,45.87238127454994
964.4122353925378,389.11918336533716,90.06647258940919,46.27634176968115
966.3573228733844,388.97260975614427,90.19638677719098,46.35473626926073
968.0936589124213,388.58003172983524,90.50395094331894,46.21566526299122
971.0772480786821,389.2331917707583,90.66378629411628,46.322424562134174
972.783606615141,389.17129679019047,90.57806387871504,46.428507095306244
975.8908110168487,389.72419668867906,90.0970544664739,46.45090163045194
975.331462965859,390.11091090993597,90.86056011253989,46.3980225925592
978.186286532411,390.0546924255176,91.51103041489117,46.37484564309143
981.0600706822871,389.2217858260363,91.38002877315895,46.60720444771362
982.2979192358997,389.62144543416224,91.653269988001,46.56712401100646
984.9889304377368,389.8053577117,91.5413910932379,46.538105042030544
983.2520373112857,389.9937103207012,91.56170377817757,46.803432268505304
987.199819222169,389.76871128371994,90.68395268529275,47.24407311079869
988.1416085336892,389.20775312016724,91.23231652517354,47.05528520664183
990.4999307785145,388.3521256850811,91.87826139480657,46.786614801965285
991.6374988136315,388.61337174858664,93.08468269380458,46.73803336430808
990.5771583815095,388.7385991291843,93.25574486088206,47.03292355188132
993.6528296327892,387.8196883482734,93.81657248237653,47.2217913182701
992.9593232310934,387.3895039543389,94.08268238984084,47.455098143057725
996.6340858416271,386.2651854685905,95.86774922504793,47.19575500629341
994.9990366589086,386.0470282554356,95.00807683471703,47.71125374125147
996.5644886188887,386.50824050381385,95.57913753153221,47.697591759086094
999.9990518440494,385.5280766034127,96.82931573819333,47.61418143313353
998.1658007129304,384.95282326750623,95.76206384241134,48.13467618878599
1002.130511665297,383.8855951175316,96.0084060215404,48.167668455608485
1001.225495810188,383.5373296982101,95.85543695737482,48.33265746991057
1001.9202613789222,383.3682679842581,96.06619349576403,48.12844431467706
1003.4527686898168,383.2179199745158,96.40668333907803,47.98317984226611
1006.7006620960542,382.0924365600675,97.21831678035684,48.00559313760854
1004.5603341484612,381.9883915971309,97.04785659049054,47.8749871499285
1009.1860202840494,380.73118705696555,96.47936472092545,48.31279091028243
1007.5476896050895,380.7108196049134,95.74217825093355,48.65314662155758
1011.3830100730481,379.87332232660253,97.44173175013617,48.399650181818544
1009.1578357409023,379.87872376572403,96.02340089095975,48.787192863410965
1013.8659866405102,378.6881183290148,96.80589345667318,48.7338784854409
1013.3077164544469,377.45893330853136,97.69111933359395,48.84826964457186
1012.2030242836663,378.3521633717964,97.13979534309324,49.2714252254392
1017.3578951118441,377.47151075716505,98.07649838888608,49.286681050557604
1016.3593820568965,376.5364483223357,98.80798795207428,49.34266798457787
1019.7365762306163,375.5707465102645,100.06459546950278,48.87154093855425
1017.8962803448884,375.03675230358476,99.13278957021271,49.37653791161759
1019.5408858471257,374.885117497769,98.92611502470733,49.32045746779294
1021.0537278178253,373.8676087884881,100.21317951546729,49.24818867152621
1023.3481378881598,372.3294172616219,101.52995086268294,49.233661052117114
1024.5270081761962,371.23234957054507,102.24789101933737,49.32517797838396
1026.1528314333343,370.22803216015075,102.48324568570965,49.685282077508155
1024.7632054079781,369.3476753039009,102.12402112623828,50.086033207419675
1028.3425391298956,367.7811045561261,102.75600357330299,49.85737236341548
1026.2187381943306,366.5357271206566,102.65344293832979,50.077736485376846
1031.6157189510684,364.6951900174879,103.05584201292768,49.85080426204196
1031.7674924496084,363.39944553239894,103.0350747094513,50.128117864864514
1031.9263132499502,363.62099918490725,103.50837941356579,50.309794135382745
1034.1374729931563,361.96499030696106,103.65585172097695,50.304558063226395
1036.9861747544946,360.25431092074354,103.94519450948775,50.282582494612235
1037.479907696584,359.2577353553473,103.42401808596844,50.768191849701324
1040.1352329249717,357.64265228938086,104.46729047312584,50.54835602660185
1037.8364213289428,357.7557699945856,102.6000060190045,51.202210435623634
1043.3806484193071,355.8785560283603,103.87127969777305,50.661716016237094
1041.8563398644353,354.8000481898491,103.80433317645867,50.943083671561496
1045.026113247211,353.00006319025454,104.2120717769657,50.62528400026413
1047.3684671225076,351.95008999674235,104.77317548877517,50.423332146245514
1046.2535537800893,351.14876628812266,104.12862182349882,50.946313664208105
1048.788793901053,349.14653449306735,104.43406950668123,50.7100264646764
1048.9651901148668,347.62778985028444,103.77612767285875,51.070993972135554
1053.5768147895217,344.8997446016526,104.47474569415445,50.7357546087119
1054.1858202284861,343.4709049571539,104.52844235101564,50.95535473129703
1053.995086503576,343.304378374546,104.65897442514566,51.1478622749985
1056.3070356404794,342.20507937318246,105.24895859762754,51.30291121690408
1057.9145853644736,339.43825172790594,105.75036443871716,51.203180849192904
1060.0761452391748,337.6611385140346,106.15602305158879,51.123314707584406
1057.7796172146013,335.7478962468203,105.05074631417571,51.63036412238411
1062.4303992809496,335.4970281520432,104.74046750557584,51.857456235114064
1062.0178576674946,334.61720938138694,104.61724071490038,51.784710501394514
1067.6311480648828,331.25042764478826,105.86399518623688,51.66958298795856
1065.479877023761,330.07945864268567,105.42203472407763,51.8381489619056
1070.0116597461374,328.42247228324436,105.58909729293556,51.62523617129723
1068.3524136743636,328.2072957377828,105.33286070914237,51.75844535586552
1070.6875289546522,326.43588242979786,106.7219649035093,51.42109590448312
1071.3596298828973,325.1607858313914,107.07447887877564,51.40723604267173
1074.7102598389897,323.75145841649123,106.71225304709586,51.58697104214985
1076.3352082467047,322.3263813180704,106.72989120290305,51.61065844020915
1073.5323221814426,322.53222235966035,106.18651916075876,51.667420138166705
1079.7635870659722,321.01951271104167,106.6437052730475,51.57174067861386
1078.8588225402573,320.33259516712377,107.3732516861183,51.55239372718877
1082.4178483721576,318.465483054763,107.922353380777,51.36717291406855
1085.062907221006,317.3670635561623,108.23904100763477,51.71104822528065
1083.6250460606414,316.9562657331694,107.38788444690951,52.36999389703941
1088.1245284669476,314.9655076313922,107.74326781697548,52.299915366401905
1088.0555831536162,313.871647948569,108.37708366150503,52.36141212157473
1090.6817519302263,312.50391699025266,108.42054822467867,52.2781222262262
1092.440554807421,311.8328316964583,108.48016338703769,52.31064882997396
1090.8350222438153,311.83228276477695,107.35020745330542,52.78384417959421
1095.7677469163857,310.4465123895497,108.13710090449,52.59897976723745
1095.4902126622364,309.5433254187477,107.7510315028993,52.837012453653415
1099.2524910240857,308.3592127966609,107.93370439345878,52.777108501660045
1099.0852020799355,307.10428269125623,108.53910775721359,52.78330493416429
1099.2210605352695,306.8259281427401,108.95290881329248,52.778637340332054
1101.6444789506395,304.76144160047954,110.01491788404203,52.52874709019738
1101.8770109428224,303.85732793575306,110.82636485357955,52.57992068677834
1105.591470008454,302.3844239065575,110.85715922765678,52.848349613852335
1104.5548344946847,301.4514314935231,111.37041672255693,53.1331459995982
1105.3639854106675,300.85763416574775,111.67739367343572,53.32046766587585
1108.0693968451683,299.2546903115402,112.16589283736286,53.182240593864975
1107.8438824634075,298.2141945305837,111.78078418690563,53.520040794350635
1109.8580687448405,296.30914604352046,112.00676037892234,53.581388989180226
1111.8020292781564,294.5909553757229,112.10260038444953,53.68484381301086
1108.8215526914328,294.8342967895035,111.21799396088142,54.14643059108622
1116.176960319678,293.80169811153746,112.06048623765486,54.146530138180474
1112.5158401431408,292.340300917098,111.98707668075636,54.39207461861209
1117.103307169531,290.3878187704754,111.81981875254877,54.49278628734554
1116.5931227354552,289.28950520879386,112.91174064982019,54.41527591376038
1115.8871635500525,289.143145952275,113.51324303742541,54.5388678565734
1117.9833154724945,287.86848977346983,113.45765222049558,54.74056950213233
1119.938959692739,286.2176375875836,113.71695799539978,54.70155417404509
1124.4114702535821,284.7840895881955,113.54857681206786,55.02267019616727
1122.5538841018417,283.3020615151669,113.63183926828935,55.137035666489
1124.2555094354252,283.46179986111025,114.67029049016043,55.12280443368208
1123.7061737473425,282.1659923333173,115.67355186951816,55.13454616582736
1125.8983461864896,280.4555962868899,116.21319294932357,54.89761745446772
1126.3709927126722,279.3215381378328,116.72365668044367,54.93758886847239
1129.6072378446456,278.56254717803785,116.97312028536257,55.06640538660356
1127.7596817581,278.3703317599393,117.06184460483144,55.492986291828856
1131.4092706707786,276.64370023817276,117.85847290130067,55.3112605505719
1131.6790058886425,275.5276711566449,118.11957527813011,55.63736101480558
1132.2491934389843,273.98797195194084,118.53117149378384,55.76880572319442
1133.3230265962277,272.8263808557335,118.63003833473844,55.778784342382195
1133.5129295354923,272.9545671497351,119.51416921425074,56.00404729510271
1133.7478077819092,271.6036631336609,119.16903507383802,56.36825151980173
1138.4657003753036,269.6774976401193,119.60878012996929,56.096049330462876
1137.8917382555064,268.215931327721,119.81678281166006,56.15475891868411
1139.1629054090158,266.7619800895704,119.17581712265286,56.56579087725474
1138.4291984479423,266.62494959398265,118.21758044818117,57.22628362206555
1142.4512590131333,264.976041540319,118.04459073793501,57.09656061920924
1141.075234353158,263.76855451310007,117.15689625295343,57.18231676288045
1145.8724316907592,262.1265468210883,117.13252511443339,57.03335280158229
1146.1965788758953,261.21852504916285,117.27898292473765,56.873669502552985
1145.992452560898,261.35533099977584,117.58627147791523,56.95730084120659
1146.4243634647873,260.066210717762,117.54838324576673,56.659424175772656
1149.3207776828285,258.38062261592364,117.0091635132975,56.78351027820721
1148.2745501154966,256.93217350907577,117.10052073040457,56.83177806358874
1150.681077325156,255.33368088793583,116.37224080525738,56.91071583005382
1149.4257876320971,255.55725269960817,116.03214317797773,57.213244321558236
1152.8783010559177,253.52859769083088,115.9193660099016,57.14859369915922
1151.7609920379675,251.67291016268692,114.89324114304634,57.270713422500386
1153.7869267587055,250.35588072003566,113.25473158201807,57.427598740984635
1156.8105037280584,249.4692725385952,112.89005511752455,57.037662409163445
1152.471453308623,249.29115010310136,112.4672629357658,57.38348541360003
1157.286177372395,248.3567350377943,113.17971181902483,56.88681318673125
1158.4023331646715,246.80499434963113,112.99211301637813,56.76805220771091
1156.9733687209002,244.66356025800044,112.58822254128009,56.70812025059144
1160.8264526431813,242.73397287123444,112.35511816565102,56.73745627137685
1155.901385561386,242.34401518593762,111.39975992811861,57.18379165468296
1160.2340518779135,241.80376858850758,111.74320968184327,56.89089107551045
1162.347134907786,240.89218278144344,111.38339808758312,56.471160410738605
1162.7573444490229,239.1552165530357,111.57265879942082,56.39878864163242
1160.6436423183327,238.665965359132,110.71063606647732,56.655230349050456
1162.8677855055512,238.01763028842421,109.06840952938185,56.44165945881929
1165.549419723547,236.46183914308247,108.87017538751823,56.20910312721884
1167.0299219848264,234.3444581903293,108.65585517778018,55.733816834025205
1164.8393278249148,233.16422891627488,108.57234327558825,55.61358728704132
1165.4025023122003,234.26488433255534,108.36344592111885,55.38990468552895
1167.6851598278997,231.65946771719217,107.77581038076315,55.74250255706342
1167.5641930202676,230.12041481848829,107.60213836157683,55.81348393049046
1168.7420459534696,228.16935660376785,107.54545612340745,56.39160286237272
1168.8413765106516,227.18426185164384,107.32082677592004,56.64218608629395
1168.4550195634517,227.50474728408935,107.12496686164955,56.95049375486161
1170.5856877394042,225.85191741890625,106.88105318583101,57.341650626112184
1170.4823814729264,224.4258338201676,106.6144380688599,57.067955702007445
1170.7536966392365,221.45897238961018,107.65098487742888,56.979391671185056
1170.4671988614098,220.3021271598761,108.42851222190853,56.86193646262342
1170.1805226111728,221.02679565396767,108.28151332439138,57.30332997466155
1170.5549491991412,217.7388435510341,109.25021471769858,57.06115041740611
1172.3855024339812,216.8846987956518,108.74680211093403,57.13852595531617
1172.9012957862508,215.59006080857796,108.03911044356897,56.916222702016285
1175.2770213184,213.4768817005691,107.24550387504358,57.01160614844174
1173.8443508200012,214.9568407305177,107.64006521447753,57.40046895898214
1173.1276161679275,212.19277535750544,107.68152454509868,57.37597118785577
1176.2281032511355,210.91568386936814,106.83195075404907,57.5815683200905
1175.5657008784901,208.97623443990045,106.43072193095772,57.25601704856322
1177.0363854440752,207.7750433150756,106.12632761134157,57.218851282618374
1174.708103393358,208.69631843608818,107.07707472859938,56.89519154066191
1178.10892026891,205.51758279578306,105.47918062059199,57.7202512459548
1177.4380661583714,205.45619747843864,105.75608846000884,57.54422990586065
1178.195930352419,204.49616418847734,105.3064893987338,57.5090914028899
1181.1177237320358,200.6544279323522,105.90298423587487,58.44789495456888
1175.3955664079244,202.53048472282376,106.25694873303578,58.64397921527005
1180.5385966746237,200.71798425326585,105.15858751756913,58.83523143230947
1175.4847624477793,199.16356205161156,104.75591337329683,58.41021992054844
1180.122634069736,199.09815154583708,104.20235812529384,58.48815403626199
1176.485350057849,196.53975716563193,103.67106515282165,58.529512403453325
1182.233485865603,197.10082235972627,103.63421660249905,58.4728429355985
1182.6056006386848,196.50839138299273,104.13257283457196,58.69553923536003
1180.3332081613537,195.14314018670862,104.57557117576968,58.92254569630286
1177.1251475873828,193.73395378979222,104.08336903574786,58.72467503234143
1178.7309997348252,192.67166045518826,104.13205001575011,58.650639474834264
1179.3851591919183,193.58334026737032,105.02462426524494,58.40384487770713
1180.8524960000268,191.44073549403487,105.55341252494313,59.12790315828
1176.10952903856,191.14467763842057,105.23279165356574,58.87099123584157
1179.2105362299017,188.319799928319,106.31515246161675,59.43519014893415
1174.1957767697036,188.96120438230525,106.4096080198916,59.2607778903223
1178.522763807917,189.35539186436756,106.18012010374291,59.33481406759324
1175.4541844283926,187.80999688470268,105.8313570030503,59.19781867803081
1178.2564563239532,187.99638178036992,106.06987418223554,59.54404731885572
1174.6897836391063,186.79360660172478,105.89121736992294,59.27598913465738
1177.1918803759543,186.49774601452947,105.38034054661753,59.43154139997509
1176.909025340549,184.45705157169252,105.26838663551331,59.48748482437582
1175.139760449028,184.10407211171417,106.29513258028332,59.17523690953942
1175.156531945655,182.90690823061558,106.74334573775218,59.03959211848344
1171.6823161325165,183.02355103131467,108.11184848905921,58.739046810528464
1176.0692010584573,181.9415197710182,107.66940321450909,59.0204147291088
1171.3041104414478,182.84729179879957,108.06669374723413,58.88447299040239
1174.8976977057532,179.582892841235,107.93915438097693,59.35507722190725
1170.426214336108,180.34266439909624,108.7537107809122,59.19900120346722
1172.5014990246484,179.2362913395997,109.17878398958558,59.00722442664734
1167.7417995338224,177.32500751948808,110.14438238835206,58.6466961348637
1168.2403725503812,177.83948538701944,111.9312861046088,58.63522279974149
1167.7728535083259,176.56461653183544,112.35129779816691,58.91706767258504
1166.1822121937328,175.5352753248245,112.97498159808346,58.8083473423137
1163.9706005834869,175.31250504984382,114.1750621946739,58.31632065823576
1161.421229460301,174.05718735441033,114.86309362943067,58.33226753820798
1161.7654370255575,173.67936696127407,115.7109702174009,58.5342736213212
1160.8722714612609,172.29697245858938,115.71250486962998,58.576176541180274
1160.2433792425554,171.4215113500107,116.29538227836579,58.50107684862393
1155.5960247846306,169.82169286755928,116.06446310431065,58.73136276028886
1156.4833838536106,168.39788519335968,117.43917547973243,58.62216644219937
1154.3896121378227,169.15908581618086,117.90245476641056,58.92246080946443
1153.0909262475363,167.87717651135952,118.70736562855684,58.90174477402656
1152.5780929114837,166.50670392050927,119.73313221573488,59.01263333608287
1146.152918746812,164.70762716277173,120.2560421905859,59.00094788900303
1148.0102680863472,164.36601998487396,121.84706145661448,58.6706924295444
1145.972578460141,164.14905861715215,121.30000990763537,58.93493471860168
1144.7415989037895,162.70807334979182,120.78776901003873,59.07396005907795
1142.6102105618972,162.0350622029941,122.46941304344787,58.50692597907715
1140.026762898799,161.10681314727515,123.32260244847124,58.33228233254998
1136.9673617765893,158.95047983002746,124.20570170140468,58.26211357886177
1138.7790768414902,158.44126445507897,124.77006911798975,58.57839952714208
1132.9480801712887,157.1446517404304,125.23564560353473,58.408879337619084
1133.888122115597,156.46281022990956,126.13404510572572,58.65833112983229
1132.1960476077656,156.22650518720022,126.76047126677426,58.47496658870981
1127.9342942281842,154.27278573484415,127.16958574535875,58.656807634993015
1129.612096774045,154.29981918522805,128.77626235758595,58.40600718498797
1123.3346381071142,151.657470501093,128.2625056039231,59.33489867938721
1125.734922283582,151.68405656031743,129.75587588776773,59.56122507845163
1120.249092623753,151.30172401827883,129.22920223013045,59.73098967367538
1122.6525117998983,147.9711672635787,131.58818447644217,59.29300450067205
1120.7124868949172,148.25064889460106,131.17362998495173,59.76312294085973
1116.9709723314725,146.06956446761725,131.4456915711002,60.33332273392948
1115.2240055152668,144.71713181698817,131.71865695705168,60.1449399539804
1114.9136217252142,145.544916709875,132.0547175273645,60.21197921132809
1111.6964560846661,142.83428599216518,131.95006403291765,60.45079988899625
1113.9800184288697,143.30658545502214,133.4500923215001,60.244324201369004
1111.4183806371834,143.26306715895396,132.4139822237201,60.66188482085293
1107.941319514314,140.37244606455926,132.6252942201304,60.668199393523
1108.385885700474,139.69049614659508,132.88255908081948,60.56025503313171
1105.5280928880777,138.99920604269124,131.3230797603914,60.95530012188273
1108.2165966371683,140.11109313653134,133.07073466150203,60.545358217222514
1105.4224095769284,139.4917444097577,132.4250670911558,60.64666219619093
1102.6591814996054,137.3819146697524,132.30255884074182,60.679953687615146
1099.8153060476714,134.94970927209513,132.0995970065728,61.06124261098144
1098.360986544183,134.26615122103382,131.68029340376222,60.88739899726085
1098.9747438918612,133.58232208321752,132.20150960630951,60.74279051778939
1096.6645661594598,133.18440470958458,131.99835156326947,61.21961542456681
1094.059527382051,132.3768677981168,131.7344682416218,61.00059400786316
1094.2051021028158,131.089912118112,132.87186582481945,60.35589245855567
1091.0671516759642,130.80921376196133,131.36084374685137,61.04614624702509
1093.4646963598104,129.4927573156334,131.71512552631492,60.68702303547863
1089.7202861593523,128.85042608752758,130.40803699931325,60.74717780221428
1090.1915368266787,127.17218584738792,130.1724447847435,60.41080697748569
1088.0038972125694,126.92935937297528,129.1622231050642,60.64350201601168
1084.869152663923,125.25986469535508,129.37277942113752,60.08998882494167
1085.243400322999,127.33947628791672,131.08476169354677,59.72054911760156
1084.1445396359527,125.0511075119415,130.56451436532296,59.80521742516727
1084.386259063853,123.60940942825606,130.61448051545403,59.453775822076096
1080.6941563679686,122.63897121505434,129.73655707726692,59.78263044462365
1078.5959020587559,120.85341394535594,129.36256913654898,59.46584725414678
1079.4231723065764,120.90319831454292,130.02356060997857,59.94140194507123
1078.4937652253004,120.38342241932408,130.21179557750793,60.01121370235919
1074.1918625277422,118.91478046162537,129.74675236269997,60.09504779628443
1074.1947664122176,117.7327837090888,129.32695555647402,60.33519357835037
1073.846318189703,117.13113266539543,128.73271871693433,60.40301848048779
1073.8022010610723,116.59720337609104,128.71896785491265,60.591951020354486
1071.0721548470697,114.89064765052412,127.80598670503683,60.509315858939516
1071.6652015163083,114.38558277661105,127.68892245934848,60.41162855297081
1066.3715710385688,113.04930510876414,127.183662701021,60.03567595981633
1067.0720427487793,112.8519339206746,127.88331642377352,60.170561456284275
1068.161889156555,111.44631012713629,127.76288469182487,60.20999755807037
1063.9272385463412,110.41179415152799,126.46625287544845,60.37131442711839
1064.151083081016,109.64120438652853,127.20073074011238,60.13554276330781
1061.5635141184312,109.18065082156896,126.91497169644012,60.26522287696869
1060.1160969976559,108.1379490445403,127.02740890620684,59.66935535482361
1059.6500098411457,108.46946025464518,127.2250760757299,59.53670549463813
1058.349883683842,107.59597508246603,127.4313381120927,59.902496744681855
1055.798266762147,106.11929488795866,127.65678674964195,59.27455568296722
1053.9470740540703,106.14660927030818,127.90315538684948,59.36256162297724
1050.2808718939668,105.02448202626712,126.41364598787924,59.55885964438455
1053.9467823105124,104.8939154126331,126.9389380393097,59.315929503808945
1049.669053194483,103.79152285395105,125.77998072113624,59.31539783917536
1048.8009857778895,103.40104047569973,126.56324840401666,59.198161726117775
1045.6323620791222,101.95490461391323,125.59375933228235,59.04895362371727
1045.6747637367246,101.67976410904438,125.50687208409667,58.72943263531651
1046.2623874268447,101.83937268233937,125.58133276030648,58.828374913985186
1042.5916819832291,100.99855125546327,124.91790565773027,58.62620474417021
1042.6043787593198,99.70383995715957,124.65544170900662,58.28259435127564
1040.0270428957133,98.72820899799137,125.12443733834951,58.49074632812949
1037.6680037791236,97.28843739466255,125.06743441384452,58.06322667048355
1038.1760095598793,96.66310225524636,124.92426814442481,58.43887501480666
1036.1213197202246,96.38141928867483,125.39874510805103,58.58979501532298
1034.1204608328871,94.85274114859541,124.53959252139798,58.516406361399774
1032.8129360483888,93.53719600785863,124.15267108400121,58.03462571124801
1031.473232382016,92.32185811943933,124.3524396018206,58.262334321185946
1030.2364673440968,93.6776367687495,124.8380324656685,58.48417431565646
1029.0463046125328,91.87047523280748,124.46521509508705,58.49746536887898
1026.7240873756873,90.68532330485985,124.40599861739244,58.732946379315266
1025.7640777993038,89.80705667657512,124.68084207474024,58.366436814000565
1021.6604373746876,89.69420000865611,123.79642237007847,58.63760335554326
1022.9226804202348,89.1078590627408,124.48475275580618,58.40774718623193
1020.2103641153807,87.68619637873701,123.83941857245401,58.75077524627136
1018.8355610817405,87.84118600970368,124.10548005164549,58.855630304883206
1019.2436252826724,86.15153262086235,124.18279892971168,58.211880098618096
1015.9689026422463,85.33982353892816,123.89032812627417,57.999849520573655
1016.1582330509362,84.88049234896602,124.42221927413098,58.23246810157446
1013.6948554905106,84.35772065872774,124.15941684264473,58.6596393397361
1011.9515719393735,83.2486070871985,123.79482961752645,58.196878647864175
1010.1849047969873,83.16537191005474,123.83572797013929,58.13155841484563
1008.1528055721333,81.86331885407358,123.9014830547502,57.94479076086253
1008.6274477101346,81.50991434306412,123.91759369289798,58.274788814959244
1006.8552562762883,80.29218841789563,123.91451838874605,58.15355474076619
1003.8789293449084,80.16993606418464,124.05854464606743,58.349620154088356
1002.9034678909898,79.04875673696792,123.4922148702654,58.38364293205697
1001.992929318285,77.94443616405191,123.7822703014644,57.78895818639423
1000.8118341290926,77.70981216638299,124.0993192213378,57.951464467254546
999.7827502305465,77.8163925426893,124.44009290488918,57.78837136665879
995.7951047626761,76.37310417392217,123.7341628323292,58.17840922670585
995.6303640012237,76.27439235786031,123.37535834878346,58.47937055989991
993.4734744825064,75.56412443969872,123.38090174092395,58.2198946469555
994.5426493637386,75.47111563497742,123.38665884338874,58.26546173409453
991.3756665572816,73.93659526807814,122.52172709454732,58.37021757104251
990.0182347450658,74.15816014152719,123.10619721388242,58.190944622554795
987.5464791393498,72.6693786457861,122.55286794832482,58.01059512128492
986.4097349812,71.95131209707586,122.58456215527993,57.72690295091364
987.5232888563752,72.24418489000195,123.4636369801553,57.69897559902829
983.6099151471622,70.98477307955592,123.38620291817364,57.57387689097138
981.9474015159458,70.50774131498335,123.43411721979109,57.72394588371667
979.8912720236391,69.8000895735176,123.04852340212776,57.809073847658624
977.999326716762,69.25367658066234,122.63667808448557,58.050266940283656
979.7893496348877,69.05017808689111,123.18237802154943,58.1022295168726
975.3934862827618,68.46526257158719,122.26226123520061,58.59021166385158
974.4444435673631,67.92974266561316,121.54154745640344,58.65786688565072
972.3095888362636,67.59426220393965,121.3940220209888,58.507896135947824
969.6147306347334,66.83392036242496,121.0162189500196,58.55512117124923
971.7457848872367,65.96236818967824,121.96542560004238,58.64898728794476
967.433786299005,65.32316688043416,122.21198804597617,58.61014323094158
968.2091498145174,65.70972578850859,122.7214183139929,58.15387869962855
964.0958846746715,65.21583027927599,122.43611540276669,58.024649111099116
964.3833876857259,64.73851709252646,122.5083804773645,57.806235333002085
962.3146249117035,64.58028198104671,122.09372764253577,57.79417795638847
961.5457258876872,64.28073877368979,121.77514415503799,57.61610688561723
960.5168207516922,64.52883925861624,121.64683129432242,57.65031745722625
957.6534248721897,63.55267841882283,120.96047608067119,57.43039458801549
956.9286244862906,63.4846584917221,121.80089109721666,57.03143018406112
956.3396230371843,63.29772718733075,122.39090019478898,56.82949165873432
953.7582998717154,62.317853546339535,121.95377884079048,56.80772031450368
951.7243291526663,62.114696107541704,121.23928963008476,57.176597797837985
951.6628918414634,61.87804747719802,121.2440292323538,57.13784395302609
947.8382075438758,61.26786922241425,121.18858816184903,57.00705114199121
950.4000493659039,61.661915963528614,120.89228517498894,56.89946835951147
946.2554291502539,60.27933711777655,120.04712047018053,57.122883010930764
946.0297222563389,59.90028906106384,120.12567048847919,57.31936610107509
943.325260122291,60.10869204213411,120.72150395533626,57.02775078439087
941.058249653649,59.808076018925355,120.66787888508222,57.13264598326465
942.7312743620638,59.5354799992952,120.24887290621047,57.13216292362894
940.9396171289409,58.77953714726712,120.11590333581981,57.13005643732407
938.9367061247075,58.45766196798963,119.73098971806598,57.54041777591293
936.5214658538312,58.27473559708025,120.09756158748598,57.601736171866435
934.309741018173,57.75006070108073,118.9030975358103,57.37934505047436
936.0824515047611,57.76512585169553,119.23573666509662,56.92996670475396
932.7051282638399,57.52889860330624,118.48646497601013,56.94960623509233
930.9788619256295,57.125949370879866,117.87583341826968,56.847597213983164
929.5074525933557,56.837837469374975,117.36994307173943,56.671589061464694
928.1634540382724,55.289994306630405,117.15691917818276,57.00438218703317
929.1377572631592,55.78574023635261,117.19046316385703,56.95515160621807
927.4197028429231,55.55592191827117,117.91718255616325,56.845086511175964
924.8371185914472,55.12065498580044,117.58347353378562,57.07025346899766
921.9744736770239,54.61326612569828,116.94461760686434,57.171549596069966
921.3593092352119,54.64854233940232,117.1535175478079,56.89969918513471
922.2011281781723,54.76681772793901,117.61760953554435,56.84020098043091
918.5598281380618,54.69626638719738,117.03305501752928,56.88324932739286
917.2645624736651,53.98395617298905,116.9745897547545,56.91773911673329
915.6055027127193,53.803364008180495,116.38175909277783,56.97332363765747
914.6103702288459,52.73184773295085,116.2764279854666,57.04802876120637
915.4090628928096,53.1033466658706,117.15787084929644,56.988543642654605
911.805305585006,53.262190868568204,116.5109018604725,57.11937631489231
910.6172153805709,51.27736958282772,116.00558774724803,57.09718972949767
910.2791764209733,51.00925607752447,116.41697720442427,56.94708660046717
906.5258703434306,51.04789055628912,115.99578822730754,57.001639856468415
907.4608035073363,51.0287757914444,116.60426681679337,56.8105624498938
904.7785707421439,51.425776691567144,116.27953051536062,56.906537568345684
903.7415269135782,51.07018012941937,116.2226972854985,56.94125463129708
901.1878524415313,50.17350628202502,115.09088616870989,57.55302261703274
899.3460739366883,49.833811319021414,114.90449407599404,57.45519628737513
901.149163294846,49.39265040205839,116.05193312319807,57.477408732472895
897.7532493960081,49.55298568083642,115.99508853088963,57.595105362893676
895.0414537953369,49.152680719275146,114.74056674852841,58.01016898918128
894.8140328148384,48.86298724512021,115.21116340550734,57.70019103928636
895.4247520398893,49.230999794777134,116.246654591407,57.49596060721646
891.5009894528182,47.73233374340519,115.61799873527566,57.83996262229859
892.323291859069,47.461966582072534,115.8547509965582,57.490881137621386
891.5290037438006,47.82531406996982,115.86458472297505,57.307991820644105
888.9163153797662,46.85014009552094,114.49957792138062,57.65221632212366
890.4101588296829,47.16329857826395,115.51423181515685,57.270982688699405
889.4398255805178,47.83524637417801,115.82085104366598,57.10902657956017
886.7087759076263,46.52858197121547,115.64076231724431,56.99801637715396
885.6619907129223,46.82274474689217,115.516639854632,56.7512674318358
884.1434521061119,46.79046703996592,115.12798207145718,56.759205593159635
884.7172064859576,45.874143002017185,115.74481705032166,57.16820817268869
884.3182931642065,46.59231374987322,115.75718858613503,56.724479694535674
881.7398839472098,45.839997352097754,114.47592623246963,57.06085668411737
881.0251368773668,45.946440569293536,114.48006922927253,57.07474439091824
880.5065015074425,46.17468961753185,114.1632930283175,56.758680023136534
880.2814567317828,45.80625876538204,114.45082082028419,56.56401774872597
878.091424147083,44.807297134014426,113.60702811004512,56.684726698907795
879.11881918636,44.51094545304528,114.18384174929488,56.76187587116408
876.9168150528982,45.71444240935869,114.17707197056437,56.440044121318024
874.5864329555448,45.752432696618165,113.18891896709022,56.67049603237952
875.8872728142621,44.14990098619431,113.93709443421037,57.2414740364334
874.511883100276,44.50537248084222,113.54536201754752,56.86278825834593
872.7553493878515,43.514513490929886,113.18029614543002,56.918860290714235
871.6039226513166,43.36143272742571,112.83379015385458,56.848735966720845
869.3623401725723,42.994625049820975,112.07764866145288,57.09573548530999
868.8720941981504,43.36655226702205,112.59496498568768,57.04488714917825
868.4535196389693,43.182232683723896,112.64821408154327,57.19555066951716
867.8123428054416,42.51326477069159,113.20552606111012,57.08099223193278
864.7916173814798,40.88066123616271,113.60732417999922,57.263237741694894
863.868635332229,40.976578981966426,113.63775630943033,57.171044020211895
864.6440790256615,41.3591220265088,114.75206152663037,57.04980098589857
862.0994825069174,41.926329090615894,113.0621880014661,57.30147820919348
860.7766458116548,40.951176254770765,113.25578376480928,57.30097440212397
858.7500570238506,40.587079873416116,112.09280485772119,57.57049583342763
857.4481771053571,39.9589819864529,111.82928683406662,57.731126288292785
857.812689035176,39.836241834579496,112.72701749675237,57.453264042238715
856.9250476110462,40.553743252563805,112.89546188027487,57.28482152235591
853.821204572993,39.00855440811545,112.13981291914999,57.71723188222735
852.5340957163004,39.18561498824984,112.15667475179785,57.498040378941
850.1679659835763,38.566341928422126,111.4462819917517,57.65165214476799
850.6913254023999,38.66695510821568,110.35762667459554,57.09605176388915
849.6867248750501,38.14158747336441,110.38723027999245,57.131888733420794
848.0288724355505,37.89175605580394,110.44970911719803,56.86488897088549
846.448727223034,36.96867821603351,110.63650668143683,56.82435570274873
844.5401090257928,36.758982864411806,110.307399844718,56.96726146951638
845.0065985311853,36.767910402426004,112.23408813511095,56.779384740312636
842.2385946885498,37.6817647494221,111.82072686667729,56.61412981695796
840.9827884582024,36.98297296247266,112.22346023801646,56.56045687726126
839.4864995300708,36.914675716548274,111.979389296291,56.59538902387945
836.8296495702386,36.36286406844906,111.3166006257148,56.96251253370092
835.2608222400838,36.46681092943355,113.33410507755121,56.76911963832916
835.3204582233062,36.020020013180996,114.1615290349117,57.04113016842033
831.971163639766,35.27679678091073,112.84425669076157,57.340746589168134
829.6434638986842,34.87107826878408,113.77208349340546,57.37453593933772
827.4364344688298,34.57093302466802,114.04204693227686,57.73090130316302
824.8855173802256,35.19555569415256,115.44712283922183,56.93381489211143
823.1841859928072,35.05684204321261,116.65091090206803,56.490911419207244
822.8471201469004,33.43512253598891,118.67773722450471,56.596894970245216
817.0782032878546,33.26523960633069,116.19454242391924,57.515546384828994
819.1727834229346,32.14323498768113,116.98466453290976,57.927548094776725
816.0342605865109,33.06062064308798,117.15163187094888,57.36079502966005
816.1488372479032,33.04586303237295,117.65401243316633,57.10807391342837
814.3783135486209,33.623675646555746,119.26970105945308,56.50124098767127
813.9805368738228,32.2337062304469,120.7087640354379,56.73203483659734
810.2547484866077,31.89019500140605,119.50492336754621,56.584006234956135
810.2174583152508,32.511174652721756,120.33451681851346,56.17140556965764
809.8062056832599,32.613435863309604,121.409725808787,55.81519156270276
808.2567515359065,31.33728626287757,121.5790965687803,56.071750159166186
806.2813819452587,30.814063150705643,121.12539487025401,56.61222185233633
803.8916424785322,30.167760168393762,120.5274133239707,56.88649462032008
803.6541111659537,31.75935016002821,120.99381523312277,56.68787250410136
804.6313922348461,32.00417583151181,122.61966214532583,56.157182539917144
801.8078432568516,30.942361456816766,120.4537050628627,56.619138697144145
801.5497131448612,29.200101386895728,120.82230285584185,56.69067661156813
798.8560295956636,28.872416364391682,120.63018549149903,56.4425583185826
798.3520940902706,29.20286525435695,121.60451240146398,56.275514137485146
795.7699106525693,30.186395501925414,120.17852626478174,56.25381370685475
793.9622969208195,31.354245819999477,121.25540982187863,55.63995667097976
794.0383478929394,29.478115537663815,121.95134398804,56.053274469461506
791.8360916978082,28.489430430665553,120.38789172910207,56.08272901020211
790.9066233694111,30.69841017527338,121.25719887883142,55.169498315084354
789.1613550914855,29.887443786105564,122.02674334636491,55.617036009038884
786.5321555157914,28.516963849839268,121.4839387700307,56.337499274744694
784.9787480301732,30.23460288628571,122.41073984623245,55.66099619765564
786.7225185111075,29.146347014654836,123.56800956093842,56.133033372550386
783.8077668537533,29.39579496980385,122.96128698453377,55.62142901717274
780.4171176216452,29.0313251643762,122.72463062239484,56.39404202786386
785.639374920776,29.850939715425998,124.58211511623513,55.79251751274699
780.1971969730065,28.494488493015226,125.31243639721129,56.563750612666496
775.9432010430528,29.714737968541172,123.99526823056839,55.951843246773905
779.6060583189247,31.078588113739983,124.92325870354377,55.24647395575067
774.8509285766556,29.89174177752154,125.80193497427578,55.42015489799347
770.7935890609305,29.13370559494252,126.73527617232159,55.80203515404354
772.5973695772728,29.403406948165795,127.46651986146922,55.52034028184076
766.0950631775806,29.909676128855565,127.65126075838768,55.8570350709434
767.7657887820881,30.469478679276996,128.31506048015902,55.97606777508558
766.0467919974569,28.010063096469484,127.91058507244679,56.744522143978195
764.394181695844,28.516540735663796,126.79821362702758,56.50753541722531
765.26243612345,28.358257119922065,128.48364700585478,56.129546412441684
760.7104298962283,29.234200849326708,126.33663807510541,56.141562690700574
763.6028974983358,29.47762582879057,127.70197380976376,55.97257032507081
756.4112665604066,30.251512104077776,128.7199755614157,56.10140645617517
757.5831741766514,30.429605600684173,128.93105739885715,56.29771375045322
753.6480783340575,28.168006627555094,128.3577457042231,56.909206202784375
755.2088145122116,30.343735133803452,130.55923801618889,55.67470733161456
755.258741615316,29.885693181128666,131.3890342358908,55.80404002627459
748.9553369339621,30.45067138646816,129.40646238064204,55.5385730517452
751.9996466806554,30.84430836976491,129.41953794798573,55.31701213313296
749.93890467082,28.286517635334917,129.628070498235,55.77143885498367
748.979782058823,27.993977958176117,130.9347700998801,55.99407723578099
750.0386870385718,29.581425293634723,131.77619151703067,55.60012142861805
746.0790375820039,30.319250985507594,130.06226594286161,55.5359714524956
743.5874726207496,28.33462054918827,129.95080377094882,55.784069052276585
746.9289380394008,30.26470697516602,131.34909260680325,54.80246246542728
742.6159028219605,30.568728177986586,130.5699563613859,54.55093829856904
743.3559218155201,31.747379911983444,132.21293234750277,54.04968484507117
741.2761969805055,27.611212960393964,132.34614071504194,55.256704455342415
739.177600730865,26.318978521929168,131.69273678640522,56.68242184454007
738.3373435312827,25.496467390563232,131.70273219123843,57.71142050717047
736.0879805475133,24.594778006319153,131.70363301305596,58.68480161692908
738.0162525765884,28.85211734998589,132.30579342649398,57.21621114828457
731.9260688949073,29.123312589435898,133.5930238117066,56.23321908208902
732.7985461062565,30.053983130107557,134.1977779461372,55.29368916417115
729.281039245287,28.342985075237387,132.81916213621562,56.121209289338125
728.9019027663413,28.46486223270845,131.5056534588227,56.59411708329416
728.0161031653881,28.784144385780685,131.0324058398977,56.00238582293035
728.7177717285092,29.228902581930416,130.4680557660964,55.61207165226289
725.0381831037147,30.243067450507706,130.00330132165456,55.46008194673215
724.754198214406,28.699665383748794,129.67786047719858,55.70115362976475
724.4018416297122,28.308118224237887,128.1798153343606,55.74112966265375
724.910567412132,28.423588465826306,127.48578974794333,55.70097929626387
723.8593773563774,29.83076172105068,126.96944551329149,55.247773275393364
724.3566602954286,28.147813293499834,126.02394294894152,55.595999975923526
722.6508025754405,28.613758555224535,125.81831162530698,55.33920608352423
722.8975398342536,27.729269851649867,126.63650192739799,54.792762386242416
722.9254121640238,27.591364529587622,126.7576371208678,54.526836069955834
720.3478613585285,28.542917742051607,125.96254580354443,54.19890576483225
722.2926133187116,26.96562072721398,125.70840760774163,54.58246674587774
724.57864208812,26.823908560296786,127.51483288752831,54.501351516056275
719.2718048962757,26.562172358396722,125.37700046579698,55.489309475743624
719.1298154622554,27.203972160612096,125.63074575135597,55.3059441414087
718.687900734441,28.217799301845186,126.64803595220022,54.01438981736232
716.3549564741168,26.89952712099044,125.45445935062563,54.57981487060013
716.931707343001,27.739488223636243,126.41812007890636,54.267396546762996
715.535971124877,26.449487078898443,127.00803106419613,54.477664310558055
712.499140805796,24.993679333748418,126.20396753167347,55.32019134184321
713.5223157676453,25.360106915710794,126.28932456102345,55.37365698346808
709.9495543234304,24.364156897971185,125.9691229812219,55.635662738513645
711.129788088102,24.282438715450787,125.41060137663766,55.87628002558584
709.8147038518301,23.49725964849402,126.01700404679805,55.97420506928942
711.0284665792918,25.546902674403043,126.96316633601526,55.337439378418026
707.2551894401245,25.001430884251988,125.25343971530228,56.186984654019284
708.2909545795769,26.065314754125883,127.6399840060994,54.68717646369853
704.6718944108327,25.57055758786924,125.49539293306549,55.633364302859164
705.0725504661924,26.391070879704493,125.94827043282723,54.56643261073681
704.7112386134494,25.7147376305422,126.88388002643683,54.08321727979962
701.7004504676445,23.661777851769312,124.75600220122541,55.643076036793026
699.8631015160578,24.25518728241122,124.194870274229,55.404648493830436
699.2091413904541,23.677358304076265,123.24679191398636,55.82238920606599
697.9570259612482,23.114449580454703,122.91797061404237,55.69561039419199
700.5433667804236,23.58244604489981,121.26932895944076,56.282804625793716
699.145328373902,24.388045967942034,121.85623066262087,55.64936527346461
699.4234985140928,25.062569286064658,123.8065658640356,54.392068253186636
695.9212792178515,23.334790975330186,122.69883328342226,55.53165636116681
697.494738401895,24.259096488394405,123.5867941229464,54.427612252457806
694.6046068942019,22.955741357658873,123.0101326044886,54.99926425396488
694.3238823738744,24.063335932454688,121.7886066867238,54.67890914596871
694.3815156144208,23.6477568103002,121.40927100606905,54.74381660111219
692.9587181078147,22.886280492389254,121.60403026679413,54.54540891112079
692.6943614179129,22.44115255325196,120.62658386418804,55.09837009163384
693.6739414589129,22.760707714131172,120.12792664511838,55.1505070542878
692.3720341765663,20.251852258121957,119.4014399250214,55.55497390960457
692.4385131708857,20.07786493533327,118.28370400898386,55.69991612119528
691.9829063984747,20.74591753865362,118.27014749660461,55.45866443494795
691.1412501416619,21.50208663360676,117.75654629105304,55.42682753917772
689.5310018918573,20.198978352194082,116.6813784802069,55.88083958845327
690.5112397724786,19.946107806325422,116.48377803749148,55.47526464301255
686.8929220127895,18.96246809836873,116.38212906437674,55.607290581829375
688.9964895241803,18.97989851527508,116.39926438537584,55.3894923792661
686.5751517789694,19.488298440161127,116.39823708267629,55.07840931826278
687.6291020094823,19.793014946328682,116.45932794893639,55.03835372826043
685.7722355343143,20.62793598993647,115.77205372382682,54.95587249996209
683.7284175527052,18.184674955299133,114.89239308670318,55.861788490135204
687.9474414786541,18.679269768313404,116.40065337079167,55.43352375176383
683.9097068979523,18.267139916810713,114.68614641220012,56.298091941439466
686.5930735325237,17.473760840623626,115.15752215947583,56.41514761159013
684.2458097933279,17.678430651477925,114.05534153087265,56.44757165913393
681.4820505031994,19.65459113897819,113.97966205967711,55.54444859634958
679.9265788861047,17.291670233222284,113.86693886434674,55.77279523345344
678.430698036188,16.437237545929776,113.31053381231865,55.91922450421765
681.8936569966472,18.33786556671567,113.21037673276984,55.50823345059142
677.77965488594,20.363715895853517,112.96005987874481,54.44596417354131
675.3288703012566,16.97537309274123,112.57702211451777,55.285721030681415
679.2082839193375,16.68147225797849,112.9601445319816,55.565289826528684
676.6661576560857,17.301049593630864,111.60668629646115,55.3472468819848
677.310328880777,16.246506244519125,111.83113023547583,55.47670096416519
674.7013793305155,19.119542468909444,111.40378616812168,54.61649849524295
672.0492812828952,17.990505435314592,111.3474442575334,55.22361795828379
673.634630599023,15.093116041791362,110.84583541943664,56.04185236514226
672.314756346072,16.47220329982649,110.50721564302064,55.28526857783177
670.1392302534302,16.85232463398018,110.07856135018535,55.07113421497864
672.2963479631348,16.125375572251656,109.70633228033974,55.333527740771814
670.2583624783621,16.54061110918449,109.28608027701532,54.59205190753487
668.5615401177275,17.64667592979063,108.99132782917137,53.98407983334682
668.0245631553511,16.749937846713465,109.12009233751569,54.503771481259264
668.2155608339091,15.911451267645273,110.05053832942919,54.357784858702594
664.901932374582,17.905415535286167,109.73161490445541,53.28913995188455
666.4878293801075,16.01271589137609,109.46993780433878,53.83057194501171
664.5003826658257,17.068945798736586,108.66953120696257,53.16851689351246
662.9496922026615,16.75606535831902,108.65899773700484,53.4981969764369
663.7601780891548,13.866400856793195,108.21012364697123,54.47033413073367
658.7565761603669,18.122276708373498,108.47724381008899,53.631271388602116
659.3290444211987,16.689690083894078,109.12553913332746,53.75812857844841
659.9466072470681,14.786917276600597,108.37596710383448,54.2947609239924
656.8770890972402,18.875837610684187,108.2088286483938,53.09953524987429
658.7753058481758,16.326742691424883,108.18948164287576,53.39577940205257
656.4059936533077,17.163034712387706,108.07825108647535,53.01034979623837
655.853754725102,15.171703345538369,107.14651959802288,53.513083321181554
654.0542082637153,16.82829081035328,107.10816015682846,53.0190769592092
653.3565277183059,16.594155835234496,106.33290843560505,52.918355904026086
656.3311597186455,15.453820961971225,105.90647587489775,53.18272068076503
655.884755214582,16.51495537082126,103.94571632910024,52.870873449101644
655.7754017130774,17.8988593113275,103.48499374140731,52.28032858955828
649.2009348207378,17.630709143924538,104.1399137397708,51.48895334338581
651.715932904382,16.17627933336977,104.35259001587198,51.38840043741099
650.7634418098457,16.515862657679886,103.28217128026208,51.74805775100237
649.1797656307372,16.91648371471899,103.03147239565067,51.24566378908481
648.2532298010922,16.4406828339739,102.90971414275504,50.845008894881936
646.3274847628286,15.048859820307648,101.87549684089488,51.33925792094796
647.8715087743936,15.492457686213434,100.74084287313111,51.472842871700166
647.0208806887748,15.300478619185093,100.05817980532471,51.747422205960746
645.6192597162744,15.038752048224307,99.84361212088521,51.428269757062004
644.8688059596891,14.772362131049768,98.80100204448672,52.16977258514258
643.293505298658,15.170141695647441,98.31729002159344,52.14484774950345
643.8324686517999,15.412320981727262,98.7781785752431,51.421942433354815
641.3703837233038,16.482456186987378,98.44529314964258,50.83345308114605
642.790426894491,17.066394312868617,99.0617590743426,50.20857341475268
637.1907285640395,16.55096982221139,98.13813270210355,50.00703699910974
638.2728763213287,16.51646189298141,99.49621634745273,49.39288832061672
636.6864583427183,18.489069225783133,98.13606757109181,49.06290707633896
637.6303183528453,16.08782287150629,99.98306062838321,48.98658461078986
633.1518410610539,17.292295682399217,98.48660983171682,48.967797880681864
635.8545373777337,17.268836014896685,98.52322474001382,48.72234543600668
632.3865104953161,14.88451827747172,100.09576408147853,49.19489555319059
630.7881382058033,14.591641176122849,100.32583814735102,49.79145102462982
631.2439123856385,14.862853867025102,101.24698503342353,50.320421397639464
629.3560919471289,13.884374924132445,102.4915411345181,50.33213222932474
627.0972826364155,12.990084167403168,102.5773250582214,50.7629392467048
624.7463037694804,17.932855010465474,102.87231992054001,49.9916153187589
623.0947754704982,15.719119974290926,102.83478580309617,49.90556467348715
625.693628825524,15.25937225347803,104.03971371371115,49.59082900072543
620.3787515683134,14.427493317967059,102.70211536100572,50.277232822064754
622.1078532360174,14.77330869472192,103.81279687514623,50.014658534180796
618.4087120892274,13.198195684041792,102.9366670135748,50.95835422297574
617.5471756953216,16.096420930669865,101.5252404899392,50.5016459134049
616.4508893159827,15.654207290546765,100.60612582681816,50.239940247636696
617.3845483634752,16.20364954410524,99.78019290563078,49.74479458491443
618.1628242148886,14.989462571369135,101.11607031619228,49.302261700552656
615.7398710991229,13.775517428201162,100.14215900469378,50.46824548225756
616.5780525885657,14.866563059457938,101.1263826213434,50.03163380348424
612.0612170080781,15.360090374086095,100.48862987027051,50.115711953349326
611.9924795846603,15.552114272265236,98.08546102508946,49.71020713120977
611.4454974834048,17.365386166362402,96.37946842904697,49.012549995008236
610.3708408139071,17.61276752323397,95.86069833870589,48.26294061898216
610.2593250482896,15.518701362936302,96.28302679143223,48.20758319729844
610.9540321079098,16.81770390042444,95.51766144166588,47.517700661842426
608.282115749282,16.477639466741554,93.41178235930022,47.79868586317922
610.3217453818392,15.444265791808924,93.65885614014529,47.6490936248792
606.9883789477893,15.505667809661936,92.02783185950217,48.015938139922
608.6780665416476,15.312490875228363,93.94696388537824,47.36067354241189
606.1433089170611,15.990743544452972,92.63830435275185,47.24911563743435
608.7703593472169,14.962083985347618,93.47474676255132,47.116302614531776
605.8887226689806,13.193260567856505,94.26672285492478,47.83559150502548
603.8949976916674,12.866872577580576,95.24738288683693,48.20740472036051
602.0856558255812,14.35288789007151,96.57439319714956,48.00499809020591
603.3523667978152,14.242162836640674,95.18060705399702,47.625280279815996
602.7599615935844,13.16611176249554,96.0748029171132,47.90226941769977
599.200543648064,11.699501529868563,95.3844657010067,48.997431530483325
595.7198093361494,12.225830324486978,96.60673325595775,48.847359209267125
594.909592586825,11.934099950549168,95.92364202201674,49.68767937887279
594.9808408875051,12.301760873038091,96.234233555184,49.77295041414396
595.7236155013433,11.473354284126295,96.02797381153172,49.86331216164682
594.0691905824635,14.32658002058088,97.85746902931123,48.855025628618016
592.8084774771435,11.627053239874975,99.60652579558104,49.08411487652275
589.9092591078215,13.381593685414064,101.17928122929344,48.41287096626427
587.6407519628054,13.055972416795456,100.41493777320125,48.73028028588064
585.6591100169379,12.958785993541497,100.70205417683815,48.604410995671714
585.393129000474,13.590186683487314,101.56359955660972,47.98728122184392
