264.5,149.5,32,68
265.19127835229034,148.93496307319248,31.956358405053688,69.30389840233639
266.47597403242753,149.26053881370086,31.30893765062956,70.32538331105195
268.41704469498495,148.834654638908,30.893597730467665,71.16055668258826
268.2365043479927,148.64347508976363,30.29124700651017,71.74257521781819
270.31891485117364,147.81873884903837,30.195223588496717,72.22640662985648
271.5043272013582,148.55139560739931,30.259014976994806,72.45434734554118
272.47778640604537,148.64161706622593,30.20408639477648,72.25287721865075
274.23668069450935,148.66317420697283,30.20805947365603,72.37319750222426
275.4501238560278,148.59147086444193,30.24911586531022,72.72559339026222
276.49498870442017,148.32506163128272,30.367153893516395,72.7738250216731
278.0064971250665,148.28059289437155,30.298192599937877,72.65805648229282
279.7131844392337,148.3057913849068,30.218955172912672,72.52906818428391
280.94987510245954,148.57385120975883,30.349272576929767,72.35524177798806
282.6317199328384,148.6918300672566,30.377085534961825,72.19883608014479
284.4457019635859,149.31035398068605,30.1728909474963,72.19498629997022
285.772610394173,149.31571498373984,30.163649920596434,72.05091964359406
285.4963004663372,149.6470694232363,29.81822942201623,72.13575386114347
287.59679457602414,149.22938028852104,30.03509026651561,71.95781311507109
288.1247345036052,149.59413220072713,30.1135998118356,72.01058395410725
290.0568461370045,149.21110726307222,30.160584697808012,71.86623057776913
291.5730774505642,149.7284088846388,30.243713596720077,72.08345874695128
293.0498080737051,150.11801402828635,30.217557095158806,72.02632010730026
294.0197437207111,149.62040137649836,30.257052342055566,71.81102645469183
295.8343894863322,149.4411483882311,30.125353736838797,71.93171955452499
297.486245287384,150.39778314520973,30.069048617431672,71.99642958139263
296.76294369223507,150.50258278386437,29.732110128347294,71.87392220449165
299.29508700021563,150.12475415810985,30.002611357997672,71.85415843263182
301.13763556085854,150.2211828977293,29.665349777483364,72.06024634457106
302.7502919792539,149.9211477275576,29.697743821262115,72.3128011018761
303.26536346025983,150.1676985937915,29.4431435356991,72.3425740227477
304.29039591577094,149.94794836099874,29.491164028119222,72.39355222099164
305.28053957813523,150.14343223384742,29.334454941877908,72.28694962264649
307.16930008667424,150.19319202472596,29.394870326167098,72.137128943556
308.65202329740237,150.24056514780784,29.48443684607126,72.1662684705145
309.6971429279126,150.48646705904832,29.369994046156155,72.16351759936946
309.3860218715384,150.6138013626874,29.057183942851523,72.20775433490863
311.2314869509444,150.23472397777294,29.18061797890962,72.25385556736875
312.83655783859257,150.50809203503326,29.31068020408619,72.20205416072815
314.1915041240345,151.1350492596622,29.42220424964217,71.96249346360653
315.7703009808785,150.57558142624276,29.58331800207966,72.01227975548353
315.02325581827154,151.04208708427745,29.20038367671991,71.98102693140706
316.5130183211444,150.9348297214691,29.29551778008975,71.99077657561814
318.47114210451275,150.86388393733483,29.33467521022498,72.06216961033977
319.59925129356355,151.6357478541262,29.18740005607659,71.74791834784008
321.3355146304938,151.12142776655378,29.29801923907351,71.58311009864563
321.78840744409473,151.91389484317295,29.186819197465724,71.6042177344622
322.6685412205328,152.0604165636488,29.116606418873992,71.47722393786148
324.02965627543324,152.27742168407013,29.319868834173846,71.40048173243062
325.7290342419312,152.26102902646787,29.329349643197638,71.45412509889051
327.02635407342495,152.42686715070516,29.38362789364694,71.4374368973005
327.1813406135879,151.67321133066415,29.127089554072946,71.60818554624022
328.7870225157878,152.01714527259492,29.183796685876256,71.41056580605166
330.12930516540894,152.44540649129857,29.154551554175427,71.43116279060327
331.87893445379126,151.8031911719368,29.347595919686828,71.61586770606023
332.77239860697546,151.84804902524945,29.18861267881681,71.61433865835374
332.9998966403514,152.33185501911942,28.971026099431583,71.6900165704399
334.854089432412,151.90744119026846,29.125168601018945,71.82318592106627
336.7708739420825,152.15460077703455,29.194904396970333,71.66582217565755
337.78066594761884,153.01138521703004,29.125057934725803,71.61444337535562
339.0783259685728,152.95724708977968,29.154351416301083,71.68287430852885
339.1463175476942,152.86822593544915,28.89100037413766,71.8297874432555
340.8092109205729,153.10629232797163,29.041999765007372,71.76665661276601
341.9333425835569,153.2533593801324,29.053323250105137,71.80447600418543
343.83882688238407,152.32600593958367,29.267845413253987,71.7894884139236
345.7445936271225,153.10318200792452,29.11324880770347,71.67987085060618
344.49570549613145,153.65720113259766,28.66599080416749,71.3149492780673
346.9765177549754,152.63901614478178,29.212089617930907,71.42355102326081
347.93570696268307,152.90380218283713,28.857261793984442,71.60765361164749
349.6960250159558,153.252788825248,28.950617663223255,71.47371532524267
350.77033552366623,153.4756056190569,28.794742404905417,71.58673705922293
350.4864243574621,153.6963791356287,28.50999038886389,71.56308221391312
351.9315699966422,154.05984213184394,28.593739380355423,71.43079987392176
353.1889127018577,153.94939596537307,28.74082502896063,71.53949097812564
354.02269316038735,153.3716118709289,28.7200052637111,71.63199232684217
356.24521901087616,153.95604863388033,28.791598994252006,71.44324220162747
355.20706147150105,153.79888412115724,28.51365577412829,71.16196138334271
357.1503921870258,154.0304461842136,28.71904632595857,71.1222956844208
358.47596425087545,154.31676607814688,28.69576250595263,71.13340697897453
360.12886412551825,154.86926795307033,28.670869910750298,70.98603726090026
361.3919498406468,154.76937499877045,28.589083293801878,71.03346064403695
361.5610373022326,154.6387222320491,28.33997085274895,71.08611511165321
362.12931678167735,155.17703210758998,28.3396234083324,71.08996830673847
364.170573133266,154.64723640214274,28.618001570481063,71.11759219691915
365.28844543585393,154.69138185747408,28.333644966747126,71.37117147496954
366.6891725777884,155.0379027562413,28.437177779664676,71.25103128399488
367.0946808705095,155.2607026003637,28.24897018708524,71.26003032059214
368.36320102647846,154.9219771616108,28.194433289301266,71.37496152856511
369.7175576002636,154.68964399229736,28.190591080985723,71.44238305613399
371.08809362801844,155.2636714240536,28.371080981881697,71.16343460455542
371.82717012851776,155.241302086086,28.286145425302962,71.06949331416007
371.32393695250045,155.37015916015574,28.212648927720565,70.80419893554239
372.8093350947732,155.7435709725262,28.41943848340034,70.57049316062827
373.62989168432864,155.13837476407176,28.390058383246057,70.80673527751124
375.2670894120353,155.17237256295275,28.55997311612614,70.67292636185432
376.0764116648443,155.30199712795928,28.411192382900516,70.64357432859435
376.88120519000574,155.4450847015129,28.28805648156435,70.56935109293653
377.2314996819526,156.1285288321753,28.218574231946477,70.41297737705241
379.11538224380257,156.12471399767313,28.622465716828067,70.2887320079098
380.54298325738773,156.15708652052052,28.725839653631745,70.336614595131
381.66637881047046,156.7858440275445,28.542450484950972,70.21380488618249
382.1732092779166,156.88116224919293,28.521703273050655,70.22741404000979
382.9894809538579,157.17372739271428,28.3835284743297,70.18197687010874
384.24734428467815,156.7165410153487,28.367073443930025,70.14169594451542
385.78761463966106,156.2753286537953,28.391401384400613,70.23258111779461
387.36738188042085,156.82453398961218,28.633295840793043,69.84061387515409
385.67874497111023,156.96733848311536,28.736328688802693,69.41290167805612
388.0712916547771,157.08230362216977,28.627157715267835,69.47408561102972
389.8428020665478,157.21846229372377,28.68843929803745,69.4253587909263
390.8752312724331,157.62536588871072,28.384810162923888,69.32063456203484
391.74649901158375,157.8777982880871,28.55581504793446,69.03784120230989
390.994972049534,158.08587512167054,28.515115944117937,68.61704476358605
393.3431935575677,158.60296867223033,28.3518784372363,68.7017041981491
394.384254980416,158.92576977110093,28.172173370508553,68.637218259506
396.1879941846512,158.47901533748023,28.44247420741473,68.54313663497564
397.42541908986044,158.9677261820379,28.586512775139525,68.76274847037362
396.7059145731957,159.08725088747747,28.595672422253816,68.52177350792911
398.4714185846105,159.19860141211845,28.708598649302175,68.48144131829582
399.7443141644309,159.59107538631724,28.53961231830526,68.43561397250593
401.5099874250297,158.54646366192506,28.4426630177192,68.5973715056104
402.3526020824418,158.8690538617557,28.182206680723887,68.4157014106385
402.53818809565905,158.68953135226803,27.939056341558626,68.20955980985525
403.21450445461926,159.02393804415118,27.965855705814377,68.14903095911282
405.02574317388695,159.4934861818099,28.252423009863257,68.0244198760942
406.06935464021456,159.0155432092372,28.09208532443853,68.19581958705156
406.6480730670003,159.70397508988827,27.926208512771545,68.20417444604973
405.7669506503661,159.45149248896706,27.848678737427875,67.94617998879258
407.8742729048835,159.38412101727303,28.00530822283886,68.04816341847463
409.11679193141595,159.53067013143573,28.03218895296191,68.2421221607456
409.97753142533765,159.44742931504186,27.809532892593424,68.22412844613356
411.21743499617133,159.9454201227809,27.79104400539685,68.30910162077089
409.95320033292455,159.53905408923964,27.815592299938515,68.00502074344118
412.10959495692737,160.23156740218207,27.8917762880169,68.07429368668622
412.27293435044965,160.01877490727412,27.841325392417446,68.22343939718428
413.7747382968487,159.63663747497944,27.84787103164767,68.35766866898877
414.74618102603586,160.18382549010545,27.927176382523143,68.45062348075487
414.3812454455762,160.76530626977942,27.940564963734307,68.28697503748056
416.3519838002711,160.34749111699645,27.881325927150364,67.99091901320485
417.07556475567577,160.2744061562954,27.923520534132763,68.16139668290974
418.1188846689704,160.12457947703834,27.961964392464736,68.2952728052007
419.8311387618431,160.75315280255762,28.05158226911264,68.40930609247846
419.05608889762766,160.4004191843361,27.854887535339472,68.26325404228898
421.14227063711326,159.9945970218409,27.951160283022375,67.97503710305055
422.02119567751055,161.1637393618505,27.890625299082934,68.20989209054234
423.6133068880107,160.88264051039127,28.01576242855862,68.13586057640833
424.46527447557077,161.07758618232222,27.846109580136872,67.96343427561435
424.4623882057135,160.66316405608785,27.638368626313465,67.90351325260477
426.53158074726576,160.43581668046917,27.681498760036302,67.69447261413264
428.0844335158623,161.76433773821176,27.703763918338858,67.68803856139158
428.56039590820603,160.76691874432896,27.378285082728993,67.89836891690163
430.37793251399023,160.78204085371937,27.574218636526226,67.94995774777576
429.610910560477,161.05744809923004,27.58741736876327,67.85548348030524
431.50614945904994,161.33011742938902,27.655432422874725,67.70413170076652
432.733235282666,162.07107928612993,27.60628125103021,67.66489967105392
432.4593960720566,161.89423520653799,27.36136875609208,67.3010942961497
434.3033307494303,161.11852941352774,27.226985986961797,67.32098706522225
433.9366005387473,161.95066162339538,27.144089451369066,67.14678559752862
434.7856404131807,161.1954889435578,27.205434865771245,67.45053410585493
436.2711170208946,161.89095214986597,27.342712718000904,67.218930431886
436.53391341283753,161.41417351468,27.13847259477113,67.40848853815348
437.58759414893643,162.21935433660477,27.261200310195317,67.25313838131109
437.4836469500033,161.88138614302753,27.11745049009365,67.40100914661268
438.2008141199373,161.57154556365867,27.108846974696174,67.52924932372386
438.5151133262213,162.1851549010285,27.31023638609136,67.49069901923107
439.7308540609944,162.5124403384761,27.483429494258218,67.05670583136101
441.1825125713489,162.3375601039843,27.58538676935602,66.67572944865245
440.23286278435273,161.97421935832025,27.23894831386835,67.00335408811662
441.23763701975867,162.82008336062947,27.317360086281646,66.86714375699064
442.33591456924705,162.09784976059623,27.316721639984294,67.17697813120567
442.4162991109846,162.39201478604386,27.23360266395251,67.18722319551428
442.8535646624537,162.7952668286921,27.349764772569742,66.9497848002584
442.382362189654,163.20211183627785,27.099318413161267,67.13940463101126
443.59343113810377,162.85072783603766,27.177929627437212,66.58549083160304
444.04674122840754,163.2811671966431,27.272055816191653,66.39747511698393
445.0179258340344,163.6741308670537,27.33599539895957,66.6226602277161
446.1585821888475,163.855711236694,27.320089774752027,66.56701239760943
446.5483574481264,162.9036611237801,26.909924379447013,67.17144192717872
446.25365112366865,163.46546290706283,26.79613031039456,67.45260658914415
447.92864631333435,162.8283192755256,26.774781107286863,67.55725426481627
448.91179331706917,163.44708793793077,27.05302135389138,66.77609960206378
449.24156466496765,164.23830544739081,27.161719348325725,66.63828411954351
449.5938235821804,164.23347679948978,27.15956935609767,66.2923339653372
450.37078546764786,164.72825226915648,27.35784773836859,66.18470860888954
450.94895970199514,163.94996309735484,27.368200228879672,66.40164645433154
451.49586283247095,164.14196748632094,27.41459267550863,66.2896657053643
452.0440508734385,164.53947961717424,27.466389568159986,66.14846565382463
452.100192714847,163.8178079400708,27.173740009979593,66.83592751970832
453.18098838197614,163.8333355105957,27.30702858905152,66.44929744298383
454.34365258233237,164.37061814210705,27.452236181915012,66.26903836282246
454.0963629430687,164.7567557436108,27.544031142710587,66.28010635573021
455.8248499731733,165.15181659457284,27.709161727276808,66.31164368233627
455.5985810391336,164.92024627526217,27.330079915428364,66.86087870783317
456.58537043031225,165.01001520284072,27.524433405028432,66.48074840932911
457.0409600462518,165.04710802830368,27.660524590362627,66.23288529904403
458.37293604387804,164.9289266553823,27.581461530199366,66.13628702203295
458.3478562444318,165.83477222636608,27.30886573272573,66.4036426062922
458.27978512992456,164.3458685472235,26.790158790101728,67.11026528173129
460.2772456206617,166.08232334114072,26.96626976053176,67.36866367729527
460.4813121261177,164.7588782000517,26.91816042696888,67.70531369076602
461.4713417800242,165.0358561594217,27.2162478629302,67.33956375924109
462.7219195983266,165.3406251448442,27.236717029868544,67.52185394391365
462.1473402576326,165.47241297774735,27.032567272001746,67.23341421916572
463.0775856464703,166.01802294171728,27.272688657869992,66.80721588956496
464.3216828976626,166.04957097227938,27.302814477522233,66.65964733610353
465.33108975705443,166.22664420742916,27.356716279597293,66.56500670395971
465.21168098524475,166.34894311993875,27.456882347906365,66.47088399352452
466.3449955241065,166.52251673996574,27.569563401255845,66.48307837486949
465.8992103366271,166.761476552973,27.46435361912536,66.38559946083008
467.50914213660735,167.29050695475865,27.584738127075127,66.20055453784349
467.9211299232934,167.05159457048205,27.52924994755901,66.04020447452943
468.52090390779637,167.37452372267649,27.561430770743627,66.2711097523702
468.69881744092834,167.3668624677379,27.69600217106673,66.13003812331515
470.02923082759014,167.42605074264415,27.854248836387534,65.88604195341787
471.1667381431624,167.60154116590945,27.71163543319413,65.95509381672426
471.0895833950334,167.7411846472914,27.538801945777152,65.97171152014572
472.3135887203983,167.43141843105258,27.485256741519514,65.99104049812888
472.54053878032073,168.0201100367891,27.444334793976807,66.28937256623502
473.51777342117686,166.96366977073035,27.245443314922646,66.24007625089459
474.4940674913225,167.91822981807596,27.258434803575803,66.36263864750589
475.91031027670675,168.07925670981808,27.26764740251552,66.03361889619507
476.3080973889129,168.5190089686536,27.38775269251127,65.89609809024358
476.7323022658288,168.93141234312867,27.46100377919089,65.81238974522412
478.24486016339426,167.80051129496113,27.44963162305229,65.98275330968356
478.57271876596843,167.9462599017489,27.485859017055514,66.11734279011019
480.2058133828683,168.2579526538556,27.366850340506772,66.12097794295931
480.6158057809584,168.84888192039483,27.45981069565559,66.23974533017656
480.4255553532775,169.14014935631144,27.508918607158307,65.8844125608853
482.0822069980874,169.00823373872868,27.563629176333684,65.86303950470707
482.5743883599661,168.57855439901928,27.5237403748289,65.95383497316169
484.1232311012582,168.63942645520842,27.514741358461688,65.9700646163815
484.68231700925907,168.80692452211886,27.63155930476627,65.87759303192564
485.26247041508714,168.94396913500293,27.709117583480324,65.83580653147263
485.661350506583,169.26386158771479,27.65323245294065,65.89052719836792
487.3619553273044,169.74709395229058,27.66635400923652,66.05781934520812
487.33206476551067,169.9867209340583,27.450175909315178,65.73986766507898
489.0584175489943,169.71849011872789,27.527551137635882,65.67516417990653
488.73370936213695,169.26256022300294,27.381866226369926,65.62552892950916
489.8193778706129,169.4789904429118,27.232420564932447,65.70624142098114
490.94449463114864,169.8311734107586,27.389244329169806,65.77108272443851
491.8378924935462,169.8206384205524,27.46338608053297,65.89776111598422
492.6825092395029,169.8504304556898,27.378601145519504,66.01897289407901
493.5402411863087,169.89222194378644,27.3503940649572,66.10680485943506
494.30786204813825,169.84929771953637,27.20319169180777,66.13954248117463
495.2414562537222,169.92420105043493,27.18272779083273,66.08878231046404
496.65757792457316,170.22063093597114,27.27279194043333,66.07893923298369
498.1197819681461,170.7475507355948,27.31089801535096,66.13269507746193
497.32078603841427,170.07734695489,27.586506709455175,65.8525347210477
498.8759437351904,170.52269502515975,27.52637747312947,66.02483496798993
499.46532725141634,169.73984787620466,27.632531967586488,66.20936912586258
500.581863288356,170.72385489704988,27.612917954925468,66.58935561060039
501.2079100153396,170.8178822884423,27.637212311665238,66.25882815833329
501.3412918393433,171.16775070636317,27.559583410447907,66.262772314618
502.8651024272816,170.55270169228714,27.550507127835957,66.21596742872285
504.43333492509873,170.94165179982704,27.572704928222286,66.18616665993972
505.22159992114354,170.42964233962542,27.49910891516704,65.95039051064846
505.55381660216744,171.36890071333025,27.430181923186858,66.33426914516626
506.60762600827496,171.28625470746437,27.490818916941095,65.93681510892443
508.4270761648502,171.5676431868159,27.45696869076568,65.88882934084558
509.46397410203133,170.5769215798319,27.423019236691555,66.02507082408546
510.6249426054396,171.1487606331091,27.407930517457316,66.04287886636524
510.47462602274334,171.7756891369653,27.342499313171423,65.9733570904339
511.747245823507,171.2603821606504,27.4397782319993,65.84432548566005
513.2494389975825,171.78597549663323,27.436779003141424,65.89953882666441
513.6048571630414,171.0663813901578,27.398752451867807,65.85994355134166
515.3004143533393,171.6176373083478,27.47450289556698,65.99916300101054
514.5511512921976,171.10342595183295,27.49751281778488,65.79562708633946
516.4815104035338,171.71574371929827,27.60192158638437,65.85626581860544
517.3525705327154,171.64046916648675,27.56160203202362,65.65962984894546
518.2469617801863,172.292661543441,27.37577261344417,66.26168869092314
519.3964644241851,172.53858095332475,27.365418553397735,66.04517391776747
519.4210071905172,170.82991778779947,27.00238167743552,67.33222189989527
520.7226306261326,171.94162728205342,27.173868826437843,67.26204263840764
522.3390140686563,170.70513419565907,27.07937684945645,67.94355196545507
523.5247281289988,171.5170793497055,27.31128530141831,67.45011345580119
523.9994356304994,171.73754071558332,27.469634423287516,66.62595342174228
524.5303493587979,171.61421440807914,27.542661402611124,66.25536679991897
525.1217592781398,172.45513457458685,27.49089763425503,66.65714892250051
526.4401770617729,172.05660259374326,27.70020292850007,66.12739477562897
527.6329736069882,172.0659915917943,27.56907780224187,65.95142763384267
529.426730985844,172.54883457000233,27.52080674265071,66.21721023573807
528.1875843585037,172.75876279210712,27.65520289306785,65.82353158154447
530.0451931152819,172.40765801530637,27.683518275553205,65.81102863457377
531.007466136015,172.88383672521178,27.624611205415917,66.45534661072847
532.7493304533365,171.95871037434617,27.70333989384718,66.38954542127776
533.0398515764426,172.11537928011188,27.525676760116916,66.36055612740267
533.2862230750329,172.3046329494188,27.399813822178743,66.27865625334077
534.4988944630462,172.72885987414315,27.416148139657924,66.08709744535778
535.564542957371,172.80413190322804,27.445643740195823,66.0888145102492
536.7983106721118,173.1813434583835,27.262016677871365,66.23179613025826
538.0673343269644,173.65737243707895,27.236589817232286,66.08520297703987
536.8113822167292,172.48965276253662,27.038983949735865,67.03911788249815
538.6580732499284,172.4233274932225,27.089467611715598,67.52380021829703
540.4036317052481,173.21528137759654,27.28868025277295,67.09466341989348
540.9937874802532,172.9186276759297,27.480760999553993,66.72626412528629
541.8009848469429,173.57052350421134,27.34787404434227,66.95809160839443
542.6128329366711,173.51073554587643,27.414126304483858,66.69146670962499
542.9278262099812,173.79027152289194,27.189224308244558,66.66433682512442
544.4146738872467,173.3105892360487,27.28566788498786,66.45379263683273
544.8939133546378,173.55724999005042,27.21429787221051,66.62407151401841
546.5404171188608,174.09551606024175,27.26584429121315,66.60299136280965
545.5850835802997,173.34647729758922,27.22150441128104,66.46522549192788
547.7878960551999,172.9909136088798,27.475615141107255,67.51602260358632
548.52472966863,173.40658280182294,27.629267607812285,67.30303287578485
549.4064990288191,173.43081954408666,27.894722255583012,66.81393500518524
550.3751264830775,173.98845143021106,27.82155850497952,66.90115679430731
549.941330611309,174.01521892237002,27.645494614589964,66.3566956336798
551.5932492685783,173.51564357867886,27.590889115389373,67.14432737775233
552.5836523667409,173.64471870479264,27.674925858441252,66.61238771970206
554.1905293905994,173.97546713211045,27.565489952661544,66.43482595298565
555.7740702780213,174.13283099312466,27.547890428031174,66.61995255720542
553.9345242888999,174.44176918394973,27.739905646935743,66.71946271930602
555.9882816905049,174.4603646092555,27.759984361029165,66.68007865199439
557.1667521341489,174.41834050852253,27.788182939073405,66.60954703521159
558.4050178770038,174.37754067395198,27.929182276117263,66.66062355319336
559.6364568718035,174.7309347408125,27.839472039737636,66.79996316796172
559.3722606062698,174.53689957219586,27.783938727566024,66.41956643652281
561.2207309682207,174.77911399053139,27.68706251973194,66.50337460651606
561.8747398011934,175.04872759815746,27.52861531887433,66.58127320045658
563.3523959391821,175.02865631950044,27.539684115895007,66.80880927407271
564.0015196563115,175.394216039911,27.209876975901896,66.94702643832366
563.8757956840363,175.3870463240185,27.102993746793906,66.83884570645333
565.2586643698304,175.5760796221532,27.342997971427597,66.49781497030519
566.8154045235682,175.77781925585285,27.439254964824734,66.41707867170356
567.3537775353266,175.80474678351493,27.25214778246036,66.62109202553621
568.9866468680839,175.05372888661876,27.388767410478934,66.6698929083636
567.8868383704076,175.22324568521827,27.76592983410748,66.57532314235087
568.9250703415855,175.0768361503762,27.54608191195434,66.603806877734
570.023645483618,175.72817673267278,27.34762890877325,66.92398089960324
571.0840407258622,175.6727759514917,27.440246179182765,66.80230172737868
572.1844817575169,175.70068440117907,27.529180257002007,66.71070670784383
571.7931537170509,175.8082884323697,27.592358028779465,66.49054518516041
573.2276128554447,175.25727433854829,27.49245244158247,66.56694671340989
574.9843941729346,175.87884070997745,27.31279574189015,66.89706700609693
574.8490866792672,176.3447801645571,27.207271028812215,66.60674424069825
576.8451697901752,176.59276794607865,27.2937376385696,66.44964969343278
576.0454178377531,176.7787179095077,27.534472722651014,66.17332714067541
578.0875712847128,176.93610143937286,27.49757917788342,66.55543571275426
578.9819337307817,175.41888604552577,27.06076916840547,67.92798100049424
580.0864579586121,175.68968181495762,26.900048873984446,68.41815754520293
579.9317838394649,175.81998329341886,26.932684068827477,68.56955315824582
581.3683635990549,175.74085016619372,26.92925526063063,68.88352549051018
581.051790652535,176.06646462414082,27.03304676018826,68.99527542641118
582.7938984764597,175.69866654904177,27.04235518689317,69.14437552148311
583.0184889994379,175.46609394189775,26.90593979883874,69.06435680630868
584.7894624928036,176.45647154535186,26.852801444004164,69.07308209485333
583.5864100595725,176.86288789770623,27.24588746395463,68.82017214490917
585.206235452279,175.96613446170957,27.12191904205168,68.89707752592807
586.8845836518572,176.51738251495712,26.740600917812998,68.71254778524717
587.8659951226722,176.41325688528195,26.644845551637616,68.53498178504742
588.1349325358563,176.88913952537297,26.549491760940878,68.68544180851526
588.149012413199,176.02196503691795,26.629901397327146,68.93185905706227
590.1173061914645,176.98540201910268,27.14133668320325,68.15599524837062
589.7890690258585,177.21951615318068,27.0792161653057,68.00849790482093
591.8022573312298,176.24672519247576,27.32194451214366,68.44674785887696
592.7604441199385,177.0495950827389,26.826772521449527,68.45061017204725
591.834123774544,176.86695317726603,26.958231819568848,68.42179701243487
594.5861685514582,177.09216019506877,27.167683296624315,68.3224778783911
594.8219140893318,177.4563450832461,26.968522981832763,68.52625304193586
596.6933598839543,176.51177067365285,26.825285351862348,68.84300713246182
597.2170832201281,177.14192707777437,26.65643605824541,68.83475926753236
596.1412286900405,176.7927121198275,26.966030789082467,68.74641073341388
597.9802357970569,177.11306889993895,26.941885488700194,68.93710054786294
599.6272903185151,177.1927010129658,26.771787247099205,68.90188679001565
600.2334130820906,176.46857561578602,26.84629179814943,69.05114721553213
601.750279080235,177.21045428500628,26.882090765758313,68.27196899200557
600.642370354477,177.29341445181905,26.840219694935413,68.27602942276908
601.9840837471398,176.9383402238242,26.60718301008884,68.43083019771318
604.0421069709814,176.49793057628975,26.842082988797323,68.64416145424224
605.4050349003304,177.11652047951588,26.527784566088776,68.7948489792948
606.0220002036638,177.20259520075052,26.38122363982656,69.09942222430831
605.8305461831501,177.0207090244569,26.45116336715997,69.08048566976825
608.0638419084149,176.4878826171839,26.788261396458317,69.0528253863604
608.750121437402,177.45744106945236,26.688362832334793,68.94083200458198
609.9522147143973,177.56387763178546,26.694860625496894,69.10306637689264
611.0203544825463,177.4558842385768,26.82919452112956,69.26109298833218
610.197012943387,177.01446022655534,27.231474237173913,69.40814217662067
611.4779295718027,177.0917976180179,27.223646364787502,69.53876228409933
613.2225175631517,177.03696504324213,27.07515145813946,69.47592034129418
613.2894019307172,177.0830343440449,27.070143969808974,69.51815495750978
615.6434700504925,177.13074557678863,27.401185148013482,69.24993055038905
615.350107305183,177.58741598566542,27.45732195216634,69.04881606386945
616.7295988483772,177.856818259315,27.203008055230754,69.03370209789202
617.3401001268406,177.23458125819286,26.957765481366863,69.26415005433702
619.5904603131402,177.95015919483123,27.115815669986077,68.90990944518997
619.4646168025712,177.89296785309227,27.243718484316226,69.14376345513821
620.064039769332,178.31793449286442,27.170804529020494,69.1524489714657
621.1165678155342,177.3116525576572,27.049803598092225,69.44207740372401
622.8042633873583,177.9169901125118,27.126403297263114,69.51829744992146
625.1895295419517,177.3337827941047,27.141656186288003,69.6549607859239
625.7712696063192,177.59922757424133,27.20485299847106,69.86546306324756
625.463658677519,178.08535865654932,27.716446399478748,69.97727479980801
626.027964275625,177.57033163323274,27.59230710134579,70.30143056152906
628.1565371364084,178.23188798994684,27.583354643786613,70.11152493084926
628.273274460296,178.55794278331865,28.09713389081724,69.51894865702238
628.5518980122351,178.11536127129793,28.459193661214183,69.09613018997499
628.8273755137319,178.3785378252454,28.711791166574784,68.97141073214453
629.1635589733625,179.04154889086635,28.648977345992343,69.04047238595967
630.6450056440865,179.05168188733745,28.65619155993356,68.63625407339542
631.155260545112,179.06436837062498,28.538861165002295,68.83726047154931
632.7484988399559,179.23659337887307,28.445806511349637,69.04142471858765
632.3429823422256,178.79640054409572,28.39457052249265,69.87903296160152
632.2141159114934,178.7227079529697,28.652610672996367,69.22773491774498
634.5736638137458,178.76774368721868,28.46204260515539,69.13763756358358
635.808243518161,179.12640584531437,28.501443615407545,68.89705021018743
636.3872169380826,179.25853659342368,28.571458554205222,68.70312428096635
636.2081427604269,179.4319794806682,28.83698832488377,68.74970488969608
637.3735407714802,179.63041015940505,28.60142097480479,68.98763389314998
638.4142201958148,179.03740182796065,28.629594959234904,68.85239844841854
640.0900399051974,179.61856125180742,28.395240076831435,68.81806758156758
641.3442367773717,179.8032404119173,28.576186208657727,68.91038925640777
641.0741512840291,179.612938930543,28.553727138007957,69.8007427045766
642.2773035193536,178.83286692844652,28.524220820282714,69.70056845334506
642.6395906358163,179.32083712937694,28.690898807034355,69.99245127078355
644.8343776088519,179.59483133612036,28.619730966004354,69.9676374412086
644.81081328054,179.9133105735554,28.902376364500263,70.15679576664671
645.1673378697728,179.73741854711284,28.883390491889145,70.28674276086849
645.4856815079372,179.8148526357854,29.001461811980864,70.32579988972435
646.8027865451099,179.9134122133838,28.75530730060833,70.34026086200521
648.3161840396995,179.90660747726628,28.890468621701608,70.27711770138386
648.6632083105238,179.88232998873866,28.874431914674183,70.58242949077314
648.6273726962751,179.467836939575,29.016793678180598,70.81042773748077
649.3286710177891,179.92127946999824,29.166746516544528,70.65788988179636
651.0329160727383,179.9213227244722,29.034061879973756,70.41182425748148
651.3813893746475,179.936860642245,29.168075430688674,70.69810032942759
652.6899834074901,179.64791889468574,29.135733861585607,70.82842810373998
652.701967670023,179.68131079223423,29.123983091017884,71.75654042251553
652.9749560449436,180.13196490558494,29.13603748293466,72.27374918933674
653.5629300337237,179.92488722845013,28.906161010921068,72.73005561101232
654.4264065201521,179.1674208929437,28.657045958253036,72.93026014119417
656.9770692715581,180.28496904570312,28.434663421902236,72.76824127593719
656.4652748601247,179.00785883637602,28.550304466067168,73.56474158179078
657.1488318430032,179.9620729693687,28.646868741086408,73.30854798930542
657.712737537233,179.87977479473201,28.804201562488586,73.57252472743475
658.9450851512121,178.86699383846843,28.52391786025673,74.15223662527536
659.7256167186516,180.5145978333121,28.651955944554967,73.60998240336446
659.5627771354326,179.51311734142797,28.947788364518345,74.07125053415882
660.1778977756163,180.01021506513894,28.967092419920643,73.97959976399443
661.705389631761,178.39451202084246,28.682332086766383,74.13996665275829
662.3906632144651,180.22287876711152,28.894705115030412,73.74652618809793
663.9577739555581,178.83510212427728,28.925932536881835,73.65063310268795
664.2530839881988,180.09170838070838,28.933279500218198,73.24038379897797
664.0951656270972,179.57190821733846,29.087652321020826,73.43586952410574
665.7586442681885,180.10318563154107,28.814470826191922,73.17996056590928
666.6312751786473,180.90355446734083,29.172969009317846,73.25782618582126
667.9224271335398,179.76179748090186,29.20984410992395,73.31199531388111
668.0533507112109,180.47913757960282,29.223496358058597,73.12617178018309
668.1375328475169,180.49845852837,29.161604614917565,73.34207786605667
669.4917989164945,179.83224390265542,28.717127013781635,73.26237950346453
670.4708359211025,180.48882620088534,29.321484816852024,72.33056914956795
671.548633156941,181.34434484039508,29.18572104891045,72.7515840536997
671.1495033244697,180.91364972348148,29.049995540150803,72.93342054034981
672.3330629379653,181.55137916417982,28.98183556837811,72.71899061632007
673.1058522507055,181.61392944075,29.845794019847638,71.6624354046714
674.1332276466729,181.43858728076083,30.123259490730323,71.60396679963529
676.1878495966639,181.75985914363451,30.27099505623297,71.36221358644966
675.9769083416508,181.33647533283806,30.420177077692067,71.26122575207182
677.1218144175211,181.26311205584182,30.305257589906894,71.06300118306511
677.6758188360415,181.962311032298,30.440843995366517,70.87852871099535
678.9209281699591,181.66295023554295,30.248001721803014,71.00331145195682
678.5993543347869,181.4041043581452,30.39828719737106,70.92381008484229
679.8494603242635,182.31426888749138,30.39594971678506,70.42498359248751
680.3096418165111,181.61387149783965,30.18008865918877,70.59071326921371
681.7144577753493,182.05754387893234,30.186896608532198,70.52593883097242
682.5399331486005,182.57418395347258,29.998185961936542,70.23057699920989
683.7065122217513,182.9747144972442,30.067585665519136,69.85108165296727
682.6627302705116,182.9609530300385,30.454248655713528,70.44859653359906
683.4252780323527,182.85550368411236,30.509758042881913,70.93829261352809
684.0489307847092,182.57590826374118,30.6081379009847,70.77676405720244
684.9831361392769,183.57651755505552,30.60899668209142,71.17408001093548
