246.5,278.5,131,59
245.43393325204457,279.76203661179784,131.34490485201667,58.25282635259144
244.96157969100116,280.0145189879074,131.21864382301095,58.02395231172752
244.07668940992983,279.7935283218253,131.07009145077402,57.96577420146693
243.80968664477962,280.15564353024826,130.66337093928067,57.84240259218484
242.62073288546588,279.9774017215981,130.7393544676585,57.777752840277806
241.17832205395985,279.91172102844297,130.91317211188698,57.724831625708354
239.81648448655577,279.82455647432215,130.96560334067402,57.72377403689609
239.41420075419305,280.0321269886028,130.86314093822722,57.65038020286339
237.69708445538313,280.24950647418933,130.9274952437633,57.56578290332877
236.25128932857055,280.61516730756495,130.90079893542253,57.507496560197445
235.27506047119027,280.6441835107953,130.8164774849151,57.57894293615203
234.14051269858362,280.9426411653162,130.75766761363977,57.52893058168861
233.03269054547047,281.5478446409931,130.76205017059854,57.43302236480902
231.68035920013506,281.64915307359166,130.60004129907455,57.442002927337775
231.2871515504055,282.08115288972317,130.2934732334747,57.390660293709075
230.63873941060044,282.1174267341655,130.23253124244735,57.40780287286411
229.32324279534114,282.39201704637736,130.59791258598779,57.4362989023024
230.14961754630377,282.51451421023665,130.06135423282046,57.63223324236756
230.66773274812695,283.24564240755916,130.0075076168061,57.55494393642185
230.3843698805049,283.3605585427033,130.0977430034727,57.70048601310509
231.52223530844486,283.81652900688056,129.84523912398743,57.80164475516075
231.79773435902936,283.8843715205135,129.9827824947766,57.85548066807944
231.9020920330806,284.3126532992948,130.0542349051389,57.920525498940734
233.45420427998832,284.44399773491955,130.05562102037806,58.19777162048147
234.26719601114388,285.20013434298176,130.25775790890467,58.19478814587319
236.02387039530308,285.69966018997513,130.3751776781076,58.26025275780991
236.88502572339485,285.7141886831674,130.8168048290072,58.34521895769184
237.92075622719148,286.4884833618769,131.140157120593,58.38517861817898
240.59856370141924,286.6815808978673,131.38485059041142,58.252406342924395
242.6785064107744,287.5664717795248,131.70059116352243,58.28043048495147
244.30706416050847,288.43070935158266,131.61962550917752,58.35387217852802
245.7978614117996,289.56399027039384,131.8544042117802,58.056078579927004
248.94422012536018,290.28666645700366,131.71234634581626,57.945846050190355
249.87366892437763,291.5713818552996,132.22496163764345,57.686630488354936
254.09080434990216,290.97260030370774,131.9237741301002,58.32613783306239
255.29567418265134,292.0059390058556,132.0224070098442,58.22225294452125
258.40318862796295,292.52132495447194,131.89247877000832,58.39901047290971
261.77682072415064,293.2561295722624,131.38783456893538,58.78803940471005
264.03152711316295,294.7679169033902,131.23587656767478,58.63087809732821
266.4984365942403,296.382172000415,131.33476958824713,58.310161901996786
269.00946238794694,297.4467131126799,131.06717499775152,58.30423264873468
269.74657395568636,299.4770857979059,130.86349686807108,58.14398781424764
271.66112536923504,301.31993546035943,130.5908773097115,58.18755060291172
273.19855244370154,303.5137886537297,130.97549796279563,58.00503630525199
275.050897538985,304.97609098215815,131.51111462647677,58.175294824740945
276.679053472903,306.5864279899389,131.509181315846,58.551806420904256
278.4948161150011,308.0575893150469,131.98756079773258,58.85730319436375
280.92480421826764,308.9875012424369,131.85444654493483,59.570624490722174
283.2107568339686,309.01492948159137,131.5354700473585,60.792299351104916
286.1120827357669,312.1620290584789,130.68527424122908,61.97725383044758
289.9764988109879,312.57467626872426,130.10124561480444,62.86198531651958
292.5847157952648,314.14795300992,129.77528167417412,64.01305594530363
295.53003402853653,315.1820705911872,129.56276772807743,64.82596149169267
298.36060674931366,316.9187140756418,129.49444245406465,65.76914171257232
301.582009410857,319.05108982244883,129.42072387337922,67.0647330076545
304.69735021346514,320.5598501215271,129.3653709996997,68.73859338712849
307.6931851890966,322.9810786805167,129.40381522232596,70.10531376319841
310.1762267592122,324.40339347631,129.8820723111291,71.48401466935354
311.03509871848075,326.31038062516484,130.90799027308532,72.98786187432943
314.01576058230853,328.6892362189299,131.46197015718502,74.23826168686026
314.6437655562346,331.0354418181572,132.6015083145728,75.4327184884362
316.2698502151763,333.7479889491053,133.7682003858496,76.48700435730785
316.64855500068506,335.6080353916575,134.94340013451895,77.66087242496225
318.12518470813774,337.1038676195164,135.82424931069332,78.64718166881411
318.85559672916133,338.92680875058875,137.3663072724303,79.61178829827094
319.4454598252913,340.8185894685866,138.91840595504826,80.56285077127188
320.1310361147087,342.59274976211884,140.46166420575753,81.78865289920375
320.5379462927492,345.09510752971744,141.92119671108094,82.8700593999867
321.519812505795,347.2413112813681,143.3531048966379,84.22439519426229
322.69243793571843,350.28027562356726,145.52465825508332,85.80046059326861
324.3874136679606,352.33874523308117,147.76321869626912,87.4170428357276
325.03251753070094,353.5896381335426,150.11731977625416,88.94683176090936
325.88049240173,355.5233235914113,152.53016043184005,90.68562577742301
327.6140270470736,357.3346693170781,154.97504315989073,92.4721931685576
328.5987090936488,358.9927673754335,158.0876011210311,94.48860670531977
329.75561993411077,359.91942831583316,161.27448992747287,96.61851303115499
332.27225989525704,360.17996956051286,164.3377113555831,98.85907037524592
335.1336401602575,360.6254424593319,167.54965465248642,101.2703875990769
337.3046784576287,361.1768077542933,170.9517039007922,103.90941320994455
340.66402239597113,361.4572644512873,174.2370491127914,106.50242356588018
342.88904853757174,361.90793906520304,177.89877222784463,109.31709611424807
345.88492872726295,362.49037645654437,182.30698285676291,112.31972564217332
347.2972504475008,362.0870340801229,186.55556777550964,115.38367310177283
349.8249167828908,363.218967149556,190.91521313207338,118.34987707704241
354.7683104707036,365.6767188522736,195.79845196341793,122.17725926120684
357.48205050617855,366.822559311572,201.03784391700424,125.41352243059228
359.86660188640934,366.9485255796763,206.34977009483612,128.81349805363962
363.25654982623035,366.8100789756358,211.50564997203003,132.39927874341006
368.13837928428575,368.10702684256876,217.0372066626087,136.2181947656781
376.46748067389626,369.5649186834346,222.588661552455,140.27222824550654
376.86018110847874,368.56232979755737,229.17227780746612,144.06585423179195
383.66622139000026,369.3238958755373,235.1620859010393,147.83103880251667
381.81276993460455,371.5354799166456,241.6291823981802,152.01838822213108
386.325229097503,373.15734233771997,248.14507942577688,156.13692848999824
389.2278528334373,377.87994416700946,256.32110941972854,160.32337194140462
389.19472395436355,376.0542492583195,265.0441111811719,166.52393654439854
390.13936181826205,377.8048990502715,273.9422004130917,171.81270272587534
394.8946940854357,383.26477935315785,280.6685029655365,174.17312591221696
394.5554413062788,389.4394752929943,285.4223588084267,176.94155954066179
401.6127092689643,396.84281485867484,294.1616360544424,179.37758289343145
407.74109179964194,405.6810836314116,301.71573448796016,181.9593976276211
412.94970468630345,414.36522541358187,308.6995745410532,184.9582634163079
416.91771287197736,422.34575882869206,315.8792903626985,186.7222312998326
416.42793257044633,431.02065333230007,320.34911156680425,186.60127644483833
422.13693375581147,440.34857012125156,326.0759246410202,183.20481939281427
430.92622770745754,448.3526940036422,333.7885335608482,178.5482371248591
438.1890190803932,457.11546091129986,340.40321341873664,173.94650473166288
446.0081773086817,466.84553275881933,346.27276477527005,169.39473105462932
457.5232864087987,472.66665569415613,353.370647923913,166.0529536287799
469.508233281734,477.0013279413181,353.56956597613805,165.26812251259938
477.5582533187231,479.1173010199843,347.4981113361199,166.45135560789143
494.93026282251617,479.7781263650239,345.828543775067,166.8192585362433
505.8067737668872,479.4640140540342,341.08497661349776,168.5452265502134
518.0086254321411,476.22966486585085,335.755392850861,171.20831593877182
534.2202213482412,464.55838933965083,342.48675729307485,173.55706968892576
548.8169518980776,458.7300326622236,337.6641324513365,178.04025389567852
562.1385355316593,448.05349170753334,334.47969015975934,182.80740021240769
579.1391322810875,431.50805895440203,336.7319070002582,186.9285982839778
594.0574626554185,418.955282589489,340.75874875403764,189.18418496460959
607.7676508832435,392.78432356283366,341.43616397014046,193.96201991855503
614.2996976520569,372.6146224402902,340.14288151344624,198.02034382501887
616.4605966348879,351.0306327913761,334.78918564529556,202.17916784940962
615.4111514769753,327.34554721254966,326.7522555723269,204.99263734690626
614.3487127086864,308.4018846742084,316.77097103767665,206.63967845752433
612.0747648553231,285.9236089397195,304.8873291162296,206.1061901010627
607.3173994957218,272.812145719887,292.66198567771715,202.3922154481984
602.9231948090483,261.93627749293967,279.85481399637695,197.90466166466632
600.2798770087288,247.9348437167794,267.69558778060957,193.41138587592235
598.8036103125778,237.01344331964575,255.7976801939075,188.45555690944747
595.3762040052795,223.28459416216106,243.49422483365066,182.69846869487583
595.7697960368655,214.47079253971188,232.35486505789322,176.47632142097535
600.2887019988575,207.70298702569195,221.7740080899639,170.52885826078278
603.9705474407311,201.4563214664051,211.35612227900106,164.88795399727644
604.498893226588,196.47250050140798,203.0633419545407,158.8997758436525
601.2091328337184,189.11101498428334,199.4289202125089,153.38876669906875
614.6892135920164,186.47808696018475,189.39461433250966,147.8736550348636
630.1643985252279,184.83920856301253,177.87277611281513,143.04211407682766
639.7398318433676,182.91466729876842,168.31557555319586,138.33531415139743
648.8766472955497,181.5883832851741,159.94340052804307,133.3617158348971
657.5707366646197,182.09982873181167,152.35208057743978,128.52064199637053
664.9414491052869,183.53745109109462,145.3589486190789,124.10200986477966
671.1953735399733,184.46647082260336,138.59532906641763,120.19147301482982
677.1829791434353,189.39950978049396,131.6288706823696,116.81668948305133
683.8171100295319,195.54697589611555,125.28268275127138,113.47816670615384
689.0867026077622,201.92536436565254,119.33048890493035,109.79248046532207
693.7386328146029,211.3876600656835,113.71217131313333,107.23956264924455
696.440484633318,219.34142725093224,108.7209522619419,104.83496941033883
699.7372400163838,226.21104825323204,104.37256249800757,102.10094686527293
700.1116075592284,231.91505210534885,99.97168298025025,100.00464665768239
699.8637544964978,237.69277346966902,95.9069776524646,97.51571412954252
698.5894868851067,240.79769337670155,93.00447356097663,94.53063294050801
695.9918114838028,242.61124400766906,90.68300011813145,91.61310226525431
694.992667028077,244.74380245574974,88.04431707905228,89.39678798330496
692.231376439718,245.03561902131395,86.10500612777949,87.74397090652074
688.321247587512,243.9476402318969,84.26236386118325,86.15993636270466
684.2067127205629,242.8151145934686,82.62937114085766,84.44804796136916
679.8174507822804,242.67315883827337,81.27411835268887,82.5851036406134
675.6528382654685,242.3315342157086,80.1969703623258,80.86892952491834
671.3366860167217,241.74607452159188,79.02619716206553,79.31365715404228
665.0751481028414,240.05794162048034,77.95277259309773,78.65989842776195
659.5646848869854,238.44745270650296,76.86392348159676,77.9732779986519
654.8555079701932,236.3479115062981,75.84401151470502,77.24174735813757
648.4615692633904,235.388348930775,75.25265461434574,75.99527602404581
643.5156052261315,234.29616485939025,74.14835447078508,74.7887533300996
635.9394682069578,232.0361475886145,72.7525690456313,73.01279263620795
630.4209427685884,229.249457191196,71.64995527240697,71.59465254939215
624.6366767374946,227.70917146167488,70.53257329498284,69.7864610575372
618.6475826617607,224.5330000532166,69.78173942038853,67.96077576776432
613.2226078957087,224.86163778455548,68.98161017899372,66.59042985287321
605.8218946439858,223.17728484494793,68.22442099793037,65.15111180249238
600.0153149310528,221.08398794492578,67.90335343405035,63.18690775860358
594.4641970209757,218.48094601269338,66.72527480870899,62.01102503218701
588.0899105785896,219.31759651157435,65.8808215322873,60.92572313987856
583.505895234464,217.02912674804,65.31742884254771,60.19323206773464
575.0830417651051,215.75885338198782,65.34525896546958,59.2386947525215
569.870810200646,215.50197754321945,64.78567897304991,58.63666250023339
563.9929525646612,214.39470197193353,64.45392800509028,57.81089539214912
558.228127901531,214.3225233259425,63.96633489971004,57.064139939322956
552.0867987174121,213.73167392700609,63.2843564652747,56.500990247434444
544.9307479013353,212.75468598642345,62.730769773453574,55.77579480482346
540.013204901366,210.96460055669417,62.169495376053526,55.31786637534164
534.1558499932307,210.0762462417898,61.420047134157386,54.467778997993996
529.2775591775093,208.15105295645756,60.97867554141814,53.43580129558717
524.6113683362984,209.005117022888,60.86362375216018,52.71261875799078
519.4007405496216,207.1613466545445,61.22302877772344,52.30928148488159
515.9413365506161,205.6803818486235,61.712980879738105,51.79039711662101
513.5098738843236,204.55380277964213,62.40414994477547,50.96900033438723
509.5883517916058,203.4881592870585,63.20577700832398,50.410724998845275
507.38288278336586,202.68497508041784,65.02208621392134,49.744166604723034
504.16058007084325,202.13397592002556,67.18136468126391,48.88713918488412
501.7139748703399,201.72318649052056,69.66017641207402,48.08708916339336
500.63427588980005,201.76676052060532,71.87873879664924,47.6783122644463
499.0033068751144,201.32197591061137,73.98519620277536,47.32601489584165
497.72427332075284,201.05671882238906,75.798763508909,46.994722321988704
496.76060174298516,200.4832134588199,77.55695808520453,46.705713628503226
495.64807635218324,199.7614309042759,79.19256893827674,46.608893610523715
495.8766369355004,198.94127178972252,81.31701172122733,46.72201137919646
496.0172509704719,199.02408942952636,83.58292067330285,46.858230978252855
496.98463846546247,198.55112485084587,84.52100802234139,46.76598264537945
497.215049649711,197.8613067041715,84.37889008013298,46.6935795777281
498.21342788557104,197.3216458068953,84.40005124146961,46.62597675737418
498.8542714495372,196.54984643936334,84.9575804650464,46.099629918631365
499.3321975217549,195.88111212145904,85.85815610934536,45.53250186807675
500.2654223231256,195.13102410771938,86.98120965182184,45.56858289910372
501.12984527895657,194.3759209106056,88.04301529998968,45.92841798023622
502.40624163055827,193.23012959431395,89.1012069221951,46.00627695330412
503.0135786656705,192.34584352055674,90.28540832690052,46.11749367307653
504.0137067427735,191.21686925123416,91.3822104688982,45.8657380987151
505.4028653482609,189.86903555186004,92.09969136888529,45.586413222225325
507.0161849471418,188.45935143490348,92.57845454539097,45.473024316932495
508.29812838608655,187.10434346668364,93.4154668393308,45.34050404235834
509.66076880570546,186.5087980924517,94.25394079707476,45.25588993013499
511.4640437354709,185.78899300903177,94.82314691517443,45.064546427426805
513.6027115974331,184.26355916271856,95.33492948119759,45.14051697382828
516.541604156975,183.04491396464894,96.44904814400465,44.93718117787459
517.7132012680637,181.64692200396502,96.78580010598559,44.775934054473154
520.2323734926578,180.8951660739461,97.09570080068784,44.76299908566884
522.7696424105383,179.79758694693996,97.82418964110481,44.47050003110262
524.8678971233761,178.39049849447144,98.86607542950998,44.307669070133926
527.4684590535088,177.26200805393893,99.28460193316666,44.403153311947236
530.694675892586,176.49115084480778,99.56906524674204,44.48274791247576
533.0384941802595,175.3908462253941,100.20305867246316,44.424893053326386
535.8651292586603,173.95515063530337,100.69995025882544,44.40341476100423
538.6563638464066,173.195308854359,101.01455482906044,44.50826072409226
543.1234237090306,172.98300199865395,101.32482559148349,44.58620464237342
546.7357070344957,172.38988194611332,101.99816524395891,44.41011669493396
550.518475073727,171.76886432082645,102.44799285873356,44.30421519604935
554.3254898899745,171.32496041235942,102.95425779716146,44.1866136530515
559.0554687517417,170.99429424607348,103.72919864082667,44.24468499166588
564.9165080165765,171.054107543293,103.98270414130877,44.49697773116161
569.5772501699475,170.88899315788964,104.49431633877803,44.52528155804434
575.0671141683742,171.32897495911513,105.53429792902168,44.54964743433406
581.2029326265218,171.72001118021726,106.54550746353222,44.502423551032564
586.7227476726111,172.1785145953393,107.67827689222769,44.484071062486166
593.826014817413,173.00530713774603,108.89531705025576,44.510331310772074
598.7519306868963,174.00314889479125,109.92804875733385,44.32329030328108
604.6011040249704,174.75477681364234,110.58427819202575,44.330193719652996
609.3341097623179,176.42196968043868,111.18344558848543,44.271282295981564
615.2588963662542,177.4420404522049,111.53275734460199,44.61736311496743
621.3694200013166,179.10748557510743,111.9787594824363,44.89217073941687
627.5321409906429,179.73300968008334,112.66943841442827,45.40388197656283
632.7738313212207,181.84009253862752,113.65054769010135,45.51244250916933
637.4859966482617,183.64815912888702,114.38591838337032,45.628406715964175
641.3353456364542,185.79259959552107,115.30357916400422,45.73301323615677
646.9114283127865,187.47043658783167,115.95333565582229,46.098115571039315
651.4721112075292,188.8418816950205,116.75739444214237,46.37553194388087
655.82407053987,190.0894752497161,117.34322778399154,46.57064720646848
660.3069805069263,192.76453242979215,118.17914849624131,46.38658804880047
665.0423459120657,194.4751827795406,118.439261229969,46.58136691816653
670.5820980912004,197.4427671006351,118.54928342962191,46.74103403418674
676.0059046906215,198.6247321431942,118.64371734992024,47.323963308809766
680.6887071936487,199.66196547439637,118.73676293285499,47.81867427396891
686.0736318546251,200.9147279940484,118.79685059210362,48.36671926678457
692.3365039475475,203.37020648999203,118.50176207642465,48.79004658046986
698.2213964747242,204.78552625670181,117.97166208066503,49.359498218314926
704.3501468389811,207.11802189248385,117.867721990579,49.74566251392001
709.2899734441929,208.8316837214677,117.28329296991375,50.072230324000444
714.9372885791638,210.14078721216472,116.79986570290156,50.544219475266296
720.3744106121476,211.2692278404631,116.11325324398976,50.963213644008306
728.0066853346505,213.9770081357974,115.31118434402796,51.26009068303936
732.904967590418,214.88714947808023,114.46125889346695,51.584242927367754
738.0805816780443,217.31820146284292,113.06660229719392,51.72960670457701
743.7408770370566,218.00685366175856,111.3437689186467,52.17502664909192
749.3225017669641,220.46758571396978,109.53809964376822,52.407152747001035
754.9970958989563,222.54666719006073,108.31539625069436,52.5822274428294
759.8956290096662,224.34104543302448,107.00102370145498,52.93859582148012
764.6702986640662,226.0740082075331,105.6783451211095,53.229062512987184
769.5973704254324,227.05119780310523,104.1194286491585,53.46360763443448
773.7334139525682,228.48087618876536,102.38416248340599,53.633853867569755
778.2326121199807,230.11438547604573,100.64491331578685,53.63363402767398
781.0120317244475,230.39361648473871,99.06596445338016,53.823182764873266
780.2286077049207,232.42782825884876,99.65904503304141,53.6106039527524
784.849978091703,233.53945619948382,98.1825582076886,53.721921340372646
789.2868419757751,235.04379578299276,95.50876015374715,53.64331853405731
792.602309249675,236.44461444270163,93.34083925493411,53.4816462720126
794.0615393817372,237.445148256022,92.5530140139268,53.24777410855241
795.825516892013,238.48772543230413,91.4000356283546,53.19577781987668
797.7801604742526,239.35326748883844,89.87636476636551,53.21323506194111
799.1215223696506,240.70096186240437,86.75117409071808,53.257807223699025
801.6574642565415,242.73914202701067,83.93367817246592,53.39104877360633
801.8397880592623,243.82734809751503,81.27195386490638,53.34262401739372
802.8462840008635,244.5347619759181,78.82115445153933,53.35890890764419
804.0284292536303,245.83612891405505,76.29083564011755,53.603242625898446
803.6336607370839,246.33699367760164,74.27038298242978,53.59534544858252
804.1035750936363,246.92859377100442,72.10837056494867,53.796197538388284
802.4668414460829,248.0891478565819,70.64771033854075,53.8717673381196
801.7611824228237,248.81991146426944,68.53941964902076,53.84699268049899
801.4199059070172,249.27007881200413,66.81105516011068,53.883768766699234
799.8635606332602,250.17159827446508,65.26962812339617,53.77804207760953
798.3565300882877,250.42597866271257,63.83409900719491,53.72312394103768
797.6081446452347,251.70063845393344,62.547710637319604,53.41665656959448
795.2180415130143,252.7843287233749,61.84247712438605,53.4320419914049
792.6517512059638,252.53434954755795,61.06650032347859,53.33966523809646
790.1695961908829,252.4827731101763,60.36920976388813,53.102303751001386
786.3249082385894,252.43725720816929,59.84462692824072,52.993896476446
783.0023626899829,252.9780919346277,59.36879212213353,52.75769685594954
778.277976782243,253.36234982358974,59.23402588219349,52.51983735615889
774.1656561664225,253.24482461366023,59.08383496051388,52.55835324668951
769.4529687730211,253.01845831895432,59.013091201784576,52.58863130014019
763.1449090836022,252.8632564140055,58.998857606684474,52.58269198135666
758.3024539473174,252.94379286423373,59.076614940411176,52.5100707420697
753.4308099420506,253.02436166553792,59.16948657673828,52.392124907690324
748.0167847269291,253.03963674055947,59.436775555260155,52.00644658858751
744.7301899469974,252.7638985462586,59.14348524146632,51.80533470509454
738.6885826861273,252.97373524825784,58.873691492942775,51.48384501494938
735.0802462694537,252.6909459766346,58.88776050930391,51.614946824988195
730.5534786349222,253.0617449527219,59.16151252946568,51.36841667786537
725.7708909921458,253.74431224259612,59.39721431953481,51.04859843665605
722.0622937694379,253.8610390822592,59.298036084286565,50.719835946857394
715.6531316493077,254.6405874593745,58.64508213393425,50.20367063011919
712.059787661064,255.16716773723678,58.637945819192495,49.85696929861872
707.426074313256,255.646612305444,58.638811960304025,49.57383256355621
701.8233723018144,256.5705783306618,57.85480939749392,49.22950003761854
697.7335067871123,256.5126190085229,58.20929743068212,48.866968294180126
690.1031484530372,258.49366300594085,58.125027183244114,48.462072148099054
685.0866463878394,258.60186452059804,57.67413028977498,48.24692443753994
679.616800857043,260.07994517465664,57.56095918400932,48.13979600829846
673.5238101109439,261.02764702284816,57.10629564904693,47.95039800439752
667.0736500933881,261.3121134703181,56.95708088648998,47.79442119823901
659.9763214124824,263.01701310819595,56.94869431061822,47.78456432055447
655.750607258094,263.8510494386261,57.27688405585763,47.579541429095805
648.5623575924851,265.23066241250626,57.79761232231705,47.31279480567629
643.4130641689617,266.17625290434785,58.03130926152697,47.033468017587936
636.7717800050387,267.08212946407116,58.59261275020047,46.72265176394785
629.5015053508481,267.8589310563292,58.765677012195155,46.5352173168433
625.0230264230316,268.9761783869393,59.066981867950005,46.43291884359615
618.9886452631087,270.45277856464554,59.745743844473324,46.26285914751591
613.6136744958233,271.6071501257281,60.14820174409529,46.08665672817067
608.6287304642177,272.5602058958566,60.980454576288366,45.73900745006719
602.3553014002891,274.35466894370353,62.35031551939204,45.69056530594197
596.8008670078166,274.9527743613768,63.92342151747205,45.41972218357003
590.3116450557308,276.23619739646705,66.44951003681705,45.0680150255904
585.2003380240869,276.9802039260299,68.19853038825147,44.8860837383153
580.3992214526384,278.0847265992395,69.75570146602432,44.74815793878637
574.9565859845151,280.95433051577174,71.64063956993427,44.68685471158733
571.2266597748476,282.1520873045167,73.11416672529225,44.84843165495613
568.731759329469,283.5256061357512,74.55080027290971,44.79380017000791
565.8837841006923,285.23613460351044,75.97371758837333,44.805405721519456
563.98584206995,287.53466386229707,77.08970863304275,44.74388683102145
560.8518282502674,290.0013033665259,79.3509642310871,44.442498596336875
558.7356819309595,290.61936130436516,82.1336188606318,44.40911278028218
556.3282802238823,292.6120150367574,83.41945799370379,44.39925487757044
554.1074512998063,294.5358954828495,84.14580550669662,44.382742984028184
553.9308732322384,294.91252901761885,84.44245129768481,44.836112462531815
552.1715693549838,297.5601431198866,85.6290223185664,44.62789607211364
552.3420741498924,298.10840472737857,87.13326929575088,44.763490629232166
552.033584048794,298.59589090587076,88.24618282204618,44.90547689041178
551.4202083784636,299.1760601738687,89.09146366128412,45.200579590911985
551.9707814434215,300.71615912531706,89.83938211991503,45.675827835933845
553.2423477003452,301.8107826023759,90.73144791310483,47.133797440272545
554.7244991578982,303.1118028129273,91.87293895094092,48.3643099290209
555.9273278509907,303.72977474377626,93.1228623238045,48.72095699540071
557.5487922188538,303.95431237033046,94.62101816373126,47.94957031112274
559.5062988079719,304.62329564774893,96.22950304381408,47.334107597209155
562.7365436967715,304.4063685152466,97.67644439185564,46.73723829043651
565.048339634624,304.7152177452398,98.5606802749399,46.54804829097175
569.0196709906271,305.3715385399107,99.30931700141014,46.10800308472467
571.1447567154331,306.2274539341573,100.02606688129644,45.8569485060627
574.8823617592486,305.4376276322354,101.04381772353588,45.770106621190564
579.2123548169508,306.1515757129309,101.66503869278745,45.69249801644773
583.6602002795115,307.0780674729682,102.31333599551024,45.610314371632526
587.7585261262692,308.3815026266365,102.61559711327423,45.48591648403461
590.6280820756997,308.3415863611271,103.25244794863552,45.48489401056402
595.5477518111142,309.87698222380465,103.37363589785053,45.42162749082118
601.6781794347766,310.5486501034625,103.40138443317966,45.32889481130131
606.1820822926153,311.2040653227192,103.86751289108602,45.37495707775156
609.4963074727193,311.365977009256,104.18630192983449,45.35869122792849
614.2885514105092,311.18714943638975,104.54046132445725,45.271202674015015
619.1490968170893,310.6427118237301,104.59019494366996,45.26362482869382
625.2826192403218,310.59644047873064,104.4134382594367,45.33890521449101
629.378542044437,310.6443515579109,104.50647901137457,45.486802991547634
633.4332066130789,309.8832638320584,104.90302832257711,45.68943412791455
637.6624607582258,309.44980857704155,105.30145267235883,45.95278132923241
641.8939451069153,309.0310632410559,105.72776047949642,45.96502751487175
647.8888079955182,308.07802774791753,105.51103351210539,46.20130334562323
652.8658494138522,307.3282284653561,105.49234019417509,46.3808212728143
657.7160093670705,306.1164832742471,105.38698431514342,46.50247707174984
662.0533449510837,304.7165043215316,105.0223622041238,46.81431465972176
666.037608788489,303.15664322071353,104.72496041813754,47.01910127252124
670.9256056654244,301.8787786945925,104.20937983412739,47.38956621419811
674.3131214891264,300.3818439887489,103.61406382011597,47.467184443329025
679.002372009375,299.14053014998166,103.53583572120804,47.48811811871208
682.108987664492,297.8253390409561,102.77921890529767,47.63871131813215
685.6816719465814,296.22813564879027,102.11916566399492,47.916475436600884
690.0229420062949,294.58359874559704,101.90074450208749,47.96455431272004
693.2940807575839,292.2702867085831,101.40467061279077,47.825387447416844
695.9537286306486,291.11161059715823,100.88575175875124,48.14978029011675
698.6521001478,289.4714737361861,100.43893510079135,48.14426476073349
700.7033924553471,287.5407080056144,100.00509051980046,48.255065468931896
703.0014206512323,285.6270414308188,99.45425354941676,48.353688682381204
703.9153129264014,283.9040885092404,98.91404758184211,48.38669813080837
705.4580263851387,282.1570465200385,98.60920833755469,48.46454547018932
706.3750620639048,281.246173871571,98.55576542278689,48.45163083308047
706.9536658475341,279.77562987506576,98.02068681899858,48.315298591410695
708.5729049621599,277.91334449295005,97.66665497226977,48.24748997636967
709.2939847339775,275.9660794673475,97.21243025643909,48.32624415629789
709.7900858120105,274.05296944064565,96.81251003797239,48.28564363589486
709.3592398616674,272.77489504797177,96.55229136660647,48.36573226918881
708.7547113145839,271.3280544098452,96.22190329895392,48.343328779053984
708.2356708958534,269.6414583871792,95.54658889849225,48.39809540743953
707.6769669261281,268.1132213936029,95.02502205213818,48.53327875852965
706.9225619225192,266.8828669600491,94.69507883593687,48.72923189977651
706.6802369918058,265.58277149227104,94.17852682930626,48.823139552099065
706.5460490496719,264.60555884832905,93.978375754155,48.90387900319101
706.0732770420649,264.0606846992867,93.26273176296795,48.98872112375497
706.4091430389096,263.7412783794043,92.7359909883221,48.99042627202657
705.4349160152469,263.5939476216946,92.4879542710295,49.08129083448307
704.4098549785525,263.4004985458824,92.12208050816047,48.99626557521505
703.7143712020459,263.1460590296126,91.74220097903574,49.1381007251462
702.532005337786,261.2044136560772,90.95901710582503,49.86916526257648
702.2020227321573,261.65551750060683,90.50482166015345,50.05610788307986
701.0265326604889,260.50295745816413,89.8452877825705,50.01319287084317
699.7230030852851,259.7585441683149,89.20827664145901,50.180797026034426
699.976862356948,259.8997505773221,88.28523150282675,50.291515285309636
698.3055791599404,260.93405702410394,87.5719187807835,50.20477626164194
697.02988869448,261.576806492364,86.78513514375703,50.24403156325034
696.2567183892247,262.6548026429795,85.82872368860905,50.185335976802044
693.8150922905725,263.1223119625551,85.05237038283116,50.241914930481585
692.2818389709028,263.1825990513807,84.2603126453395,50.43962109207142
685.10621369373,264.6925608491729,86.37482690207784,50.253108713222886
686.8982277994791,264.7405435736493,85.56632759835551,50.00251714811354
684.6625955618637,264.654045094097,83.7517367803123,50.03092651592759
682.0666248995012,264.8052999103275,82.59113427416571,50.27851250123774
679.6042196817614,265.7806823412575,82.4876339338885,50.24799364443603
675.998300446523,265.8834802194772,81.11625001514399,50.22621832936188
673.459235733846,266.4930611777576,80.13320123310072,50.325071153744915
670.1340582712401,266.1088433213582,79.23353880143975,50.229717188923814
666.5240541048365,266.48832128877854,78.72249855026251,50.303471937428945
663.8096362565683,266.5344793318848,78.33209415356775,50.356019099087774
658.0728895469738,266.30498859143046,77.80498294324036,50.32689546172185
654.6301348010642,266.478223231956,77.80363015707488,50.25814830095578
649.4585252363761,266.62849124524934,77.95269740809411,50.12034301288979
645.2777419886557,266.80071589023066,78.22859343234339,50.184070234453245
640.9614356262674,266.8752992423133,78.4562626909334,50.21780373554251
635.4259362698022,266.1687272650435,78.7095524347477,50.01504323966545
630.8731632721854,265.9960479235365,79.13165249950046,49.80249201676904
627.5664068428783,265.5070406605774,79.25340891890554,49.66421323156821
623.0271410852347,265.3738669676411,79.92279793999106,49.634054003947725
619.0961413533607,264.88314482373244,80.49710151903449,49.53006004026969
614.4860163558516,263.71952587441433,81.4119449436182,49.465114158235785
610.7509766771249,263.2610665368861,82.030414594193,49.60027160425393
606.9646044664249,262.4809757636615,82.45415550988606,49.677810023261884
603.2993805785192,261.52572712733604,83.05719487657899,49.70434478389649
600.3019329965947,261.2404156233305,83.69866644499942,49.76424390303353
595.2015963677,260.4174147929962,85.30601885623138,49.637074019626944
592.5473058232712,260.63558717154035,86.71487617685446,49.50467644304831
590.3213050411947,260.42316917284245,87.53426217475392,49.335141300440895
586.743748641165,260.69158811765584,88.63250260695435,49.258437380597925
584.7464177691219,261.6516971889678,89.53310702949224,49.04470617835794
580.9163263212904,261.95770558906565,91.39631812721194,48.962097058196846
579.2730363647399,262.5317995156869,92.67326831390304,48.94040659284037
575.5857804965902,263.5184189460406,92.76208974258523,48.65824043454086
574.841401261382,264.94243979590107,92.53278211669593,48.329948614656914
573.687493720226,264.90210390469406,93.74449817995713,48.21649110887441
572.1429436730355,266.38303622902663,95.32689585124265,48.41807646287958
571.0195412225484,266.7927109786904,96.33199390407239,49.55091557458256
570.1640976855036,267.9954104407285,96.56427976089178,51.20273424846775
569.0615720859088,269.0362824378389,97.63946662502153,51.611767031514475
567.5582619023628,269.37735278276034,99.28727167972788,51.08804975053745
568.2736377847118,270.6471048470307,100.45161221163025,50.29953052914705
568.0342171900655,271.8352260950715,101.38731039674374,49.69196967845879
566.8351281500438,273.9113299827628,102.52684532645756,48.96930515983587
566.2780385542294,275.01923598117423,103.48429668255048,48.68731043043094
567.1475693393548,276.88691852404406,104.2882441550394,48.551175395731846
568.833291476404,278.4496329114034,104.93774972148663,48.70766228568611
568.2936917704881,279.96491392069174,105.77512960259304,48.6752622982831
569.5654521881189,280.913416618442,105.86248459321345,48.84122920998779
569.3417841384635,281.9903918575755,106.30395178869742,48.97496841754227
571.0275969133664,283.70946210367094,106.4391137774198,49.19450557580306
570.9892670311731,285.6481490488292,107.59498966443383,49.308385538330796
571.9051597046941,287.85948157034323,107.93282936126069,49.513449911196275
572.1060631580988,288.1731305737868,108.48118522281547,49.96234666749277
572.5362715877673,290.14635059157706,109.08167105436584,50.10247498747252
572.6914611816819,292.14725185612235,109.70540197157428,50.346016620369255
574.5775119810296,295.0865484233508,110.53130519084141,50.63849549213796
573.4476400433676,296.78627670347106,111.05345887241702,51.34641360001875
574.0672661266046,299.500637818419,111.18400643910479,51.61107744800369
574.3935246833776,300.3317161948712,110.9899495969176,52.347737995895805
573.7878844966684,301.9318286467191,111.24175576436511,52.78544658486056
573.6411752683417,304.7762846054231,111.50958145617888,53.01842826410182
573.2024980029354,307.1681358607857,111.74842373323037,53.38039473683601
572.9631838635793,308.43618989539726,111.86217431113681,53.841377007273536
572.9608463437627,310.2146809003091,111.94243255539712,54.37257220158204
572.8538246162738,311.26537400520147,111.78082277327061,55.239928362402644
571.8701785289453,313.138208183543,111.45115364040188,55.811906032330924
571.2021962568492,314.0451086303704,111.16462575199964,56.6069093645978
570.6939804572538,315.999064898801,110.6911995583362,57.11809377445282
571.1859738569574,316.4256220639817,110.20999802437478,57.76334127003457
570.0723279697154,317.0773217158304,109.74620279133605,58.38093589047793
569.743534987019,318.4104297342254,108.87303156793203,58.917882046986406
568.6229297161434,319.01069475974924,108.2414622634917,59.39397748612723
568.6156211083091,318.8969071986014,107.14667682260512,59.958934507779745
567.4702258789185,318.69795472560054,106.83221048550301,60.30317601745809
560.6825553522744,318.98100003404534,109.61037517770717,60.50495087956098
566.4500450928125,318.99747840830577,107.51397525595726,61.06961515469506
565.5590428440566,318.76435397485733,106.58067871663437,61.17202916365125
565.2238157386238,318.7916551801249,105.49777420576694,61.34998378164809
565.0412010691882,318.5030480961259,104.60571151239628,61.56333230590649
564.6182671553341,317.92647049442894,103.7291659194272,61.65127323298651
562.9467355502032,317.9459998447464,103.11051390828399,61.68903649286047
561.3031917137642,317.49029525809686,102.62865254933217,61.85850910171408
560.4656231053777,316.9481646745721,102.08320656565041,62.08729913457776
558.879142756133,316.88965583020604,101.77197346226023,62.27418531340987
557.0968559236555,315.8861811917171,101.54174922987623,62.40342687058474
554.0823395808908,315.4434136454123,101.93586227200346,62.35731770231115
552.4636300107754,314.7740071709655,101.91693470965862,62.27385987636346
551.2998361690709,314.3105715608019,101.68402797015507,62.16083711189597
549.454947596264,313.696938900843,102.00997717196694,61.80724706224591
548.0451387848406,312.3545203508926,102.12169593960446,61.5622400211403
545.2173479929047,311.5213083767485,102.7080488743369,61.23708705940954
542.8434819984907,310.8199698629302,103.20758855283145,60.86879302724698
541.7763440604273,310.10711668238133,103.7318944553943,60.549399247773046
540.015364592122,309.3155750002011,104.52411706387986,60.0745714545255
538.0423000932512,308.4390288444599,105.3509673922641,59.52666627035664
536.437889320652,307.3412692095027,105.9794106434714,59.04372947223216
535.5996578800685,306.9100890203259,106.43882130334019,58.58598072163369
534.2181103301868,306.4516835539321,107.28076619558388,58.169314872576116
533.581455005663,305.7925263907826,108.14246585386911,57.81543531402568
533.0045822038801,305.63338771022035,109.03346148747542,57.39812996583775
531.5030421683408,305.36262729241173,110.10028395776985,57.08153149250647
531.7399751660175,304.8712711418199,111.00704714427815,56.86674714108699
531.1788892743461,304.1044075727034,111.92838998794471,56.590329139625716
531.5100605407358,304.37478767379145,112.98384354243046,56.09111651900312
530.050748482304,304.02843172223106,113.1877557547683,55.95396600633336
531.2819183977829,303.4400469696636,113.38381812832402,55.491960282014176
531.8229132817429,303.7363014896508,113.51629374011901,55.50646655375771
531.8395518617582,304.4907827448803,115.8847261366679,55.211508083063265
531.8168649564133,305.23464335596896,116.50334451904362,56.24538448471089
532.7564360100865,305.61281717217065,116.15301923088799,57.67290454525498
533.9833531155991,304.6582726125137,117.28057492388501,57.757862414187294
534.794773551352,303.9900561402285,117.90595163508192,56.683394765953835
534.8677032777413,304.8147391300249,118.70922969117254,55.59801639908527
537.3120848362825,305.7128854668417,119.59213262404757,54.83786225999751
536.7442386262628,306.59268967760374,120.6546934008511,54.17538294499512
538.9329402350436,308.49758412223866,122.13224299548438,53.6780892873537
540.642637713361,309.0832222236353,123.1038130237435,53.55205479808427
540.8518011810113,311.22538130514977,124.89182044093616,53.172127685394145
542.2125158232509,312.3331818740266,125.71902234771055,53.333077222078984
542.8680367894406,314.2551375057131,126.86606642912501,53.48336285049059
545.9298308546914,315.4614067123148,127.31703226514557,53.91826801791463
545.1625789258674,317.44316352017165,128.1294648923822,53.95602088169318
547.5968973594784,318.2374342888852,128.96686316233684,54.3605905970508
549.6103154125831,320.5709699604405,129.15684824982247,54.61427177926976
549.8004070498678,322.28550689305854,129.72345811423392,54.553469264894275
553.6702862336443,323.5784779899035,130.03928370053808,54.807770649161554
554.6269383834152,326.4892594072177,130.27334163320455,55.03763947041693
555.2437273977323,327.73643955305016,130.49245670931435,55.43267703832535
558.38851736331,329.6988966130722,130.33323213628267,55.697822580146536
557.1832894527967,330.75096003480286,130.5599735675085,55.842082834997555
560.7464288972097,333.8003309868476,130.46773179187198,56.13165040966782
561.4078764997959,335.4020368281629,130.81045297978912,56.647409058992146
561.4561777474573,336.5589268517151,130.343051241016,57.19436204411433
563.0317682090483,337.003975235819,130.20413170852004,57.62034787268544
564.2947657204528,338.4349875710838,129.99506841025936,58.039238700889285
565.5209689161408,340.48542598410586,129.7381516638878,58.43260501983423
566.6363484882195,341.23116557069886,129.45300745369775,59.29512140824795
568.1988267240628,342.55057291602964,129.27072585727063,60.21334383268339
569.6959778214859,343.1955710075955,129.0236553843023,60.845282731033706
571.4429961082997,343.2362663164178,128.77251393701772,60.91415315789126
573.9422856900242,344.47565546084047,128.3624595919892,61.22182310932618
574.3840386936159,344.47582028638215,127.8789841977511,61.47599062869108
576.1169263617246,345.3328694579647,127.35108556288887,61.513304915607144
578.0829143642986,345.76045221079886,126.62219593393095,61.869550766864805
579.4149632306335,346.33034457972457,126.37736752461018,62.051083344114986
581.7839542437758,346.1686555708679,125.81774119214273,62.34027023396181
582.8061893759593,346.05779980755403,125.52361174713462,62.51354718270724
583.6187053529578,345.8514218444655,124.86528004900842,62.697086965395464
584.8884304880163,346.3616131964471,124.0777446377094,62.951342198978054
586.7026989844188,345.7713039773888,123.09406362100913,63.34616327953535
586.7765465687789,345.2678186552909,122.39220654604654,63.66051859351195
586.124121017498,344.19941414184564,122.31269733519272,63.82423268021698
585.4730650266307,343.2696587894172,122.55608384066252,64.24649861216277
588.1867423423453,342.4692489543581,120.92029987268543,64.71306263462165
588.3708266443581,342.0180029678898,119.9305884572662,64.63057158057688
588.3445809186737,340.79861300347835,118.94688975646666,64.5105047972874
587.9600550095579,339.68355384794177,118.12009790194583,64.48913370749688
587.5753083715625,338.172459181646,117.31186278724284,64.54486305054068
587.134985458573,336.53799911303184,116.47020236169598,64.60569931974223
586.242678959219,335.7232013932557,116.16315128455261,64.46537262203412
585.9233752675947,333.84289539977453,115.33936001953924,64.27258208977035
584.094953493063,332.27759103354555,114.99611440005411,64.062390536889
583.5962904767296,330.9343333297858,114.33860497015073,63.84040002781312
582.3661108202895,329.99445133628797,114.16857864574771,63.62554712485502
580.2406470556068,328.6988985455524,114.0486093588593,63.33491714304792
578.5335828345849,327.0884317886328,113.7069280169676,62.94026723708737
576.929136396646,325.12219158530417,113.5707502923358,62.6679022152779
574.7475393912493,323.59317223102727,113.67581232223304,62.407133560321554
572.7977254243381,322.30286450587425,113.72756656831135,61.93053451210767
570.5253877538579,321.0173035617403,113.9111073801579,61.41835867088349
568.8361192463843,319.21943030473716,114.35239211200891,60.668112619734636
567.3355472453369,317.4874623460747,115.03713272512654,59.90700190238547
565.809557350819,316.31802903294226,115.98510217061082,59.4514852412206
564.8086531999423,314.78913181226346,117.14989877745597,58.914073183478415
564.4805324343025,313.65673758618584,117.77118531381876,58.3562979874098
562.4301268418577,312.03661592733346,119.42558894217454,57.68412270121751
560.7816614586784,310.95402499456895,119.26546485509368,57.20084489381859
560.6585493485363,309.39181763452297,118.68470180883733,56.383926319995794
560.8256985092437,308.8066680061066,118.518164738753,56.402820361565205
561.9036107852805,308.18824924785156,119.6091525302767,56.50596358696048
561.6707969006923,307.7578451111949,121.23050697067214,56.80527631774747
559.1814437631211,307.6288136816556,121.72430418819724,57.765071633510274
559.0616018128369,306.3987279061203,122.5806108347564,58.14327082396987
559.1439247732944,305.76877827495855,123.51448566960937,56.932774998097585
558.3906057145634,304.21835996106716,124.82793824901775,55.13890060827168
557.5133644394048,303.80048986915256,125.80392822941158,54.653231447427785
557.2262630141317,303.94792613977995,126.24805459706576,54.55041276063844
557.6732929861596,304.0086029952345,126.55946902968856,54.72475217903039
557.9438646066309,304.84673135162035,126.7143186757659,54.27820366099135
556.9707616710225,304.77652283375295,127.68869727838236,53.55914019650497
556.8504113705413,304.23643183613154,129.2521787268941,53.36113515523347
557.8402803708997,305.1581711450551,130.27492981614319,53.31396481642372
557.5520725293335,305.5145091549544,131.32425849628285,53.210241080484465
557.4668121260727,306.0621105764594,131.75128246757285,53.27775617589755
556.8945337382215,306.8805481749587,131.68733313594473,53.26564315636645
558.2850689111151,308.1085480202521,132.14813724656335,53.28564162900285
558.0505207206404,309.0852645008541,132.99979158587723,53.2647627935846
557.4553876754461,310.1677874060667,133.75193695349503,53.29587873013827
557.032556475549,311.64262003988375,134.58481492812,53.20871484533191
558.3601322861289,312.858718407122,135.4596358602135,53.40688109837363
556.2868505804834,314.57685249582323,135.8332707951709,53.50108114645036
554.0503167216066,316.292246325876,138.84913345578036,53.564719975221095
553.7105593410238,318.15133441437223,140.5574723079035,53.651636132976066
553.4841692476308,321.5228762577458,141.7433780025211,53.637313642365385
551.228625837879,322.8312449190563,142.23264236947952,53.86734422211866
550.9394156016572,325.808451526465,142.47016653350093,54.154024166023234
551.121344572532,326.9484761273492,143.12901271620186,54.857800647848535
549.6052722024256,328.5433631010808,143.06442984678054,55.347624316580976
548.9680567122307,330.5279834700679,142.8983928734883,55.99678033763994
548.3871559133995,331.59071543749036,142.3778867509663,57.04470488393517
547.749159278609,333.45755793844046,142.1895677055602,57.892856105637286
545.6374155038221,335.17513853223045,142.63260681839694,58.79302969588936
546.460451086748,335.3489067194149,141.64704476204236,60.11416135321289
544.1195507609262,335.89719643472165,141.51576033449268,61.22989485938232
544.413173311597,336.3603751676898,140.5249185339133,62.35332539164537
541.4225746136208,336.50089421867204,140.6537571118116,63.310232727112336
540.7620940551146,337.2925631622511,140.2450982489655,64.31330345506653
536.20094347449,338.07064728755546,141.60663719555393,65.05205517210915
537.8647275018582,337.11482175090646,139.81005890693848,66.2921543621865
536.5512178645432,338.16722318913276,138.7702557480968,66.8404622283029
535.60488822108,338.1705509114614,137.63688473297546,67.6471659845999
532.7302792584039,338.35711237668954,137.21088455301148,68.29397937730965
531.047552587583,337.866054384508,136.19349630758663,68.92583459731225
528.9960893167784,337.35988495788916,135.3820370536028,69.54652769120581
527.4094221289561,336.631218185486,134.52562203578415,70.00762103739994
522.7152691706362,335.9837698957491,134.9754618803413,70.29231723559477
521.0600349613355,336.15846293413694,133.83842816271226,70.49586574582092
517.6299446493422,335.73061361988005,133.3031553336351,70.65102496422041
515.3066690531923,334.6455280294767,132.20632550252782,70.7468846501998
511.62439840023416,334.3213725362684,131.80321954205613,70.4253040288549
506.8860311159948,333.70455773479387,131.48459163800064,70.16856157007469
503.8899523857335,333.1103801834138,130.6068855883914,70.20070148194738
501.2217660443751,332.4849656357999,129.90051744926984,70.15533292435845
497.5307230042884,332.03987213168756,129.70481374596545,70.06053666718309
495.1454932158715,331.2680986353843,128.95542211506603,70.18947601570851
490.0867014852797,329.7579165606855,128.1836499167648,70.48948012444141
487.64137111227444,328.34137620520596,127.42033422234562,70.71331148199175
482.632070062702,327.63444513125796,127.23638924812633,70.71718439210234
480.2361967644086,326.65970924947175,126.35223252440059,70.64845361241609
476.30931906612113,325.77591437788334,125.94400595686426,70.3349791313498
470.9439155428286,324.8191141305975,125.4185568999336,69.87696493132611
467.3660249939928,324.75701958433217,125.4938426400918,69.02221949741326
463.08626184407973,324.69158536228053,125.6691621680674,68.14034804474225
458.2524066601288,324.16456372658695,125.78472753169673,67.45024186964196
454.5028984929661,324.6214438614728,125.83960009389692,66.84806428438722
450.09691234352607,323.8188899139618,125.31182401020865,66.49582085246676
446.89061399302744,323.34312565774707,124.93508593718852,65.96614533199832
442.880513143337,323.3252506167276,124.76402729873986,65.42644892756418
439.8134378617117,323.315320239446,124.48928570729689,64.83288520216587
436.721693848163,323.03058091457115,124.27183760768526,64.27887840593935
432.02316134293767,323.094988989198,124.61237261935662,63.55599086844103
428.61625917498867,322.70954306528256,124.48374312117866,63.1430196724869
425.8373457956781,322.5744434707651,124.01355283573243,62.71069300741099
423.5880167815733,321.8134972121238,123.76580192458056,62.327340816632415
420.9865381457544,321.6080174287024,124.07909836095214,61.78877830543792
417.63678004942915,320.10376836251487,124.45497897544712,61.01356738858813
416.30901394307455,319.8524579798059,124.5671175762484,60.59152830579292
413.3455656425915,319.2370617535782,124.7370528315418,60.15486627712343
411.99194231101376,318.58151332544145,124.8631689900892,59.52597571236116
409.7941917452208,318.2133384593191,125.14111736441188,59.029950776484455
407.29015949086875,317.20115450693675,125.60138896158645,58.31654764700849
404.0785046863068,316.7541321186551,126.13350088928337,57.80298427213593
401.94170651305615,317.3049787031844,126.00752677069681,57.149898875666004
401.22518177287003,317.51078763802263,125.95182936958403,56.325153851877786
398.9314127711943,316.9611401259829,127.15762727970434,55.614092735820435
397.0860354823482,316.15284317134046,128.04185567331444,55.32645593126106
395.57056765932236,315.07378647517874,128.79334829377723,55.523188484236755
395.2411413719522,313.79255612927557,128.2689202813211,55.759437246721774
394.7390853488795,313.02239298190324,129.40860765176356,55.51924071813271
395.1161580928692,313.1484768795023,129.61167496953206,55.565403557766885
391.86303864387105,314.014350608051,131.5101624980521,55.90821817342341
390.2402182992239,314.8599250837409,131.69943745896808,56.919504715512915
390.69986618495307,314.07039568744085,131.2338144839976,57.50118247659974
393.10478678598184,313.2444405486055,131.7082717018924,56.64374269285382
391.51270122225304,313.67083474397185,133.21033967230656,55.00750000314807
391.5166443994333,313.95794809906533,134.44619602233757,54.13454545277589
390.0233909346913,314.7324102325214,136.39241259613917,53.318038888538645
390.85571023920534,315.4281102827845,137.25577458029647,52.8244448364058
390.4833177735898,315.79489972208984,138.64165413652373,52.43618573552217
388.64374486400203,316.1087339265364,139.6536065429185,52.21704422405951
390.532267796522,317.26063332351873,139.70894240318984,52.24588011751848
389.6082223117463,318.3634957660577,140.09041721902423,52.07731205273773
388.3659943565467,318.92314275499393,141.11837462573834,51.36643953167919
388.65218474310666,318.6685648902947,141.9167482137712,51.17816381595584
387.8615478383194,321.26184532976055,142.62410629143884,50.812879124920876
387.35091403445165,322.23703225432564,143.1066499535566,50.493879992549395
386.9156185456586,324.49359209313684,143.88432966535214,50.05713389204493
386.994237654519,325.7049096554647,144.71391840390353,49.71252029372596
385.77468285516863,327.20311260682456,145.60452221952326,49.555763353026975
386.0257860356477,329.2827466326075,145.81898613329963,49.5258125850916
386.0964578851556,330.3651388002311,146.50313720051923,49.66131025133974
384.65339158989684,331.9584552840022,147.45589824715233,49.848543603453905
383.97747962266953,334.37124589926486,148.42325416259834,50.08676699939338
383.6730929994314,336.57083097614947,149.4520100808123,50.17927556037641
383.8288222479006,338.9569507968008,150.10703982602337,50.25752553546768
382.2012020668816,341.6138933399608,151.36041980788855,50.6912553096824
381.75732077334465,345.3191565291254,152.60212493823062,51.02776872627504
380.7541811022378,348.1618173773211,153.57986319234016,51.0274259918283
379.49907259870054,350.8691197082717,154.9512069799246,51.222830046510374
380.38713812009166,353.87953076266854,155.82299797617435,51.82836263208309
379.68482463551413,357.9277587409051,157.43788578359954,52.457634710583044
378.9159508750944,360.82428017106463,158.18131069453767,53.075172008497745
378.63712348923775,364.3947000115339,158.69346025176833,53.90532155485401
379.3261745922903,367.69174554565825,159.255623343553,54.36341888305925
378.5568012768772,371.290318722452,160.04820839429337,54.70413387667024
377.55098940219176,375.41825755973673,161.31833790528765,55.48371381318475
378.15061374411573,378.8096653740471,161.90641364999811,56.011167063500764
378.1569621126921,381.4798356039955,162.74873242912642,56.46457402868333
378.1257938531719,384.85147781753943,163.15654366816807,56.79344078567744
376.7389312715789,387.3587879587666,164.16160780916775,57.247698772418715
378.63775567405,391.2419334372102,164.58725421601756,58.015783006266375
378.77695339884826,393.1440519475036,165.06503261552683,58.91274742458341
378.7078323788535,395.02898413599763,165.98450236337925,59.65033982707531
379.91179171371874,397.0824546829646,166.59510857882643,60.54496705055465
379.87905974903424,398.83573063087977,167.43100956998208,61.421019276886184
382.0449829519291,400.20890887016986,167.1013103619157,62.588894337078635
383.44633586206413,402.16228875395876,167.27836280427994,63.778594435070886
385.3760346639576,404.3459276660865,167.64415107161716,64.81249497080083
385.95450395482527,405.29277038640447,167.82631392363587,66.32081997099125
388.95735619513465,405.6707729476966,166.66044317943684,67.70737461517642
390.1818967744218,407.0864715800073,166.75374497641374,69.0809663070064
391.3798001601001,408.52839298166396,166.68270054941735,70.43077609539839
392.5845530500124,408.66596133002787,165.72201512214716,71.51656376180685
394.299677805775,409.90198007121853,165.41295878116946,72.46899551198472
394.43079995264173,409.58767346937503,164.32511606872333,73.80262765325946
398.2383851931681,411.39904265135704,163.65612974599583,74.94736823216654
398.3634167702938,411.4622189269316,164.04158710957051,75.7445051920305
399.8945912738306,411.1310783755059,163.9127321935308,76.67118481010624
399.2676791281192,411.55467462814244,164.24301273371384,77.70271139624865
401.15177391706834,410.45452420010076,163.31924764197586,78.85062024641165
402.11002147462455,410.29311654509365,162.79353893624153,79.81609790278891
402.66844090241085,409.857092190662,162.6907195699572,80.58084636738042
402.4226681628876,409.1201887649767,162.44027305223858,81.2919256601382
402.95051050978464,408.5321384254174,162.38622224096702,81.7310454241873
402.97891341637404,407.711611602002,161.99190104382947,82.09500637578188
403.9801348746197,406.68987587060786,161.45868067296198,82.5399874811711
403.4918977126091,405.8824155733951,161.06167944537793,82.88029731776882
401.96621197078576,404.57801160433144,160.98670505614552,82.91964724808375
401.57014869480395,403.094821421695,160.7466096947715,83.00017575331026
401.5540157203471,401.69745158630474,160.16831474967273,82.98165534566053
400.24006619948216,400.0188683988211,159.71980254414922,82.69379074528604
399.21047788901546,399.05576003034673,158.8324099607521,82.38812204903769
398.4951549624591,397.1804522402931,157.76582981403274,82.13149161168893
398.1751464832888,395.54369389874273,156.6180917598611,81.81852958461519
397.3654866424209,394.07826060949793,155.94554585436245,81.62873132812854
397.13923307561794,391.8387202202872,154.6472545241469,81.03448313468716
397.88873689902397,389.9801154509165,153.25300565405917,80.60401572869597
396.79905244595216,387.90293556620946,152.30571087535787,80.09040102606414
398.2465371019615,385.79584106570843,150.98941766788468,79.58078459951496
397.613120393882,383.23405195605955,150.11037181539743,79.19811911306321
397.44067023184056,379.86976916329183,149.16978532212042,78.35593875362179
397.2500653486307,376.8883665707972,148.28726849647623,77.66586565415672
397.4764298809905,374.9600205819479,146.88247241420143,77.1493667520335
398.12656601096836,372.5677923481238,145.85479707974275,76.39663707389927
397.15517537901565,370.43584305391215,144.69011832167553,75.49444183602857
397.0054949012914,366.694582494314,142.9869467949768,74.13359251760292
397.48887177347,363.909537826318,142.12951039057634,73.31997289973746
397.01338615886937,361.64999599936743,141.1270086478614,72.30128389815147
396.5379162410473,358.82904093082266,139.6472255316165,71.29827559346863
396.3592604993305,356.1450293347473,138.57909384259526,70.39137832205728
395.9224865629951,351.94728073967934,137.41009019777954,69.00086953837724
395.4449849845724,348.8776922048753,136.85961962167664,68.43905450059407
395.12122055156584,345.4031623254772,136.22121845019123,67.63378124013364
394.2206945838637,342.9843894536094,135.47758478340748,66.98998276084674
393.83769592211354,339.7102553962012,134.83683750756535,66.21846289653712
392.78596182725687,335.3739666346571,134.40918778117154,65.01435146241106
391.3249339781089,332.4265756158567,134.0988988520871,64.31101185694551
390.9242079735899,328.9481760423889,133.716230086856,63.239991370397036
389.41380828002144,326.26418951967355,132.99811045429385,62.529495139399614
388.88377444103605,323.7931639894252,132.53802866288896,61.61236050424817
387.5912580881104,320.0359625780139,132.63548822192024,60.0269622635332
387.16490989523214,317.15514559438566,131.87772218053746,59.07140071992538
385.29246724563717,314.97143849681464,131.7486276728274,58.27308777654807
384.8098803717419,312.14268204168104,131.04866043417536,57.48919825151253
384.69592518624927,309.71675417450336,130.20021820887763,56.946910881314665
383.3637279066526,306.0549778799271,130.05717963971404,55.82725668335789
384.22049885863635,303.6140512627309,130.17834726085488,55.357000485529724
382.8428708841973,301.2171859548893,129.91064946103003,54.803361430345085
383.10969308263583,299.20933695055857,129.98520859446455,54.38879544288223
382.6598822307442,297.53509407989884,129.8044174335628,54.02483783245606
383.0598348934334,294.92578598736026,130.34550598940996,53.41475967396637
382.159059634997,292.6748627810588,130.59200613320542,53.14039673216867
383.0256056145945,291.56731829857694,130.54242280857767,53.05600263629563
382.66694618883133,289.93218167282777,130.6913395485736,52.60258275539339
381.51364070495026,288.38861822577877,130.87374349652987,52.357449517655475
380.8139301665906,286.8786519411496,131.7407564550012,51.72691445271279
379.5525980155006,285.693341822531,131.95113342655378,51.60735515122313
377.5186960673179,284.24844250551,132.62564394218194,51.450941112077885
375.9511324317451,283.4279770679414,134.03231102064711,51.23093200766181
374.2119288592048,283.24437411936964,134.79218202719315,50.77826171080518
372.4871951367675,282.7161237657286,134.2386024826268,50.40600987654524
370.7539799619202,282.7957396897719,134.39177323072846,49.7129687242212
369.9524636363972,281.8314609483552,135.5450062547087,49.88502357872829
368.93790924369034,280.9514923200137,134.44521761160985,51.06202568097314
367.8633213468982,281.00914109838317,133.64812246250617,52.32729543647481
364.5275312957823,280.2862586340917,135.1446737637737,51.82430462393836
363.874352359814,279.4390110547304,136.35231554807098,50.46427154627188
361.58213279610027,279.7351211735039,137.25365421353854,49.52227909383531
361.70712602587184,279.6736756554908,137.72986863261548,48.917856790151276
360.377543884714,279.6408433592541,138.24880059033097,48.2765833542891
359.56936712087463,279.62940195349336,139.01649913258188,48.12714539757346
358.19513237496164,279.5027781702269,139.29727863341049,47.659463103037595
357.2756754384841,279.82589743711145,139.60459060054285,47.65641852945841
356.2157013309901,279.72119513973365,139.86400533965505,47.60651070313055
354.79571214011816,280.24463625745017,140.26283520188292,47.44052348627513
354.962599137262,281.3019422243137,140.5774787400393,47.25319770061938
353.1697804506865,281.578403534517,141.38855804586842,46.99229456664
352.69903601716453,281.87847125977345,141.55850972819712,46.67396779046257
352.6013376656009,282.3599721979152,141.907702239878,46.289616567541366
351.8379637023871,282.5655773189319,142.39856256731417,46.095099905658564
351.14855872229367,282.2857563663605,142.6314111236544,46.11210857534686
350.6470331203651,282.6409905773941,142.9412902899101,46.44308767353561
349.87087372684925,282.6217526285672,143.18633759638152,46.64179440150118
348.50024141119064,283.1781221157101,143.60974543906343,46.77268273701465
348.7002510917656,282.51422512954275,143.57963819563315,46.908304301245394
348.03324147455913,283.02412721316256,143.90847993218236,47.13564364100954
348.19459750857357,283.29981750820275,143.93269559638273,47.3170108441268
348.0432026229084,283.6178878997132,144.20791070373127,47.38481051225111
348.62202594331046,283.74154721568686,144.10402006153856,47.44786181891574
350.10055589943687,283.6766762435162,143.94561899709456,47.942437088404574
350.6707378564828,284.1105030645719,143.84251132384748,48.60188365171471
351.2911171020367,284.41549490945505,144.30464012941627,48.680666203022064
352.1977407224223,284.57057304157075,144.3321819683112,48.80871363122682
352.8082031945683,285.16406795489115,144.38216859838295,49.12605801593558
353.44227201008266,285.86359188580406,144.48282600462375,49.31626763282377
353.3833148577926,285.3826378809408,144.60706041460384,49.481184949934644
354.558187239096,285.9523767303168,144.58589293204162,49.760562083831985
355.342239640854,286.6574003009019,144.8004213139123,50.035203749195595
354.8918882327282,286.23189933873,144.75954443064762,50.30778789552425
354.9996333963097,286.6101873301415,145.18871374188944,50.39649559981596
354.3222006225979,287.6283329839372,145.45441491305417,50.355279637263905
354.1540256498854,287.9057153148593,145.92863788222758,50.452591875424986
353.4082546615918,288.171397785868,145.97759176791817,50.610564961838534
353.1900793882374,289.8687745279389,146.29349891090612,50.48055385211693
352.6481569080054,289.9501135076408,146.8561419627818,50.710141719176825
351.2691430222894,291.2423766989515,146.58035864183694,50.6815080424728
349.96641897232087,291.7543346522404,146.52466081625215,50.84088690899686
348.6291712697769,292.6367124229856,146.18211859125896,51.06598701459353
347.34846116235053,293.07530759733714,146.7875442000937,51.258166339619414
345.7268627691891,294.6496988510566,146.9260063272216,51.500331174099415
343.16949222829805,296.5237083730494,147.1123950530466,51.70242328085548
342.2125061253113,297.48335022884146,147.37692601680214,51.721349222171995
341.1924034434858,298.71595500795564,147.81163461627017,51.665023473986906
338.1401897664464,300.5804003441606,147.87497481977522,51.73283065657274
336.8129555077965,303.22496622372336,148.25714523946442,51.66185904988252
333.83155337327963,305.2187076820763,148.03078343946743,51.53581321546736
331.4634376278483,307.51493454732713,148.2113799548967,51.46027814417585
329.1316908785723,309.4782525438907,148.84607391960486,51.20175109117329
327.2029283484716,310.711894018447,148.79293632874413,51.09456125882082
325.3300212981143,312.99883651464455,148.52258231193565,50.819064270728745
321.1703865514876,316.35016252286704,149.52172145698344,51.02323255152499
315.82288730728544,318.6712584998727,151.02580102296338,51.05812456662983
314.9004168603955,320.659737038945,150.94556982621282,51.1403315357264
312.09243943675466,322.6031675384101,151.27105550387788,51.17283069762392
308.62540259680236,324.9805845767059,151.88681844617255,51.16226551522791
304.94012855689886,326.14444975588714,152.33231579050596,51.26700428642778
301.6726009816756,326.75178891958524,152.66654763391506,51.134603614633136
297.72075632110426,327.0547704891968,152.81722906626385,51.34150972618434
293.8202395254194,327.0727805925228,153.07264555405692,51.28448893308226
290.28389997198667,326.9647589467875,153.66701836743488,51.29480710603487
284.518985764417,326.83148671700144,153.4890545004697,51.4012501816826
281.0445229384861,326.6511274115811,153.72829291936017,51.41845002874261
277.5513061784047,326.66546786452113,154.28964804749432,51.21745020236949
272.9388245264838,326.68744517170063,154.8397360919366,51.3705547276198
269.1701174189101,326.23033473628635,155.27977491417033,51.353792829912784
264.9159485824684,326.12414167605056,155.64376539619676,51.37368747861692
262.8765573397436,326.30213130960936,155.91060196642414,51.5819126063167
259.9331094385171,326.1434921370345,156.51480247545064,51.48276167023168
258.12217531341315,325.9558479101895,156.91396035464106,51.589425430766404
256.77182528803434,326.40274633812606,157.20584525990614,51.67579167227487
254.87360361087968,326.5223002625588,157.62001231759984,51.52637836063171
253.0268997919991,326.259711947203,157.61654295264492,51.36609543714793
252.3581970333922,326.26350418719363,157.95557275603352,51.421576493486896
251.414203082597,326.78176139121615,158.25453694832675,51.49678598528316
251.80643702942965,326.50684770219306,157.82411957174367,51.08014270455023
250.78262575430597,327.0901789335353,158.201889388379,50.89622112092457
251.22310484832786,326.9315803203071,157.86104494745504,50.77015627696355
250.89119376522285,327.3385080218792,157.85782563312387,50.62070616013145
251.87362016031216,327.564700300758,157.5158054988519,50.77657371047098
250.73667976334806,327.78751783825567,157.96447905935116,50.78973960698358
252.2121798879313,327.41693045202294,157.62257319151703,50.96723081001784
253.7343196551123,327.65004747641126,157.41277513489248,51.26918201915282
255.41286445389468,327.7808033365948,157.28684188650988,51.195849449009486
254.77182907735855,327.781352256152,157.96267880436181,50.85798697623959
256.25997999273903,328.13557851524445,157.66169569155738,50.99249958409225
256.26644747162675,328.338454315754,157.8993848540174,50.96283713874706
257.6265432575742,328.44848588534506,157.62218358516205,50.88356075166971
256.7881535667532,328.67087698720707,158.34703512609445,50.97223213166309
257.43910499887573,328.20572474240447,158.32959054145897,50.82845329302124
256.73748848434326,328.1851482076896,158.8618816335542,50.91052511500196
257.10083368809603,328.3813088540438,159.09517850880167,51.076584426083826
256.27325589040146,329.0919868173803,159.7426569067344,50.9518195428832
256.4180369271183,329.45707945713866,159.82888453523935,50.78140121158961
255.74647618943965,330.23620179954054,160.31597131449453,50.52150543044188
255.57570249725887,330.31905287723725,160.44567026106998,50.18760154539318
255.04655888913166,330.5499928837854,160.22267207216538,49.92469806392154
254.41188711362736,329.8865101379422,160.00660767468003,49.882908095822586
253.47665740212938,330.60257661933923,160.1788485136153,49.98649202431725
253.33241666407707,330.42883122145696,159.95983410959298,49.875143343973264
254.12791120600963,330.5016394772076,159.50784079236757,49.9184887108909
254.36073984635286,331.2031231626374,159.19131543559507,49.759866408962914
256.87079543295226,330.8806378650436,158.5163680845704,49.60234837910098
260.867714947571,331.20352450768326,157.1327704684493,49.419935820654956
264.20035392703994,331.8860900247641,156.20222847524013,49.10856018905829
268.87611695189594,331.7562788858458,155.07676138548908,49.22120286670376
274.1542601583158,331.3253325993088,153.79062134258345,49.32861257444412
278.8291402643404,331.2165306279331,152.99055805283652,49.14792150209895
283.0959354125536,331.1292098309142,152.50550501074358,48.99337871298282
287.4527598848692,331.4090084791807,151.9662897743034,48.716230930123494
293.0400545005573,331.41758762551825,150.73852747774166,48.74678985107917
303.1991715920623,331.0643873291923,147.99283357793468,49.10967200777604
311.35601993363343,330.39267380423536,146.360146187395,49.29447536231635
318.84272394934015,329.8236090500307,145.19518122543957,49.285009226728405
327.03130965296714,330.35469428634104,144.00331350623486,49.28911315863351
337.13947670253754,330.8903377870639,142.49026462437928,49.40873649654333
353.0071741736791,329.931846795357,143.30992720773082,49.04723032077744
359.54165080981545,330.1024451172422,142.66423843893728,48.77818089738011
368.6649894672232,330.3443905889427,140.96270043686582,48.6279556229436
378.05172244148196,330.27072062361896,139.471987479071,48.65120886066178
388.4606470431089,329.6322364359976,137.829452225402,48.910349248233615
401.55118722603873,329.5462080237607,136.8057662687221,49.09152570722391
409.818619102706,329.7316624162415,136.2611378440619,48.996337220552604
419.65631273681555,329.4234054615871,134.79256438809864,48.669121490807996
428.939067737192,329.7844791076967,133.95067575575405,48.36044092036201
437.9507180296942,330.56824397412726,133.62925848678958,47.99397660860534
450.19934554085114,329.9333334799246,132.13994375683416,47.775985793192774
459.468337874,330.50616513943413,132.077173095053,47.43860824697427
467.60405974499974,331.0986580219148,131.85493894778,46.96961177368091
475.6623499020709,331.23149674493726,131.32154764425792,46.66293230739606
481.78613794515564,331.45696366867963,131.05933265733154,46.259872795110965
488.77832899703196,331.673800821588,130.6462796704002,46.02592165850186
493.59770570223077,332.2681359225153,130.4062584453664,45.8789671978047
498.5067075065858,332.23897165090415,130.08579054222264,45.91907727774023
502.86801729422564,332.6865183432227,130.01721034987764,45.72296899289569
507.77844460862303,332.6318203658667,129.54118146571167,45.78793678905615
509.4324325963969,332.58842672029283,129.56457226758397,45.517753382562596
510.15340328353204,333.4214275008493,129.4918596139787,45.219482200554225
509.339320435112,333.46076230231836,128.96441188842505,45.04850897882734
507.5811936524551,334.1450700061147,128.56565690881692,45.03616436133481
505.8680431506984,334.08669340143683,127.44406343448608,45.304845906118814
504.03583421110267,334.3451052859868,126.03606023976397,45.45109305414833
502.7367654323494,333.72264455844544,124.64180430361817,45.80263625147963
500.5466525825818,335.0964331416574,124.11540377863551,45.41735971943977
499.7746030196447,335.40789534232897,123.71427611598887,45.39329832373483
497.9416916936597,335.1948884900893,123.48358363696217,45.05418889932321
496.54856621828765,336.0853740161863,122.77097685111882,44.808691789885835
494.86076324912455,335.53103314502874,122.831507153535,44.62640201463811
492.87051572654883,335.43834314311545,122.42548991917594,44.89255733899465
491.19607102689434,335.5864785029197,121.6725249941441,44.96466591425843
489.12959789700585,335.22595537161396,120.95964558177137,44.49721105725615
488.57813621705793,335.8142118015071,120.29653576905986,44.16029828368211
486.44280313233907,335.7089693391405,119.81187376009174,44.23278732459287
486.8648938390737,335.3587157162399,119.89517662053302,44.29176530832816
486.1546187742511,335.2282384053718,119.3025333812665,44.43241381819213
487.0274931893591,335.3194308616149,119.10386435260986,44.30875413610181
487.1317169901739,335.6845032180009,118.42922149546229,44.176997141530464
488.35156317729854,335.5090166485479,117.64056478767885,44.1790034435071
488.8924361870652,335.32106220820515,117.34598125088405,44.037738855126065
490.26110730761616,335.4928556321839,117.1730084498609,43.79712436563375
492.918639964681,335.5983332905726,116.9834767165112,43.67759454221586
494.9997037586085,335.8379385211099,116.27273558037739,43.58876941086463
497.20283375688757,336.02629380324333,115.30375218561062,43.62191075528149
500.5178643564951,335.8118032614575,114.67387123084134,43.77564882475603
502.22672367474354,335.95672600358444,113.42828770901426,43.8345274673179
504.29695796536515,335.532317978485,112.63058326694645,43.99845241281851
506.5432959529617,335.6841167797152,111.83025601039654,43.88408097577204
508.3242250316937,335.88828482707976,111.18332366660748,43.83429656208465
510.08141367455704,335.46121321130033,110.91776859310008,43.82401020055727
512.1065853421304,335.5766563178011,110.51894121864669,43.6990958305599
514.9548279216183,335.9519689024014,109.90183561823419,43.49107564421223
516.60506561581,335.468821056191,109.29564514577484,43.55660216253413
518.5459397448317,335.566517521815,108.54760417265875,43.363977983451235
519.8469687156443,335.3427934372308,107.76335950827811,43.29335098448688
520.5990158653477,335.28801017582924,107.34524180951823,43.16866086721335
521.3268355025566,335.3237006322048,106.39225827965305,43.11048692999684
521.870405990342,334.99877049553686,105.80825072025817,43.02270455749675
521.9105106302613,334.43804319796,105.39771977084082,42.91518993630379
520.9364168574582,334.2527388450966,104.7227529146681,42.90484130679697
520.6461194914655,334.5354264840572,103.90504592603423,42.87479388064794
520.3575436175896,334.5778149658016,103.13384035395426,42.81920172052588
518.8249749945618,334.1498111320763,102.62039054480361,42.87217633410149
516.8389598774797,334.3647951493675,102.0911295039432,42.78743613708164
514.9260762881452,333.6967365121707,101.68130240999889,42.90696360301129
513.3797755555512,333.77265783087114,101.14280393584052,42.790164551655806
511.0839905108725,334.7066695305225,100.81426856789184,42.44983525845506
507.91222863668486,334.6828337642937,100.51927636701797,42.410491445219975
504.87431672788995,334.8524765305722,100.16868188016436,42.111061806364425
502.4375437378849,335.04417534378376,99.66089546271364,41.9211191607915
500.4467497386405,334.5471672607939,99.09928535252931,41.993865790752764
499.9561122612361,334.4470932292701,98.24691687090619,41.98473361624491
500.0221167617186,335.5489359630295,97.46609617198123,41.739887446020646
500.8929148767748,335.64900055830014,97.00947117905149,41.628513565061205
502.10701734389045,335.51352374432196,96.58362515824177,41.601972274909635
503.8805119378269,336.16348803893464,96.2078898899704,41.232394644985234
506.81905581149675,335.57928799961053,96.03489559889894,41.31448004544134
511.09217209257883,336.85107430039034,95.92564995995261,40.79560760867659
514.4192073364354,336.2323582503594,95.37949773472108,41.1015207368184
518.6718679327503,336.5729916142548,95.16677908115398,41.14058394934673
521.8695153965491,337.3343652614107,94.62429119853913,41.084310115232356
524.8108783634883,338.12435944707516,93.79225686927498,40.948839952407226
531.0344004263206,338.21938065308956,93.67080573830037,41.07112567038516
534.6793945337505,338.67161873105835,93.11563407464905,41.047637397061756
538.4984462521863,339.0067249265303,92.6114799175624,41.05049346992024
542.8765001869178,339.440391548767,92.22626838751596,41.040818313653936
545.9607910003073,339.69916831738743,91.58492751391094,41.07954485291695
551.9105096683759,340.5402109301866,91.89209513535428,40.76286304109114
556.2393308667728,341.72639463220906,91.62929393271341,40.59436259566435
559.2972159105408,341.8942872829179,91.11318376491623,40.586171544687275
563.9648542185433,342.19663539037674,90.79005600602767,40.396896517647235
568.8922594263795,343.2407162571455,90.74154289260159,40.32968748567835
572.9982447939831,343.38840600229383,90.13154950572203,40.45904187256367
576.841142880372,344.1272518803855,89.40791058239489,40.41069572413802
582.1467563047778,344.42970387919144,89.32635254156662,40.60515730660798
585.8666683950026,345.5840535931485,88.88338457373293,40.62509762440618
589.1779028943466,346.10023788168854,88.20253211023169,40.557745710400575
595.0177840656229,346.4324024128299,88.22681220237163,40.70202184220967
598.3266609503776,347.33854804038316,87.84083657769857,40.65777184019306
602.327284278642,348.07723609332044,87.64357313268721,40.598962080487
606.723606001972,348.52876976041074,87.51384205480153,40.765380410674126
610.4793692688716,348.94007639058395,87.25559806799957,40.684437997266734
614.9122004715654,349.85711565780383,87.48804204688918,40.74825062665299
618.5773986121716,351.2295295355284,87.34282929076231,40.940426245303556
622.7644057028255,350.79740516029926,87.17867018910529,41.08181078515618
626.944081586869,352.9244977496936,87.04748690856712,41.37855944425817
630.1426518025897,352.62163599790233,86.5887152744279,41.514310963215834
635.773118763676,354.90497830256555,87.09910646364443,41.28533864179227
638.579618342689,354.60480757279123,86.17014546784992,41.44674929184304
642.29544411193,355.129278388537,86.14083910987944,41.58255070711208
645.0168437606063,356.8067708102959,85.82068995901113,41.72852239893355
649.0060593062555,357.33007090844,85.89599746176808,41.78479338222613
652.4541581759818,358.2697444699687,85.76115559923807,41.640878168729785
654.4337823374149,358.9921447349201,85.30312845633406,41.53940969105789
657.0759595776342,360.3038192083076,85.00220483832214,41.627295313832526
659.6313892388523,360.76533442791606,84.80312778059536,41.58261274830335
661.167440379634,362.56544083973273,84.68941811911874,41.80597089139052
663.7425787325303,363.24760090673317,84.42248606359462,41.86525846441327
665.8646634612699,363.51833922613434,84.24253989560518,41.71373317391573
666.8307899116601,365.7902408844576,84.11587035263574,41.86485659600818
667.5682255015099,365.0697834282029,84.10202298046171,41.8916008856919
668.3766326775267,366.20048567495314,84.17191338325763,41.804006874216576
670.4772948459349,367.022667406925,83.98733413692581,42.10523736340551
671.3590669602025,367.4832805632876,84.0487727899364,42.0795425858289
672.1741935279355,367.54215808756805,83.91412703056916,41.97586930502824
672.6360910418972,368.206345788944,83.83188390255586,41.86788314921692
673.1133378229831,368.5527961376848,83.8707887683473,42.23071327143742
674.2741013976532,369.28650147604407,83.66572241917797,42.54470422893526
675.0875954458594,369.67303717348136,83.4420310318263,42.615993841274346
675.6150136619203,370.5027623641628,83.38763841588936,42.644325866718376
676.6967507733793,370.4232251364428,83.20534331112776,42.64679954882391
677.7202209845325,370.8031473671382,82.96429154162303,42.81789362932224
678.6385953846619,371.8640938602185,82.85762596852169,42.775327034381775
679.0996277818978,372.0989724936444,82.98585700382296,42.65046286540751
679.8320315844005,372.82139361859174,82.9149507469316,42.7260068345374
680.400455801763,372.5321076207349,82.88194850456654,42.70574866677227
679.1553425908342,373.05442139608965,83.19336337628377,42.70940600433025
678.4022003823275,373.9214795877772,83.26301408720428,42.79442504843023
677.6717771943564,373.4177559426352,83.2101091947595,42.787278975905906
677.6883683606954,374.07047700384203,83.30528112836738,42.89976304577594
676.917124371324,374.59794663959366,83.1866460697719,42.88193255322615
676.60061097738,374.43039363609216,82.99775931729657,42.790047544556444
675.7343521888569,375.61913061104735,83.22304899669902,42.6442043968006
675.6327515848124,376.1384164439781,83.1323262903554,42.74887413642628
675.1544746394684,376.41358032563676,83.2017447945764,42.86721208022024
674.3854436279058,377.2501228663801,83.25429825656725,43.045186077903885
673.3763121605905,377.7136142340153,83.30664276945248,43.44745713539614
673.105431836113,378.4348442548478,83.16491117511771,43.49323077922466
672.5624969886256,378.7200708352976,83.18334345973763,43.435307885563745
672.794766893874,379.8035845151126,83.07317308097511,43.627827902566324
672.3396453133481,379.17655260454455,83.18687538566539,43.53579771144203
671.5512374210177,380.57347821601655,83.19318793546299,43.539282351611405
671.3998911252005,382.00286850922646,83.14399070819063,43.654903716027746
670.805235129748,381.94947540379786,83.11489590264026,43.77908633222418
670.5466684162798,383.10733710169967,83.27941358570112,43.88119340364469
670.2720597347986,383.2296740553833,83.38626637518476,43.99900848133903
670.7055222288907,384.6205462501778,83.46946255132252,44.07224122263992
671.1344689858663,385.29684562752766,83.4069338344865,44.12111444040581
670.8574255741014,386.96455486580095,83.60961283206959,44.176978760718924
670.6587119904291,387.2055789560089,83.89125539158663,44.32369848792258
671.9059904879165,387.46158827671576,83.86839072029656,44.68264854596402
672.4003156274996,388.5097696816182,83.73227753667695,44.70563998420607
673.5460211792243,389.6006578090405,83.78359171017453,44.62935489070782
674.2876263231338,390.5819915779939,83.93581557305131,44.57232723965717
674.103816192503,391.3362499031343,83.95166275110307,44.673301937643046
674.2477121142584,391.86629645520253,84.10305622892315,44.94518810825628
674.5236435502627,392.6708912595714,84.12052023450862,45.25190075648413
674.3657001084954,393.766212491616,84.37457234685714,45.517864203649836
674.9001705652122,393.7154098271555,84.66101065724695,45.698324525556586
675.2259463342913,393.7792171831919,84.56700877452633,45.93556841100076
674.6516352925481,394.60901061185746,84.8160783935274,45.998209007855166
674.8155914447293,395.132704317855,84.88934927712671,46.310793119145046
675.7856800383618,396.09441445298535,85.04902655916113,46.543265459434195
675.78732102948,395.5889831889475,85.52921701359102,46.80257701504824
676.0646281080601,396.39153253357046,85.69198862532139,47.00647643371249
676.8470747521291,396.9503788251121,85.81309628036735,47.15263394351696
676.6522349621413,396.4307917122303,86.09372347048262,47.57625961819807
677.4127068820153,397.24197678592355,86.32170579345446,47.80115912508556
677.4327210290965,398.00212277522587,86.5244832186678,48.13967780970415
677.843340614357,397.68180894559134,86.9468788681311,48.42907437079816
678.0898032126585,399.2875180992909,87.16442577846169,48.91152923043711
678.1261627572906,399.1406272061248,87.64648979504784,48.875334189863025
679.295706755512,400.2729173113858,87.93974199139964,49.09366651977673
679.662476212833,400.51714730103424,88.19153073779503,49.21682178105381
679.8107844281299,400.8900427961812,88.26004163225926,49.43675174231706
680.2994303293796,401.6450350591856,88.3378455023673,49.55172728119628
681.3354000352514,403.12555152667164,88.413298363573,49.8332902572501
681.6383214030836,402.8720785694979,88.61476734160388,50.07113774072572
682.2857222683626,403.95234478703577,88.77413881832899,50.35303532502863
683.1993186446913,404.19189135003444,89.11948768401889,50.76886195210586
683.8655016700994,405.34022801301387,89.36415217271522,51.22529188237263
683.8602688551682,405.89622867331565,89.64288668580582,51.5809372797943
684.8936338702644,407.0492630523651,90.02803591853788,51.99624947071577
686.0057273231839,408.1222989790982,90.57609513505903,52.48455843466287
687.2529816335626,410.21899683962226,91.01658001977954,52.68174289092188
687.9299351956944,411.3539498301369,91.22907068165644,52.93680195772889
688.35714003591,412.3544793127455,91.63189783956594,53.104680198779974
690.0445024439147,414.6399977714736,92.17405458483583,53.447389638287945
691.2601995993418,415.1933523651039,92.73215388245637,53.82489058457985
692.5447207261792,415.74056955292616,93.31607097555276,54.10426399683059
693.7723258327283,417.84457246484806,93.63453691945233,54.501727876661164
694.7950930554101,418.4687047020272,94.2696441252421,54.97844208768183
697.4542062877064,419.90252882237434,94.92226335995994,55.52140547647362
699.3111453328065,420.5408440152418,95.5781724859462,55.90211955122604
700.6238104281247,420.990997592594,96.06739527001083,56.241810975546954
702.6212390828408,421.32337933611666,96.42613750891829,56.56380816440874
704.5853230375087,422.74027266587694,96.84582182965468,57.03814580870596
706.6030823037901,423.1866105367784,97.18178805356158,57.46375887000369
709.1782475818467,424.0135210562694,97.94495637592743,57.899798508740844
711.3692604506077,425.6972141645164,98.38865094861657,58.18851137328616
713.1215494896061,425.68945904375335,98.83925256193449,58.5086633980498
715.7287717725303,426.54391547531407,99.65561739855175,58.6866377276544
719.0085167583167,427.6680921080018,100.59429780280301,58.987008636778455
721.8390856861859,428.27101488969237,101.27961552110045,59.147129751063034
725.2019327876709,428.75153328650333,101.91213617332433,59.519762500707486
727.838573520724,429.3733144139061,102.38559028003299,59.933705758139524
730.5887389106516,431.55118505838936,103.06487165990679,60.144705458857956
734.471161159032,432.0579146895118,103.88563946020426,60.59439860521296
737.6198557017431,433.4131796017978,104.43942043780079,60.84433659604011
741.0475873127396,435.1613739022186,105.18235876228623,60.97605601979565
743.6731139949046,435.3629049830527,105.88444947144245,61.599262936382175
747.2302687958304,436.1791003761389,106.60815876378629,61.9630890434059
751.8324030616303,438.49650426518923,107.23643551264304,62.499575954483724
755.9873192551776,439.33131680778115,108.16044502160561,62.91956120751092
759.2002481545776,441.26793743002753,108.89513447927538,63.54583501962832
762.3195289988086,442.17281688945747,109.8133024889946,63.862656577529236
766.8197323654481,443.48313520312547,110.64188859934336,64.25302654389742
771.5406174416327,445.64662621196214,111.9595865255877,64.64561468613621
775.1395869819548,447.0817138030405,112.98155234454043,65.02205968220217
779.7445656074281,448.5740368952877,113.82510862051052,65.75171603753319
783.7063812407631,450.07545915152275,114.76212741640137,66.33255620790924
788.2403735133976,451.9156393818736,115.54416518711139,67.00239496977224
793.1081326106557,453.86479372803984,116.3972185410571,67.58437573666824
798.8595375685179,455.67422070565704,117.37687055465395,68.24678990124579
802.5211339779778,457.5955011693378,118.13043993513622,68.98511152317013
807.497451309789,459.4648081113353,118.9599374202565,69.44817305421427
811.9286469916319,461.8926529179189,120.15484471684896,70.07045547168676
818.8646193659653,465.1217437371919,120.90598117545763,70.88956656156478
823.0227972711886,466.5838325811276,122.15864086794059,71.61908159601396
828.1315683767875,468.3858779139504,123.11334177502886,72.3921047494906
833.873492966077,470.79037747617184,123.91266043550019,73.16397911442769
837.6760814010797,472.70976639371105,125.17909992902014,73.83973622960558
844.9583318811387,474.53320005677415,126.17595837441974,74.82063646634555
847.3497039941332,475.81186548305266,127.20611802950393,75.55559153297808
851.3413776214004,477.6645573168148,128.3921128159851,76.48545843384359
855.5186127188497,480.1575480632239,129.46931948571057,77.17233947078012
858.3180176247637,481.2944135070242,130.62343173198784,77.89617409106823
861.7924975414728,484.7302786371192,131.7452660040994,79.02377196732233
863.6509743615885,485.3594875475358,132.8664108898691,79.83746384573844
864.9471054506395,487.326756607505,133.7331061454676,80.58158945642144
866.8095423168355,489.38341257455806,134.7953408344013,81.26548487781447
867.7878273431953,490.8450447931333,135.7593363868453,81.8047362716577
867.0372791971951,493.078354547345,136.711964089063,82.2745867949726
866.4049332557112,494.3550039900028,137.9719893893496,82.95206755748416
865.5388856149226,496.96038795025083,139.30009520688205,83.6878366548103
863.50079452067,497.76241293520934,140.33754701246804,84.44791813554635
861.892565905442,498.60216318681313,141.3033006696971,84.95769695019469
860.201843434519,500.5783959365681,142.4474776405044,85.57415683139146
858.9536221060325,502.2741140214897,143.68858699307208,86.20392656364787
857.2133535776688,503.43581702359904,144.80902401890035,86.56634566891104
855.8863700782786,505.02221073704754,145.7839882558401,87.08450172155204
854.1135952105157,506.0125243417658,146.72240269549792,87.6569107250366
852.416191464172,507.924440958907,147.67236403492586,88.36433655066031
850.4058151086875,509.21842458696847,148.57423170561165,88.80674644411917
848.5711107927127,509.4414758388344,149.33656612453336,89.11614503186762
847.2009969296656,511.6747114802242,150.10368055221153,89.93168907272698
845.6105380512654,513.0022001479113,151.16904612204604,90.32344130201952
845.2607062372946,515.1372240360816,152.19217339854524,91.06803004224975
844.2990073781075,515.1266888191873,152.9583409781407,91.26925034416922
