376.5,280.5,18,11
385.4758920938095,284.28740376720185,18.29270357483227,11.112599959187566
386.59967157780494,285.4426179578637,18.053733874571996,11.12055121844304
386.7221867116569,284.6638052685471,17.80132603497609,11.253245428520078
386.93615061259703,284.8483074834277,17.55369933311151,11.30563671781032
386.84026532421217,284.96862243582996,17.502451938365514,11.224473452166892
387.06471768396324,285.32408879073444,17.40891690594382,11.136913595160193
387.3268448269461,285.635983056055,17.308620087057232,11.138999703076458
388.17237202128945,285.7191614873769,17.435968823179795,11.129463435697149
387.4934935204611,286.324946357025,17.480934596542173,11.028308439824421
387.3565807817922,286.6041168525774,17.461357938507717,11.06228473187304
387.2290749737878,285.77458847847186,17.583992034312924,11.092406262226833
387.75973025599257,286.7046417852841,17.552145714745933,11.01706715710915
387.420249960296,286.63640927276356,17.406128252569314,11.061510143153992
387.81891204000925,286.22626739988874,17.442943559428514,11.0507607186804
387.87165613107237,287.0612718849865,17.443594962678,10.990855713290413
388.3562454441885,286.9096715195045,17.304432532219888,11.038680790749169
387.62312903347464,286.7432213542859,17.129242128244712,11.170127644042225
387.5727736399682,286.64075164298094,16.978004379815243,11.269779060286703
387.66761957731256,286.59364406967086,16.84547319182806,11.365733127598386
387.487808074746,286.6385069335962,16.834514391255173,11.404801116178298
388.53717900922794,287.04919358358393,16.922249945005497,11.4034151728656
388.6800149671967,287.7652769808141,16.820137610705427,11.399791350016237
387.8832860565308,287.5696489662475,16.720437878364436,11.556315451635445
388.33161643718745,287.6117149063485,16.76254317931081,11.604377449726478
388.5136368353298,287.94075013756736,16.74102425912283,11.549639149192078
388.8201377965838,288.4057334453857,16.800944351804866,11.458919223828715
387.85206304091275,288.1173270902029,16.735953745501817,11.437264107351151
387.65492527331133,288.87794682984384,16.61348472666181,11.425984445001866
388.3693168885628,288.809449231732,16.71266573051097,11.504463950958451
388.0425715341394,289.05503959296044,16.64242939191433,11.598430192097904
387.5343562021003,289.41138068538385,16.708845405170887,11.664370515300163
388.2579212294764,289.51297769849157,17.119799909859385,11.444586562528887
387.5863347306623,290.051679368204,17.184262422982744,11.393570080136735
387.59082028114386,289.9538243445006,17.403554580953752,11.305813788432285
387.4602456632001,290.0951504165905,17.572242357502514,11.222165012868581
386.9829179273587,290.2519373320548,17.683584254394468,11.17447394222635
386.3830807536861,290.59868192134246,18.012048980310123,11.06887276604662
386.24600971608965,290.5949920373936,18.03902287217633,11.217645316274883
386.23288063269655,290.3101253443547,18.07075954307644,11.481394175480133
386.22513049098745,290.9051463932877,17.980845137907423,11.667066141258484
386.1598547019396,291.12311959676265,18.446390823487974,11.583238405248986
385.68761084531565,291.8119105462815,18.526223459278423,11.693407990128478
385.8847194943484,292.0760426493642,18.75265079021449,11.746392603791179
385.2910272059873,292.14360601734813,18.91265990726567,11.76649940001358
384.552465089953,292.58724003658944,18.94989745014825,11.781923083447122
384.4908821825886,293.09584532990664,19.03067628228703,11.90103547197149
383.671393206848,292.6471129140847,18.832389338329065,11.925996903766471
384.3700770089544,292.74964230427946,18.973916745064503,11.964510582001685
384.0003759340512,293.2801863457801,18.811429093845558,12.207602644264021
383.3476899066152,293.6947592990166,18.952569133107726,12.10364278772937
383.3998169937658,293.9936539436663,18.974645185466297,12.128603065461842
383.13903471929547,293.66789655589287,19.09332331391868,12.16932442927691
382.4658398114806,294.1786116239721,19.202133545426705,12.240346819211045
382.03162166110934,294.3947620733077,19.321209225193645,12.353363868404319
381.28791525567345,294.14878281578433,19.484990630235107,12.503944439696825
380.3649325876383,294.2765930162739,19.728939517330826,12.727931650612225
380.67837037821835,294.2012636314669,19.93362568038379,12.960725032131027
380.37561160488895,294.82285831430585,20.163172028960673,13.08486979387919
380.38707238763413,294.8973935469763,20.213994387968803,13.317669181081207
379.88540073642105,294.48939061822745,20.19448824982029,13.58725219941413
379.72356811862295,294.7828420403117,20.320057612418246,13.656527948881127
379.27698640162714,295.33828955247463,20.53043458171878,13.734965171335737
377.6071130580791,295.62145566063765,20.71400136387703,13.901249200756318
378.1950037509371,295.5893589618638,20.731625606365416,14.05237062319204
377.6934299770844,296.05220338526755,20.76745473842904,14.046460123399918
376.4875339989534,295.9549049566489,20.59425500119436,14.096271874455185
376.73309848753416,296.0113466010016,20.624706004883073,14.15531690210451
375.8992980362779,296.3210684469762,20.553002722481928,14.196829831325335
375.44143103733114,296.56564493191456,20.477717232994397,14.275555763407025
375.1238953328228,297.1731293552717,20.720786357484286,14.33141981292539
374.4550089627772,297.18927995740216,20.942560471820258,14.341218777429003
374.12623141455174,297.3992342498265,21.000284642806477,14.449872261519511
373.21393873192966,296.90691130014244,21.025168198167563,14.559989991255694
373.1779835578586,297.0955740859205,21.28081139864939,14.619330103684486
372.47879752782194,297.6502429540957,21.640447472966827,14.677967793054197
371.64746459272743,297.5728955352876,21.88631332103054,14.835641722504665
371.11390727260266,298.37446050762725,22.147173097541092,14.933972973771162
370.869053956895,298.11933593599946,22.174550490303247,14.95767050441115
370.00770128633724,298.1507712283273,22.322196775136767,15.025747166902985
369.64137423389843,298.09589067934235,22.478783670770575,15.078617080572737
369.2992619946328,298.73944942686705,22.62197899404744,15.160720319165884
368.7348143124666,298.8291931588438,22.60805745717294,15.270431224000188
367.8149864881537,299.332442674338,22.454022495866703,15.202953482360385
367.5911534344069,300.2282511698149,22.34596350570402,14.947393844426266
367.4656535981205,299.78058228034934,22.32713965690118,14.775332598394005
367.1933323649947,300.3929028692001,22.1029927125617,14.757115060943669
367.13155453616116,300.52545009684,22.060027521358464,14.729183508615026
366.97639416908794,300.9430694970715,21.999253969063187,14.761495498461944
367.78636414780175,300.1725387317949,22.099563068451676,14.891424931770969
366.9200849451029,300.0902797967226,22.235472303927462,15.089249292545446
366.7862876994263,299.972601384167,22.371682154348612,15.109295827200835
367.3610658512673,300.4531364274788,22.358658991802756,15.030201391364592
366.38698913101314,300.4991096959356,22.450894501707985,15.257399878273798
367.74448945118075,300.24298015422977,22.96129550131119,15.533315607698707
367.0617807209684,300.4352930603752,23.26087915474434,15.784241128835204
367.3387626209477,301.4576984441937,23.16019845610598,16.235898666786014
368.4316737203991,301.171418491947,23.57238703563029,16.667156864846156
368.02986773731504,300.9288783057857,24.288509001967704,16.575891614629167
369.0439053787746,300.78302344161824,24.877179429421503,16.510094471740636
370.4120035430003,301.65295118741255,25.646769281466288,16.31128738770664
369.9609130080099,301.73796739193693,26.37340282616041,16.093956677646602
370.3451686678773,302.5305084443109,26.54606386779944,16.15226618209053
370.4226253392231,302.03448926156125,27.119601061835905,16.35829368619303
371.73833271271326,301.6466702395571,27.76289744690507,16.755323801448366
372.4202150128185,301.4028152770293,28.16992854962879,16.953229863932368
372.7640717435995,302.37305089318494,28.674849193749203,17.10504378787105
374.97285388747446,301.753570898901,28.890695836632855,17.503338614829342
377.53150873829463,301.60468175585,28.420379295240295,17.928780528198235
380.07949570196854,301.4592166858127,27.767280753176877,18.18724663341746
382.81255389449615,301.8795448434907,27.35804007384075,17.87106666741526
384.29999190717336,302.04597950345175,27.149548411660696,17.572000043065458
385.72040316157035,301.5729608895961,27.222297975849536,17.403590392343553
387.80758048604696,302.0409775970643,27.55866310304981,17.199642384187456
388.1338307378917,301.289724242199,27.850552657877856,17.204247177414153
389.9010021631322,301.6857118743515,29.312395110131177,17.08885025602365
390.6309874254214,301.38228542952186,30.710581505032216,17.053345438659353
391.77100635768466,301.68423411509946,32.35674474562353,17.017209548312408
393.1122961966548,301.44605960866835,34.08458930016609,16.86403951582172
394.0288576285661,301.65408555482674,35.645131750064245,16.920510835937712
396.8010202110105,301.2044504685687,36.59300552926716,16.988179209919387
398.57625380203064,301.7029706444217,37.52664679525545,17.164539379491735
401.2779563091846,301.5532554639891,38.13002860422022,17.257945972766514
403.2811270498469,300.9256549686981,38.81172499521017,17.26882311367048
405.60499210249293,300.42149265022016,39.437144857111704,17.429696898232198
409.37132211493946,300.7773300633649,40.01921375983094,17.74446448050449
412.0002908107326,300.38602041365306,40.42004597578857,17.78314634716217
414.3370336177087,300.34573902791624,40.814847257588326,17.868997789406706
417.04729855538,300.7044537681933,41.46005892124715,18.049346819899903
419.80229646781515,300.39513843579635,41.76974044928211,18.06753877066638
424.01774303339886,300.92210752812736,42.30720154327339,18.177082655973525
426.6859793484665,300.0923756952409,42.91195158083224,18.169974823829335
429.87219143178345,300.21725085359446,43.16759443079995,18.265850920944338
433.2448302429042,300.5355122915041,43.58718516335575,18.371669682736364
436.6719138347147,300.38683508793196,43.99329000579683,18.50078409404354
440.34750881010626,300.4719078341138,44.45666094521144,18.526909663577108
444.045446752803,301.00976032623805,44.69136310089461,18.59458126815007
447.36921502632583,300.5560373490709,45.005526993302055,18.668759950965605
450.4571179763198,300.71374386791064,45.48037064089103,18.820860385127986
454.0810446511434,300.5885458980635,45.75753550642334,18.892765730792764
458.62237816555694,301.0056912868161,46.425868881954045,19.08897500764703
462.2532663557286,300.55073646058105,46.469124754876105,19.18076871048643
466.004378478395,301.0319646854709,46.84779946202753,19.354960677225932
469.4871075378747,301.1339843253415,47.00771947493452,19.47047453431029
472.8587460471982,301.0574371835932,47.42377282432943,19.3265282957083
478.1812134630216,301.06141003069604,47.38493044568564,19.409041747108176
481.31615205109017,301.29824266884077,47.93404922215467,19.262472635045242
484.9311013103957,302.17988729201073,48.553000476950615,19.021080466265797
489.02793360332566,301.5295223585826,48.593784324013114,19.010751931060565
492.9150431114124,301.80289930532774,48.94710875724153,19.07000239490824
497.13862898845167,301.63023597784434,49.2303618841444,19.12484110479524
501.23696844891543,301.620178085319,49.53321757015042,19.18764718929723
504.9356067918467,302.2622281850603,49.48890814655598,19.174462259666328
508.1873439641754,302.0124707738184,49.240703806171055,19.26481214679968
512.0681822377005,301.8155636083344,49.09897230840667,19.443292837192274
516.4017195864171,301.950473752255,49.41004416401301,19.515072609814034
520.3451568686144,302.63884538199034,49.2860570774933,19.52360876738139
524.0669526482749,303.0086488324982,49.52078020399371,19.64694402554155
528.3885859003882,302.9178333337217,49.496219449278996,19.88599361164337
531.1442600843523,302.4321197770394,49.09793155574661,20.071616632123867
536.5067266498032,302.8404753478959,49.030455776529166,20.13284662200269
538.612764805515,303.29564768802766,48.990413728716376,20.135543771802123
541.5490478309512,302.96361382417246,48.930464502947984,20.313094964230316
544.8246638944204,303.1992705387992,48.68681046286237,20.537352957553722
547.7938211550262,303.7372138458385,48.6378167920232,20.65788033731062
551.062151604321,303.7673136933624,48.66557707034386,20.887213244096145
553.2922350154134,304.8697054360374,48.433201080678586,21.14219113989539
555.336744370482,304.5598159974409,48.24245059335032,21.389710787666807
557.2331629527561,304.68395544083296,47.95314369270292,21.568918022537204
559.1363960966004,305.0734787744184,47.62715497650166,21.844043036770437
562.3326563607168,305.95181263713596,47.588159610012205,22.315848974665435
563.4395662033485,305.8349815269603,47.24220846741992,22.54928299969651
564.8802059547331,306.13372623573775,46.961622190511164,22.609278053939576
566.2736793694345,306.4328167434779,46.7112163462158,22.72545566625545
567.8940813054761,307.134349548795,46.48985169456105,22.891002988780038
568.9942895284848,307.8632544662929,45.89353213803963,22.997448510572895
570.6298128036601,308.25947423526577,45.52421016463897,23.317447174531523
571.7914511667022,308.1695634198354,44.97352574469195,23.612190077193215
572.4658127080095,308.7159309769823,44.28497911805205,23.778610117127677
572.7566406619103,308.922126593206,43.68957976311037,23.98199405262232
573.0177539801982,309.5815662861748,42.90749356461455,24.126794457181482
573.8732357344002,310.2065397222543,42.17804999372589,24.322035749733402
574.1711466206598,310.579708595108,41.528943348883345,24.437118635434796
575.0273967255374,311.1100394254634,41.40087514501031,24.65990900872058
574.6964788071318,311.3457689491036,41.09470019862608,24.741901916758593
574.3031846994346,311.3746663047625,40.5211889791678,25.018592706491788
573.2493457824108,311.86105266485276,39.847898385557315,25.3147488717712
572.8293227501332,312.39787157898746,39.21951488468281,25.608846667815115
573.3121653385692,312.4349624223986,38.321709488937884,25.891280256137414
573.115322112085,312.88893760700887,37.68719805734659,26.250998968604762
572.8775894432544,313.4631706912382,37.16943025072467,26.344209011503317
572.6388871948867,314.06805709713365,36.68202127661956,26.653944561528743
571.642017891868,315.39979158739527,36.10774001571355,26.77009575159873
570.1661301254364,316.22805260487115,35.775633169044696,26.861745999819597
568.895470139003,316.38018778067106,35.52651305936157,26.9597819367005
565.0176374126575,317.30252116055965,35.29641591592236,27.186004173047657
562.7645073262497,317.4543034195808,35.454234964775395,27.559998375117186
560.4366665907481,317.9876543894296,35.45740054756446,27.97041206652311
557.985149697921,318.5551841212052,35.561078826321825,28.321595731748552
554.6522016866531,319.39373789959086,36.03313053046757,28.748442013325494
550.4799140962692,320.4498441395022,36.60200752626831,29.01468493396971
547.2142526758486,321.1999992926557,37.360868952772634,29.490001930786228
544.1136401773439,321.88703590514456,37.88337061451581,29.843791659948295
538.5376520299847,322.18068611857444,38.88205997533543,29.973269094206785
535.318234923277,322.9416725892291,39.64345688330024,30.20131808740676
530.0725134378531,323.42295078021243,40.28730940767585,30.52019898323397
525.7812227299745,324.03119608547365,40.985182418892094,30.84636097967563
521.5450072797712,325.2163753013882,41.405928939720894,31.142995689020815
516.1002435258813,325.99257144056907,42.258125820059455,31.29708510583427
512.0252772907095,326.40911247169186,42.814732675473806,31.399287538942474
507.41156634561133,328.1790179695158,43.10402895531854,31.638880468236525
502.77229136852344,329.68545407702356,43.574421942331234,31.807862739686446
496.92966769743026,330.0876408005119,44.15864561050638,32.12143067225689
492.21443713578196,330.2747649485311,44.53521936655447,32.34473896725255
488.60136368719265,331.3638479349537,44.7762197412111,32.62942976396898
484.2591566168064,333.09520308236836,45.150963433680374,32.94154957206019
480.46851757750557,333.48973922364087,45.543928504927266,33.2447031987483
476.81751325777685,334.00025481997807,45.797161948309274,33.47660181278316
473.0637014045258,335.1478960676632,45.99351589467955,33.804828486037735
470.01143599692284,335.9280372287581,46.52783196150284,34.10588501768403
466.1828226219813,337.8735034887421,46.628619311666725,34.45102170013921
464.3998696387388,338.72664056492977,46.972369230330784,34.73010161365894
461.5892962820298,339.6834943307771,47.105804514152695,35.04256080712301
458.7926602905362,340.9138948420749,47.08547004419799,35.46545657903725
456.5210750022454,341.92761028379806,47.177803008627485,35.744872314243295
454.3254898366969,343.0548711122491,47.339998043704114,35.94536464774343
452.469295684986,344.0101833361301,47.420238558124446,36.439481487212745
451.04608979507304,345.2850254764429,47.182556528822516,36.92739009446569
449.4042116377732,345.82678951786096,47.18207522020752,37.333297565180274
449.15248359152065,346.95686269047286,47.02525150228391,37.623669017426515
447.76005596360073,348.3996411496648,46.84349751854555,37.95602358090001
446.6190789137836,349.64606876415814,46.997561508163955,38.31691428926068
444.61403648062446,350.94102973542897,47.813002638596586,38.51403114981957
442.9534722504174,351.1697442609704,49.39646079661965,38.85256049850938
441.2941538728299,352.4844432686137,51.39491522833886,38.88659365082533
438.5341322764358,354.2621078031179,53.13867515696692,39.09949025167781
434.6511065361027,355.3311051711593,54.74764551046634,39.65394723106434
431.6092913795675,355.6784814843324,55.89878261369793,40.01976293739026
429.1487125399289,356.66095770097024,57.19062992348342,40.518260220682556
427.15079853891,357.8670052184692,58.769678884230984,40.98890329908796
421.6948461140643,358.68032840060664,61.63982519662984,41.46112053649765
419.44460898873143,360.28794192696466,64.27799893212081,41.80599237027148
418.04544210535136,361.8122944550125,66.31479163032698,42.043783715008956
416.30115174528055,363.3034492662814,68.46945783211227,42.09273386763291
414.91807293597,364.2395610660815,70.59965630232652,42.04168179017324
412.61542905574197,366.3302732680282,73.09362762029286,42.02110743434501
411.8513864501132,367.96186965975835,75.42417242913805,42.066966641393705
409.8987910448032,369.6743310750592,77.88877261971713,42.12184928030499
408.18022793819125,368.1128635775317,80.54624433007231,42.80576864845264
408.5437956226981,370.5917971426039,82.43409085078338,42.79743784185551
408.0169415427049,371.22784732882354,85.44912560989083,43.38502563221991
407.06951526681996,373.6572312016249,88.27368443712382,43.21868933650735
407.71767712192604,373.1195839007804,90.87055397184582,43.72374415586301
408.29331805569655,374.030239455109,93.89582249264095,44.239173540980204
409.7985852145527,374.82927705427187,96.29312127429384,44.49221428465576
413.4709321652626,376.0751217307163,98.47863405317199,44.73425953946341
414.84417700850474,376.8967557250885,101.12287284035094,44.94957106712994
417.4412316910327,377.575598532519,103.13103732096766,45.157603507040285
419.9124512145863,378.30222221814927,105.05742800103324,45.10771590655464
423.33163133552046,378.8693159985414,106.73973102057855,45.19390972489788
426.8523868291545,380.1385063681443,108.8257901855932,44.95885487718684
430.56836805128944,380.1571767998105,110.12569362419684,44.624385962335055
431.9832194193161,381.3261924155949,111.7072009482632,44.79072375122822
436.07473463801523,381.61887479785725,113.27736913452216,44.774338011590615
437.8968957796822,381.91479981581665,114.78179524901529,44.72281039865308
440.98911831326495,382.01745907744464,116.19623333385789,44.850767282949825
443.57716251864235,382.5221490142783,117.44129083908814,45.32065500648103
445.1249987084706,383.13761013432554,119.73065778896041,45.28992593311938
447.7789502614208,382.99207787197884,121.34737340406846,45.47268818495648
452.2698602660672,382.5448446037069,122.3244633831789,45.766222421409594
455.6112498837245,382.3459187347336,124.17346057608698,46.30459850201236
459.56081020111344,381.8332255342409,125.20457389669237,46.753498136659346
464.3438049112979,381.7555978736075,125.99196467957051,47.1941348942741
468.267432773874,381.38797500224655,126.71698697718439,47.33245674926644
472.70953765941084,380.50793923956815,126.91452330749021,47.588755062190316
479.75225476176627,380.65769555498844,127.66516393188084,48.28335855884073
483.0395781059489,380.567722753437,128.97595997728024,48.36188945911094
485.31358024143066,379.5835336820333,130.7788310839718,48.304562025975315
488.2749948373317,378.9484172641519,133.6517401123846,48.68945566124144
491.6052900584367,378.27696557698914,136.23767161994257,49.09075221593727
498.38819783711784,378.44680807888363,137.7944652010691,49.433851829095445
501.9411202267405,377.9545553912988,139.23345265143797,50.058590661353655
506.1364808274176,377.9114215559991,140.24737736988374,50.7204871490345
510.6326423974075,377.1684969363637,141.61337828080713,51.319034585670096
514.4993252376603,377.8708427224102,143.62829312550906,51.58078147392713
522.249722907474,375.81776184051586,145.58596526940218,51.97655815356364
524.359553794073,376.9597314124471,147.15473609431817,52.17649118491771
530.406628596523,375.68182901752226,148.47165063736745,52.7710637894037
533.2103386056924,375.7874637370011,150.0256757598673,53.02137465673762
539.6031288259417,375.11931736739297,150.91899317703476,53.24006683576553
542.6520851408055,374.20983616184884,152.51787267300887,53.3865672603121
546.6001502902692,374.065110969858,153.64700806774607,53.377470346577624
549.1217385500156,372.9367009153036,154.54770829157002,53.187054156171605
551.7906158190981,372.5193746581194,155.24604651158367,53.17087081076457
554.9172903496867,371.70068951608795,156.11525795150513,52.91538151669472
557.760649005872,369.89294656721444,156.56760065958125,52.72691305157257
559.8452486582878,370.7034733013874,157.4974614133434,52.44641870817313
562.8647476626289,370.51872400306326,157.8057973127423,52.18208848602346
565.1596160902011,369.53614917876155,157.60708647764784,52.12330138612221
567.9939534316078,369.09793618240064,157.68764694803286,51.84935082054011
570.1661133155933,368.83023788899567,158.13332141986888,51.54262401810602
575.2889067593522,366.91503643351047,157.67583954333736,51.52655490415886
574.7182516763123,368.9141481626765,157.35322816248106,51.22862069524698
576.4165479562065,367.4696857471249,157.2255948865216,51.49330369743164
578.8733180327407,367.4435433309816,157.26325855654267,51.79943282069007
579.4844267811568,367.47374927477455,157.1840997173568,51.861457866323555
581.6534792441018,366.6027747349417,157.07544597097112,52.111584226415275
581.4564543603755,368.08872029933656,158.04035207120268,51.66227324441516
588.2075611302104,367.37216060304985,157.44352259525357,52.050087265704036
589.2898829554781,369.20687857561785,154.31103845199277,53.1039260283623
591.3911092926469,366.88670723900924,153.75423783339568,53.59316520502797
593.2356950178976,366.53663477106403,154.3709903216453,53.76707926924101
594.229718958813,367.03665758456543,155.32559776475046,54.00394195885038
596.0494424056851,365.3258349698876,156.2784508092081,54.63308001657524
596.408168178891,364.5116335087745,156.17998426006886,55.35253910688085
596.383019492199,364.73816281867454,157.07558332117034,55.214828754636
596.6754974426198,364.3826942443522,157.5694612387645,55.66335430888974
596.6905547973105,365.681388066994,157.59754076435027,55.477165279634
596.5808510328802,367.0185864821112,157.8286237255352,55.229518632505126
597.6005058811496,367.20649377330534,156.66509574391264,55.08823531859427
597.0875496395646,368.1227077374022,155.0099517276014,55.09560321826608
594.9637764125248,367.13970568222436,154.2812933095497,55.73185333368009
594.0506840670859,367.58369971619146,153.65252099206583,55.98039900292852
591.5433027513033,368.51882979861887,153.47781762402775,55.942668144485424
590.632084642248,370.1699329257264,153.40035865094566,55.971253602077574
587.7125228409849,372.50333620825376,153.0661376413503,55.83179793958024
582.7289597584635,371.36714178840634,153.8472400942348,56.79616547228355
580.404247673962,371.6850227087664,153.90513107918633,57.720821879740036
577.4113501397744,372.6854097177003,154.2779767762235,58.453634888468315
573.4152129088333,375.3693341965872,155.9165091154557,58.45919186407457
569.0976229320501,377.54019115100175,157.23843614314933,58.41304880561776
564.6376753447998,378.1636021764204,157.1090807149276,59.45300830423423
559.7971119284323,378.11476372389495,157.22807948064613,60.9752602996934
557.270165047241,378.65804029081033,158.282293677599,62.097970729018854
553.1978228767241,379.4777396566494,159.58697977339364,63.07965740269036
546.5643858905553,381.0751600530144,161.91503958252326,63.75434657250014
543.9289211546825,383.7459990189903,162.88628309922117,64.29726212733424
542.8082894533505,385.26598030655805,163.50818927360598,64.74309624218583
539.4416528246069,387.94615916566056,164.61929351330159,64.63460391094368
537.886316959454,390.35960610423933,165.44727519538947,65.07193551672682
532.2946671093526,393.71396377377675,167.96117181942034,65.24013229465643
531.9371742681157,395.72764247539214,168.03694775457984,65.58268608527331
530.1228361660707,396.30822049365884,168.62009673889747,66.43006304968593
526.2078565825962,397.6922168022588,169.77056104805854,67.08718458730169
523.1452048597707,399.24181590728875,171.04738999114585,67.81984310484191
520.4054642511071,401.20672303464727,172.24636793546273,68.22319831042144
516.4797880232619,403.63499539197323,173.83588624656096,68.80239120563287
515.959822028047,405.3454759360663,175.64037118784984,69.46559187586952
512.1032091705749,407.00558109026576,177.72321579546355,70.54122221230708
510.3907844559676,409.1614250130275,179.57144416907522,71.5162641794056
505.82422551344405,411.7968009339663,181.56858097120613,72.32167372211057
503.3307758314968,414.3478615219574,182.8873957136712,73.10116723118703
502.4564249622618,417.09720594499066,184.0852197618259,73.51489770427328
497.66424239248795,418.4212358576481,185.447578103583,74.52726401878991
491.65831166762354,420.12676155057363,187.4665024652992,75.44878461627624
486.67180059968564,423.18716465509516,189.28098578281566,75.85063675531676
483.26010390546196,424.838796499337,190.4322361887801,76.34019971935994
476.62836302611936,426.01797051155484,192.44634641883977,76.47895967755969
471.50222497576044,427.7439043453547,194.05949001986278,76.16283920425015
464.86396620531406,429.7733685916666,195.34383818056753,76.29058387599405
453.95847390403657,431.4856651546061,197.13064141715574,76.50607406310327
445.9906627384625,431.7453609596384,197.96007115949772,76.6711615108276
436.18546440850713,431.9075000929077,199.8450649873772,76.57616274751524
425.14205023823877,433.42432601132725,201.05951593228409,76.51397172992046
413.32761677050996,433.12993207007435,202.84422850983154,76.56826831184345
399.3124366074091,434.7404572958383,204.59080015500297,76.02048594007316
387.8716065011359,435.1783378048211,205.81551227794978,76.20468409531006
378.3270718004359,435.60043352434695,206.62746681118568,76.49872464897997
365.3835005625864,435.9093331178836,208.33790488014643,77.0950772019809
351.8349330805747,438.0143756904946,210.6904757877734,76.70978348818588
336.07183391329704,439.41660976559643,212.7533982129048,76.25868171295163
325.34852837079643,439.77379632777655,214.73108763652908,75.96771378883439
312.08808052574136,442.06023173239095,216.3602558791295,76.12589537828725
300.46467773721605,442.35935458423177,217.63505561206387,76.56458536167081
289.07951043017204,442.86625445102607,218.72995992830033,76.85233887744127
277.90140063689336,443.8816806379002,220.09266640755789,77.21436122140543
268.4220715371979,446.1159161031956,221.71164870362844,76.75770536192051
260.91556620435955,446.6638617712824,222.68830816538673,76.33261453281557
257.8822997085988,446.5014120769672,223.33828050703647,76.41608603794026
253.48840532404714,446.78132179915673,224.37199088792562,76.61438027583118
254.19470515357474,443.68376638461143,223.53030537815476,77.44958347781605
256.25909313321597,443.118492250084,223.9764701003299,78.03549704704945
258.330038446764,441.7792235819938,224.62488318035668,78.02502876990283
257.9269001140465,439.08355783167764,224.1071656860932,78.80299318984667
262.8060840371454,438.74885871471093,226.25103763939472,79.3175501795594
263.7200426661557,437.0702810536457,224.82066378190024,80.1229112111472
266.06010997163264,436.44571412924034,224.22708798976353,81.12173818544434
268.2059059092378,435.4872193073919,223.59132244473818,81.8602666351028
269.18065851183223,432.9149820422163,222.906125930574,82.60397526961049
273.5470119056276,432.3174316113195,223.35969462516107,83.06182854515387
272.89886111055273,430.22304799992537,222.46937335726335,83.59349580570762
272.17454458041027,427.536476191936,223.48628732303342,84.06573524306688
274.3687642672114,425.1856709628466,222.29115248815782,85.03670123675298
273.65071049752896,424.4718312132777,220.6742295366476,85.53173601104484
272.12556783281815,421.54456884800857,219.7848857881578,85.84276174866324
268.698551636272,420.23229590287417,218.78565051157244,85.979395699311
265.1040315985665,417.8045600740472,217.71463313764247,85.8122223603219
261.9706894187086,416.9343968611256,216.7467283974743,85.63314404106308
255.26098560037872,415.43411824065737,215.84871602833576,85.44951744601634
250.10590693775782,412.0921691987946,215.11947229919522,85.72866518260446
242.3288881428093,409.3551051489628,214.32253294512253,85.56994740366693
238.13299736555712,408.64226480877477,213.68993953777388,85.28619238267281
231.9481822055302,408.04819003695815,213.01035263370662,84.72406738731215
226.66106101645812,405.2401145814146,212.21252469935075,84.92849230047443
220.84121796478053,404.12232885268816,212.02948932138273,84.32023651030778
213.94825524906943,402.4295398383555,211.52385267242158,83.60930508233855
207.65162226236998,400.43076966809593,210.8101070415114,82.7723637067016
202.0547453811881,399.3555405214301,210.52648863438054,81.70338821554844
197.00521658553512,397.877732509163,209.9990403739409,81.12040880207907
190.13379794500932,398.4060781584579,209.70863256832257,80.11272471436982
185.86446678577394,397.1472880864925,208.70286796876354,79.40372996053449
181.7914716579053,395.3776164527208,207.881712304701,78.86256738014697
178.93674593384168,396.773637260104,205.85166990593498,77.82666540142037
176.38981014756817,394.1922343084386,204.7232066167266,77.21708761487082
168.92894151041804,395.0582903338021,204.34788197086084,76.00738655295135
165.98628483151097,392.2444461321883,203.91892960067815,74.97108064389266
162.0766483605317,393.5257081844146,203.29970595297604,73.3061136788367
157.29900747885114,393.2198757467022,203.0652061459026,71.87845427066162
152.08300400275408,394.1611764670909,204.09432003169047,70.50260567850944
149.6853192717136,394.72165671093484,203.0511031633576,70.40633033524601
143.82377470114824,396.18972227916004,201.2388586710655,71.35841688640247
141.22410605207696,395.3456082793335,199.67994954739407,72.1561067896276
135.98925641904242,395.76091929764345,199.80349841520876,73.53647899662957
131.1474770201573,395.5293667108704,200.4715085069243,74.43015396792984
128.53623889493096,396.524291461828,201.37807680220732,74.22970742774564
120.29931047253689,397.72612597464826,202.87238996108238,74.73759011604868
116.82648553935883,397.7588655151204,203.19600289353957,75.44486242603824
108.47177473660605,398.9639551810682,204.5643762583835,75.4924543954123
106.38265603615221,400.05586583752415,203.11964927711955,75.87157797156893
102.19127424189384,401.6909384995487,201.751546929357,76.43772992115582
94.97428039643584,403.7475750796507,201.52867903708207,77.39032132394009
90.86678946029059,405.13497213359756,201.7388896767676,77.80534655198382
84.83645163996512,407.99841997312234,202.62930870273348,78.53822107557099
80.95264055860139,411.5765002412165,204.21268146436842,79.06834460462925
76.61443789552698,414.6643902420766,205.41148240132657,79.70950204950333
70.12365210416704,419.445059028273,207.32306764066266,80.53957816577005
66.85784316117447,422.77061156834577,209.07960913733504,81.14346795485673
61.04471061510199,427.51403536119284,210.56995084385989,81.61940895101077
64.6171212721713,430.99784421769914,212.05905878234577,82.40172638814468
58.25696781484183,436.1556897332897,212.75144974241488,82.3428360085138
56.62807258642451,441.4065383794376,214.08830278031184,82.10409533548071
53.539770300304426,445.84019489788625,214.5660056992622,82.02188800384467
58.539441921486,449.30817436054826,215.6563631557516,82.28876273101696
56.08625895099367,454.0922599847033,215.9817778828996,82.12204259354678
61.46678901094869,457.0136593499045,216.9177831163831,81.94408217720064
66.82250604026964,463.58158230378564,217.1883999534321,81.96741118856687
66.01292149031357,467.82263004285716,217.06879833000136,81.70695152890525
73.24731093387598,469.4448859318112,217.25358484967586,81.83399627145924
78.45504996278295,472.9564139753989,217.0723244355997,81.88398877589756
85.2519803985559,476.80625718028676,217.03937283529405,81.91624740396365
92.73032280133128,480.0493167107409,217.45490139339074,81.79437852616083
96.70542904768679,483.7368220668153,217.53462092277445,81.40945961470175
105.20005295463942,484.519105017238,217.18140712071002,81.41104747858105
110.268991943108,486.5071106263513,216.9400392679794,81.10456212209462
114.85746075361992,487.4070111629708,216.40385253196533,80.99850499302376
122.5370858211545,489.0481090361777,214.93494129460123,81.00830834824859
130.73385518296794,490.12230783210134,214.06172537065694,80.75280991201811
136.12327823902797,491.5252494582646,213.82553615703546,80.12691790496132
139.8602413319184,490.4666107817519,212.5271747371848,79.52889517482635
145.50967303628767,491.89891028516047,211.6959960742348,79.00926162592552
150.7701628917304,489.6925841517484,210.64954276868383,78.74540641975769
157.78764505004256,489.7474872158966,209.55202123160052,78.50840614017896
159.70549953023783,487.36227049471233,208.379589658829,78.29250478182732
164.19564625722464,487.5472539162855,207.47016374330752,78.22712041529688
167.74096359769007,486.57232644850507,206.3882218037707,77.26792655515774
173.94651222970288,485.12941638059397,206.16133817805076,76.50250491165248
171.60839079701861,485.6724435698386,206.48851860063974,76.39979371715759
171.11962701864695,484.31583353940977,204.30752069046414,76.43968204049695
170.82658024065205,483.0869117575259,202.6688234349152,76.44298058320744
169.3828035902637,483.84458015608783,202.1194987697648,76.09405768932004
168.79958604008328,482.2174133396187,200.93597711925585,75.81480362809026
166.13987714603883,481.9785321122925,199.69769761120224,75.81184907939708
167.8405401290436,477.6143185111216,198.9259461824699,76.44418119659484
164.72634719876964,477.4541046362504,198.2640336764712,76.57307736267046
166.11215224294514,474.1559207385154,197.33772736200018,76.89948761572094
164.3292421981543,468.92842432571024,196.318222210493,76.32711761784499
161.95443595103288,467.26234892717684,194.68733200393018,75.77604845756017
165.47894241948563,463.80267772967284,193.6018996753926,75.40404144155741
158.97103414402545,462.4408018306132,191.6942113969062,74.24740927132333
161.9227372965295,459.2152675996119,191.04347442630973,74.09774779100427
159.04424096835257,457.185077054994,190.18746955077273,72.58807911751424
161.03535735165735,455.51929558639335,189.86203872317375,72.30667003361259
158.3255938428767,454.5326080778077,188.78547437492085,71.29003979603844
162.29274619418325,452.4955704884134,187.97539958029728,71.37435362228794
159.39352678176758,453.24823773944854,186.71243226956955,70.06292751360074
159.21991917594815,451.41887733887984,185.37403873658712,69.1562167198895
161.59682873892885,451.22886848626894,182.91722860186718,68.75212250809241
161.00654384262228,449.58197017454904,181.5410519116312,68.55058045317217
165.79930268170557,448.3980113475249,181.25674749792995,67.96156055572203
168.61513528836448,445.68088668015884,180.50812700430816,68.25523018998422
173.37661386395195,443.02207762898604,180.03274866477872,68.86338994119453
175.5869655055304,441.4199163380762,180.24243793304396,69.49898836758831
176.10844504998084,440.28413689627996,178.30867795083634,70.68284354634673
179.8335514514967,439.26955075455123,177.24433178980289,72.39347936940459
182.44262915432836,439.68438920403975,175.90271513764912,73.91790603564355
181.93051625546465,439.57879109751764,174.08227207017268,74.62915815784453
189.32702744978582,440.01771659626706,173.32780196577107,75.5485539741198
192.2945444862955,441.38499826492256,172.9148716792202,75.30544356916663
194.25797890039726,443.41279531573815,172.61408622504013,75.21591439749758
192.05004858590746,445.24707769855695,172.75052409400996,74.88742154844019
199.90434800175754,446.28669336714034,171.3679512251394,74.9101854409945
202.06683631563664,447.5144313459682,170.2159997286068,75.32676072235246
204.80494841029372,448.02970786219396,169.221435905351,75.9068509575325
207.26364513196006,450.14659575438264,168.37214243760425,76.07837579037316
208.9449519954109,449.64568753970804,167.09128267989507,77.07314031503654
211.94335977247454,450.242393173867,166.25759121024043,77.76063932408522
213.0037036787175,450.8250968484859,165.31527005882631,78.68092414212958
215.61600644444718,450.63468927828455,164.50620188469728,79.50071309678127
217.6379938590153,451.9421787314801,163.87991900159068,80.44858180467855
219.9747658941227,451.54320719059604,163.44877986912005,81.34904427941382
221.98746643302076,453.6011761524456,163.1592436690247,82.31615183835024
223.3120871257995,453.06413061428685,162.85602655829328,83.07705907057819
225.9007937983065,454.8575788124331,162.97304489968062,83.59474832186882
227.39560172325224,454.909482740175,163.01803646022003,83.97590528414734
228.7202417390995,457.50740120100755,163.00314678268205,84.3767127640325
230.52056808421506,457.6379884914024,163.2372361616953,84.72712451556403
231.38678054738992,458.72238808275955,163.61863011924146,85.08746389791317
232.41355275324764,458.83591028293347,164.24164420209388,85.25759528644471
233.96591507710292,458.6470236264923,164.36238747468667,85.33276776853373
234.652703645168,458.4496807422162,164.99873641926024,84.97734982500407
236.45884342971783,457.16090465569647,165.59466398059274,84.45458857297933
236.2833451928606,456.0210364310356,165.9821236031991,83.95157536943853
238.3710721983507,455.7625363813392,166.81760919030236,83.13446365910083
239.02633393646,453.5284371841004,166.7747369143783,82.52032562779705
241.4646471866244,452.3500362204772,167.07697727730022,81.66684880557762
245.14614418799815,447.2682208014131,167.72719643220654,80.98440744674531
248.21440017710262,441.3344898332243,167.90268711284156,80.56175974872347
250.6130367966445,437.36666439790883,168.157340963449,79.72227367172258
254.98420220166938,431.31116245302866,168.70650166188312,78.83881840926126
258.49118773942786,426.26711954588325,169.57100720608665,77.85440590201893
264.1505172183392,419.63223908270794,169.8508732955662,77.3974784433598
266.91731194624094,413.6113441205485,170.6188490100508,76.72270228186326
271.22420442878627,408.4645692744877,171.73671153641516,75.67148440348917
273.93584378739655,401.9536848358748,171.76259196454987,75.03523326118372
278.0781044798541,395.8968977088918,171.5542968140707,74.41396330738611
282.2996482747228,389.4747240126419,171.97003967629877,73.75143184704164
283.5493583060891,383.97141446838657,172.622654134669,73.04254438190245
286.06882568616584,379.8298021211615,172.21576607403955,72.44624866009286
289.093204922277,375.8164872346926,172.3443490629988,71.86129949168541
289.48374805663695,373.1062297192465,172.6055500247706,71.31695646746273
291.55534111616487,369.52420478661674,172.5421502063739,70.81021518358295
292.52654572959915,367.90707771438656,172.82531237347197,70.28228303920967
292.61963547890025,365.7101402906371,173.5583469447131,69.72465937825518
293.97458529914854,363.5478054256927,173.80128143355006,69.58518535509236
293.5190851746811,362.8167981681778,174.45854473947833,69.26851334668464
294.47045220519436,360.6304715419208,173.90433763310273,68.96483412544366
296.04667605949317,358.7462285770003,173.57940552661694,68.72639304188749
297.24445961858106,357.87967509510014,173.05020956322633,68.43790405079281
297.96531845988443,356.28099175799156,172.67124412747626,68.2022532327156
299.32063922240513,354.2768571866675,171.77419074482984,68.15669127489993
300.24187984328387,351.9755649488887,170.64141813411112,67.90786917620824
301.1346259243596,349.9813386168523,169.9551811761603,67.78173262595604
302.3979377289661,347.8673711973943,169.0687915604776,67.6545496670206
303.01068017782643,346.15105096137637,168.6509541890212,67.20192526555176
304.181229413219,344.1557679044802,167.8317109533358,67.24903663691242
303.3980495117323,342.15145886832846,167.5636152661968,67.06641296803545
304.2589237047164,339.88915437316393,166.7073589261081,67.1289023790494
304.61910954413236,338.21256277947396,166.5823105714796,67.15208945742046
305.24749138608917,336.81484196728434,165.52417899375098,67.29011736071521
305.6461754232289,335.97434781961135,164.2221217028578,67.27415045205107
306.07722202374396,333.92396909753154,163.001596536715,67.59269110887243
306.3413386961703,332.7271747326823,161.80335506894127,68.13063477803175
306.6066427121459,332.0777205452862,160.94683864432233,68.93270172215993
307.56668761454733,330.47527280456393,160.71918303122325,69.32927191292453
305.93862662935015,331.3840547111448,159.36146203744522,71.07400949708628
305.09150473921926,331.1491570982259,157.36041715956492,73.64435012926573
305.0846080229505,329.94520118874465,155.48657655317734,75.45739835464981
304.8105178344403,327.99285821451303,153.8849361256017,77.15747800848115
304.2889846039493,326.9600555935865,153.1399656441017,77.04258989553686
303.6545626997048,326.8466400866577,152.26888158851597,77.21294695388232
301.08939291691496,328.4601823244968,151.922810288312,78.35794614214461
300.53428305406845,328.4662722238696,152.1437271642354,79.3556642907104
297.8827227997679,327.7675334907004,152.30392813243122,79.82469564298557
298.0295988628691,327.9719873892584,152.06764760565875,80.62234023215346
294.2852811447635,329.5889154212716,150.93530468646225,82.00501887805743
292.4474710268402,330.7197266258494,150.84749265798072,82.48762626245053
288.4096080071401,331.8199537420086,150.50561234362124,83.34864730707915
287.9395488077029,332.6506746697541,150.87219810156162,83.76080335960808
283.42699491787005,334.2218018649271,149.9386600606097,85.49906072997369
279.9089160505653,337.18946521457684,149.7353673405072,86.45632741446329
275.514863783291,339.2454729369837,149.60871986852507,87.36234595097287
273.632036872483,339.6162823251665,148.71388270045594,88.74813401016328
268.901653316683,342.6458804286831,149.0625329983963,89.41713251672266
266.6080763175794,345.1115761139839,148.7777316018587,90.06814575961582
263.1693832899884,346.6367501078721,148.60883012041964,91.16952926292831
259.664826604337,350.3909374874102,148.05897923925045,92.43194555762409
256.47218174321506,353.1210036580706,147.92550971085342,93.71399261007164
252.84600529026613,356.188496279842,147.78756425020467,94.77123377644088
250.153933656829,358.24636073070735,147.7316836180006,95.7337352557222
245.7554453897129,361.48803296690846,148.12105688837784,96.26343084908532
240.4637185384981,365.0112970389764,148.66644086577077,96.6886200625849
236.4823156814765,369.0837445386165,149.6585334412337,96.96648984144203
232.57221459287632,370.63594378144865,150.9257914350844,97.42245488689042
228.23539709285427,374.977995669141,152.38526027073033,97.58336472997485
223.74332279996037,377.0663953369408,153.80189777482258,97.84718200204128
218.39058816230818,381.5711010229872,155.53427973933591,97.73702733618633
214.23034005496584,383.88817656456825,157.01338152958215,97.00850970257866
210.3923916771832,385.66714228342397,158.9120098754184,96.32771115747583
206.1710627756787,389.26230981219317,161.3355460315463,95.16131046425625
203.88301757573322,392.1461761397132,164.92190202019762,93.94710039603878
198.06561343344896,395.90591961173624,166.50004011586236,92.7037722616545
195.721726825387,398.1170611252883,167.78782873382647,91.60284529267113
192.84868176907037,400.76372627147805,168.9796066173033,90.33292198271349
190.97509204498942,401.9254700479187,170.2817808870136,89.46080574197364
187.7748622026499,404.48302959696446,171.36173113794632,88.4366395171121
185.27341400594827,404.1660492980464,172.4005946429371,87.13342209923928
181.46417935663575,405.7623952133825,173.10782813223597,86.41527431687648
181.46545674384583,406.0106237636153,173.770201972909,86.2037180009034
179.4186785621103,405.4620754889779,174.32941485531626,85.73934916760203
179.70337051812965,409.1317697017187,175.7158612788946,84.085273966913
177.05270869953907,408.32584948013664,176.63377970748815,82.15066093412493
178.78051595043686,410.3187748525304,178.45285726425578,80.13577330979791
177.0667126705897,409.22758973134864,178.7586271616576,79.04951066336758
178.1048711118529,409.5099202190865,179.8085975010398,77.86844420083129
177.99446529663766,409.20372776244034,180.58739610618647,77.0692803804124
179.77932539592103,407.2741210683861,181.93095877886606,76.45944717580844
180.98549642395088,408.8831174540552,182.78873996613828,75.4134524284571
181.72445899539537,406.9514828154066,183.03032776270246,74.98564695294657
182.21011081686322,406.6983844226698,183.20846965351916,74.76745442376878
184.82028684984084,404.2604303349637,183.63451136350386,74.56456192092776
186.20925014126362,403.61503313711785,184.63799475952487,73.78021631722982
187.53726358964644,402.3733344618451,185.3675457798582,73.1634089615833
189.5228930417097,401.5303756514166,185.73987475109794,72.94309839774033
191.7164783780199,398.6676320103353,185.45386365107885,73.14928760327331
193.58214217863707,396.8923281833872,185.15517898655102,73.12874590795681
195.53893360283845,392.44537547542666,184.40759602752206,73.18892539461763
198.11047848752145,390.7918887823158,184.22429648795344,73.11035829545716
200.49624085657635,386.54213306915926,183.72643622433094,73.21282935464382
203.9750364387091,384.61412006738965,183.63654325266185,73.47789938551159
207.82720401334117,380.2766632356307,183.44189600394094,74.30278548784176
210.7470892132539,375.51418644321507,182.7930707525835,74.71735127054899
213.58634036270539,371.6593314008747,182.00551531876232,75.05839422952786
214.786939163949,368.03494816827697,181.45125668397986,75.0144947363188
216.60683725374966,363.53280850848716,180.43605280860828,75.01363947337887
219.01794045090836,360.5340435820864,179.25761114855908,74.95174826371095
217.64271953813224,355.47827424846975,177.47267070329832,73.82559123697447
224.42640999477956,353.0071174707555,175.30725397762575,72.65352490959049
221.3032917394531,349.81617202070055,174.4582489416478,71.11425940329778
227.4019871919129,346.0438188063973,172.17342326805147,70.43700862517814
225.70715058430477,343.2840422630164,171.61588378719227,69.14836802831573
227.6433821915932,339.47182604583526,170.83423969302254,68.22632600589091
231.59802247589664,336.5281693005117,169.60555023083043,67.51258721229726
236.1416118293402,333.3590310184091,168.79365915211713,67.29070457011206
238.31915839517762,330.13987420658145,167.62072973580484,67.2171191993216
238.88816918237202,327.3277705490535,165.46020180517672,67.40520791162479
243.9536578969669,323.8440871629145,164.2270391266584,67.27908932852563
243.5055720069129,321.9749036827501,163.2550739047751,67.74214458040409
245.79418721140902,319.134949549361,162.0474340166416,67.7945732939596
248.22116545185736,316.1901210411981,160.82463970234042,67.87196300681862
250.537650742234,313.86724524693193,160.03076829036456,68.00468931153753
252.82221918370206,311.22649410034273,158.22231804339953,68.42727007685336
255.2469380379951,309.42792724859174,157.4449285220693,68.64526936377509
257.2167561680792,307.48428528956026,156.69148906594774,68.93055566793126
259.5191849694646,306.3959516825274,156.6212922793695,69.6860390574577
259.76698479504944,305.48434811507144,155.09401895838477,71.08282440105458
261.1849240978364,304.4894229021243,153.2449964557543,73.6245700281551
262.93011518549037,303.79056639574264,151.9035183656057,75.7861001724377
262.886974679954,299.8121265733038,152.50527995462411,77.03349571697368
263.8590584848929,298.00628681296996,152.84317654419397,77.28146745680323
263.97978069650975,296.40428269438786,151.94932834908295,77.23911539199607
268.0741317597132,293.9947819515437,150.20717516142722,77.90111872018309
270.56368579992716,292.24858293984585,149.46131150009722,78.99104615489483
271.14990081006783,292.43230798781514,149.666057764606,79.6745535002862
275.68432958485965,292.9707519121309,148.89088994280556,79.24196384749364
276.77144151411994,291.65646918236854,147.84896383857273,79.98736311305619
280.1472919681803,291.943471817459,146.6612950082412,80.18239258618432
284.15766706188714,292.1917383419421,145.2907656917993,80.61348680267142
286.92235639931823,292.9212366914385,144.07200160281354,81.32061277862064
290.34813936929345,292.87065062274314,142.7338743644928,81.94646553048274
292.65375356616505,293.20839667547637,141.82420169966184,82.86947927962302
295.47442932049717,292.8236361574922,140.7925508707767,83.5089614432301
298.0022728048809,293.47075005021037,139.46572499553042,83.85789686198687
299.84056364901596,295.1584994019691,138.0238072705781,84.39041436330339
302.4240389245182,295.7332757155662,136.18652929457065,84.98119243221515
303.3775759780788,296.4023330078452,134.6587992037629,85.62903678148751
304.0613670387899,297.494340949872,133.44195144732714,86.19697354559666
304.86515118069036,298.41860786293466,132.09065735705155,87.0060644409985
305.7230836957792,299.5691134440159,130.26121129531293,87.78354353609922
305.83018193593443,301.13846728444616,128.44302008786775,88.81039085554377
305.44839171451906,302.1713569139261,126.6503695088175,90.02103481244997
304.71983739287447,304.22676199046555,124.67382694322906,90.70513985865095
302.9684921571378,305.280250359707,123.15702383483787,91.66257571400962
301.3076364562513,306.475641418997,121.19411304422809,92.85614322769277
300.28390284463717,308.17012679580523,119.24964549115026,93.80564388673494
298.3199233422621,308.93188381260865,117.6565058821614,94.85918363845221
293.5141566476153,312.5087255586826,115.85843329153542,96.33344032422178
290.83085866265003,313.0763147712909,114.1123283222876,97.65062181378484
288.83701798303605,315.3216061202943,112.24094367199399,99.3106128462468
283.7273905227469,315.74963772070885,110.58656520786776,100.51047024630886
279.7945363864648,316.74215430149326,108.94043456746806,102.27814623505438
275.4220528222464,319.46841198619245,107.53439690464504,104.06255932863813
270.22770968115884,320.62547500507054,106.58966052599264,105.68510645524961
266.8409770685563,322.50921850403887,105.34754557389053,107.14099000937597
262.56162140052356,323.8941908463198,104.51491283952146,108.49327108622762
259.49559566659804,325.93636677441515,103.88992476040593,109.50259865813754
255.7758018207926,327.763273787392,103.89366850746725,110.38542146156013
253.20108131095168,329.54994920687386,103.85540496400827,111.1647613193127
251.17080092647637,331.2652396852306,104.48998278084096,111.66374817647247
251.4199114148945,332.785972242317,105.36321401633839,112.0155988543835
251.4407188868397,333.8595354683934,105.77150726937404,112.37270862354413
254.55061034728334,334.95644934738607,106.36868802112477,112.31845801590359
257.3412485935029,334.05264007688515,106.83683093176177,112.60573325322505
261.5404039744882,333.9047120845395,107.27893135600952,113.05881334172471
265.61381688788214,334.816345053818,107.77420681706334,112.9310848510971
271.4702895284027,334.2010575604949,108.26038396491626,112.47124505140445
283.49359037258455,334.4453193609798,108.47052093927229,112.27168175827127
293.38109626896335,332.5984263386289,108.29599017983992,111.51781737038641
303.07472189719425,332.41095132105454,108.47257597476973,111.14100865128171
314.5287886737776,331.5531885474971,108.86800840060684,109.98823423730657
325.39468922572064,330.41931482003116,109.25536508785851,109.00940204517414
340.5742891458702,330.2962113685509,109.89841782629478,107.92331531848836
351.75478439489063,328.56143715900004,110.97525920691596,106.8119907250474
363.17768171525336,327.4758171111771,112.54316848464765,105.78243517021107
371.9054697500519,326.0384434194647,113.0683606187859,104.84917817436337
379.53166543416023,325.8414093009825,113.43787839210975,104.24696937704522
385.69861301012077,325.08575160177236,113.88530667311103,103.28214070007176
387.53907829442863,324.3762990369141,114.77229059042672,102.55328186227429
388.80844947798323,324.21788852018096,115.37269073659269,101.54479040050883
388.0735271270586,323.4142607733518,115.8897495888707,100.75123159935205
385.1800522802566,322.1589578517923,116.74794304544469,100.40008350188884
383.87044791153437,322.5434235037612,118.23569218911624,99.37451837980151
383.4999581196952,321.2816575577058,119.54521174986823,98.12132402603216
382.72983007711,320.0494507235526,121.04104992848602,97.16789983613849
382.87086974515114,318.7208933318661,122.32978102960624,95.72188523260971
382.3397350305796,318.1303666501542,123.41179344679931,94.26083969237746
384.06682692126253,316.30752824986286,124.12295199636603,93.02458757221426
385.59334009934764,314.65559052095676,124.59684238252063,91.9231938840609
387.5488301774971,311.91444060943894,124.8127080628611,91.112770528233
389.91082263727986,311.12350352522617,125.11913963194309,90.41535068268145
393.40017539436076,308.5519766790511,125.71714434193292,89.72802536578479
396.9978383900313,305.4812609007089,126.2036020267393,88.86116424745097
400.830681694938,303.2591810772176,126.32173127767413,88.04947119515377
405.88559929134334,300.74930964007604,126.2203208437746,87.09683104712855
410.18078281598605,299.0284057846995,126.17716544152296,86.50809113901566
415.737650764465,295.58954451569696,125.89333410083938,85.77202030391277
423.01990114887667,292.3138605499847,125.58730386729435,84.86587490297035
429.1050165565574,289.4477683906188,125.57010726213802,84.31906466146037
436.05970380459723,287.3587589929046,125.28802253809201,83.82547882355757
442.03556482740913,284.6806542316003,125.36322081107177,83.1864471810051
447.9410876570412,283.07924275914445,125.17025815199072,82.43265634684869
454.94312928817817,279.6499855471767,124.44809532276119,81.3930308171709
460.23565772098715,277.55823821243183,124.28372899364224,80.85676125402513
464.3095933301983,274.99455682582175,124.42204590083031,80.1306532249382
466.77698630841684,272.6535124037864,124.9558606943627,79.33553202414805
470.4296365768136,271.2746045129126,124.8623902967294,78.61562659160124
473.8666192693235,267.2318359552056,124.88851322195121,77.79272311711038
477.1289152623076,265.1489122272396,125.1754198779509,77.22091350288255
480.00224618065374,262.8435985806716,125.26896561801024,76.60180208370781
483.97785744009343,260.8753780888213,125.06369284430912,75.8879077555187
486.730643530361,259.4618993868281,124.71099417985671,75.42964119862862
491.1907117241504,255.68593576533453,124.3663477901417,74.62045966170854
495.50858702320113,253.6630633764386,123.70707386135177,73.76284073481902
497.55583976989715,251.86055565780052,124.0087242021578,73.09671035147748
500.46878936527554,250.4365935894263,123.8529824439571,72.44442420303912
504.6306014794168,247.44206736674684,123.45016319309164,72.14416476256433
508.9743558081874,244.9334512405695,122.91537975527693,71.72521976119587
511.7599026021677,243.06699542138915,122.84074565141664,71.12425574342865
514.5525314740355,240.91189629155502,122.76097821072051,70.49436573100218
517.5465787315419,238.801429752363,122.73176555071892,69.90729252276515
520.8329808974728,236.2369833097053,122.53563634779371,69.69595351263376
524.1394332422982,233.17554368362818,122.06750371090791,69.33511436955487
528.3591043327652,231.46829479515566,121.60232887692817,68.7335784970553
530.9099402480836,230.0019357467268,121.33545299813483,68.15052925802132
535.1412330205243,226.86264970988015,121.14436994806536,68.02039895820998
538.1356308731181,226.33090737418794,120.95454541902515,67.1863984926086
542.1401006426838,223.1567332489634,120.12216723548443,66.86771688542215
546.4127759653273,220.846132471344,119.23838046348853,66.4418064525934
548.4330367566479,218.42645783212006,118.81096656212193,66.24619307692745
552.5565119818286,217.187953197332,118.09734512177008,65.4812620865701
555.3531336052572,216.00558131956979,117.92829668768759,65.28758399189007
559.99640536656,212.65047409273814,117.18845555003081,65.2600226429411
562.3447539991051,211.846875203664,116.89752572573632,65.01713599707043
566.260368948192,210.20369391469322,116.14457246177895,64.55278379611191
568.3894616568552,208.74092791951432,115.95834606315967,64.48167009745907
571.326487964607,207.26417045127496,115.47875460259394,64.2955776044334
574.2597779096403,205.09253483297618,115.05222626816087,64.19818121178903
576.3187863551519,204.43183933128537,114.21085932907239,63.966093378157396
578.7783986972181,201.95654012277404,113.36510189957873,64.301496520827
580.8920624074311,201.33859560704062,112.36160446381777,64.05136212623796
582.1917006212113,200.64367807672568,111.32970774931565,64.10629871503559
584.0594768837087,198.78319834994466,109.7006210408187,64.63043361796898
586.0766590554151,197.46854845804265,108.71360448144844,64.78203841352223
588.3568991266885,196.5717743218742,107.8258602683907,65.07981182070868
588.6626318664968,194.77463838591896,106.62163285497054,65.43578861434156
588.8416897480719,194.37938465933155,105.3069975476957,64.32830345658499
591.8445118183477,192.19336564467943,104.36953396820999,63.461794160754934
592.105299657918,191.5132400617997,102.77669390289228,62.65433859853282
591.1168741606044,190.7719224060197,101.60189828344468,62.65194087481453
590.5409089751016,188.18276065135137,100.41625035778881,62.58585434615682
590.98328038153,187.73059004012418,98.80021708529914,63.304805275012995
591.81961123181,185.77299978799545,96.82103632341237,63.93532377098492
591.8541654773326,184.15455442604738,94.9929311072847,64.79892228716317
591.1568016616817,184.35152109834806,93.49707474658209,64.7229563872201
590.4932286293772,183.7603794179375,92.28561321383998,65.08277754692276
588.4353903082617,184.1178567693782,91.20824233257247,64.98586555148462
586.3892718043859,184.1327974928825,89.9989065406415,64.71672946592332
585.7683660140199,184.44949735929868,88.71888923152662,64.63233583756026
583.195523843505,184.21886944465032,87.6550017341774,64.47686324183105
581.3208409300039,184.30828992950435,86.78252517684132,64.21175319893469
579.1580203342072,184.8509679861298,85.894700677822,64.13431627799793
576.2328533637655,184.78037381902044,85.13754646334039,64.01308783222169
573.3234595583423,185.11106096336937,84.39009805505226,63.963953142751706
571.3410085970446,185.44874697558487,83.81258149772817,64.1852570030444
569.3139960456668,185.5938753270631,83.27319706221458,64.40859689442158
566.2295279152718,187.1155031989059,83.4327520287542,64.23491760489858
563.4302620000277,188.34636153914602,83.09490442656417,64.55308836223877
560.6139228846563,190.37676809064945,83.31078597304193,64.19157340261877
557.1342756529516,192.96428796395122,83.19719349263413,64.39219693650227
555.6337911090652,196.52565275230893,83.34828498450545,64.17367745042404
552.8203353815836,202.06622420864903,83.60734947367894,64.62486409707002
549.8504229421011,207.62707042471757,84.09836234473977,64.74371026203988
547.9313202991116,212.25159534500418,84.54269012446278,64.36843113527283
545.6374207387084,218.31546468354688,84.94378890118344,64.64977391723284
543.1900951595751,222.47707466492835,85.81444465997495,64.34358276306367
540.5836349199575,227.57034756134192,86.54058354207278,64.2423974972751
538.8537574508189,234.31060142248992,87.27433030354638,64.29148228901715
536.8416501754252,238.97057862204505,88.29734250943913,63.99282057636928
535.749258095522,244.19700794381595,88.91082294400309,64.17761623733193
533.418720180305,247.71921637527552,89.89607007913985,64.22821108553337
532.2967656150972,251.74045146837324,90.91468235458258,64.28957409788529
531.3313421423748,256.6707411976404,92.09560738211205,64.4909386472246
529.9033731925199,259.74114827618394,93.36843781035577,64.57529653298411
528.3923347681242,261.6357633357638,94.70134155676828,64.34251558870541
527.5359453184847,264.0809999157883,96.14238317853957,64.16079935233192
526.4179413270991,264.1473819152362,97.8782865551591,64.22523803593123
524.9301240184777,265.39196741514905,99.44884121157887,64.1555487904085
524.2808973257578,267.05924765897794,100.95387362657888,64.02112639479171
524.2365831548565,266.38314095701764,102.52717105769881,64.2274120118852
522.8829944889951,268.15813546277997,103.91836390188801,64.09513211252798
522.1899467711189,267.6315290984011,105.12925786201994,64.27968868283851
520.346482216735,268.87634062039757,106.3502224150474,64.25940715534023
519.2141223075279,269.47891506218156,107.69597903956836,64.41326896818339
518.3894240682462,270.95190184989497,109.13443059735337,64.08132050872342
518.3601024516951,271.44050864194753,110.33230944618589,64.05348201760151
517.385575713819,271.80339808158055,110.93525734637655,63.74367560957258
517.2996206522932,272.22281832278816,112.26578448908137,63.38053276376178
518.8704687338636,273.0447834030059,114.53345922514097,63.233653723130544
516.349102549201,272.89707050605307,114.69144170509247,63.01287402740085
515.9147720616676,274.40263015100817,115.05229482932165,63.28163263856786
517.2728119013984,273.40896887495995,115.0461205358311,63.46256097126577
517.4682828729856,274.2554362095179,115.27923397824634,63.64383785190883
517.931831716544,273.2358468442055,115.313461817367,63.651414199873614
519.2171468850955,273.49200669111417,115.64270974373741,63.91387376621493
519.8903500624493,273.9081919135138,115.73707258458654,64.31844632793117
521.35107429959,272.6354578495781,115.56153308590643,64.4818427223279
521.2980523088909,274.6642832643961,116.02895511119448,64.37546128089066
522.9893720898099,273.58906445121517,116.27775618885238,64.23143527276162
523.6749581616755,273.9782587565774,116.29382850808821,64.17894927901482
524.8195673291206,275.1854582344326,116.39664684960489,64.16621553402835
525.7686675574544,275.1455053487431,116.58578817836812,64.02474893945572
527.4558483518765,275.14492006021,116.73165521386767,64.31153811975149
528.9814039148828,274.8707479016257,116.93003124949166,64.80516069032643
529.4723282636699,275.2396424272091,117.19545623546547,65.06562653436987
531.1296369753628,275.21736402731096,117.17817944356447,65.47598648648889
532.3560148809031,276.46598041299274,117.3666592224649,65.78871336516501
533.3297392910079,276.9998708991759,117.70301934886496,65.97960439177632
534.1039735713789,277.6598552788207,118.18558621140161,65.97845920846024
535.7122603114135,277.4726586789168,118.41530918480842,65.9349302392979
536.3382023600602,278.95356332551,118.96188199478735,66.27898289603223
537.5532709268093,278.8635627409362,119.39005579917068,66.4471511285129
538.7516468608414,279.63085653258133,120.03747884069804,66.81403527926953
539.0682719891148,280.48099522828255,120.629443065505,67.13742760756315
540.4922438159989,280.8450406860284,121.10503914562364,67.16284061071913
540.4470692934068,281.5462591622648,121.74109708553732,67.33197095522824
542.0563127930185,282.2472856240752,122.12640919100457,67.61788712016192
543.2944207706322,282.9062148070998,122.6544032310469,67.86714334571121
544.433924714697,283.8597868121161,123.28267721852761,68.09247471180764
545.0266968197695,284.5715584913312,123.9113523639657,68.07215117244641
546.5661722969194,284.394550095181,124.3344749360485,68.10116836409793
548.4948368618611,285.74516039857974,124.83285392841854,68.37965619045166
550.7480708972789,287.4073956270676,125.1327761430747,68.66794866148493
551.9286320135167,287.1994129534436,125.67031337829638,68.57461175024154
553.283699855015,288.1872984702246,126.1201160307184,68.90940618832866
554.4485013076641,289.3372967202929,126.78255995845876,69.09769332237789
555.991826478557,289.7450364150232,127.31746136876336,69.10933662121067
557.3367736004834,291.2650949044106,127.80981237942711,69.35949593142206
558.8066828723386,291.5663775412357,128.3274818957144,69.84256369724645
560.2825309466405,292.2073009958379,128.79531137043193,70.1152146260623
561.3104925612992,291.8521018253382,129.42785635896436,70.42347497229551
560.9753787493031,293.0032345386231,130.11211350072622,70.81456224500546
562.8816341038637,293.7503280855653,130.40565375977536,70.81928021379656
561.8841649145779,295.4725676017664,130.81685178476255,71.08117534979034
561.0005471341427,295.1981387562398,131.64848491910394,71.04270103057428
562.9653255622696,296.8447771985708,131.84553118937615,70.91404669115472
561.7453786118806,296.99908302488404,132.2822624677023,71.33645918460824
562.219924868413,298.9075069325101,133.02070535979652,70.97900749324224
560.0470027931532,298.8472961419838,133.26879884655887,71.2050293717458
558.7184052850863,300.099237995728,133.60030931526822,71.40991784672207
557.6886910305788,300.6788939065329,133.9181663978919,71.35961386050046
556.1815724198455,301.19268313077896,134.0122132850384,71.21102314155763
555.823480109631,302.153619838782,133.74980831110315,71.46693393003466
555.1876670253903,303.15695449401636,134.35111492239454,71.51810663578604
552.7763898522912,304.2648417353511,134.59416334818263,71.91105030993104
550.8315837734847,304.04438051423995,134.83269728161355,71.93090599113651
549.2781100991153,304.56495579079893,135.22106509963632,72.207378457237
546.8566337088403,305.37559365735285,135.71873198769987,72.52633702760357
544.5672296980767,306.1046759688349,136.3593237998153,72.44934255825737
542.2647743156044,306.7647113009249,136.97137234018095,72.27136865196616
538.9966543042923,307.3699189737453,137.3721395882996,72.23160581506106
536.9326339292405,308.075667336998,137.6633137212005,72.04986305965556
532.4400003733585,308.5773564578294,138.3606799082817,71.81759267045169
528.5672067017615,310.06933482721456,138.76645544956546,72.13823593206276
526.6622964893854,309.30376702322053,138.77972917670115,72.32158070276297
522.7548930312023,310.73360239994076,139.10313203651825,72.54959386541441
519.4040495533324,310.4344717366615,139.0879210277805,72.18632379129231
515.0714758179374,311.6625160314064,139.4656444110459,71.79444204041039
511.35737658266135,312.0514571099921,139.5471426901004,71.52809123623581
507.31100284955346,312.96137542844076,139.64450880103044,71.20821144557573
503.57243692945565,313.16181495003,139.88808723164973,71.15954375856019
499.5099668743469,313.4798472557111,140.0661317425019,71.16129557633619
494.0348040518696,314.4517619767522,140.0913704123589,70.93827189845226
489.9286791944877,314.8478678613885,140.3905957016161,70.71653046227898
485.62815384493217,314.3569439954455,140.58217584256067,70.74108384926309
481.23273504234294,314.9183474585151,140.86519713304187,70.61908730787424
476.5658929240392,315.8318115956077,140.9179489431967,70.54209764090493
471.30557157784926,316.5887096633868,140.8948151234306,70.20492175032659
467.1435315987717,316.3224142066614,141.11892331034556,70.02264322417547
462.74752393620935,316.60912436395563,141.3677791506069,69.72610299505521
457.7592307504698,316.966774594957,141.9057783333654,69.52330573978246
453.6309317271688,316.4848802465216,141.86287400722568,69.51231626129928
448.3981536877376,317.55083721661595,142.55420866579988,69.02434062410428
443.92030832243984,318.5128652970358,143.0948250479458,68.54912758479321
440.38325893963327,318.1928489583249,143.76546283409715,68.35808870660058
435.44849549051133,318.8798715038156,144.16412734373023,68.34399308518556
431.5456175148921,318.7230529037569,144.45451960173142,68.21796463994194
425.59703808576177,320.7715056733216,144.4286647728583,68.27610937852245
420.66986503606563,320.9698778076049,144.57132759893508,67.93979060382212
416.2811671575367,322.49768052353187,145.0683707635247,67.4371200569932
410.85293240208415,322.08669007886016,145.01042777595566,67.28432140007578
406.1569545892785,323.38188849624174,145.41408117073212,66.96438946246836
397.44174766604567,323.951224007878,145.39876862254442,67.11820582208468
391.3862556567982,324.4622022998367,145.54837645085374,67.10636903396659
384.97218450807907,325.247765985815,145.8810563306895,66.95779508207664
379.0920537628467,325.99635353943864,146.41088912547542,66.86410634586981
371.9158365349646,327.82618341934773,146.6820896029682,66.38905862180293
362.3849530640848,328.1163256019218,147.23619281792116,66.3585441946469
355.4496982662965,328.8935944551804,147.59611758226,66.1818633387538
347.73592503634177,330.6946095867038,148.187448069269,65.75735573500879
341.4547177226112,330.6876459647363,148.63317206104912,65.90929360001462
332.22307944830993,332.011366780303,149.7414681409016,65.49778837215581
321.71784428059675,333.98067777517565,150.609058990244,65.28495020733114
313.1646404066483,335.3866921171126,151.28665089646606,64.93249240816183
306.53989048625226,336.7860318196197,151.49305133387674,64.74912248
297.2523944299886,337.5549493992305,152.09987709508573,64.574001492188
289.10433616635004,339.7173481804179,152.93490258079797,64.1854586695746
277.9539599213381,342.06502240424294,153.8615534320279,64.06955129248112
268.3819703970152,342.74442479031427,154.93633577962385,64.19904803591774
259.6360550499947,343.9964451648975,155.82450398282018,64.34584327765691
251.22923311085003,345.58689914128536,156.596952945338,64.33911773988987
242.69534360619554,347.41171313772725,157.4585952511558,64.1347819814269
232.73046481048215,349.70205111608396,158.74756762529742,63.90872600457183
225.22089779786336,351.4841127297242,159.70111365309845,63.78104038410293
219.42378677425205,352.91382672139287,159.8771352074622,63.60447015261182
214.98446825371343,354.3515692887574,159.79895271423769,63.769506162749686
210.26025623977347,354.51519621310945,159.91079932665124,64.05055830474157
205.6020317198644,355.38458256214346,160.48488920509243,64.19190028124174
202.86641805528495,356.7489706181324,160.7565124998275,64.35747279063236
199.14455033216709,357.4395698019217,161.08133000401614,64.44828658526214
196.1749307176342,358.4928783363631,161.29157772459803,64.56057639580439
192.4181845787538,359.101051030471,161.47465046195356,64.67090773392984
188.62267087145867,361.10428847479363,162.16194796092492,64.65563019292557
185.11466335160458,361.6867511978995,162.5167910874861,64.90379187630668
183.19713358068032,361.7116134749594,162.84100091505547,65.1130058135315
179.14291878246928,363.41261460646035,163.74528794098194,65.10734201335919
176.33971818515147,364.01440066928404,163.92733410555775,65.33788672807431
172.15278553093307,365.4145349432727,164.96652124092935,65.35506512719472
169.101715538171,366.19437402896057,165.40555859965298,65.43625561960687
164.33535189698335,367.180600424612,165.74246698096627,65.76742674302264
163.16257528521447,367.49081413209353,165.8728939284878,66.14390191308921
158.61271681726913,368.63585554362675,165.9903911683335,66.26922174085587
151.09416520333937,369.2463869003909,166.28399368665936,66.44494237922572
151.46244636308626,370.52961580323984,166.8526485140391,66.59271463410525
145.3460785684163,370.527585287781,166.7189061370704,66.94679473254888
141.90996378536596,371.5650106245263,167.63257952793916,66.91170035712345
134.0090749326655,372.7922497446388,168.60086495428732,67.05127633900527
130.4561400619587,374.49760054304994,169.5399661448281,66.95139198385176
124.86887749522955,375.42362969150923,170.32070770895047,67.07257537375418
121.4261962095703,376.6553424966458,171.79643998165446,67.26935178984823
112.532936239718,376.8304630896846,172.56608751535322,67.75079257055216
112.86911142289524,378.2566670649329,173.3167018411145,67.84542970786987
103.01387916581467,378.7718881622335,174.33308218779518,68.16412183924996
99.51464075316395,379.81499423197204,174.6160686719101,68.36532901892569
96.33938049784798,381.1734517633109,175.015344828294,68.52617484339395
93.02744406719412,381.9573724095383,175.59265263375454,68.7223864188285
89.44633420527305,382.29864250992784,176.07265046810085,68.99629125636802
84.31974254999378,383.1394960836782,176.9800724795261,69.20058855680445
80.84511808295423,383.4891392232375,177.55165541705367,69.43196347916285
77.95424620487101,383.89073564118524,178.28638016839832,69.77617471793621
76.7299116509075,384.10986729131565,179.03980961320127,70.08476369638484
76.26508705173518,384.36503334511093,179.80552507247978,70.50733005061294
74.28598679743908,384.34309797075105,180.48497206201375,70.72877735613446
72.65021628853395,384.9601825741028,181.0624887554069,70.77469013681196
70.84549755160468,385.70940693053944,181.74819061067413,70.99071908221048
68.20243064023231,385.1390174224823,181.63653638562835,71.62809002394573
64.88882698563279,386.64520394649287,182.015370186374,71.739042323825
61.79154727883946,386.6805771036343,182.32510532399021,72.11921012425586
59.87697802651229,388.4896667322501,182.61994230925063,72.27032441370092
57.35779424298289,388.5870026010948,182.74041932760338,72.82650353231567
53.47666575270944,390.2829539172655,182.83722907304286,73.30701668099543
53.97025173447632,391.473071484466,184.2584793411833,73.71851051998308
48.75370204142985,392.30121777997164,183.76289258530846,74.6051039477248
49.29862506322017,392.604385636293,183.9168805604351,75.34573044859842
52.392525750808446,393.7390217519801,184.6643685681931,75.91308355482494
51.40909074098295,394.3713438129031,184.23005784367297,76.97574117362527
53.30633612088083,395.04901056872546,184.565940561813,77.481617412156
54.79030426650499,395.4837181831154,185.01980917550242,78.03854109443262
56.48258733677167,396.07679196255816,185.1764029032094,78.76552441494923
55.482857444444264,397.1476328524097,184.81963004473678,79.73627702245327
56.349296617990404,398.25694246741415,184.73636364756516,80.60130909668932
54.04370095623133,398.726609218159,184.45534782539238,81.5660158125992
54.381702581873384,401.03374672681895,184.0653582667257,82.6137815057285
54.654629365007736,403.55854520542545,183.77664155200614,83.79323804582994
54.694743593471344,404.0854742914969,183.34080111511753,84.9206259159387
57.01642845736191,403.4485121672649,183.23191243592038,86.1390554237974
58.51059146864432,405.5171838760049,182.773389450999,87.57919279931659
60.92262766813528,406.95546963941655,182.29410417283617,88.69002847998232
62.28768862199925,407.6076396784609,182.13396121751606,89.87917909784699
63.34751978719882,409.1881710632328,181.8044625233245,91.0739756079357
62.86563557945193,411.44927932868916,181.13343920698387,92.34064610094873
65.72576489435158,411.79370491313875,180.6215779656428,93.53705539481055
68.65633189002813,413.3656306508118,179.82278995588763,95.0481531076968
70.94097872039833,415.7795713233769,178.5258103668025,96.69602983828072
75.12620669982854,416.3125460125564,177.69893494001604,98.11232566675457
77.5330890186892,417.4003479273963,176.46259363641644,99.8570945616079
80.37522874600432,418.733691998097,175.39184243343414,101.36041269538345
85.68012593072018,421.1426232100567,173.98556979251805,103.1599304136761
90.47358905163472,422.18150568743516,172.1574345205376,104.72401664567141
98.66454939305908,423.2086619749993,170.16480369364592,106.10250031039604
101.1107702451165,423.3525921127776,168.47769975236372,107.71455406109983
106.48216833693112,425.4569312504354,165.92390274475986,109.17433949275447
112.94013470746064,427.1227993150914,163.3094646020895,111.0519768375635
119.03941655571704,428.77836128702916,161.16717055126762,113.05858093629061
120.92963889218183,431.4338955082044,159.22261521778506,114.94391027531222
126.2909497864639,432.4277637129403,157.3563510036838,117.01077887301196
130.27609912600343,434.6259600435565,155.27045746071317,119.02848876610089
135.75075084747203,436.11728199448305,153.38455524000494,121.58269579350804
140.0492730528654,439.1270627898102,151.61535830999213,124.55048848141814
143.60581706980201,440.8309022120072,149.7258892603413,127.25917840762362
146.54931010783628,441.7794715725278,148.18163895163732,129.39696371688623
149.5313735742376,443.2665092749759,146.63603914514692,132.12077907050462
151.75521937606354,446.35346876811457,144.6788892380435,134.6600043865954
150.52772884885798,449.2029038972454,142.19831578806009,136.99847143149535
150.54838699061744,451.54417655941074,141.21901521680235,139.17821029066684
148.42851829469504,454.1560758255294,139.4826149705551,141.1013577117986
146.95142287407228,456.189048578636,138.47067507831065,143.11999548805613
142.96905755779574,461.08355906680447,136.59154126994576,144.80208580932668
140.21994955565765,465.33003579822173,134.77202780110795,147.69161964355015
136.46520598901438,468.87560384032787,133.45972710022698,149.76536621925004
132.82429830867017,472.7630373078597,132.6349283480614,151.9405458234931
126.77819991804057,475.8797263241844,132.65240570030448,153.59520165772597
120.42815589508112,480.9640027754472,131.93605659717554,156.13494648469248
116.53134192306885,485.59708679759626,130.8658520674452,158.47431204024792
111.18621453370808,489.540155697902,130.31459359390843,160.39939059400658
106.9888244853699,493.92772392608686,129.53008005807746,162.3976944986598
102.44852523644346,497.10075462808436,129.28981578584978,164.15056822192315
100.93174890983295,501.6630691616166,128.93441451489173,166.1566068413211
98.23482246742697,504.15923473011776,128.85058194819612,167.830186901981
