674.5,656.5,15,9
674.6716643504552,648.970552444458,14.928456796754865,10
676.3804090889898,642.7708983421326,15.128268545347858,10
676.9124816443973,636.4149136543274,15.260279817093863,10
677.5982349904717,630.2089524269104,15.37116102529749,10
678.0701824371299,622.086229801178,15.398862849815425,10
679.7855431689854,615.7520942687988,15.204104730678448,10
680.4380221330729,610.3020393164543,15.183680303174969,10.208513873500108
680.1203629457866,604.0593113899231,15.31137196542526,10
681.7438235909285,597.7221956253052,15.413458043229198,10
682.3302318539091,591.1262130737305,15.273468298540804,10
683.6183014413385,584.8852596282959,15.425534089273413,10
683.7158593355953,580.2857184410095,15.28030360726739,10
684.537706508425,574.3486123085022,15.166457241153493,10
685.4693988792402,569.4732222557068,15.035535978565111,10
685.9871129594171,562.8319292068481,15.018044286335707,10
687.2775822902348,556.5891313552856,14.942301957631745,10
687.2965849525683,550.7461581230164,14.939227294285601,10
687.6401552698326,545.7954263687134,14.735744735089552,10
688.1872739489082,540.7850732803345,14.740761627464774,10
688.0544359648903,533.9476222991943,14.831086393012667,10
689.7569501698866,527.9521608352661,14.972996879199119,10
690.1824449365212,522.9197578430176,14.94907180048572,10
690.1946545944409,517.7178058624268,14.710620236983736,10
690.9394032876392,512.9069581031799,14.60435878198355,10
691.066347585393,506.8352475166321,14.664188207391762,10
691.5565826360747,502.4222135543823,14.82762446093271,10
691.93249336927,498.04943656921387,14.718740833573188,10
692.3643378621613,493.5325117111206,14.817624958847903,10
692.271308968504,488.9422821998596,14.719081027975331,10
692.7891768005239,483.3358864784241,14.826745198568204,10
693.544001173269,479.45023369789124,15.017071943648288,10
694.0455987301864,475.2360336780548,15.005081568430308,10
693.0891121234355,471.0249927043915,15.154706321734622,10
693.6920807073777,466.5845572948456,15.370987715022611,10
694.5929030713476,461.955197095871,15.044669882796754,10
695.505104688321,457.34938740730286,14.977565356812068,10
696.2247215722815,453.4578995704651,15.046307405617714,10
695.9676736307354,450.24872398376465,14.971955181467383,10
697.375048701802,446.3540256023407,14.949165040325898,10
697.137888307319,441.959233045578,14.947489752231103,10
697.4709767868208,438.78541111946106,14.925658851596328,10
698.197240380967,434.35573410987854,15.09959340761246,10
698.0008731672679,431.35118770599365,15.183403040813644,10
698.2387890241603,426.651629447937,15.460907935438645,10
700.2329972837133,420.4763994216919,15.247764500973116,10
700.617854306029,415.6526041030884,15.055910394486212,10
700.9022932284986,410.7576699256897,14.885291742252281,10
701.6952524664742,406.3258786201477,14.714888689122107,10
701.1120343765705,400.8757519721985,15.052228670847562,10
701.3247123789865,395.09061765670776,15.313345081939694,10
702.8824020790673,390.43299865722656,15.346752941833433,10
702.5599653546581,386.0829792022705,15.270007201866623,10
702.544789548167,381.568820476532,15.128288326514927,10
703.4914579430473,376.89056634902954,15.156699340442493,10
703.3985554066288,371.1704468727112,15.202421249302759,10
703.6340382874841,367.16113090515137,15.242348415238622,10
703.4906332194689,362.5660824775696,15.408863682322933,10
703.9675846327691,358.361647605896,15.184692057848117,10
703.6763300802097,353.9139394760132,15.260435380133833,10
704.1382771118672,347.6901264190674,15.259517810654382,10
705.0824104003185,342.78839111328125,15.08576215141535,10
704.8086009933048,336.5035481452942,15.213245527000527,10
705.3022969085571,331.9028253555298,15.32600273194969,10
705.9935743977761,327.06697845458984,15.412450000368462,10
706.3161407087571,318.9004259109497,15.344199025516481,10
706.6321716798032,313.31217527389526,15.210331509722444,10
706.1651222715612,307.3585796356201,15.223395453674282,10
707.0047728453292,302.45308780670166,15.28741977801656,10
707.5811955969899,296.4378972053528,15.21730146852746,10
707.2840572668994,288.83099699020386,15.116284642590308,10
707.7725981346073,282.9534502029419,15.297193601220478,10
707.5136266173957,278.3951892852783,15.532534504276853,10
707.8721191882544,271.97877264022827,15.521625746150193,10
708.5205454457886,266.38398838043213,15.426210942797507,10
707.9266069232011,258.7991232872009,15.465152908397734,10
708.5383547888639,253.14963912963867,15.444581309419323,10
708.2952562502477,246.95750427246094,15.42178541666198,10
708.3359272980148,242.2056531906128,15.293161660988357,10
708.6673581328432,236.14418697357178,15.390305584631193,10
708.1756359062164,229.08103036880493,15.558168060517637,10
708.4091355126893,224.39626502990723,15.578492310534712,10
707.8183267054924,220.21021175384521,15.698911451951988,10
707.3910009074168,215.61745595932007,16.205280889728236,10
707.642480080388,211.52907419204712,16.235291184113258,10
707.3280047539445,205.65903615951538,15.972207365965444,10
707.1918042306391,200.88375282287598,15.974024872374859,10
707.0592909228994,196.73207712173462,15.817084339073409,10
706.4765231027089,192.1751208305359,15.658840873314485,10
706.1331134992566,187.73471879959106,15.619918395782179,10
706.2773991379395,182.85069942474365,15.652889202633506,10
704.9374538547437,178.22835779190063,15.890181664548209,10
705.3171156759687,173.7261290550232,15.714517849807464,10
705.2510721787717,168.88460159301758,15.647923683393863,10
704.0170850245379,165.25418734550476,15.860968210901401,10
703.8985291088842,158.35102009773254,15.817669961060632,10
703.4030688843951,153.24778151512146,15.696968195721487,10
703.347202789344,148.0281617641449,15.73393164886502,10
703.565797506515,143.37035584449768,15.577750487886245,10
702.944639720526,138.8135063648224,15.38383957270452,10
702.6814765518833,133.71236839008867,15.293953840001624,10.071072298039239
702.2191633190259,130.17446757976163,15.187249720236753,10.11076637856268
701.8940585489958,126.92527388447587,15.02024852640648,10.094907782195705
701.8925398665051,124.25215315818787,14.791050191495644,10
701.6518723186764,122.86845111846924,14.42566632019232,10
700.9828838370679,121.02917385101318,14.379595059913772,10
699.8812414307607,119.48882383088032,14.195390315261808,10.018477797910386
700.2162281452826,119.35042630136013,14.263780569441893,10
699.4189336355369,118.10275636613369,13.975383162579973,10
699.8127891561833,117.2650201767683,13.716422719717631,10
699.0346823469664,116.19433085620403,13.661689802087292,10
699.160194954939,115.63523994386196,13.47847784103494,10
698.826554250257,115.4064479470253,13.20594813990245,10
698.3586407282279,115.473937779665,13.058362298294785,10
697.0394573793718,115.76883241534233,12.94317107555089,10
695.3860121301489,114.7773993909359,12.788785519614489,10
694.946566516687,114.8488697335124,12.357081949403865,10
693.9775032900368,115.21461271494627,12.094650455545526,10
693.837931617844,115.42190373688936,11.658587057644253,10
693.0622703521171,115.4092451846227,11.332077653215459,10
691.5287781663494,115.68211155291647,11.158217536606976,10
690.1175968811059,115.77354247774929,11.100962892891115,10
688.4154273410137,115.80263947229832,10.978616735191006,10
688.2244130330266,116.1614148793742,10.420169231646891,10
687.4822786394507,116.21722342353314,10,10
686.6287249270827,117.00727816205472,10,10
684.3220466319472,117.28268097620457,10,10
683.8295292500407,117.67134200315922,10,10
681.7362997177988,117.24579973798245,10,10
680.5256582144648,118.07580055575818,10,10
678.0108882088451,117.88596380036324,10.06113762552755,10
670.0134962095896,118.37733409088105,10.228732178543144,10
669.1155306830747,118.75884703081101,10.641510627469835,10
668.1653951942775,119.11473605316132,10.807784856139946,10
668.5546130206661,118.43864974658936,11.04056369806797,10
668.537739395956,119.35181620996445,11.067966393008009,10
667.9404938778339,119.46140345465392,11.221335231147421,10
666.9487041290378,119.55908979009837,10.920154253580998,10
667.7249171803305,118.88774425815791,10.740281618745907,10
666.6277717807284,119.55120999645442,10.793021161770326,10
665.6989334032811,119.28991411160678,11.028918832459262,10
666.1594839245013,119.40487215202302,11.133327147471455,10
665.2503359116719,120.13743809144944,11.208337755573519,10
665.1616699648654,119.64913133066148,11.470478661897483,10
665.3510370788114,119.98353052418679,11.675354968673503,10
664.1856873507114,120.58540910761803,11.867254757514846,10
664.4927000574387,120.31270161550492,11.918943250348551,10
664.4858407259655,121.3262299625203,11.876673750538881,10
663.9329368517791,121.73753601592034,12.185703475668888,10
663.0902251480018,121.67714070808142,12.39899765749268,10
662.3338890108262,123.34368752967566,12.495697222188022,10
662.484993385034,123.95353495609015,12.399809072493863,10
662.3576292290812,125.77730309497565,12.199192498811769,10
662.4161046933586,126.31095200311393,12.082433372008488,10
661.7952885220561,127.48326915036887,11.959475665823373,10
660.0912232434176,128.91191750299186,12.127303660386833,10
660.2756020439394,130.0998288942501,12.15188256404106,10
660.2848681522495,131.38586776982993,11.986841370603706,10
659.3732107908679,132.56722491513938,12.165382848509203,10
658.7290488949126,133.13919782172889,12.38115443628767,10
657.8861960547054,133.65188174974173,12.723910726290722,10
656.8717128666261,134.79251700174063,12.853596673562938,10
656.9744993086765,135.61607497464865,13.02317375474821,10
656.6103406511114,135.911629374139,13.256638348187423,10
654.9939989457187,137.73140292894095,13.739179184662566,10
654.7712953277565,138.3572990251705,13.816725984147372,10
653.6698618279327,139.36612194310874,13.81613252885429,10
652.9335178673433,140.1217062426731,13.805365864957555,10
652.4701479723126,140.82038378249854,13.763656300847318,10
652.1409278545182,141.28223704826087,13.66213373927114,10
651.4173530288734,141.94584267865866,13.888274732151572,10
650.7828938931776,142.41681432258338,14.052475510485852,10
649.4918629929642,143.24804234039038,14.038270802810338,10
648.8876659429936,143.71947660576552,14.015777728145158,10
648.8913317562628,143.22397291194648,14.039549414575866,10
648.6612760855851,145.48386179935187,14.148640270768627,10
647.4851264108042,147.2721264315769,13.976644051864263,10
648.1971124720503,148.0067450357601,13.816258569730099,10
647.2592857197651,148.92160772811621,13.708841581556051,10
646.2564247430288,150.06092595588416,13.843416021639083,10
646.4423919320044,150.84363543521613,13.44382406591996,10
645.3806574070074,151.62795596849173,13.357492872536048,10
644.9719200704005,151.58382417913526,13.163914102794855,10
644.6766281094332,151.61050451826304,13.091612120417503,10
644.6540080110084,152.58267594408244,13.444474660568794,10
643.5699676013787,153.8713990552351,13.540967440429995,10
643.1556842322921,154.8829383952543,13.566905244220036,10
643.1616040846342,155.0025169653818,13.505008146968276,10
642.5712726587666,154.6672812504694,13.765202131878297,10
642.2242687587524,154.68841819372028,13.679144514617079,10
640.3585119606408,155.6382807334885,14.044354666931419,10
640.9528994517876,155.60928917955607,14.082513640784182,10
639.8230242293794,155.35738487076014,14.101931243727343,10
639.626724403906,156.31512660812587,13.831413187898491,10
638.6524335133788,156.10688951145858,13.797832493366933,10
637.8371421825877,156.06168694328517,13.84668085528944,10
637.8117372849492,156.61210871767253,13.72643849268744,10
637.6390524836573,156.79705841373652,13.790416564042188,10
636.6105402850075,156.51998303364962,13.94168210361492,10
636.1944272611546,156.61170301120728,13.866172028712477,10
636.3658538002119,156.66848138999194,13.832096253101511,10
636.0334094280543,156.83860711287707,13.709545055056797,10
635.5785331277069,157.9443072481081,13.853713961770392,10
634.0388736663891,157.7082063658163,13.934653177069547,10
634.1087164982761,157.52840822469443,13.735917813840082,10
633.977969319283,157.8382648183033,13.736105617747254,10
633.1161585382898,158.7054300857708,13.8164895889437,10
632.3841285261404,158.33749463688582,13.81377729535615,10
632.3907304880449,159.20050569903105,13.642379261749793,10
631.1458298061436,158.8268668903038,13.670218879336485,10
631.1939546378529,159.74545326363295,13.613424786198543,10
629.6850663938659,159.71561556030065,13.668044335619715,10
629.8584846921245,159.91915584076196,13.70395556806277,10
629.7757186643108,160.08785337675363,13.564339975832496,10
629.1092201949666,159.7754108654335,13.609267308693672,10
628.6713623555453,160.8227709280327,13.550586362971297,10
627.8968570728957,161.035463293083,13.434728811891507,10
627.8619581999501,160.50124998856336,13.320950078228542,10
627.308215124557,161.36006863880903,13.239943215632753,10
626.7906399857017,161.79065563250333,13.316780445457642,10
626.094789414932,162.17167108226568,13.30438975197496,10
626.0014315242616,161.62379776407033,13.19408313102912,10
624.6577194976438,161.65096184704453,13.379268195388393,10
624.3954431241715,161.96434870455414,13.246356438091286,10
624.3764140872413,162.25703376624733,13.184787501427207,10
623.4571936908684,162.84873336646706,13.146656162062637,10
622.9982082878379,162.5343961128965,13.132596647956039,10
622.0525303681595,162.47986108530313,13.092088344894774,10
621.7245995654315,163.5055919336155,13.219666294707324,10
621.9410706495818,162.77152425516397,13.124787217446464,10
620.165714969289,163.2085696803406,13.372199866255382,10
620.4453737311094,163.3142428221181,13.132613816537333,10
619.7615512359188,164.15479592699558,13.31707179901442,10
619.3397443575318,164.01838403660804,13.068099038454383,10
618.739263827506,164.19053585547954,13.053102337695133,10
618.3376360972411,164.536958319135,13.240447148925305,10
617.6361778393011,164.31659251172096,13.181087206064998,10
617.3048836436006,164.9504415364936,13.242049082077582,10
616.7599794806958,164.6779774101451,13.230324710209514,10
616.6440172921588,164.5515224011615,13.125800030419882,10
615.9802808266938,164.49632218945771,13.127852462501782,10
614.3029357678851,165.3121899710968,13.403452938548208,10
614.0490182941888,165.05347976554185,13.23486064080075,10
613.8451623993792,165.1889614360407,13.175922987508686,10
613.8778650708755,165.41606395412236,13.362368636957495,10
612.904235965179,165.31340378988534,13.319843322883251,10
612.6491140050439,165.260415119119,13.145574747159113,10
612.2173907362778,165.9527448238805,13.128794374576996,10
611.3500203280114,165.70192266721278,13.179534222176628,10
610.9715108125264,165.62233200389892,13.138698591205088,10
609.8539863618404,165.57316184882075,13.210175658012908,10
610.5737966529417,165.71062637213618,13.213998016522206,10
609.4407392500821,165.96808398608118,13.400224478430548,10
608.5267450342899,166.92906034830958,13.407986598331345,10
608.3873769955654,166.9544140296057,13.293188224057106,10
607.4858855834784,167.06460951734334,13.205727961606941,10
607.5653372877792,166.8065597610548,13.121838481120596,10
607.0427659909124,166.5558227794245,13.132276985689646,10
606.2118808478953,166.44477294106036,13.165274178500322,10
605.8653375129596,167.42635880131274,13.103614709322063,10
605.6745545125697,167.55927802342921,13.064123754049245,10
605.1520453145006,166.7342729093507,12.983508552813444,10
604.0559506917548,166.94856737274677,13.003644461207955,10
603.5121815126986,167.25334347505122,12.948148718787767,10
603.5934254105367,167.58810557145625,12.903537713575346,10
603.0137698645714,167.03988523501903,12.888541220743388,10
603.1722417204386,167.47602571267635,12.781578831297587,10
601.6693958712146,167.7600550474599,12.866722805975336,10
601.737387490918,167.42903826851398,12.944695445780175,10
601.4809171452833,167.9491808237508,12.89061935667291,10
600.4687755121314,167.8736396851018,13.012961681166189,10
600.3443593754205,167.90591584611684,12.885635478712205,10
599.4639077379178,168.05765921343118,12.987641711443109,10
599.0369662307999,168.30469735432416,12.93987107825613,10
598.1038852657173,168.98049958515912,13.003409617269817,10
597.8004533142686,170.25207753945142,12.948030809576952,10
597.7457646780578,172.2248447192088,12.871182056774852,10.057980884015548
597.2549181825794,174.30401178008916,12.730011397409424,10.181746962907878
595.8745310714386,177.1231612758711,12.945293924287176,10
596.3581249090132,179.0203461246565,12.78064994887928,10
595.4253359428903,182.29430337715894,12.821810051611564,10
594.9152576597024,185.27194805908948,12.87791817276263,10
595.1619191010232,187.94335695076734,12.791963234838377,10
593.8373356778435,189.82183202076703,12.912940660497686,10
594.0834013580546,192.87329753208905,12.93111983073808,10
592.5772431334273,197.08793624211103,13.017555847863772,10
592.8122724868385,200.24644263554364,12.88187219468546,10
592.4593918158608,203.51197202969342,12.774682031456656,10
591.8161456887937,206.50613196659833,12.697016132057165,10
590.8129120125891,209.8663020859769,12.744149468619973,10.006836904339739
590.3571299164686,214.70585115719587,12.773853047038022,10
589.9686767974894,217.55940445233136,12.772725551628694,10
590.0655378520797,220.5910259084776,12.77338047735049,10
589.609154278014,223.3416853742674,12.815255816018393,10
588.9008267245323,226.48481734562665,12.67092607305208,10
587.9690879154406,229.9895105314607,12.825450549069176,10.076763320867302
588.1685796949707,232.99377830792218,12.665514606729106,10
587.3009136418148,236.1674533681944,12.837735288594997,10
586.3659305391474,239.0706971483305,12.960586120318276,10
586.1099578872172,242.022931416519,12.903656051768735,10
585.0429491429795,245.60543092060834,13.022791452536605,10
584.5958710644134,248.54929121304303,12.91718143869051,10
584.7883136736804,251.3685077028349,12.967931101414518,10
584.6787080163618,254.88941343594342,13.024600326231692,10
584.2630112706722,256.83849390322763,12.911285947127407,10.031727790712369
582.769766644455,260.9030662374571,13.052375581413049,10
583.2200491117143,263.7028959589079,13.04545587385004,10
582.0769229957929,266.2855864362791,12.947995337138089,10
581.5268660919876,269.4563480215147,12.942800492824453,10
581.2660881895586,272.4633150892332,12.957917625140077,10
580.5005115670631,275.8402293520048,12.87706742450565,10
580.232696198456,277.9527105884601,12.772161138175477,10.036909818654443
579.4406722473849,281.0596285657957,12.89323544565213,10
579.381903917262,284.01345356274396,12.824282464231516,10
578.9538459736741,287.0630772905424,12.888357288098533,10
578.9900855801836,290.54865484061565,12.715752881483617,10.161655969342014
578.5880392812146,293.5826262060343,12.70818793147111,10.001946881082914
578.0429124071238,296.83411773014814,12.962622673686472,10
576.6508526056482,299.61106546688825,12.869404344051048,10
576.9109952787999,302.369140942581,12.770767440492854,10
575.8816018849365,306.6878504025683,12.542519478234956,10.010590380257277
575.5800883412475,309.9643122504684,12.444313417038178,10.073095609017667
575.4660601005089,312.00814073149445,12.483719201045531,10.186663927727318
575.1698536663505,315.41157535064093,12.421009193195117,10.173690887707004
574.4200481437869,318.83372205949263,12.40101531698122,10.280878812319337
574.1677395114746,323.7151973125912,12.311557617082645,10.149846259613385
573.3513542657364,326.85916462451087,12.271668592224398,10.027942042725968
572.8398497227676,330.124135334976,12.28898388486526,10
572.5591846132681,333.18250735569745,12.278106354974145,10
571.7841535335206,336.3063271837309,12.40622401545348,10
571.6430734942845,339.85840042401105,12.516229801461238,10
571.4194950538079,344.13360603619367,12.523431835317197,10
570.2914652995265,346.83515580464154,12.618709721946898,10
569.9504330028012,350.4032349129834,12.676763573687005,10.04126335314047
569.0011439199078,353.72048171330243,12.962427177248372,10
569.1917965175608,358.6823709802702,12.890730769240795,10
567.9666556253729,362.1040609674528,12.968392447872915,10
568.4892046417824,366.8760717706755,12.786450376090578,10
567.3064548915805,369.896799643524,12.628632777876796,10
567.1985330385724,374.6659351186827,12.439475976061631,10
566.5083688515684,379.5287484640371,12.258579412630567,10.015478388942078
565.9769710267645,382.87918194103986,12.184860040914089,10
565.7689491285703,387.32985409069806,12.125399289945065,10
564.8605264012547,391.09966715145856,12.20262501267317,10
564.8659921335162,395.4727478818968,12.221307421140189,10
564.2723151683712,400.6677544106641,12.313614711987906,10.0549809152437
563.5919371540737,404.3706150846556,12.39940140121212,10
563.4769786767517,407.8734746770933,12.501167997059904,10
563.0205442945286,412.595246871002,12.541894744618574,10
561.8248087262346,415.7855249242857,12.63940197205733,10
560.724550395407,421.62994058895856,12.78178979994171,10
561.0129444267791,424.7088509397581,12.64539649637571,10
560.0704571587672,429.0970950918272,12.532526693982469,10
559.7283148991228,431.9404342966154,12.551269802825168,10
558.5707391497366,436.5220654802397,12.650616724723742,10
559.1587233966605,441.29792102146894,12.602150910700649,10
557.8668857116934,444.5213955240324,12.794915416758704,10
557.840052714941,448.04837830830365,12.743025078688497,10
556.3243026751297,452.12380870152265,12.832411043549616,10
556.2000383523839,456.47280438710004,12.925027855993484,10
555.1924806586105,462.59303458500654,12.923565046060846,10
554.7125355270562,465.815110524185,12.90375384976193,10
554.5615104253559,470.45123561192304,12.816798958395761,10
553.7720379164163,475.04265244770795,12.840079198519366,10
553.2645865498098,479.1522844629362,12.778173002288902,10
551.4445520681139,484.8640697794035,12.932133901029108,10
551.0777663686584,489.0853398637846,12.943147695627193,10
550.4971191620225,493.3915308313444,12.876503933697634,10
550.3593794357622,497.98305114079267,12.721211558520537,10
550.455247755271,502.767183621414,12.773394470875461,10
549.0389522887482,508.08634360600263,12.928469897176754,10
547.9850964823803,512.5346215562895,13.018993676126462,10
548.2609063254647,515.8394261198118,13.041284405130195,10
547.3198155021504,520.5707817869261,13.039080108346084,10
546.5312284884668,525.0271035032347,13.151592895135567,10
546.1077790631778,531.0999265508726,13.061080377820511,10
545.156928652487,535.7624317007139,13.091214665159663,10
544.7302911574509,540.4938293294981,12.90914958450731,10
544.6094272776071,546.3727656202391,12.784354704205118,10
544.0998671032766,551.9357438879088,12.603436023744653,10
542.8314431774821,559.1234999494627,12.560274176465864,10
541.7563332340229,563.4678827123716,12.673430941588482,10
541.3837284294335,568.9308529691771,12.684211489354642,10
541.319105045662,574.7105818586424,12.551071785864467,10
540.359726985968,580.4076176481321,12.605744615152304,10
539.4679642148254,588.9855871992186,12.791766495328165,10
538.4018594733659,595.2996893720701,12.748582158438293,10
538.1698963492064,601.574592908627,12.519264426349434,10.062036036017226
537.2791290859844,608.8146754102781,12.418847024654733,10
536.7890284071275,615.0899742346678,12.251307541456814,10.070874709924293
536.3698318654253,623.7065311269835,12.024686739363055,10
535.4411400663423,629.8305645780638,12.097649728054929,10
534.8870100106783,637.3035894231871,12.01864885400845,10
533.6182904676092,644.4783535795286,12.23932930748672,10
532.5989190575585,651.5502262907103,12.20538903165604,10
531.3946347671942,660.199151118286,12.541125028003485,10
531.1715141876253,667.7811594801024,12.552727627323067,10
530.0533373757831,676.2528334455565,12.799319064003306,10
529.6375646283071,683.6200581388548,12.662771223326873,10
528.8604672156682,691.1347699956968,12.62265135420014,10
527.2670036446418,701.0868945913389,12.38002474907583,10
526.2394342592563,705.5602222280577,12.22220518397029,10
526.0123755959722,707.3297061519697,12.212740531263869,10
524.9539822001838,708.7048747139052,12.306433622431737,10
523.9913566855561,709.2269346313551,12.201546159102861,10
523.6636252930219,709.7121234731749,12.170986185687205,10
522.8374442532544,709.412584205158,12.212830286554137,10
522.2739368054222,710.527460356243,12.406826259412862,10
521.5209737793251,710.3796285288408,12.49404553689537,10
521.3088553443209,710.381167324027,12.391966539002832,10
520.2161243380268,710.3670265504625,12.43338582125963,10
519.5639574025022,710.3655718713999,12.379844106752806,10
519.3717553198844,710.3873853646219,12.2815961740481,10
517.4388426242542,710.9192255102098,12.510821547760727,10
517.7946294787178,711.0339499674737,12.39774457392977,10
