556.5,253.5,22,16
554.8949321622433,254.06428413324088,22.731596447073986,15.417649294286365
555.3758783772371,254.10278631886737,23.394798073215956,15.194865670981049
554.4836200957972,254.17809729129485,23.39898934255488,15.177162888637952
554.4487668704007,254.24666451731673,23.52951700245069,15.235861180834918
554.6202006782647,254.30063683389034,23.415787582237172,15.324384632738319
554.6756666995124,254.37390098819984,23.451657071056758,15.37947161297296
554.9211283876955,253.7653294149969,23.518492800849856,15.27380041401906
555.2006853896445,253.81037040236268,23.231151777641827,15.393306743449518
555.4216574693968,253.90128798921228,23.22215143909063,15.410284024689162
554.8262087455486,254.1055031057108,22.979951285850042,15.3963717498564
555.9709004580493,254.03660430647764,22.70051659131746,15.440769860886864
556.1664272943738,254.1497637844072,22.485137729674037,15.459096679392175
556.3001819193571,254.52004447090397,22.341415160107836,15.341310145799927
555.524769630421,254.56786125886444,22.526457477085238,15.263224251806681
555.6587213820843,254.60626019071734,22.734343103492638,15.326014058665514
555.0151734184157,255.22603684796482,22.77144999808465,15.39609960201207
555.2872366151039,255.11516919131694,22.978626562242994,15.611132243083292
554.9458853769764,255.43252820000475,23.10815680777725,15.725558183799436
554.597587963078,255.1783599562481,23.345544070981713,15.737097824922941
555.3750420885269,255.42297172550101,23.09576487129239,15.82406726146136
554.6727304763504,255.88347400977122,23.017006585864657,15.812852314750966
554.9787482954744,255.56607135706267,22.89758509766401,15.821198677277916
554.6572323386498,255.79286729647393,22.84437384438964,15.86478082303729
554.1246002647579,256.0450831479926,22.775446479111864,15.978866876461995
554.4808212880763,255.49716397718547,22.793544827258017,16.015976165532646
554.6234449760931,255.99622883211921,22.917681791272432,16.019665827842275
554.3118476504435,256.0563445018489,22.82792704739182,16.175607096520036
553.6095432063776,256.15757299811605,22.798812724235074,16.265665411650637
553.9648611134058,256.38286118946843,22.78967208077195,16.28317926513285
554.5743581170047,255.9462034324247,22.831022698093342,16.227310938468612
553.9004346035316,256.60461702368434,22.752757788470518,16.188185968283076
554.2481709342175,256.29665287537637,22.78659480517655,16.158689004832034
553.4622410484477,257.0852241218721,22.7753704702707,16.056223955344933
553.5404535310548,256.86857644333156,22.741587597463113,16.086363210722315
553.6151249511107,256.7232696033996,22.59521594970756,16.120549155495944
554.0922531033611,257.0280774889091,22.632672096187967,16.18537841755045
554.15444798829,256.9986508385519,22.556310355831503,16.175101521097417
553.1571664962378,257.141382082844,22.576600015923276,15.889542800588575
552.9249808694501,257.2443151310577,22.551917632709298,15.810050457112865
552.7602588681631,257.4932671753609,22.495651425675362,15.727887007477783
552.7798948236956,258.4042172671443,22.701941591178894,15.662379779691083
552.3699530189941,258.1964770831169,22.440957552457064,15.598075688870122
551.9719904568283,258.24108855331843,22.37646757573757,15.727980314089491
552.2973445028517,258.4132377309176,22.503767408247395,15.798724210239584
551.6894285763649,258.5410311566727,22.480796589788444,15.992450135056515
551.995849402643,258.7487225792887,22.576277641070533,15.939781461234176
551.2177883167441,258.7854670224337,22.497836486032924,15.987570242526255
551.2524672922518,259.2221672223172,22.55333143075414,15.88659191803088
551.281604715052,258.7584420993355,22.62698680230049,15.899593545105308
550.94499632691,259.66972572270254,22.700266318433698,15.857027819481852
550.5684475040032,260.18512391386537,22.92200852363057,15.546143966147802
549.9035174172917,260.3976400036971,22.91883096302196,15.592498189329664
549.7475972924071,259.94119968914055,23.07875356149554,15.57955036156418
549.3299933735454,260.41534436277215,23.269837844989123,15.722259544688926
549.5275697040632,260.66192587912246,23.51627393145485,15.86222628751235
549.9735063946363,260.35032449988984,23.620275134029868,16.058453527512615
551.161766334753,260.31340163490904,24.006609591488825,16.388262255149133
551.2545682142155,260.42956551552146,24.09400726498255,16.664772253419088
551.9307099095275,260.19152667268065,24.209754446296124,16.952993205301667
552.6696713559733,259.607410101143,24.427106979315667,17.499005057311827
553.2331763407707,260.5045207084835,24.557452103676688,17.93362300164268
553.5856969314577,260.33234491057556,24.53818352009234,18.133610791806866
554.1596706710251,260.42414669749894,24.43487372101146,18.512678819732454
555.1554653532155,260.09367023440353,24.52875598672688,18.73463090096778
556.5028326731449,260.60020066728333,24.47233058720935,18.930530449140964
557.2055532958944,260.7522952286646,24.737580474255694,18.99221743478642
557.423244155292,262.08154153922845,24.904858517366417,19.063347177702926
558.9069651721048,262.0137586155402,24.794908215384346,19.24542714875755
558.9873962235653,262.67885201067344,24.78997488813161,19.257631372590232
559.7619297913345,262.826019347278,24.655291521628524,19.27619482860582
560.3165191580422,263.6613840299755,24.65408278752652,19.36915998797587
561.1629693843973,263.4454511174174,24.728868821060384,19.49760035203827
562.7033076937238,263.7227183729188,25.03595021899382,19.57980354531255
564.5036412564947,263.7950018069414,25.169703869819145,19.637561008074034
567.7279591438381,264.291980520877,25.23684663669716,19.740530984606465
569.1128282466083,264.5036625775919,24.851216020878567,19.751187837468162
570.3584600367335,265.6704612354285,24.846724024185235,19.76659026048816
572.224876155663,265.0743018627695,25.346420949687023,19.92323801009384
573.6854937749866,265.1097639250273,25.391948253764177,19.99604078579813
575.371283770169,265.98518255286615,25.167694494402127,20.07038143806423
576.6318832396664,265.39728231905025,25.27034804678628,20.237471282908558
577.4018480914759,265.79386847781456,25.399835724453897,20.208362204477545
578.3117111311557,266.29808822386195,25.606624175276167,20.186944575843345
578.5404378037501,266.64364587967935,25.9450497172639,20.173634032293958
579.6048858807452,267.2752379559481,26.470346249354733,20.139445083728333
580.0551572443709,267.726802532313,27.160598204605947,20.16170855871463
580.0419961031431,267.16231090117014,27.501224630251905,20.25178012075156
580.8712272470018,267.1163755556904,28.04229628189606,20.396460187980693
580.9049999269959,267.7213694304701,28.441966132107314,20.579527996626023
581.4531132724273,267.5395552860466,29.291153865186956,20.53888653058626
581.2490362957942,267.9880477231464,29.881764192621645,20.777188822028513
582.1527276770181,267.9045257657356,31.22008379223433,20.81613702061201
582.6508281100747,267.8212909989673,32.3009445792584,21.053804317234064
582.4409195285562,268.35152062524446,32.82406308114704,21.265108985463712
583.3308493929862,268.25296501800597,33.67882902558076,21.357682049809007
584.4565175657,268.53929383855535,34.48512107332661,21.376842622173022
584.9862697354163,268.5013318091984,35.35955988632176,21.413229523023517
586.001763105762,268.74434322784015,36.08690849757407,21.480057885843884
585.904703020842,269.2118870094525,36.66380740138298,21.556839395533316
587.7422193462711,269.5764043257955,37.651253674322376,21.52994688225492
587.4744358418857,270.00880888594725,38.05599513372898,21.760861629367767
588.963424556201,270.3531998315555,38.89512180627966,21.799454172622376
589.0783038971979,270.01632856800455,39.560870221529925,21.838729515180667
590.2211141480664,270.67796051205823,40.24005031603025,22.000614295362553
590.7226877370136,270.2623413652738,40.996118016217906,22.35624832300308
590.8015748580485,270.47337976545634,41.47693244106415,22.560193563482063
591.6634653375366,270.60472742267353,42.26561099861304,22.763043366902743
592.8545952210759,270.89894580807527,43.20414152236703,22.920266781913114
594.1460674152837,271.41422196843564,43.83032932847054,23.06849442087101
595.5175541901025,271.35123151735377,44.72091905893845,23.29412333674575
596.2779515154353,271.5008560145841,45.49035110619452,23.581662758193904
596.8844169611449,271.5913110798569,46.0238941231998,23.771178269185043
598.4631382462949,272.31947098598613,46.79070263245914,23.930527945833482
599.8438448253072,272.7124794986041,47.4316286944816,24.081453795982718
601.7156412351281,272.799371084084,48.34906330632779,24.1023239870587
604.3275333771617,273.2731429556772,48.84866340260113,24.4008338203418
605.8731231500046,273.2157570074272,49.56196798586743,24.690094499724403
607.4751930668252,273.2685654711772,50.02985693220962,25.09025004365232
609.3636898889248,274.14501690491466,50.63598859318624,25.193590667350207
612.2631012977707,274.82268046766274,51.04641098041989,25.255113035834448
614.5537735100296,275.0287098331953,51.909062985345514,25.332611749818586
616.5689428844423,275.1733295820778,52.75638212684001,25.603403785294834
618.5139335068477,275.21132591359395,53.42246930243928,25.841727514207506
621.0305012354027,275.4253201449746,53.74916660900144,26.125901248082442
624.213883941827,275.80802826655497,54.40632268586816,26.332077431221656
625.8915349725446,276.70157210888664,55.10755825260684,26.440535229193912
628.27665009293,276.6859029600366,55.66504197820572,26.624212597929343
630.7019882289247,277.0516889467507,56.63882239795807,26.618195746399778
632.3464270468803,277.37658086684587,57.2712234771808,27.111899478879444
635.5718472590828,277.64713168960384,57.900189857432636,27.244586559693282
636.2575734782627,277.76862050803885,59.07772814554403,27.481905832632336
639.738072838583,278.2946075893858,59.56006543488258,27.44318345140215
641.6741386687802,278.1502737520355,60.51699957420122,27.691013320384556
643.8216639897591,278.406504637802,61.13546211583714,28.055481666458636
647.392721944472,279.0866939963865,62.01363085912146,28.275412101892847
649.1982781978614,279.3112865731549,62.58265074141098,28.640654026126214
651.4265841112549,279.1110853600583,63.01273954481206,28.89031128399106
653.0792874201477,278.90576836570665,63.20831235054958,29.246522916506095
655.9976752365267,279.4513819053432,63.14182756938459,29.458854425260945
658.9322213403495,279.52637291515066,63.28226256815969,29.711325112936734
659.4303095631199,280.4802056966537,63.85752526961468,29.790312520244726
661.4332945413705,280.3609487729476,64.14179512405681,30.11716197858299
663.8025993200872,280.613135975522,64.10852976675785,30.50634446630604
665.1652588125879,280.8280904804853,64.34405553692916,30.960269699200197
667.6175554348081,281.33997945811217,64.20787631302717,31.422958866978043
669.614877013941,282.45819936222875,64.22511593674365,31.672565372984373
671.4143088186156,282.5783211812077,64.5282017330646,31.677359916569962
672.6231905845848,283.2699518006763,64.72974309652716,31.877006235120106
673.9780149426639,283.97391737309533,64.78255747317296,32.04899466692703
675.6576605705493,284.9932124773207,64.83377008169055,32.35408746285553
676.7220416027336,284.87752118851864,64.35546694924476,33.085163612980864
678.3359740030781,285.2664869667942,63.66688661625294,33.67650953369417
679.7476408053068,285.2190060085085,62.98508090295469,33.97797011786336
680.998187269663,285.33722516699703,62.22113971622363,34.1283865686856
681.9813598453685,286.12312826727583,61.17184647616672,34.57470757111566
682.641308592297,285.84236410333284,60.562030738424724,34.7805499198738
683.7619851537016,286.47921025569144,59.84013173720513,35.04079864565893
683.4872552398675,287.4189119836016,58.89196609471192,35.33766090639135
684.2692040553153,288.1236698845721,58.37891492129782,35.57181947807703
683.8987962538648,288.5831900374745,57.833657912390024,35.94414169630484
682.2074094114694,288.7822453350099,58.13567707867185,36.24062709379912
681.5125417734981,290.0650823021285,57.95587709918241,36.312787231675074
682.6231832751148,289.9424255379731,56.623343695405836,36.81862771511355
683.5227649104824,290.8064038475744,55.499670088748495,37.244919095102205
682.7395153125084,292.08517806670204,54.863948129529824,37.85591041934386
681.9757509104107,292.7264610507994,54.33441955304864,38.36130986805743
680.6397159208291,293.2320577055856,54.27501465580834,38.76679617922788
679.9076756515052,294.0421721699069,53.58116982710064,39.35357775816888
679.0867710061043,295.0789631715685,53.0291178717934,39.80154354918777
677.9013066744533,296.21686107877025,52.5883128124088,40.46592159914887
675.8053208742275,296.4321986316404,52.75614548540065,41.014145733902325
673.7324678762579,297.26018449046944,53.06966382875174,41.60762899137242
671.8064115605232,297.35310318137937,53.26903598170561,41.890644129541606
670.7046321697647,298.6413003721962,53.37049892086119,42.459993594801205
668.2598804188208,299.9363102141388,54.22685699504508,42.86309529649032
666.4566894636614,300.894929199899,55.37494737475476,43.25530461348302
663.6200778910373,301.0977071449656,56.94994397276166,43.66219680770422
661.7258886076355,302.30016648134415,58.52571324848879,44.16483562243498
659.4052357314669,303.39834804008984,60.10120522099512,44.73602702650426
656.123825600489,303.9524861624368,62.315838990030926,45.18192735079543
652.676238592244,304.6799100324551,64.48877732689438,45.483611564570396
649.1761019812338,305.53992534345207,66.69086233938111,46.06452455562889
645.1911063941063,306.54534135476587,68.97809756652308,46.62961359165605
641.8612572366819,307.58127370397017,71.00139089022204,47.162932256208194
637.0074439433229,307.88235927594934,73.65220900526039,48.10242893127304
633.1007560248196,309.8602724410981,75.90587863117695,48.74613377468158
626.4444913762935,309.08730110347904,79.15953856635147,49.20459161334139
622.6819517285559,311.7408168067318,80.93371759327212,49.57274302620226
618.174332723816,312.2885958988021,83.34740550051802,49.980738590192445
613.1031592141219,314.1118829327686,86.21764873343776,50.29177369889517
608.4092524058887,315.8196994409311,88.5362036600238,50.445772974364
603.5446448325175,316.00883136483543,91.2366021067844,50.72972507466022
598.962645692731,318.0411472448,93.50364680359371,50.85946787604088
594.6382500625962,319.6359349043967,95.20786704564453,51.090023524941344
589.412878766807,320.6133362695205,97.44675470253031,51.30074360849071
585.8466305213543,321.5209093899705,99.17202653828433,51.51054524928941
583.3328200157914,323.1005734442344,100.54539406659154,52.03368603190536
579.2762864927807,323.43847468356876,102.20842601739808,52.97307095977656
576.3490794278277,323.62891842463114,104.1345843508717,53.54448527790288
570.4512623164569,324.35157471894127,105.92292391876711,54.67479834731789
566.5125807771055,324.57399109261496,107.38875459543118,55.557055505709315
562.7762334873519,324.58481536516285,109.85474007612267,56.24533922827936
558.6908097343346,323.8645301896982,111.57054855780427,57.37271953623612
554.9843754798385,323.21097283833916,113.04693511412918,58.58473390317742
549.2713022358399,322.7577710913937,115.01652337458717,59.87619821407161
545.884832325782,321.88942796005966,116.16490093121426,61.30184058840919
542.948317839177,321.51352439032786,117.50935591455615,62.66289487590972
538.8407397905573,321.60662079301244,118.70680895546005,63.777473903006715
535.2421655357398,322.1594098059798,119.65676317493393,64.95998586768776
527.666716898302,322.5918731621078,121.18321834928484,65.36705005070314
524.3351094753743,322.56861242085654,121.46773961451242,65.91294818783052
521.2189914093052,323.55248937808034,121.00207497455602,66.08107402840312
518.0344368902691,323.6745056411586,121.3886677238709,67.02960598970395
516.2358182153494,324.59074099142947,121.36759104592409,68.71618922516674
512.226281005138,325.53807101256916,121.63576996616368,71.03379705855878
508.21380829638423,324.50003203450734,122.10207251944404,71.69551413383064
505.93595572830645,324.4323261738354,122.21264730739409,72.03826117826983
503.04808467491216,324.27893815905935,122.32222167812918,72.59247766516599
501.3815604630624,323.82521319531793,122.09601068715588,73.01961673535283
498.78428446399323,324.5135976047604,121.85950904683585,73.74134196935492
497.1456921600271,324.05910606966813,121.33535116743295,74.52037158063416
496.0025469521013,325.0494007759394,120.47278232081823,75.3699351565256
495.6051181972938,323.4935194747912,120.39434452327369,76.59865220466091
496.49055374220126,323.9611464609549,120.71703269859549,77.70201679693908
494.6854344866142,320.8736180971136,120.98149846654456,79.17365193190935
495.81057221119494,320.01631302665555,119.74306157271903,80.83191428544524
496.2679544682236,317.91247847308716,118.29611716659858,82.51317400499357
496.95861481171266,316.42089397396654,116.82841751781889,84.1621941194152
498.8779326431844,314.11249150779497,115.65796446634093,85.747168025681
499.88418526600185,311.9897343908718,114.09171901732537,87.44966630264875
501.6245269857659,310.18376511651957,112.8658962173695,88.95482909070256
503.12308858426417,308.54146971915384,111.15183571682982,90.25343389109506
506.3657434830038,306.1433136620725,109.36298759690185,91.97508999558363
509.43939082905104,305.0502561906376,107.95872202239164,93.28776276544934
513.8690323349877,302.4998184659988,107.22030483235666,94.90563698257955
517.0612862689865,300.7194646509394,107.46332467813487,96.40167452679147
519.6921456014326,299.09609431155826,108.0030872601909,97.81788086660262
522.6512341358894,297.61720139629443,108.66965512154468,99.19653497468005
524.8433879925543,296.64687050738746,110.1813158454095,100.80532241172142
526.829090416639,294.2801961177141,112.36337197670174,103.23497622761289
527.6735836719366,293.54412059802166,114.8660048623162,106.17303221809331
529.0596798660803,291.1032984452743,117.80850077511533,109.26934300937452
530.3467201373272,290.2553246071662,121.36968415245185,111.03148443758153
530.4277525194491,289.2556857590598,125.5767547679994,112.31477546473069
532.1290404248687,288.61096598858893,131.68486678522413,114.10229806069182
533.1828134136949,287.31889900331606,137.81511759101895,116.0196432147856
535.4210950625841,286.46192844238,144.00667181643396,118.16811140598793
540.4365052517793,285.0023238320065,149.27689685582908,120.46199983453681
543.5174412328312,285.3303825537321,155.76631864830296,122.89735287105081
553.0770208103434,285.55343975595247,160.94168082506565,125.96558625828172
553.868662500437,283.3498365398996,168.3654765693292,128.45549330054828
563.6704877004164,284.4499072481619,172.74464286553734,130.8098596164151
568.6057734883855,283.559048043038,178.52341382652554,133.88990785683254
574.809741569342,282.52245745466155,184.18258200421198,136.7359053339776
582.0551357565207,282.6642805267634,190.76284999582145,139.915874845673
585.751697119578,281.7242198099523,197.4117719092942,143.81918892341443
589.1310141801982,279.82181526320977,204.2077728359664,147.60658160861394
591.5342882400516,277.8353916097272,211.41790638740224,152.58435905416707
594.8753140054068,278.16912514063944,219.27258562298806,156.69343894745123
594.4304515098037,279.52103596475297,229.19548226794205,161.1574196330559
590.3314580495625,280.1923931163684,238.59941348812225,166.50399633019128
587.9350196412657,283.40538273450375,247.97532577377086,171.7080105326413
584.6653654908247,282.88881121085467,256.1654437203058,178.0438040315996
574.0054986895449,285.92126982914965,265.3907711949357,183.4926254272118
563.8240391623913,290.94218769459246,277.4046378200437,189.56693959866988
551.6574542474665,292.0019386772833,289.62114371709293,196.3369640004758
534.3563630359927,292.22035104498366,303.7015651994889,203.07104580880667
513.8686511686057,294.53362710413785,318.82338747857443,210.08262769318384
491.49776194306094,302.6339294712177,334.7481989191658,214.53947840336008
461.1965427047932,312.52777729189677,351.2983073786114,219.73578773636717
434.5807780280199,319.8359222017423,370.5327397167772,224.77937378642713
405.13984132624034,328.4265799926707,390.7370580361078,227.76951168052244
385.10162941899426,338.8107290137675,404.8120017480609,231.2347608490222
369.28710086914515,340.2536928901925,419.3218590949515,238.58235455765902
338.4372213377756,365.910662323705,438.0304339230714,236.92653107759693
300.7926720569862,370.8008911161894,458.83703431570495,236.47066799030887
277.097419837418,392.4465212728447,472.7726475500074,228.99085482055295
253.21509743161408,401.71732324101487,475.2276114228945,229.14924211040886
218.9382880232257,405.1048375067661,462.671305923265,230.6786607529786
214.38334425858497,428.56707215469,460.1036936814283,234.14371782431843
208.72934406304324,435.0479936832412,458.6530642736226,242.09893943396406
205.7380631691311,441.71223902868303,460.5967490511014,250.0018215763323
202.75227591927813,448.70906074920686,465.1687386613954,251.70908488882472
200.845667941033,453.00402989322197,471.7964883283654,253.29536940200302
202.02550663836143,454.26103308875435,475.7956504455799,251.89933538490058
201.9091540532374,460.7492721038151,483.0008278066849,247.6830788361023
208.3738399769614,457.82710261983686,489.11340999976426,242.59184994822385
227.15917529269439,456.5693915183923,493.32006404481194,238.02318811714693
222.237633728927,453.36462009515765,497.13030310572685,236.95233230867848
240.9320574610062,455.79874592504063,502.6895604999669,235.3358129983082
246.9654475037917,451.56234295029947,505.9555450399452,236.75015775852063
254.23419695290764,446.87557804661117,510.52310862645453,238.91033726987672
261.35440035901667,443.5300225709733,512.1002620101593,242.3909792136604
272.25710312585636,439.4675141092082,507.9450983282866,249.34178761534764
278.88474350386605,428.3267344432036,501.2438432222916,257.06561531893885
298.0914198594951,425.7675069978085,500.50560800370937,268.0282765428895
296.18035198669406,420.68643464406125,504.32671689981606,276.8353907137323
302.81066525787975,415.1619085111273,506.74026752724455,287.9121252914331
313.7535408830994,393.74060423710057,508.4084332079576,303.16126803443285
326.59384570685506,377.9521751018326,504.3388636758027,320.4790988238897
332.2567510575372,367.6695400988881,506.6218166692016,334.18900975232503
339.41834629814105,358.5492149399008,505.8714258706112,347.3176491144891
351.7146737312844,351.6106282956887,513.2280565115266,357.8971649131368
360.561365235044,335.6785484981783,527.5443704644566,363.62593708750325
372.1520278219956,325.25891720053977,540.8013311181901,368.03538248307325
369.74217170552447,322.97318857841157,549.1785120038576,371.9068628062481
369.7112481814097,320.56029851485874,554.5741016706479,376.2350821640342
362.0459759254961,306.97788082357226,553.9643624071455,379.6452998555671
368.73310669589205,307.3806678438844,551.1827741680504,383.7329481469436
366.0775217466174,305.7187862358737,542.9855679450787,387.1288299880098
370.00063611860116,301.5613109384177,535.4779801591819,388.38706747867377
368.0803474300899,299.72783347848673,526.0409372206527,389.11841448837947
370.5529357064449,290.76393919646364,516.5073593503463,391.74422208013556
374.6890728268653,281.52192725812847,506.3217772043083,392.2927295993841
374.89942335750106,271.6310309465983,497.94428617263884,391.68865224258604
374.2524495290732,270.7413187137128,487.95083263015374,389.899749043028
367.87572773399825,278.07305776017347,476.4396888179599,384.82560925271906
372.05212774964576,278.03650875571805,467.48959940325346,377.42797886426047
366.7229051282103,274.7187114014563,455.46061903272107,368.04190037026933
353.41099905537556,274.88041424389957,442.1346364091034,358.84095218965524
360.22606830203125,276.64359651388173,429.18290588288266,348.4327927201865
356.0418294979452,273.4788308221002,415.90116643478046,339.0055387109884
357.533430973587,273.0183308572883,403.78523776785966,329.4697868171869
349.1976708424849,273.1068454944783,389.88762045682154,321.2445340473235
348.2609378408931,272.876138067275,374.3529996832718,311.89207179601715
347.4844499445091,269.9178116083843,360.4984771163596,302.16499168920143
344.60735985972536,261.97294602337513,347.9027827894671,294.8685675400058
346.1975382204429,264.62567026604177,334.0163551680687,289.0051998504375
338.1802522693915,259.13412160404187,319.523123649151,281.79379911230353
340.0528594889223,249.76097416209012,306.34728520191067,271.4137569448154
341.6177049912468,247.63369873231363,292.7950888185385,262.7433867686018
340.92084623490155,242.05715774726326,279.64653757817723,254.28868637481094
343.88766475142484,239.7526985191446,267.77265730095945,245.0148495515073
342.2567468370488,235.00874957711557,256.581565540295,236.52485742091687
343.5964586047695,226.32120512303172,243.8858961628737,229.19591724583262
344.405019821823,225.07858275205228,232.99793975965048,220.88540087939302
347.534118156348,218.0768668795031,221.64712033364256,214.0398431377971
350.9811341873828,216.90382256523145,210.51565769906313,204.5146654012891
358.72570721899183,204.98319684405703,199.75192352778228,199.50721536658713
364.4886000186734,205.7692514351594,189.81115608637816,189.29684248198984
374.6668095173912,195.51117214781237,182.27518501069548,184.60029925919858
381.74580333666063,184.63893694183344,174.22035298510218,180.2976486231828
389.3665820446092,180.63861292960368,169.59977010991554,175.49072809753244
402.9673790565413,178.41105838683706,162.33501805077293,167.3121883106902
414.5502013447698,174.7357472225082,156.53359695454066,158.07054455658425
422.2441903344424,173.39584601073778,151.70843940976567,148.90989001753962
431.04300936302127,170.54754171518175,147.68202556525438,140.14634979731136
440.183472531248,168.31188382312573,143.97749807828825,132.50384645910896
446.70313672973464,166.97762195888478,140.79719086814362,125.87847637350393
455.3236521828937,162.82597389176613,137.2914218789398,120.15116814525348
462.09170683396695,160.04896240888598,134.29974521686896,115.00893161241753
468.3788383761124,159.2845512398778,131.55119624390608,110.19564760811824
473.8528914205789,161.11244269048268,129.99531828149907,106.90240724674348
478.5239111432966,160.74077070989858,129.07308722382004,103.50739213808745
483.39304222265605,161.17449418279898,127.57560875650736,100.46652523989405
487.61809289197805,162.21761411876844,125.590931955522,97.39536158799069
493.0840907768388,164.76652810488406,123.19512240406215,95.4526580416475
497.7631386827742,169.59491736663944,120.09192704766633,93.03252760086994
501.1830556098341,172.78880925893338,118.58321130038843,90.78020943823027
504.6167629468622,180.84835100235756,116.571846163991,87.8208177619898
508.14963600291736,185.96877593862365,114.66104256439293,85.75489941564169
511.6309375508353,190.37628271533873,112.70192753236925,83.90399719033657
514.3717727276783,192.32227444288839,111.80273522510052,82.0571799892808
514.9622630216975,191.28915174549167,111.58757947951518,80.20928754380326
517.5456387174983,190.0358224655594,110.31992576895922,78.66686382446251
519.4292517334396,190.36249272069927,109.15529196691958,77.06385037678955
520.8484241036049,191.99749009768317,108.18798959738533,75.75290150981513
522.6776515717875,191.98053327088763,107.3354957930696,74.57868373087294
524.9180860818349,193.53467085310524,106.09653961477176,73.64747918411354
524.3151973556984,193.66098721011045,107.24530548881252,72.44616797660336
523.6193694629585,194.6430225119425,108.0901103545689,71.49293838494032
522.3238880101673,195.3390600288908,108.76231033786443,70.64593680065535
522.9227417530572,194.81025988285188,109.29872310183273,69.92892609648683
523.7523319115119,194.49011967529577,108.89988061451324,69.31726959906246
524.3392998346927,193.28932311413328,107.67657521318479,68.52677769369275
525.0597236527174,193.0548934096944,106.15937549494271,67.30799893900397
523.5461491280665,192.36771883100639,106.04568162966297,66.24064501524894
521.9081901356016,191.9221390479429,107.09390462634232,65.70838927814563
520.4334850775505,190.77560249365663,108.3896660083517,65.37965481149233
518.1307908696723,188.7576597062401,109.33746761113495,63.829964805728494
517.572403060438,187.81457443607877,110.21964566586004,62.924920879956204
516.2347409200161,186.58559189781863,110.65100265201102,62.27644422025513
514.347707782544,186.07726959227392,111.07340533747747,61.36558429185482
514.1708818039779,186.83182898614228,111.24246878779206,60.742712304540774
512.2724087265613,186.9240069911687,111.4488957527906,60.02175135359663
511.7408089180006,187.84377741713524,110.98087457618779,59.38170104884373
511.0426770610915,187.37612450959446,110.69451108892568,58.856817283007956
509.2329743911604,188.14072973748492,110.0724851925209,58.188294738737525
509.3650682472122,188.7623796195155,109.02040478117561,57.5039778237974
509.1323594963452,188.94945644353245,108.05774303543484,56.781667276549726
509.76829340229574,189.6054375738657,106.86932589854456,56.501889855131935
509.44448995370595,190.2418213508832,105.39358885117456,56.07442392920967
510.9078023795573,191.9076467046816,103.35948102971086,55.31405846941559
511.75356834862475,192.31674422358554,101.61309732862554,54.60759039363771
514.6139385297279,195.76953182843482,99.5551510795786,53.580076001657645
517.7689511603222,197.02328846832745,97.23140721334826,52.95841637005813
519.9918466867026,199.17195486795362,94.50176048393647,52.191712013570076
523.0938517783438,202.05937889673686,91.42368728567004,51.497426070719165
527.8328663220877,205.78735327946225,89.1279883297129,50.58672819790749
532.4234784542828,210.38222823497324,85.73290546089174,49.97817602553302
536.5321713717686,214.59599470550958,82.86690617300869,49.10410511296372
540.6056162848289,218.50868506645503,80.0414022073312,48.34277888020861
545.2648065384174,222.38180675970506,77.5517646811112,47.5929124849805
549.7435279764518,225.8317235799829,74.97722585777677,47.05587324368625
555.5881949019322,230.50454078813587,72.34339966672823,46.83626307359616
560.123536233321,232.5271927257848,69.30988407624656,46.68724902373779
567.1525187124458,236.89532445773315,67.06313356501843,46.22579062881079
570.0100602812734,238.1188917298445,65.2218540429334,45.65276511435796
577.109779795987,240.38075519424626,64.00922188301297,45.012190908866856
583.0602050699523,242.81343573548878,63.303472119384296,44.433153373745114
586.0762617490866,243.32775131131638,61.891961368842686,44.13499806504261
589.9441026687035,244.76884677727244,60.11017843631666,43.846485130719614
593.7569516472581,245.16914324396197,58.657039263692276,43.35968806192262
596.805970666568,245.3486463350338,57.46104695184859,42.88544413711652
