692.5,367.5,36,21
689.3638704354875,367.11961376615153,36.05295647475872,20.9587517987135
689.5130236752415,367.5468114307489,35.55143348721975,21.16612929285249
688.2697353779262,367.93367173296275,35.16312690695412,21.058340032457025
687.0658144897889,369.399829803299,34.787906940446305,20.977061155654887
685.8646756373874,370.1913860728653,34.65916543443369,20.95315224124754
684.7419940513244,370.64827784094285,34.638331878806994,21.087043599425357
683.247987998531,370.80465041479675,34.620596189288726,21.019362084444197
682.4533854322452,371.3378432938596,34.69507575595,21.050623516412525
681.4458921303449,372.32802353096366,34.58540997403896,20.87772466158146
679.0776496844444,372.89990133990904,34.51782200893684,20.923567484814704
678.8924500792683,374.1440552602438,34.668570160972806,20.908117357844475
677.2335588771699,374.73790091488274,34.528896453261694,20.907700743009343
676.8551537644885,375.6529540770736,34.94995466827902,20.827054042918075
674.5038323685319,375.7633257254723,35.10076621476999,20.746796360658887
673.0832468997949,376.4799272797673,34.86681574950356,20.839584572678937
672.6429888076419,378.02731401518497,34.996108965707855,20.733463092734127
670.8760697914167,378.2212203175383,34.76814480165562,20.80939128387818
670.3598449836715,379.1830851091713,34.634810773423716,20.68107590997812
668.7849471434029,379.27216913780495,34.68019652087068,20.6681873007432
667.8094146998972,380.1520913042134,34.83391839221113,20.563222061096468
666.7387929575733,382.11629460416367,35.26584204691823,20.489351040877295
664.5606236384452,382.1008409625576,35.05935357488368,20.58624296808518
663.4215413448618,382.66831005081093,35.15996832303091,20.510970471510216
662.4265320111108,383.84922338842875,35.16101933344359,20.37613449604256
661.3735343928655,384.34840704789616,35.19366127937636,20.546591611388216
660.6042232729443,384.88091859233685,35.06649165005523,20.671550817543057
658.8617458854444,385.0067378770783,34.846537815664824,20.65928280274584
658.3170520692253,386.2694638961105,34.98552902953149,20.724482276827384
657.5020149136941,386.95845322199057,35.131518257585995,20.80186105743264
654.6416247957962,387.4088546650795,35.31755089282648,20.828316543561584
654.746081150347,387.762707289167,35.016205476176765,20.968544408961673
653.6580236891239,389.1875971757124,35.052026323610875,20.81403159792218
652.1841449122697,389.6832225077651,35.08136141676305,20.927180614908167
651.2862452851896,390.54888299701804,35.24237478034411,20.84320267591492
650.2306714912856,391.35109520032097,35.419061012942656,20.996464169043534
649.8439417826488,391.55932570272256,35.6728427912087,21.168585858770875
649.0812773356593,392.14675238907904,35.520197937934384,21.39952651052532
648.4161916049902,392.7161215363352,35.28933770009182,21.39624608935737
647.2959923124888,393.41379397680214,35.046385769729184,21.43483613541028
647.3248513521588,393.9103935755263,35.02140111216185,21.381103414402276
646.363983893157,394.66990967961584,34.981998258559024,21.471282531868745
646.2820981786875,395.25359200240564,35.085574383044516,21.375020028623062
645.7711800171554,396.4802225038034,35.00875119072798,21.324898855463143
645.1068714842113,397.03873749953726,35.033818013238395,21.2911607522325
643.6889403267868,397.5209743985543,34.98957721682043,21.085623895822135
643.889007260855,398.62039741188335,35.31950118426299,21.092870942055207
642.8810580673482,399.83111698813957,35.25667256436426,21.25496912970695
642.9439187984656,399.85297897223603,35.370420466414984,21.332214479367522
642.5079412286473,400.5248273509958,35.44232707594975,21.468764623360084
642.0611270039847,401.47365726589146,35.23937084757887,21.563646941205214
642.1006537882216,401.49830820944203,35.38755028665518,21.60331953741523
641.4526203367142,402.78098421005836,35.55161102130457,21.649228427143214
641.6295361471424,402.59754611230596,35.57255796919284,21.655844195649948
641.3455368972722,404.32233283057116,35.72136850592436,21.751607720865792
640.6751831345524,404.2628790542909,35.523029863036626,22.020520092461815
640.8212254155994,404.8837390692644,35.81664521682852,22.079051308013447
640.600464257451,405.7738157088779,35.9982290546554,22.165534662659446
640.557011738341,406.09767439093554,35.972661655553274,22.25790671504803
640.7538292474451,407.88667073147093,36.11148386982032,22.377576149074336
642.4708047458184,407.71720847314174,36.002799234310295,22.279500748702407
642.369246850498,409.6462138363428,36.10114907331772,22.36456067240104
642.7351364947245,409.750376892072,35.91613177445804,22.30368058238026
643.1081879518676,409.99956868627714,36.008555764754774,22.135275519608506
644.2196193419784,410.965061400125,35.81174689002053,22.29142206899408
645.0613194060791,411.77240410790984,35.79866703426485,22.330113828755508
645.9053443191633,412.23741139772585,35.574671554181,22.41603300118347
646.2964654872545,413.29014741817343,35.629588434402514,22.453029174323284
647.5648993911556,413.19997628974926,35.55980980277835,22.519412081479835
648.4510772742525,414.8127666566505,35.59994950663142,22.739878653738092
648.7106695950649,414.8127286948364,35.54825869711785,22.653730267266234
650.2965848080681,415.9981122682673,35.64941492157842,22.745666586819866
649.7097695380127,416.55948993398897,35.43789431384688,22.84209493877189
650.4704702459053,417.7664371931216,35.5022180863171,23.121061739094905
651.117970705558,417.5614127927671,35.36307854472751,23.27532134927307
652.1182409219915,418.5617450936737,35.270139945204164,23.741025899528942
651.7977499813713,420.3900025578579,35.09608058241443,23.823735643478184
652.6089474713269,420.79543082080096,34.81554935391486,24.21144424305733
652.4159732907278,420.95424205010386,34.85016370951875,24.744568416073932
652.121254431519,422.1199060782937,34.80360162916156,24.73446695652649
651.6352468000983,422.60818866652755,34.73163402857667,25.109313599516824
652.1816494806575,422.78595822895784,34.74387672787556,25.178461711203646
651.0838857964344,423.7735502518738,34.74720939608066,25.57018263935554
651.1786079000467,423.62831477616817,35.06862610880856,25.288256835548253
651.1581677445159,424.2904112547387,35.10756211100229,25.63150488888238
649.8262457672994,425.0647926754867,35.13068426749247,25.9227802277377
649.7760708810216,425.44423704314806,34.981859817697725,25.975325165319852
649.1533896924805,425.8914138935959,34.69509898673414,26.12554596355445
648.4877030814682,426.68270256634815,34.50226104046942,26.36740218318974
649.0439187869778,427.92243411330753,34.46950017788943,26.753301495047925
647.5458727589987,427.87864432653924,34.48563918323412,26.47996052014546
647.5525266789867,428.40169860188,34.48829986904017,26.528316271526975
646.9232918603526,429.6329561612695,34.39350493607237,27.083706149619953
645.987647257093,429.86607844866876,34.3804949835414,26.938226652889185
645.0368951189815,430.71299198339784,34.28067699032482,27.04610637435507
644.4498558537307,431.3036018012434,34.060916280752274,27.27530143440372
643.7631943023003,431.38963015874054,34.13771342841279,27.263473687076043
642.379978002333,432.44205945779066,34.154462648220445,27.499076343095723
642.0015510175524,433.0686815350136,33.8852470958777,27.54288981728141
640.5284120260275,433.6096911252657,33.70055984607847,27.773318899945494
639.5072119696923,434.6964298914399,33.724898320870444,28.046374332303518
638.1362633858333,434.96765280058355,33.606564804307965,28.037663431656952
637.1213156686223,435.3668617260191,33.59846060875564,28.1716268531018
636.3626688879114,435.89571558945966,33.54536513781369,28.03447710198978
634.8959774708959,436.2512772695489,33.665899880719095,28.0839774948821
633.5378210935718,436.9469442760845,33.56471347460078,28.009622890075057
632.3438205231371,437.601720897831,33.63721578658217,28.00297210668029
631.008915038334,437.8403364572739,33.73796547689162,27.985538399951515
630.1114328583525,439.30062849181206,33.73979121361694,28.303381016208522
628.9907960593356,439.1939922407951,33.791065946523176,28.29283622936676
627.7210243865972,439.93520796087256,33.80395552536793,28.557113659145962
625.9522923844684,440.73477724082954,33.61633617849012,28.852219174053477
625.1821844392717,441.13760308660875,33.52181421964788,28.851355118298336
624.0637607920152,441.3392844954944,33.384087091324695,28.774752860801158
623.0373850168837,441.73391748576233,33.296597257081544,28.908990338765186
621.6441893640991,443.0109145454754,33.18909007555963,29.505919948282013
620.3908172902203,443.5920334548331,33.19167048125175,29.539897043888402
619.9613000152422,443.7353659788212,33.08431412344358,29.51733576616825
618.6513825911571,444.2628136597951,32.94148513036603,29.54006019525137
617.7564140649195,445.4072415701675,32.93714618377234,29.588499906733116
616.0757028546734,446.04207572670015,32.96155941275135,29.52530875888999
614.1453264096591,446.07690387766945,33.02779311675998,29.344527494383073
613.5174240899534,446.7090413718643,32.928232241416225,29.51052997276736
612.904146703204,447.56646297247244,32.949015687896264,29.84149174896808
611.245677679056,447.7767973248237,33.01258845794824,29.72736398049726
610.51496823075,448.48338126837666,32.973138795676604,29.86096607000718
608.3999960383717,448.8386433326089,32.95903983021346,29.818464514536963
608.4847075821615,449.54783035477294,32.956363224886964,29.93912734021164
607.2706390984054,449.890300981349,33.09858505606182,29.969990067886794
605.1512145930922,450.2077375875659,33.34133054152652,29.949032298873504
603.7584647186226,450.88562643873684,33.30365080705197,30.04252722913038
602.9893993625952,451.30016758548965,33.494556091479225,30.109669672792208
601.6764790609702,451.59328073136726,33.376147589275746,30.1575962702886
600.209669164211,452.8215000173653,33.456092971020354,30.19471085991374
599.9089322068371,453.6112083706729,33.33685905200123,30.478008801545272
598.126376780928,454.30305979973383,33.102217668406766,31.044486950808597
597.097715654067,454.4682948230608,32.692874177347406,31.472532500544474
597.5449054008934,455.2470293455838,32.41260944504703,32.186834409630514
596.24358260622,455.4363593365086,32.10474902433847,32.591198977265186
595.0566844469907,456.4553175510362,31.633427773827272,33.15536861540966
594.7120527170916,456.61433124406136,31.108449967374668,33.02015903119256
593.7489361122065,456.96618581532766,30.86223811832252,32.796453573419015
592.6879425529963,457.20149599197384,30.647448264925675,32.18371922159437
590.7182080717312,457.890817353796,30.735129660317458,32.52751876727527
590.1361519545861,458.2612827706672,30.797708839302096,32.75665889167047
588.8612887403061,459.0128806051331,30.634849103387634,32.674743129965265
587.7446788101371,460.0551492728132,30.78130629702326,32.63583672645932
586.7191705804903,460.2887519785211,30.881143371131692,32.772813021948934
585.7555026893393,460.3071449740676,30.54786952666354,32.42345681658428
584.5908386422266,461.207831331467,30.295141813775334,32.0541796294344
583.6023743048679,462.2829773739222,30.116211494962442,31.727301154982374
583.4210970812461,461.8866500214526,29.97932858025037,31.832374261162787
581.8412930915758,463.47751298119124,29.944558422002604,31.722072349101374
581.4579373819677,463.6744557314803,29.959738121057285,31.61238966262546
580.4222560842703,464.6925705763273,29.805924858908263,31.72528340318359
579.1524097586353,464.7186122809342,29.768823601105282,31.727495708914276
577.8152969845389,465.0321794748688,29.749444918417282,31.70259532697311
576.7597684409827,465.8762692497454,29.619545699072106,31.684485352529656
575.8546745591362,466.3070933451695,29.458722181751604,31.689433562419268
575.5473114246392,466.8983613910711,29.275458843888345,31.78116776671284
573.9331453811473,468.34295044454467,29.09751494324726,32.03058452556469
573.3625330279006,468.5712169035129,29.013498584715407,32.13655631639514
572.9373576959816,469.15286539886426,28.873739864493146,32.168714280793495
571.5721877464672,469.4408518075925,28.68928531848421,32.2154916264153
570.7481857729435,470.26835121317237,28.830915621656523,32.415302576302906
569.565955702113,471.34911524620406,28.607139669796375,32.523326264237305
569.0985663504479,471.98735436754333,28.74478224517789,32.33641294103052
567.926295367288,471.8542651837883,28.673318123240776,32.33794641751696
567.1983337121428,472.29109505167025,28.305921640783822,32.499092694860295
566.6402461028836,473.10664870220137,28.120050560321392,32.61687293270796
565.9719619270265,473.4975103082291,27.968116886431176,32.41615642641349
565.0613630048413,474.0417489139452,27.81459842506915,32.440770803001676
564.3573109775746,474.57262898559947,28.27997658276727,32.65441666269143
561.8883889607674,475.1556323333373,28.859827013628752,32.905010671409
560.1759527254046,475.32422926742584,29.6469986882272,33.08554692007607
559.7466050156618,476.3233438559583,30.407404677571407,32.90380457849088
558.3858784164543,475.7935994094547,30.529969001932322,33.18198124424881
558.4221037995127,476.1077568450956,30.335728050244754,33.461102684212
558.063242774648,477.37007050386865,30.008728854208627,33.373162597729845
557.7079283266733,477.49845532886894,29.847797295789334,33.28044468909082
557.0069447794104,478.72758133085716,29.143185324992217,33.74965264032983
557.3216718215559,478.69287254113675,28.777563124370133,34.44540590025538
556.5347706755191,479.72704480504194,28.355885832703457,34.914450174019755
556.3809796643964,480.47744724394687,27.944187194796633,35.31253936778883
556.6402873570853,480.67560700478055,27.65105960787109,35.539680496565595
556.3869992557151,481.508912895991,27.280582013366548,36.0033048629789
555.9260419603581,481.22968482600123,26.850373701210202,36.29048801583115
555.0617041991768,481.65312585373823,26.648101085335824,36.245350361812
554.7752017813187,481.6020120407706,26.61498515584268,35.82103937728895
553.941590238195,480.41927533694377,26.750812091501388,35.60654600141905
553.6678117703868,481.5959090659819,26.62186817024122,35.23302357374587
553.4030652542001,481.3008769678427,26.410836135762054,34.95092948106853
552.09744593141,482.3677747213377,26.2230296954353,34.69269568825098
551.7257833256856,483.1099711892428,26.01193302902316,34.60026039308867
551.3609434160919,483.36580052661367,25.856678184437797,34.53263084093795
551.3519614653981,482.4047169064267,25.772097830270976,34.3618989972207
549.9150239036292,483.86044605081537,25.66434453583997,34.10981041555088
549.7619308385844,483.9105681466732,25.65977135997558,34.09608162811921
549.2007232364881,484.32321317647165,25.672509368619075,33.96225623107422
549.1020596008588,485.16116506105783,25.76740073811667,33.76298374566198
548.5456342956398,485.3980694352891,25.593445003568554,33.738910430062674
547.9357657159651,485.68127222170364,25.49834053484343,33.8107147962365
547.5580934384076,486.0346689294314,25.423861596000954,33.979349342130504
546.6824252427788,485.6830970075725,25.353537826240263,33.979213869423006
545.971075814877,486.9329366030695,25.36746433268607,34.09789519783812
544.5691107605799,486.7012711779051,25.396195743236504,34.12290386169696
545.2893799422831,486.7159670621037,25.17721308966901,34.082990823896374
544.7975084398031,487.928946810674,25.17846913135694,33.95812347458288
543.4174590936401,488.05327491133477,25.238500780378338,33.94380369415496
542.2831090123532,487.38099110376567,25.24738453479498,34.02578030492156
543.0787945388083,488.1520295381645,25.26593052652433,34.13859123157214
542.017416126635,488.3817002464102,25.183606364847883,34.22472559604472
541.5730417294021,488.38814257744735,25.116658397705564,34.485133803299874
540.7148464281672,488.58317173204074,25.21062547055046,34.44144696599495
540.6899352802634,489.19874087232387,25.313559144461685,34.36348356259547
539.0766504190276,490.6710487070347,25.811537186406326,34.39908749575864
538.1018194933575,490.5678661479179,26.257548253254143,34.57852157586581
536.2830260317054,490.59567152907175,26.783934128661066,34.49208114923841
536.0678770397857,491.1836882779954,27.099947381052765,34.52387724600332
534.4063687993653,491.2963755209126,27.314133171509738,34.60806994342497
534.4181138629348,491.03452952629135,27.20491421278153,34.98374731272099
534.2659525082098,491.1830568983055,26.932588388887098,35.10898521843866
534.7000834648861,491.7276148251947,26.73786784258853,35.20296160117915
534.0403139715477,491.8640826721108,26.186814354328007,35.59245303470824
534.1199295019088,492.15758413820606,25.918398350466063,35.84600952548749
533.4565550926271,493.35610839253224,25.633762896454115,36.61339425772568
532.6524577836525,493.4300407969414,25.316980211852016,37.135220653932016
532.9046453608084,493.4053325085711,24.94772886175177,37.406831365861606
532.2026718195755,493.2120792678952,24.716295795330087,37.534791345815336
532.1732789854469,494.67157273524913,24.516244061720332,38.08156678789284
531.8811165602096,493.6581463161163,24.326624832318963,37.83588597099188
530.733326206627,493.9901624457333,24.13645796372436,38.04435389295599
531.15674439168,494.0452312079142,23.953360559606345,37.821577120223026
530.5451809651312,494.33056473316265,23.88602026964533,37.71480437733952
530.3305860812493,495.18567591761234,23.829691909729362,37.77886112602442
529.6866001367533,495.40420375516027,23.79152720967091,37.68694552065166
528.9203248226235,495.34766527286683,23.71423410700418,37.651194664222224
528.697245562916,495.3048973534342,23.62829647888171,37.53027782047308
528.0526530993174,495.2530357873401,23.450378520832775,37.43257021468917
527.4191902114085,496.0049332895371,23.315015978970337,37.315483112249744
527.0880890431295,495.66074965095333,23.14826934091885,36.74331264584888
526.0768377294727,496.7538066007385,23.074846160279563,36.127076966836626
526.1670142279318,497.50803515974314,22.845048104211052,35.56312905702975
526.1857244350324,497.40813110317197,22.817251826621405,35.301970910930955
524.7487394033852,498.4403991232964,22.827368435326036,34.79427731700939
524.3411113763788,498.97618674183843,22.58098100808427,34.714364463004785
524.1094004332549,498.7867228710907,22.566759702517736,34.61933260953525
524.4771351970219,499.2383629345993,22.434727717898973,34.611452768238934
523.5915820428028,499.1853122371162,22.31062268734046,34.68038946764416
523.2065724749795,499.36622905352283,22.258954839878577,34.69784716063845
523.0835820824516,499.8247756233913,22.290695640183447,34.81901448080148
522.2880822879348,500.75359129657284,22.393727618857774,34.76879242093738
522.3320203095864,500.8009920524078,22.405900743426102,34.855970490981164
520.8545606637527,501.597289927441,22.49621198570081,34.893800790147196
521.0292616890489,500.7547561510887,22.399988173977107,35.060388518785615
520.0287902175494,501.6619083384105,22.51500689689096,35.03419285061641
519.4943317063959,501.85567862679613,22.769815011021652,35.29060345144218
518.3081960203349,501.9815233421678,23.492311831751906,35.16508383635832
517.7462264774025,502.6745003784809,23.790732905570014,34.877484103331746
515.7397362841506,503.2931676831274,24.558661431264355,34.90172853075132
515.296258906068,504.1617280630477,24.729957522726068,35.096303351393324
514.9431800143013,503.7055414394657,24.856115680576693,35.015861044415246
515.2540336489739,504.75790856390256,25.140150102820947,35.03267878605057
515.1206926657147,504.103732605612,25.156269431294923,35.28564737800864
514.2532831654732,504.8106690149958,24.94250709384916,35.647133712988506
513.9398708871088,504.979005862712,24.673846130215125,36.067527995938335
514.3779608489571,505.5965499533882,24.428743019262825,36.771159564036594
514.1090831403069,506.4205539552316,24.299127878778116,37.33160521559278
513.9214170461509,506.3611207993179,24.06808395558282,37.62042202755076
513.7108323093697,507.1137169331699,23.87595280763549,38.40899411264526
513.2859512070418,506.432815472334,23.86978003476006,38.501470705085715
512.8134513588551,506.8321347081956,23.735348674156942,38.876512181215574
512.7468781215998,506.9205587018782,23.625426379093295,38.98509605572788
512.5070674555199,507.00921670462156,23.40363396060481,38.62715067764443
513.1364684788166,507.12170270729956,23.29494871527333,38.42851777668753
512.211625793869,507.98129124781644,23.21781011151284,38.353467587743594
512.8507760417125,507.66147388970285,23.096071228908542,38.17502193831301
511.87760895906683,508.66610047751675,22.985156324986075,38.17627634630333
512.4806192417714,507.7456744616679,22.795225556596897,37.64813461884581
511.91714894222144,508.5300123109368,22.675180958629575,37.35591229612435
511.7155537018,509.3390905579244,22.622759495273826,36.81486692714148
510.33248040749504,509.7908329263211,22.356967531027248,36.44108461535107
510.55717620814295,509.27628107398357,22.297558391660765,35.68113595281579
510.1989853538577,510.4150542391714,22.317302827396524,35.30884243673303
510.27499206592825,509.7355275740075,22.267808237429065,35.25995585617221
509.6414027888725,510.6299617956696,22.283256587912074,34.9091615247865
509.1847856397727,511.1490268813169,22.318665149112086,34.845543215293006
509.42443851195674,510.50498450567295,22.177279683054838,34.9714539801459
507.9768442194208,511.6585583263859,22.090215193480777,34.82557314246152
508.45877264856324,511.79508004360434,21.920379345594696,34.84986509430091
507.7234630745879,511.9648624229767,21.808206688278023,35.03105085816969
507.44545576479084,512.2228455123711,21.830122682689087,35.13628243948608
507.2190405161792,512.1672857635959,21.907383001880504,35.26255029452451
506.5724235662217,512.6251567652879,22.09191364614204,35.3106891281042
506.3590729412538,512.8057276768095,22.081050791282323,35.458369686557376
505.4171688510465,513.4599860249887,22.300553523164922,35.39203691392041
505.15352802819274,513.2181056431134,22.343218740258724,35.5989448613277
504.59330876022983,513.6684110507567,22.587906853706848,35.550642021333296
503.2331899612879,514.8285611783954,23.019588114234107,35.369060847934605
502.9710628870774,514.6280816006638,23.271770215660013,35.36698865421573
502.88485484341453,514.6854179605806,23.392709068175076,35.40457874127442
501.6660430798195,515.3346994820188,23.5540810408761,35.28631867595999
502.0590798355033,515.7758462449508,23.646803212892372,35.25066514090253
501.33850454588065,516.4606567890776,23.646289930863006,35.35332205157327
501.589220377231,516.3045653616615,23.564654407164053,35.28853360198886
501.67353919498464,517.0252013447972,23.426701328468845,35.52451929276848
501.64374445118807,517.4901365450202,23.191120300286386,36.14485424224468
500.73478577947026,518.0467454944929,22.992057710936955,36.8704546549905
501.2484783755476,518.7206066084423,22.63017780881366,37.50249939200418
500.4044606871256,518.8420412405519,22.56123646198673,37.83542130791864
500.86742883124583,518.9596276771847,22.355926110731307,38.206295647730606
499.6838996060264,518.2970550521227,22.305271634305562,37.88198737707986
499.995086032558,519.1834281190089,22.32313527816767,38.07705521196586
499.55307213612946,518.6780549526081,22.360890960085698,37.843497603040866
499.26641315525444,519.0156231953622,22.408843569205096,37.83655308692731
499.4757529330992,519.7634218819247,22.49845495999915,37.741672376209145
498.74572138662336,520.4138675141718,22.36827399815657,38.164232130048475
499.11516935068147,520.4837435388188,22.263602008028656,38.12577938899503
497.9455511429669,521.1397573575127,22.221158173289986,38.03668122929861
498.2374507653939,521.3669377104276,22.0869854040086,38.27427674552631
497.4773755647705,521.4202403856634,22.016264232760832,38.128736959359316
497.7724074693847,522.0946912305301,22.14653805285067,37.84685091751415
496.8438484959772,522.0620563846918,22.190441816811962,37.452343581822106
497.1536358251179,522.7799238951782,22.295133866427776,37.24464699106338
496.28199927285465,522.651919934206,22.273765566802346,37.08744538527653
495.53051504592827,522.7852991004963,22.319541718904894,36.86518516102341
495.0564488103102,523.7533835287428,22.437807959653238,36.62122173360764
495.36046717351235,523.9856696468123,22.566216004538802,36.48106711836579
494.2437434698303,524.7341766412918,22.602122413444054,36.299275273533695
493.53792750519744,524.8729191923661,22.68118367067445,36.26997474801577
492.88243297992756,525.0796486256884,22.72883022148131,36.27530649001579
493.610189264741,525.587849526577,22.577904658423307,36.13458722102576
492.88404780444256,525.8356964617635,22.632865877970403,36.119303151659
492.0959601896925,526.0216859216039,22.72255431490614,35.993594620343096
491.9200286528238,525.9504384298804,22.659460789169586,35.90759264994524
491.70689950928767,527.5911772091216,22.64844423278751,35.77315235914758
491.13121115498643,527.3809630247833,22.666999977530367,35.56074736619839
491.30575644166254,528.1326265814826,22.87827055110501,35.622556566238536
490.1085189387572,528.9559678737058,23.250771470154255,35.38372198231831
489.62476144840974,528.777644100739,23.517529662595443,35.367906808572975
488.7408933955542,529.6732122875216,23.904706919925385,35.42205215516952
488.36525803801896,529.4717017347505,24.181933669656296,35.44087632362739
488.18941313745677,530.168917375579,24.3531469691966,35.664190322236095
487.85134595062163,530.4607972282811,24.452919209840672,35.880474795794754
487.2026495229473,530.3854803552534,24.332007264202197,36.22771629548453
487.46953008633653,532.0451742617009,24.396840802951026,36.60714573570235
487.6729426531605,531.6771552371213,24.155908344822123,37.191504596848496
487.46665726806543,532.1062052632753,24.026036137583787,37.85116601342781
487.94076025166805,532.897211116161,23.739257072195834,38.771387336068294
487.26699345504676,532.6026691954055,23.464324816515685,38.691828477860724
487.70789034247395,533.5766252647511,23.215153462449134,39.12208659101579
486.6710994756831,532.884752997515,22.982234761155404,39.502978804817076
486.36181674267885,533.8533863163608,22.74113960170607,39.42879362235618
486.1910657939359,533.6644306728392,22.804747777134736,39.41854155142623
486.1541031871077,534.3055478989369,22.63103469072979,39.29506860054313
486.23359583753785,535.356386143302,22.577389669508257,39.47057755187636
484.78470856135596,535.7810540286699,22.702670382608193,39.05739099087822
485.1956319552364,536.427378504959,22.70186005286272,38.88708581691025
484.84195062386283,536.9068098156441,22.64305674385386,38.88742989586516
484.18065304123803,536.58482209972,22.682255903472964,38.83075392047151
483.8737601126544,536.999541881129,22.640634868340562,38.726272837058175
483.10372263090704,537.6788957880816,22.65321957361846,38.11301075145477
483.48168790885813,537.8955687680427,22.566799084225472,37.84187540502173
482.78924737551023,538.9264919593248,22.483265248234208,37.59006961560486
482.2159297597061,538.8547228121761,22.580955648948056,37.4243893542135
481.45516809171414,539.266132437853,22.72281051073462,37.429365608383264
481.7897665659775,540.5529850207719,22.633435029607472,37.448232177927565
481.55921842619875,540.948160853183,22.629146080769477,37.226891962919154
481.08077796672046,540.6671730880745,22.53235063292008,36.9525610999897
480.64641484749933,541.6345703093839,22.4141797008186,36.725668612021764
480.1033039762227,542.2177676344195,22.37151653183468,36.47495264189361
479.9888124384037,543.3234456543191,22.48084013149053,36.40210706771629
478.85055105865297,542.8108367925371,22.81025307253339,36.178198714582194
479.42946172317494,543.5837515071058,22.721687810765495,36.39132524094988
479.1714714630233,543.7828825667215,22.765805061262903,36.588907867354706
478.7280838576145,543.5152037575982,23.08487344873147,36.74619978030175
479.6480399069868,544.3338410364324,23.081419436954377,36.70170986580654
479.7689378536795,544.634376063915,23.133295777388845,36.68435918359076
480.0393216169957,545.0001707406171,23.325928774418998,36.60221250291596
479.71171681922186,545.461768982491,23.617836049724772,36.23156687146702
480.5131456285893,544.6197354305365,23.950885437253703,36.14302140365977
481.47369920587346,545.7396119014201,24.25591949705613,36.22918212957149
482.57415509948055,545.633089179395,24.502571596484408,36.50802859060795
483.96418575056487,545.8236742229652,24.648298935291685,36.75502613270937
485.25664245619515,545.3607924832079,24.495881118055777,37.11070206015342
486.8680250978327,545.80543069658,24.315534076281562,37.52282081125064
489.2987644448493,545.7678371752548,23.922787262436294,38.12788164225752
491.21142416682335,546.4851257911412,23.51883236431032,38.71114002755024
494.0783709623102,546.9001756032022,23.17590900343923,39.762648412766595
495.72347091001876,547.0873058939821,22.599516452458673,40.98677149629154
498.65268676090614,546.3303679235454,22.211900886090433,41.58233810622481
501.50750517630445,545.8113933375021,21.78262141613366,41.81474010051983
503.4966701784176,544.7105803326776,21.71305696633542,41.22788177522316
506.3359648638811,544.5766889031544,21.833624738047693,40.69258902267829
509.17282716647577,543.8065039620495,21.607642118179314,40.59890197911437
512.528655466639,544.1071710643345,21.562415514343506,40.51812613178314
515.5858957661662,543.7623517153276,21.695815374120713,40.089660133523196
518.4281204312059,543.859208628063,21.415607605930987,40.113643853938264
521.1564208433522,543.4222044271485,21.31308030611342,40.09158374237415
524.2658500170422,543.0519035048819,21.075772652245313,40.07702471873916
528.6815562150322,542.2422154241318,20.613204288553106,39.754476904294904
531.7072579541361,541.2611175113232,20.6070316758236,39.04890496677443
534.4075985161145,541.5729409320894,20.224014507555417,38.4748084461951
537.6848631109648,542.2663510987361,20.082002865462215,37.98879155967148
540.6539485157134,541.2851835196439,19.73039850417676,37.88310136728525
543.5866886266737,542.0834688772931,19.435313751921772,37.65704015725879
546.534754185909,542.3842235730641,19.20858475594853,37.588736811344305
548.4195874341573,541.1176840441391,19.152163889716245,37.74392194448116
551.7712793040854,542.4288472690084,19.000726789874744,37.75792633771418
553.3226272420454,541.8645076214808,19.14178482401931,37.879752290713284
556.1835250941843,542.0603648387261,19.11726904985629,38.01270857632322
557.5959485987446,540.9375531184673,19.192549451624448,38.082977774515655
558.8241066128708,541.337934924384,19.154390524049525,38.07048857006929
560.0898336638243,541.4197322688577,19.20510643175576,38.133723231116306
560.7959796567798,542.4385735364151,19.27640564476581,38.07370135197687
562.9603955402008,542.9783472695218,19.222794272058287,38.21580710880126
563.16199742341,543.3266210548129,19.140493061820962,38.184127296970004
563.7666051267121,543.8654113352719,19.06734254226359,38.28880498438119
564.2825516243884,543.8232736314919,19.34338168535406,38.07786469584471
563.8968833187556,544.1603349778827,19.45602653274169,37.72697170339017
563.8698413425833,544.265716535065,19.677755730876697,37.54767619440763
563.4507748602206,545.3179014592787,19.838186983947416,37.377204079668694
563.522289521378,545.6909513288937,20.106821164087524,37.268051197414295
562.7329837874186,546.9109739311269,19.95694013360834,37.41538711744418
562.8318986127832,546.6941758417487,20.026816191621315,37.64091184084114
563.0002080098366,547.9836060742969,20.09719722394594,38.14862521493244
562.6659340964158,548.5401629940842,20.069611019968477,38.73741293041921
562.6950397705031,549.2637958440047,19.996540842005075,39.44659058804595
562.2960441354095,548.933265662949,19.933774940084568,39.798064544403246
562.0743993309918,549.5283771750637,19.943143927047824,39.94658210740809
561.6743516436113,549.5877122539324,20.0069730464302,40.16846579960623
561.5384657371842,549.7443474468724,19.89810521680748,40.383337389129025
562.0338381306049,550.1600043065962,19.959992165767755,40.62132575174333
561.51954125806,551.7007441193307,20.006184122622678,40.52782839937607
561.1930922186681,551.1444252622734,19.93201365797249,40.5071109728047
561.338569059832,552.5602424335794,19.82964495899338,40.61483248041243
561.5082363444021,552.1093810690339,19.88164578781205,40.81564893280041
561.0449025100538,552.9885070503905,19.76453253361877,40.73155399351734
561.2186404461153,553.9367057053037,19.576974224695945,40.663045053251054
561.2487236659728,553.9757762491627,19.30689088041224,40.53147675731805
561.7358503669825,553.6499259676268,18.898453761618743,40.5928374213267
561.0798643697933,554.9704447665107,18.733930728455146,40.31422872713869
561.0430265525233,554.9721990446861,18.411456101831362,40.33520437305346
560.9597407450103,556.2993451162263,18.30538221357478,39.98572394605293
560.521167285178,557.1221556169132,18.27197102872441,39.579808984107835
560.2946380760377,558.0657663570411,18.321435519383176,39.33559394782948
560.5056242979449,558.3538232445966,18.405569571426057,39.11935579212983
559.5490687338543,559.4047120270599,18.431710537215707,38.99454174725329
559.2113351678629,559.3525708468107,18.49698107877464,38.9577439964865
559.4197188028464,559.8742414239503,18.54688533523974,39.143249272986026
558.2244266703638,561.2486765391014,18.618795989517736,39.53797259241201
558.6340472603684,560.5495667647019,18.68131630080707,39.50194142881625
558.4055451856982,561.5310705130499,18.547976319154728,39.52402824097344
558.4369864248937,562.2961109739201,18.5065442932702,39.54398661061494
558.3324048234688,562.7096027131182,18.266226068450585,39.79975988995478
557.4633923248159,564.2583789338311,18.237726393248124,39.91036999468695
557.7219047437476,564.639282541225,18.17247117556483,39.866522064681476
557.2985223877802,565.2706035130983,18.25154665944188,39.78051335972732
556.0723976961942,565.6562277067159,18.41289557378746,39.44990968374818
555.3201592637354,566.8567307873537,18.817454073226585,39.03786533830666
554.6883159538587,567.1897777807001,19.086108978540498,38.69440706185332
553.5752353464485,568.4637030554468,19.371261863969394,38.53989948416158
553.331448778177,569.3782502745765,19.468477208134924,38.71799050503917
552.9112358312482,570.2377065765479,19.427587155413622,39.018796786518166
552.9262551680537,570.5007969577073,19.61003690956101,39.28535207766616
552.9779826946129,571.4426742892563,19.673374025655754,39.86296526010336
552.3998871889363,573.0163788244489,19.5882037765948,40.11182503432265
552.8917923967383,573.1935791033077,19.556745050329454,40.30829406068861
552.7241899240703,574.0196486102249,19.507844819931904,40.26509803238904
551.9978057337175,574.1260122597737,19.38019199130207,40.65440220263636
551.5563399274823,575.5006962403602,19.366323860596964,40.977219757820826
551.4039880814131,576.2242708425028,19.409981381547137,41.156310926193356
550.4575744950738,576.7458201949341,19.52158501868799,41.361059659189436
549.9781660226147,577.2747753831653,19.48792973221824,41.52159184196918
550.1318885877132,577.8140267777663,19.440167853402095,41.533870503038756
550.0524893554027,579.2901450205809,19.214704292666745,41.84692237037589
549.5085430812517,579.4464001140823,19.139362726321817,42.17190931042927
548.9016527052096,580.0334369380786,19.288865829480365,42.0854128862144
548.0229224370344,581.4240405443397,19.211968984963843,41.92884446954481
548.6026698252732,581.9957641541431,19.00714743913401,41.636436182738336
547.875931821589,583.2008265234375,19.02292889694195,41.35163998495165
547.8030289059916,584.1264488409448,18.87228265289369,41.02248065896555
546.9648942415631,585.5960734702686,18.808811252418803,40.87353105432508
547.3369094417343,585.8149459019393,18.588122150179647,40.998702469822774
545.9927738333789,587.6854823446507,18.59525818927808,40.94206733616997
546.4001005727231,588.8824018369716,18.42145978451867,40.95096334641644
546.2238247920455,589.8117748586187,18.35736486531339,40.914335466231044
545.4373863441934,590.6766422599777,18.356270966339917,41.020243001312124
545.1828524163096,591.2812040256599,18.541580070953607,40.962867650337174
544.8317360718752,592.155380657155,18.606776376670407,41.06325496504465
544.0445750306515,593.4911373408996,18.655490038745988,41.23595007648308
543.4845420353728,594.0088627621994,18.54665905378597,41.494080481213075
543.054995070932,595.6326850258611,18.622774567178446,41.3954089420185
542.607223796392,596.6598578182821,18.714478446004595,41.43652448731865
542.800139007266,597.8287342610948,18.5241208458499,41.456597119347535
541.1748711832382,599.9918838939407,18.456894595864657,41.54744215220938
541.1168800144669,600.8072369329507,18.6712407873984,41.57662493775286
540.110276464742,601.6244582754267,19.042389871978465,41.77266998091986
539.2400919177587,601.9353623672877,19.454745426630694,41.64032056675775
538.8044008925203,604.1410062362918,20.01256025594295,41.470104529799215
537.4819354684245,605.6220986671268,20.35700334740556,41.568493722847364
537.1641060009619,606.7787269048927,20.71233549867353,41.76688971695056
536.2403585670016,607.8325520148691,20.758778511506826,42.28880521278756
535.8663392166529,609.5277177392838,20.911651840309325,42.460354590908146
536.2990507793439,610.070066305767,20.89312113140463,42.877070564860134
535.9061052429995,612.3239288535837,20.531440044326235,43.48047046159751
535.1778520066988,612.8051678974393,20.54070509141353,43.6120263304137
535.4483294718023,613.6562919248629,20.15921012464749,43.93834225185452
534.9993379807004,616.3454665120262,20.04811627312619,44.29563694120589
534.4900350390426,617.2729694862059,20.057906987107263,44.33571966548456
533.1901761696352,618.9774059732999,19.904697422608,44.58500952355639
533.6048686997902,619.8038050864388,19.79025451956645,44.59313752007979
533.7011751752447,621.1671817809777,19.74079694974105,44.76995573668451
532.7880866537853,622.2758257716408,19.486565419509024,44.829061645739145
532.5046532103744,623.6697402507363,19.53679235843976,44.86434803636424
532.3632645570297,625.6515672354009,19.685514542396163,44.80110996440426
531.946821787324,627.5015448199972,19.735782930070098,44.3627033143462
531.5807852012771,628.9074200329031,19.769886427099905,44.13679478268407
531.2542506672262,630.6128015582983,19.916382652603623,43.70792407922954
530.9062600645523,632.2704866487597,19.752405507293073,43.79841408392995
529.5140001398377,634.2707470795752,19.912997525072605,43.627757485833406
529.5340572404814,635.0581257902977,19.919651676174542,43.36561152507431
528.8441298573407,636.9584825094636,19.96584858169991,42.9296541940727
528.4891221245404,638.6554311736794,19.71846187759624,42.91405109514849
528.28911030778,640.5102213758449,19.6863579459713,42.75754147443271
527.4288734963036,642.9696984275054,19.918712920395166,42.50657567143527
526.5816709446216,644.0925200230306,19.876803250199682,42.201722895195026
525.7762145440817,645.1282660686679,19.682559343515834,42.25978650612979
525.5388813998874,646.1211397804644,19.444373928737296,42.44186549664516
524.5263517736657,648.3656632589662,19.472332351102523,42.62387814810114
524.0904144063062,650.4131285422977,19.396338142607256,43.15575193324462
523.0685515107212,651.823000898206,19.40104101126119,43.47901163884742
522.5597053480218,653.1272410207445,19.241060592862894,43.96894319224765
521.7849135528436,654.314447843234,19.16821612364139,44.41943494277638
521.219054251283,655.1897358928054,19.563313525724244,44.333646970579196
518.7364974987497,657.7214876791978,20.18135633682102,43.663411982999456
519.1094896590848,659.2601406271673,20.684261462409324,43.872159267754995
517.9094138975231,661.0254223813434,20.822960787504147,43.79556666852132
517.0827260279909,663.4811558511346,20.908714818652218,44.00566364037691
516.7376508929093,664.7324939942365,21.130819079274914,44.35797855175933
515.4780177110202,667.7957107889886,20.973252767119277,45.14364527734923
514.9889408705126,669.4419444544553,21.23485067392277,45.981488958683805
514.0888906905968,671.2173262002009,21.4132589723298,46.36704219578456
514.3370647223377,671.8450181263015,21.678987465530803,46.35852957656978
513.4141235759912,672.8917004993342,21.7723525348655,45.92488990050396
512.5807145848901,674.4961432650238,21.76044324789518,45.33238434539755
512.7546709538562,675.6854973077375,21.64150757922146,44.17079249665686
512.1059395705474,677.4542009448717,21.41524328647472,42.88659934325319
511.75685980306935,678.2727499281523,20.939603187451237,41.91447421843169
510.82741481239896,679.541808792543,20.66902472778246,41.16133452176243
510.3763745966465,681.0349729667233,20.540203011994315,40.71176364257903
509.5096983821938,683.2801755667575,20.61019734859162,39.691015863622695
509.12423170074334,684.4728834436901,20.63376446193125,37.865282419385025
509.29605847627283,686.1468875218436,20.541016871670568,36.4208397890865
508.7076524821805,687.7775644303001,20.412751903106276,34.622702515371316
507.96904211768276,690.6343659575492,20.526315753630318,31.660489918026354
507.2678502859477,693.4370784213163,20.50190953730159,29.1756015562729
506.49236001274363,694.505775698214,20.886304399887074,27.168574505047516
505.96761154119184,695.8028914926017,21.113533929851336,25.3899746635179
504.3532929154684,698.8552556212892,21.288014877892426,23.20382717663548
504.11917265270716,700.8658502368056,22.177543595687084,21.089452282379455
502.6254718165867,702.0439116637368,22.269773387206,19.5849563611379
524.7245165348982,675.6256410273922,20.440427847067543,21.271324446571334
524.7610542588109,678.5446021763789,19.90303740204576,22.534614650123793
524.2734531351742,681.8534356912105,19.900036948704045,23.408854263374543
524.4331379569535,687.1228168985376,20.042625594292033,23.777645521510706
524.2483480451307,690.4977222958216,20.336015035695592,24.678824736250682
523.3778589420907,693.1155593312596,20.750465646255485,25.138225223632514
523.0457111437178,694.7641455604014,21.29907302333482,24.61675166557196
522.3004677687018,695.191109941059,22.011879793565697,23.47191850152376
521.8167254630125,697.5645979216173,22.587981829909097,22.106288766145873
521.2658881142593,697.9482731978362,22.833845229521977,20.94973439705575
520.850175855171,699.3875765472677,23.6394518970939,20.116836116085008
520.0192624615049,700.0571629139359,23.988805148888446,19.293504091957978
518.4772135107919,700.2555795391385,24.10456861389776,18.823939689376118
517.6086604076253,700.6553014678938,24.619887963579593,17.9769359670466
519.875782228222,701.1354673525311,24.15380628680274,17.44945470765379
519.8333648484668,702.6531861444626,24.24170889365444,16.86063162765135
519.9137813465105,702.3819013659879,23.947220438878354,16.37092312368748
522.0635397081306,702.4078763864883,23.55379278309705,16.18141000309131
524.8830395152908,701.1033604220568,23.047647153609738,16.969685138932086
527.8242941572287,698.8875636482902,22.923427206891958,18.223260354937622
528.448336179916,697.0061121044046,22.49134547083969,19.841398542501352
529.5888189116777,693.4950050850551,22.278181482841433,20.852236200279822
530.1908257831102,689.3578043163967,22.95634151660276,19.828109066331976
531.5273160289713,686.5486949357145,22.92266304018512,19.529689930205006
533.5110344143707,683.7430920129962,23.26122507157149,18.83344786533275
534.125966614445,680.3035382244688,23.662227318189508,17.987315211827326
535.9716871573622,678.7841417457723,23.393632311227734,17.687610053680608
538.0669500772987,676.2308386081543,22.85682732706788,17.415817910490233
538.8154754339477,675.3023752329722,22.687152025757193,16.95067239332198
539.620550174825,674.0916156928151,22.554221291141303,16.598823115023997
541.7850572331577,673.6983548143888,22.151815975364165,16.336808928845407
542.8927186926375,673.5822685676561,21.844135897743712,16.233321024304452
542.8886598122142,672.5251785665208,21.82973888878276,15.593122469369643
545.5914249440801,673.7984106299343,22.179962619038943,14.675588434400638
546.4814732153995,674.8678075726776,21.940434547354982,14.74225771991934
546.8850649994733,675.6266617210937,21.759893206380177,14.822369705069594
546.8080502045451,677.2627824874788,21.966987526255,14.87305326308902
547.7724228211456,682.2850020531203,22.074364853555085,14.68673600375458
547.7593434783281,687.8200733428246,22.097829761519115,14.498240534331153
548.0389530206974,691.2674261768248,22.48412547494492,13.9942542800881
549.9064942070635,697.5579437117756,22.11139237398707,14.972615953960913
549.0540874461662,701.5051041422837,22.547111667036802,15.612750392322127
548.6597564706624,704.0883237152494,23.055661232294884,15.01671148442783
547.6570361838627,705.3834995612327,23.373457443444632,13.589572449436037
546.4561627054975,703.2498788039454,23.41126153861785,13.496382292868105
545.3417252508832,700.9168999275271,23.268352476060066,13.552329421772752
545.1384836661541,700.6941719400423,23.260995232424634,13.552565730976507
545.943659748963,700.2766900733928,23.234366731090695,13.55434742739895
545.5426586514797,697.9376567773819,22.992840011605637,13.741438162639714
545.3082334673529,699.0624378758591,22.85681326556312,13.858042080492343
545.2258586526704,699.8456287372354,22.849375909316446,13.863872815396755
544.7184051036111,699.4660401633568,22.838071864895134,13.874429035820297
543.5758164858951,699.0920904960554,22.764914797424844,13.945214360565705
545.3827460547757,699.7620152187884,22.46034869135607,14.28485321637676
522.0947239063572,676.2802301164834,21.48213273428667,14.65517314632875
521.9613199725075,675.2763192513316,19.923339381855325,15.314279809722418
522.8203296580338,677.5193058731512,18.327239054165027,15.585904966199324
523.3612228551214,678.1620746076994,17.183353143597984,15.578345798151169
523.8981663169021,681.1682309288021,16.44281038154696,15.551562101868598
522.9297992294996,682.057184672274,16.113053143235355,15.401278053759743
523.0195337839929,682.4693455511065,15.660768925949773,15.223558151849943
523.4712530925711,683.0435466758613,15.439563642380826,15.334258723690146
522.9201389005416,684.3260701374243,15.159781089702872,15.56099155711032
523.1573797956369,685.1668760487892,14.979970268760166,15.290303334577303
522.775213078646,686.1415496413906,14.798873364359295,15.129062710081488
522.8426760726121,687.2530262306001,14.873868974861415,15.229918440125271
523.0046719605893,687.8873354810947,14.820359798642045,15.163213653544828
523.1385141228175,687.6244474160167,14.869740355510578,15.172107542928579
523.5759259297848,688.0124324956173,14.891954724516648,14.926292207984151
523.4001878845847,688.4359633763572,14.879617712671472,14.814126152681197
524.1312105383765,688.2994862077071,14.916638638722839,14.72749580084119
524.0327091739666,688.1539385148278,14.986596823918742,14.724488130407277
524.0452209457565,687.6949565722867,14.978942504097677,14.709676577657458
524.1286819129981,687.9473018627383,15.11447453456309,14.580119630368092
524.3953982695772,687.6763874299561,15.205990859433621,14.499486521311653
524.7827539796889,686.3060518396106,15.145896333932031,14.486131050619989
525.190779911631,684.7747109931067,15.095932121300523,14.473186847174048
524.9434426174004,683.5057182745941,14.992485901160592,14.514032591892871
525.6613583888293,680.1609525915983,14.877514386569498,14.622331410124428
525.2071216207341,678.7074598144835,14.827252695175051,14.807310643400575
524.6931129582459,675.3259423095942,14.997534863138554,14.737300170543564
525.2541336055696,671.7274170145495,15.0449563685171,14.8031580764595
524.8894561026251,668.2214467647016,15.084266017655665,14.707998089400087
524.5447082563632,663.5625041081902,15.061821958077626,14.542216982439854
524.5841441407699,659.2746187882922,14.987573045419035,14.431063641523027
524.1689727867688,657.0891248405894,15.012884215411741,14.449065201174044
523.4198348689392,654.0911849369326,14.99872091933415,14.44238343927394
523.2329118039273,651.3437218650912,15.070898465011194,14.393674691446751
522.6433789315589,647.4307940829492,15.102393122864388,14.525562913354037
523.1302414116645,645.7498217099757,14.89363387567737,14.57682488571098
522.4513008131556,644.0272566133285,14.659953636042008,14.634440010951002
522.537030291505,642.51967384323,14.749106213462046,14.58293727912973
523.0614452002872,639.1156724630217,14.760852596382774,14.459115355403021
523.6969139856266,635.4646370255114,14.730637562744825,14.444293606522372
523.4356523552116,632.8517326793439,14.682637621155497,14.482214630247894
524.2983474806624,629.1706105490266,14.721423738967232,14.56625635716055
524.9044876312813,627.4326922863661,14.661981310234598,14.308618866291797
524.5480183428273,625.516941200281,14.63239883955054,14.378799016977668
525.5916335950512,623.7551422093634,14.675839121006481,14.326935611178714
526.1214632530439,622.2784934428232,14.687916140775531,14.245993613695727
526.2119603670582,619.8602376406925,14.682248245196782,14.221726886200376
526.2572745520874,618.2642441290839,14.591188833322917,14.291260696679682
526.9350197609497,615.8136180412245,14.45621938880415,14.301918866813814
526.8285124233505,612.6918402449015,14.710777022470655,14.343852927019459
526.5838364870323,610.348441939064,14.600590568843664,14.443163748441965
527.3057782152366,608.0958264753373,14.483668987396907,14.293232341453221
526.3353764590869,605.812050501539,14.465267110673523,14.235806700396068
526.2285989634042,602.9868324404138,14.656738884760577,14.185957387923718
526.2996997658114,599.3326799413869,14.63701916251853,14.264957118643483
525.7342388882737,597.3719345403117,14.566447654349252,14.367758812898852
525.2092508493836,595.1369664067767,14.592097050038856,14.391173797773146
524.9451700359737,592.7870727223315,14.517256247850018,14.310876556678044
524.3601279021013,591.4694130057418,14.462333458404933,14.267938047657609
523.3492698633187,587.7900520021836,14.549596286992454,14.30428237304174
523.4308319277695,586.4451201419413,14.488758958832886,14.407186731496584
523.3821977682613,584.300172465723,14.392580731056304,14.340327780954564
522.5811442355056,582.8847044034131,14.369713307355855,14.33876416306637
522.6445628072083,580.1230357736553,14.364145397475191,14.331060754094604
522.412117119284,578.0276455678377,14.542132915139131,14.182839033314
522.1102187315196,575.9133273629345,14.618199166127745,14.114033960576219
523.087496151351,573.5513104648654,14.493319404856983,14.099457012238258
522.7910851761213,571.095300927212,14.666644491235985,14.078708219503053
522.3411627179596,569.6632975078587,14.871977278729492,14.215890297772628
522.2208881813658,567.512894473476,14.867211530316194,14.129432591666184
522.1926569759645,565.4253339638695,14.785788921935549,14.118894202309857
522.0949368294312,563.618433215576,14.721033274269208,14.115747332731695
521.5416571025871,562.1426083785457,14.558363315878573,14.179221280855502
521.2373123586075,560.7047761281802,14.549685655438351,14.205105698883717
520.8365425516853,558.202096513259,14.463161421264292,14.25179192839048
520.7728347480603,557.2733498036296,14.466710120261988,14.269220106789422
520.8618894096828,555.8297921670259,14.401098007519458,14.233916070380644
520.7591930296006,553.7445930643526,14.308050400700607,14.298264738068514
520.1387816863024,552.7784236175124,14.424622079263164,14.296851571812386
520.3043105669004,550.9621111714242,14.527405397540594,14.35022732038826
519.5953082977126,549.3677601719255,14.534687680209458,14.148438549045805
519.0437911892708,548.8130262340321,14.326411963430594,13.961901295018372
518.1423527457785,547.4322178151498,14.280913291562252,13.938475846863764
517.7929537583461,545.8986469739084,14.279910179047487,14.075919538929064
517.4757620680224,544.888706862738,14.254674407148997,13.945296364282047
516.8439983302546,544.2350900023141,14.383545095765779,13.96322642473707
515.8381046325424,542.4810671835993,14.454485690386214,13.970234464510543
515.785161293707,541.9935079306289,14.334598422606145,13.919679223388565
515.6798498593191,540.9854870164907,14.316919885475334,13.996130359144928
514.7018402908834,539.5455428078495,14.36051135854348,13.930793776045652
514.3242085808625,538.1156982987887,14.328774480085208,14.039927755715095
513.9208432383094,537.1855496525541,14.212462629409533,14.182141428113006
513.107781265201,536.2683077105477,14.250010616420884,14.243348744666697
512.9554075485504,535.4796665471475,14.199437596078358,14.194924994845072
512.040149763385,533.4877601186464,14.177423402233664,14.029181691874125
511.061695482725,532.7809172303262,14.137319705977681,14.087251256623453
510.62798339579746,532.0519902557381,14.206880873240994,14.061986552502061
510.5607288896633,530.3576771942265,14.185895568096806,14.019515644885658
510.35868209041047,529.8409074583478,14.283954452619039,13.952423402775818
509.70074340881024,529.1814557095713,14.431930419068019,13.762808204497524
509.60090791427774,527.3322926767277,14.342989757666187,13.830295876019882
509.1372255175378,526.4237217475659,14.428281468222197,13.889429611899166
508.25785909775084,525.6813536892295,14.573492374240423,13.923226669314467
507.6299461813536,524.6123690295107,14.60685746026983,13.827065844632802
507.4342642706945,522.924722609703,14.459446791231546,13.930368623441948
506.7258893744604,522.4447018100814,14.49649282355262,13.93447528091647
506.88145463078126,521.8243668559278,14.289774695242162,13.967714468894457
506.17530815934936,520.6033349201479,14.193205142683603,13.960110171432788
506.126126921711,519.4295087014079,14.244500501014345,13.995118604090834
505.6064922222199,517.980791761483,14.27708190122489,14.063062775993785
505.61946555803934,516.1787904749519,14.416161283372219,14.05981728120009
505.0985592761983,516.2363928040517,14.24913073506254,13.801632896805263
504.3992607520072,514.4662393279771,14.206221874478597,13.856369895036067
504.2435431650587,513.8399113449939,14.209387279422277,13.793767477251489
503.89755768311903,513.1514214361862,14.208143349960594,13.858805194342096
503.29615161693664,511.4887292245367,14.149551683268275,13.724107086665617
503.88822626272673,511.6926733922953,14.144641307131568,13.685054408983465
503.3111627907209,509.6716204479776,14.06979092856473,13.6745632517204
503.31170941362956,508.53914671410075,13.85446541679822,13.768782512839651
502.9855525095281,508.28441558325835,13.571185798773572,13.993853103105216
502.37558836893794,507.12351138709874,13.512011039258681,13.918482845522117
502.19008544106805,506.11881226467904,13.568007688465077,13.87205824108785
501.5243477833065,505.0409071674496,13.508562960996555,13.899670527145277
501.1026004377044,504.83730890768004,13.653372781004022,13.940445078939518
500.7817136882141,503.02778876272714,13.640126341038759,13.78533332836372
500.60762996559157,502.09728693298547,13.612532783981699,13.78168161236642
500.5172767897931,501.83675514398635,13.696550999120237,13.685986605388562
499.85635585190033,500.3656300294733,13.92802221984595,13.59914023102105
499.58011202551376,499.7089957104793,13.753523702804088,13.642038981657025
499.3124314721832,498.7641636006342,13.882831355781295,13.833054271751227
499.4633997835892,497.35755764557535,14.080284411209217,13.934331376952661
498.97543910322247,496.46590953282237,14.20037259914442,13.932398992419799
498.25271946966916,495.8007059009245,14.153823326555294,13.859613497655392
498.1415240411058,495.3219073415675,13.996922172421023,13.789034070272605
498.2847914857231,494.1085371904484,14.078576320032596,13.940892055921463
497.5284422336363,492.7658582950667,14.135851588312931,13.987982568013535
497.41036914661396,492.77813287942763,14.043661970531375,13.932449575008848
497.1827188364965,491.9193411916044,13.925234446597447,13.966433717027947
496.72919994537426,491.23744070937005,13.91226798022288,14.06500295294289
497.3231769399525,489.5222939082663,14.083536164757202,13.8955715471395
496.58972219239047,489.61670031245984,14.380678160911149,14.01920136928188
496.2553617071479,488.37157938845763,14.389841848471582,13.974311047562818
496.7728349682007,488.65781628115656,14.299847695102336,13.919599327098696
496.848979897318,487.7204901659659,14.211621318854316,13.971038814674518
496.61707177758933,486.80466459840596,14.263701815027424,13.987371484561542
496.0904285516347,486.23163064486016,14.246526159278261,14.030849188367927
495.38498108435704,485.1826464004686,14.315124135863943,14.16738414729718
495.0781249792052,484.75854470492123,14.273151040572245,14.084097415119988
495.5580311601732,483.40464818086696,14.068138223447473,13.838507017488812
495.15427324903106,482.6696378979621,13.93264061609004,13.73609935682757
495.06197545371566,481.9475692011591,14.185961561690284,13.623176627943572
495.1411164313289,481.4002336656054,14.26342169859644,13.670886510734697
494.91817945195777,480.783631939711,14.089532759847252,13.662283693831512
494.88832241645787,479.75474916315017,13.883776266481673,13.774947866604936
494.70327761553517,478.97491943278294,13.674077719923794,13.746821725723574
494.1501008752531,478.68694743277456,13.681105066759933,13.74931098807705
494.76119591947486,477.87725836080847,13.535126788428473,13.646032047544141
494.4040253143627,477.8270168529326,13.483551591544433,13.560737771640381
494.0519656357598,477.06616704020934,13.443359854466191,13.490582944000069
493.7370740310057,475.8908236279493,13.73482385177618,13.39205340270584
494.0759910875747,475.39028772390986,13.966814109975957,13.461390648864572
493.6411447767621,474.9885972580397,13.695705182643408,13.635319769291272
493.6915564505978,474.38781031602946,13.745008575308528,13.673068737425854
493.2965969020643,473.59299207969303,13.61460424088354,13.753359559425807
492.7080888412563,472.6223261671513,13.725188720920876,13.744442189410414
492.5927048452006,472.6191042586168,13.577613518309146,13.719065422390852
492.6394850502288,471.83418978001924,13.683044988073618,13.784015381783203
493.3287539882499,470.7572003749325,13.807525252824188,13.674783180070138
492.88487098215575,469.65820990929166,13.80989311552218,13.779268980812864
492.2709127441647,468.5239210204547,13.904023747655108,13.817901814105065
492.2420660458667,468.7499705123875,13.98407715618637,13.779694562932143
492.30248378519025,467.4248672187241,13.900330075429594,13.843751934560672
492.14741954709115,467.3079300317582,13.806776766759489,13.826618095926175
491.7559483149555,466.6801444919107,13.753011996648237,14.061745378509666
490.9231706716354,465.4407534903725,13.854371531144537,13.957751311944921
491.18339970365065,465.5574110748897,13.760866306011785,13.922803470362172
491.1771712590881,463.98825248638093,13.604396121658155,13.887448209711957
491.046923754859,463.9328958056443,13.669352534797591,13.791115583936712
490.6676673384409,463.26032929455664,13.760628443462315,13.969649451639768
490.32705644235716,463.03423188330044,13.684877743888585,13.875066131699938
490.5463336850881,461.79407030409544,13.778795213249293,13.803903990045756
490.9298236309843,460.9620643003927,13.890372824680341,13.836147413199885
490.252391928257,460.5595530568211,13.86726684594151,13.768412107870278
490.30452912544206,460.4641872174973,13.955224970959557,13.755143894640721
489.74567328021885,459.67482028794,13.933310516043099,13.932250570794729
488.9768658545199,458.5360282186267,13.894213831987223,13.9181715395605
488.9812002918,458.5691995807486,13.937299249527651,13.867062754830293
488.94734630508117,457.1074984842085,13.992968411855326,14.007080863208873
489.43777182522786,456.66386815340314,14.118733272555374,13.914631363133676
488.8351089180323,456.7409528577258,14.012956815866472,13.685699177994355
488.5079319526583,455.596367052855,13.957751306001718,13.764561282273366
489.0199503199652,455.93305567641784,13.934439721496215,13.72348816713236
488.5296024408371,454.762261688665,13.746247745339273,13.783113986342324
488.8093552022017,453.62593461916214,13.697161650958616,13.88525950222483
488.21304448871604,452.92086459543555,13.372770601008781,13.869065526202405
488.47608126253806,453.30845837011987,13.324629387311033,13.95648784011498
487.64177135348183,452.53161303305984,13.321422723604355,13.86871571134799
487.5413379056139,451.95772100911466,13.2893459652798,13.767058254759998
487.40834096407104,451.7428763555961,13.197436963882136,13.638968607291204
487.55894755672875,450.4026244072116,13.232081318935808,13.815222216050573
487.09642360055614,450.2833285519222,13.446971658057924,13.627889983109796
487.4258625921134,449.3425681117576,13.515329826638691,13.723538880864433
487.00246965048524,448.869742747056,13.579615323656839,13.638308324600244
487.3215743253791,448.9623196053754,13.581094465690423,13.571706242213494
486.6986054670567,448.4010114657852,13.468907687782563,13.684138114159751
486.5516314052488,447.3888998882301,13.561309440415215,13.553255916868148
486.3671970731918,446.74434558969944,13.442765979657077,13.585018837507445
485.8852591718022,446.5852295964825,13.224016369495299,13.695398698773335
486.3815370843815,446.23410723503787,13.231976124514102,13.895754788888304
486.1788419598821,445.0227483660692,13.418474812481492,13.91639723614577
485.97511359699797,445.41920575004764,13.47788013925717,13.775209369720024
485.73567186481483,444.10205546193407,13.360030569966415,13.818440009194877
485.3493320514384,443.2246527738387,13.380512037024616,13.844862797952764
484.7401840647973,442.29492391061467,13.348584016051698,14.08859274215132
485.3894600159806,442.5612432502042,13.55431351531929,13.836092019114774
484.7450957498024,441.95488809295114,13.413735063728012,13.936368304041746
484.5474649353444,441.38018608653607,13.368857846008108,14.27898560088752
484.57422195275524,440.0657373194264,13.414390317174178,14.02485176685128
484.4990124401172,440.2960391676083,13.425485809868885,13.854387775430183
483.70098006905545,439.3204435756465,13.476034180265415,13.994856727488802
484.2009969104615,439.78178138482474,13.57624382745502,13.73819220417932
484.1258168230377,439.210758798104,13.672167829012617,13.828554309345343
483.3825456155484,438.66032872722786,13.611554029277235,13.77814608809869
482.6562092647781,438.2855798727255,13.57929013585473,13.793797609511767
482.570723310691,437.4671675694064,13.679755620317202,13.927583571359326
482.8705175311002,437.2589133606788,13.789809828195754,14.052666373265524
482.4575539402397,437.2012676810323,13.697003234301018,13.925507927418032
482.4577159589934,436.4597726892453,13.627492188949237,14.171456914440473
482.4976458334332,435.4359398779633,13.602609749028403,14.219181664812085
482.3210119384518,435.39622192787255,13.536681737971442,14.035158418970848
481.7533171772486,436.01229466433216,13.64580981151769,13.839836576384476
481.09867444033165,435.2320369306494,13.646401876385543,13.845965666415529
481.2951840252919,435.29260864898595,13.728828155817322,13.63536522448001
481.0279024776992,434.2714487699071,13.711922282611319,13.739363511423338
480.95212893672823,434.6120974211671,13.83562418302848,13.536350716893272
481.22177459305317,433.9026029736613,13.938500975027129,13.642819346325606
480.8237648571899,433.50273062154577,13.810212087130822,13.678241412045024
480.33827277338906,433.9462666317067,13.788514274599343,13.85977982148699
480.64392172631074,433.11126866077814,13.724802571377488,13.922009731125165
479.9257422695067,433.0890832898502,13.448373141556024,14.121719147764844
479.8695231073142,432.7808735714593,13.360383918843846,14.029313592366684
479.8906299299225,432.94473132914544,13.43715689512622,13.943659453566012
480.0383140547509,432.83260184018087,13.54898624011202,13.985161784027527
479.62217581253867,432.07094404067016,13.361701433795574,14.015664749534658
479.3802033433903,431.38091847853065,13.449427029145308,14.022419732189185
479.4578846265047,431.9360517238047,13.55502724720677,13.924108741290059
479.43984393194563,431.210011468954,13.556939893727819,14.074887414024012
479.33291787862737,431.49520791917627,13.562510587643741,13.83084076196781
478.7055417459034,431.08035125288967,13.53372343868582,13.733593566644153
478.7216634621411,431.3259708842211,13.492779530182402,13.790303737307985
478.5071529818086,430.5469093020422,13.505063470831749,13.819578372803834
478.18881515290093,430.51069041050283,13.459034262714606,13.669283507629022
478.87175411379616,430.27495119986315,13.541874769535838,13.78463478600223
478.5369330390356,429.52882433248794,13.515115084569109,13.818353326355659
477.9422247392759,429.7754167348763,13.473698868918191,13.806275100882743
477.84609596369785,429.50989596214987,13.65527563280903,14.093460380194667
477.604951407362,428.8028294687672,13.766624775464102,14.078525755265684
477.85045791987636,428.9531987677399,13.963961176228153,13.811125752501958
477.15557294715506,428.97891569276265,13.883296694409399,13.694181569872075
477.13386903321043,428.28201472416333,13.771223541425563,13.770804423246599
477.1351892640334,428.46300768030255,13.669779842699086,13.503516373831587
477.21546774238,427.99026280472214,13.75780316297195,13.455107852478111
476.4048848665334,428.3372336578023,13.768076499618484,13.508308938065824
476.32204241424193,427.4179160286472,13.785463975116617,13.666104538592604
476.7294058580048,427.91072296847204,13.846070635183114,13.357420132819847
476.6625644114239,427.4725798857528,13.642632905948359,13.340149107363281
476.77099934063244,426.68082380111736,13.468503116861065,13.405918285186647
476.0319740925231,427.67599464352185,13.335337664021198,13.624073647801968
476.4158568214031,426.7199339071861,13.448829144241852,13.725353440900454
475.96634966166044,426.28851391795047,13.299736554928892,13.734666469489209
476.2023397752945,425.5081253806471,13.248454076321881,13.746440658277539
476.01529736885834,425.8052229437712,13.27602228000226,13.950762818806801
475.757269174668,425.9098259475538,13.18037014654004,14.086020815281302
475.3119268570442,425.8918530724724,13.132844234817153,14.03037157137606
475.8622949386617,425.83496677960545,13.323258164660826,13.755418697534243
475.22546948295826,425.59239673896343,13.364468485209265,13.584831451948245
475.5512126704294,424.9416003444833,13.417204789405222,13.515701827845549
475.0096622055209,424.8204006597721,13.362199611510354,13.580731096054453
474.45976374489123,424.3207897230926,13.357495404572955,13.712630107265163
474.28390708231154,424.0778477833637,13.221995714175996,13.842517437593415
474.85606781573927,424.7044130853967,13.380882598455834,14.023390067437
474.32273841159014,424.65787801986386,13.384210756424539,14.135322842713215
474.02073212754334,423.61590330226085,13.387025008897718,14.007402799693565
474.18969215203794,423.97846604512074,13.647579283658008,13.904839305188442
473.7947832012482,423.3453801548573,13.59648186293376,13.815054650511819
473.629477495371,423.0927970164068,13.713989652490007,13.62406204145706
473.38011918143826,423.4886239481143,13.595103395586055,13.828390705774886
473.6723244437891,423.48483766407264,13.546000874310046,13.614402125095499
473.51878601977705,422.4520175633425,13.48696236088196,13.654632628069432
472.92788396661575,422.47050388025633,13.508560030093655,13.679289468404804
473.1296801724772,421.9988839672466,13.697811806584156,13.614370849065919
473.1743515614186,422.44366661447845,13.799590070476096,13.912313899252606
472.8182872320526,422.45128134676844,13.808129707048426,13.88491295293655
472.5003697815164,422.4200175962878,13.77172810595044,13.836954244505414
473.01265530485165,421.9129636221269,13.807900391189053,13.748525276094387
472.5433356060681,421.1945068647808,13.65727229646173,13.871265449989053
472.58651103871307,421.4223520876576,13.71173128007645,13.720509893313642
472.56338643360175,421.47820158192883,13.709356500031609,13.622813240029021
472.14278025835586,420.84697383779996,13.681188316828216,13.647437970191973
472.45013058307194,421.2196261884581,13.823137638404354,13.579881650967176
471.780190539669,420.1493236891127,13.856840943555936,13.543344983245728
472.20687144511277,420.89279990631485,14.027152786270932,13.538613198560546
472.1349172336492,419.8943447902358,13.945752582307763,13.510510460748009
471.96036164900414,419.5878730905267,13.704256525702991,13.58586431014783
472.215782654726,419.780863333613,13.808219914630808,13.562125598772697
471.06589378877953,419.78033850677303,13.92346285839206,13.586523300781955
471.4605460691948,418.6066891105739,13.870895012401562,13.709097562006576
471.73189334333534,419.2285705468615,13.691982929578373,13.924559390359203
471.25293770658084,418.93568678509274,13.421161736389655,13.811571888033024
471.66465606317695,418.9909013107005,13.333608914779923,13.838736538299212
471.1534171872805,419.1628725489485,13.203793461311509,13.87461181583355
471.32608307223853,418.1708813382861,13.248705698506093,13.9924754484391
471.70855931374354,417.6283031530372,13.282241415206963,14.126242565797398
471.00711607730506,418.21251869186653,13.318111334205167,14.223906411158133
470.5711509600645,418.0325465859069,13.292892601897062,14.025211156314814
470.47598599156515,417.04400031750157,13.316628212399614,14.031889412234104
470.37527892543864,417.04913734607413,13.316675681673523,13.944873480871065
470.14118519291674,416.7408044678392,13.295995506222026,13.918757979711458
470.63378632852573,417.4793720683997,13.53747804373512,13.992792054827941
470.6019333672611,417.66149607954776,13.588508858807586,13.823280602651778
469.85561654052617,417.24827987969496,13.46871599288349,13.61761399379708
469.70693404254524,416.5029479255392,13.341858370503932,13.628695353967181
469.34434981622604,416.75588154247004,13.241057425120665,13.67337029587527
469.6146189494341,415.994655087208,13.21608497129223,13.802962316964527
469.22740869834706,416.54426593856493,13.267744140477639,13.999564903572649
469.815251395249,415.9274126011721,13.440404741623045,14.18681953291765
469.23798303386315,415.89876116762434,13.480294075936524,14.007578997937372
469.0058331986443,415.6771974424285,13.476591486642892,14.058410581124399
468.8419112919797,415.2831710340519,13.356429474690952,14.06982661856923
468.80854663907223,415.60437213371915,13.451495586728713,14.087316024611958
468.9709691570248,414.7164792779516,13.583331802349452,13.938902989465877
468.79226877437657,414.64791191799145,13.638241618015115,14.017441847146586
468.48975557023925,414.25544747800654,13.572414530692004,14.133507967049306
469.2482451524582,414.85978542881037,13.679600662808607,14.074951250889386
469.04621708470876,414.2711639731446,13.673705856506452,14.121382232518112
468.6844486330805,414.4098893063819,13.58988586574671,14.066486011310335
469.1679235733476,414.48029076294057,13.678079699163625,13.788629504199754
468.56192381843596,414.3946524752703,13.684746452944388,13.629943200121073
468.639815827357,413.60528241239973,13.698515104031472,13.661381675814845
468.58309573436327,413.34682311504935,13.728213401614958,13.70818749971979
469.05920651218554,413.3395252130053,13.734040666466086,13.672988302062688
468.96111064525047,412.68320419846157,13.722287232317871,13.742879328838406
468.5109795039481,412.5194044475814,13.616970758590272,13.672954682372911
468.0625507250207,412.6796809435606,13.524578490967482,13.700973735979257
468.222487690933,412.4197505476309,13.533960527475063,13.574930940497321
468.4645318291031,411.83026826267326,13.672105820756926,13.703393806196551
467.6612960292857,412.38480823139895,13.757974002041452,13.704514512284625
467.37389415662335,412.0215638331105,13.742561527940989,13.749404943554659
467.98267347679985,411.34392041329795,13.7391514090114,13.767569104423073
467.8502520161258,411.5343885337978,13.565507158232636,13.659884098908353
468.5275236243548,411.4554379547359,13.363409258089378,13.54276841275965
468.23906618764516,411.5444105845267,13.147992853184487,13.74101774946855
467.88701884737395,411.3703782026692,12.974647379174508,13.881386358469957
468.4575474373589,411.12666738334053,12.99061529800516,13.908992941995338
467.90041126470896,410.53490541890545,12.929283895937314,13.90826365507581
468.1773724253735,411.16148382916504,13.014198494869582,13.848664931442329
467.4033423165609,410.32493311690615,13.165642611229782,13.742845228640718
467.61543560853653,410.48177736692554,13.570855374583845,13.605240412569476
467.28751662234356,409.7585078937295,13.62771804618096,13.593274086096306
466.8429045210925,409.659638220119,13.568827019076384,13.68571985391765
467.26394355575854,409.276022887638,13.632356709696897,13.766804855618227
466.7999495100061,408.7900786003322,13.581472800030657,13.781516566082683
466.8781648782911,409.0796879593556,13.658257574305836,13.769489687253955
466.59031640559226,408.4755191161307,13.508661360218692,13.689899388512426
466.6726396678901,408.39525205370626,13.37660983678408,13.49508894963877
467.28235650356277,408.6566557388007,13.386920122958205,13.301356975510881
466.72522548615893,408.57234377184596,13.276657182942877,13.379485606147156
467.2026550137575,408.3951942198382,13.290526431655096,13.515903537267306
466.7169811050601,408.122459014526,13.385756006309325,13.537037669453042
467.21137841845257,407.4274805526244,13.648249316688677,13.569724710100427
466.16873218828226,407.47059007476264,13.6602094673063,13.631791993543638
466.76002213437073,407.2205910286793,13.77459577023589,13.59574942199112
466.24520229739625,406.52478354993076,13.682971820947277,13.70647987517
465.50251995931455,407.0774924344687,13.6821207864707,13.689240383109833
465.6632474119325,407.24885612510025,13.769413315850853,13.590801014232
465.71891562250323,406.10585320657935,13.884475139209634,13.52826702201969
465.6911752657471,406.60987930937483,13.870787918363689,13.627383371688389
465.31307315113827,406.5914266953843,13.765061956064477,13.534567136942902
465.5727335358335,405.946876532773,13.759970007474864,13.551947410400048
465.49498848474354,406.09311641089545,13.772659748736682,13.50956928007448
465.5380802215974,405.7179170855296,13.705413734244498,13.512903817189198
465.4444812381689,405.39236344348564,13.596983600467823,13.495292286427398
465.44466277830134,404.8152348071621,13.570803295447167,13.525234297233677
465.10000564086823,405.0100687187759,13.471145430954868,13.689136386916392
465.6694051641857,404.8846134860645,13.587439720425209,13.695797270048658
465.3436115748235,404.659533189465,13.472665126135581,13.640981590664664
465.1594622448492,404.35667711660597,13.394940023858078,13.624290710755508
465.67669336930436,403.7456748464088,13.494246810287112,13.556653394002687
465.01315466043883,404.0801316664599,13.479851125448585,13.560636377511855
465.10090930241756,404.1389212115959,13.475917551668584,13.470378130429815
464.6272382713885,403.1613882363779,13.694556532118877,13.637911393678706
464.3975077661033,403.5235469904424,13.651281510680171,13.825992998727877
464.59342529856525,403.2961711005512,13.692519996218916,13.918567525740833
464.82309289414775,402.82375679147043,13.609214445490075,14.11264393328533
464.05117540652,402.3623192457117,13.683929991157378,14.137855073882587
464.01490755722784,402.6518778319464,13.622839049898593,14.048776326143557
464.13956115792655,401.87671641684403,13.57653418214225,13.957057949988418
464.0315850603555,401.94121218327126,13.53677476219879,13.846162143281267
464.339325761926,402.3705059712862,13.757978122489343,13.86168210690511
464.2739257162078,402.1140704414783,13.632195655770593,13.735040508401797
463.6471145791198,402.0210811325172,13.505636021339253,13.665547241119564
463.8783144581611,401.789494483247,13.605168946247591,13.567798632235199
464.2493057231275,401.32533329660237,13.62934839455955,13.539347128380543
463.5239965094416,400.4421502925584,13.663131752275024,13.68552943018496
463.8288785066015,400.69002326266656,13.764764332929285,13.532750225331608
464.3656506206749,400.7076749834836,13.86369866141542,13.41718283376676
463.4725346119547,400.52233086429385,13.688631736289944,13.466210821720956
463.74798179106944,400.15010698115594,13.492790773093315,13.569005825106997
463.3427740223107,400.75275911317425,13.322794661860485,13.54484138784497
463.91081702004516,399.39692817193605,13.333800293512565,13.668945477657795
463.6309218726652,399.5041548021417,13.330886382759413,13.755666768494933
463.2896016869803,399.3687279927332,13.379044430005903,13.810459689279545
463.69798876024566,398.99582723737836,13.482757508530906,13.87517072586064
463.07466663687563,399.6737095041895,13.464537548956825,13.858879558975673
463.62042705664476,399.21424283369726,13.427488321395288,13.734716119183194
462.7032641494606,398.4334449751124,13.503332275602727,13.810915570369225
462.7432900809396,398.67386073858125,13.659675533265444,13.488671737599674
462.828695576471,398.61085123288996,13.681846202568773,13.431832907728982
462.8886393810017,398.3427692611141,13.655227867146003,13.38938154347283
462.7524281132094,397.8152657074195,13.60846371526106,13.341358803716975
462.3899649767727,398.03648979842774,13.369450857828244,13.48870901256583
462.37401700415535,397.63027171738776,13.377748156317882,13.561346748017623
462.2057317153881,398.41604066320537,13.393331658285181,13.647486745252705
462.48836427130357,397.40290125183145,13.450506467356526,13.52462401793638
461.91449931746286,397.1985882025636,13.335305624191085,13.404723869924373
461.5289367888986,397.14727196420404,13.285588176818255,13.424346336222287
462.34990919827214,397.068344106086,13.304525235016651,13.365590801223352
461.8850136939948,396.6597702159472,13.299909545821215,13.307008484207042
461.15439641534806,397.0010567906509,13.288705529277367,13.435095756647858
461.02601823244794,395.9637422954301,13.517068006231586,13.464442383197971
461.22839271983617,396.39798924702757,13.572517672278511,13.450738392703625
460.5989672372827,395.57741601135405,13.56003685027616,13.431016576964184
460.67184084496546,395.84512634769527,13.60499708005524,13.190323348930477
461.15536801316415,396.5145281289225,13.680964541791699,13.106433116554168
460.7512609076947,395.6547225722035,13.667001581023388,13.071339993007932
460.24888099633995,395.6623833697026,13.567967186623267,13.253903643094507
460.674782802101,395.445721767864,13.363869428086552,13.399225458460375
461.15447382382445,395.0334715875939,13.253105176769171,13.432384275802836
460.4685474562394,394.41672133789945,13.200674407453171,13.41501871970324
460.40503438051445,394.4945155261804,13.23392122596725,13.447546223034603
460.16012284191373,394.4911469829565,13.31567981857246,13.54894676556479
459.5457862471524,394.3956848692773,13.375004410568499,13.436114636683792
459.91236889402245,393.7237073784669,13.370206624286205,13.502694158633687
459.0546024880265,394.3091769872832,13.378269138464702,13.567396658911823
459.18566147688546,393.3517982191728,13.408733374625346,13.609065954509148
459.3689346039224,392.8845066837271,13.388858344191902,13.717685111006086
458.6209838470606,393.37135151655025,13.341189339421977,13.64394875108109
458.52767895467485,392.5721317249052,13.238261068535065,13.55092867860945
458.75228793144544,393.36806672036664,13.342997120235253,13.626763269900898
458.575324745211,392.3354967066816,13.3688516004427,13.663601343001567
458.299016225899,392.43799651105826,13.428004824808077,13.55001558980095
458.05157966269496,392.34713994898624,13.38763175780722,13.470901709035473
457.86493771786616,392.57618841505126,13.416092406231009,13.638812155006757
458.00609261415775,392.26076047853485,13.522577661646231,13.663677200956048
458.03609073678274,392.0414720698892,13.547304717628126,13.587944135129675
457.9215675615575,392.7501589125827,13.57582898801478,13.740377621564207
457.94305571833524,392.1358917446172,13.536443971420848,13.758484911673179
457.9430492604938,391.82887267937605,13.521640136331328,13.625951084090346
457.5206612473755,392.2925782095116,13.478940135556183,13.642516783729835
457.1841727490505,391.31866179500975,13.510751041240841,13.707108078500463
457.7448178522918,391.39415441481975,13.766000899569953,13.496974434133275
457.2905906869056,391.3051097510619,13.762766723739123,13.351838174042538
456.3590932974289,392.1413034752948,13.757408851096494,13.543879961034987
456.3476329981355,391.7854999293858,13.776350604951176,13.490012971813606
456.0710919958841,391.5548320333562,13.554212870970563,13.397700113226652
456.4724886631151,391.3397244318374,13.569616369642333,13.299646144549456
456.34229142210853,391.578271102232,13.436019589934695,13.282611731296246
456.2287328356457,391.6311928366013,13.336680007460677,13.319814477734164
455.9899182728443,391.8226968161167,13.228971076975974,13.491975743442447
455.4981529859928,390.8711218694685,13.245760267603233,13.647194394749867
456.10666597989865,390.97708133936305,13.305580331007722,13.548185472331864
455.5296412429456,390.93785427513785,13.410268456761575,13.451057340888838
455.8324366638763,390.9781904596733,13.388381013604796,13.394742454608842
454.91685791113844,390.9343179349608,13.410201141532333,13.366906446068075
454.52320607882046,390.89760169016546,13.377460050232553,13.330205675170301
455.35740082431073,390.91639518419686,13.196041699159853,13.235483153566065
455.23634224271837,391.43289871934826,13.117898188583249,13.365076481326877
454.6692854752281,391.4908337210358,12.98460752491722,13.315272221517333
454.1886575635463,390.97054949771285,12.90958533886608,13.331717237911173
454.2622389577045,391.57547672771284,12.971237752666749,13.315493592463511
454.2082436738069,390.88500824496884,13.049794416246135,13.28498088715992
454.0306102120778,391.3634594188458,13.140176033346016,13.405653269325398
453.3516944571425,391.4944849479099,13.049569375644587,13.363971311767964
454.1801186856778,391.0918178663745,13.017804245867456,13.316092164596931
453.46351480268675,391.60873298480107,13.06807326921193,13.474173863550128
453.1847559561704,391.31770997908274,13.180173736883685,13.428995310434477
452.72314950264956,390.98682614948603,13.232575598755655,13.415102121010365
453.06062253907703,390.6374413487473,13.263767957926522,13.39608052280373
452.43396511746573,391.4663385522217,13.293855181024373,13.598559953898073
452.7681301252141,391.1384267847191,13.32482414337944,13.568756564865314
453.2300518552296,390.75608980860517,13.350198598883456,13.468889165298013
452.47361905168594,391.6548534949233,13.2900514963532,13.557514060117807
452.73721713950965,390.9616375859708,13.331880360378538,13.504812472337491
452.4809885906717,390.57195085729404,13.423422659079451,13.54345927992976
451.92676767256006,390.78298730299514,13.468560547854104,13.316142017232496
451.68842537213453,391.3704857622074,13.676374169157583,13.188216794135752
451.5075264713119,390.64778857571815,13.69344618316328,13.12556358639532
452.1347283220773,390.99430112738867,13.611810120792573,13.18495545139985
451.82744945714416,390.30895291620845,13.637905497906164,13.141754120998513
451.283372746972,390.64907091291263,13.53704209925029,13.41630019631958
451.18315166242894,390.25062855731215,13.425972692160734,13.560152068222273
452.12972241252726,390.0607023990425,13.384440898842746,13.51856148863387
451.27004612977237,390.3327953785567,13.482325635601967,13.58835832627452
450.8500792460507,390.0012719185702,13.443053699309893,13.486762471188719
450.77008625127195,390.1841446346847,13.479036002856592,13.47506466521671
450.9509152407073,390.83510511075275,13.600318787220946,13.449018566214725
451.2975736679147,390.26692155214585,13.583606680578361,13.574734929453587
450.6344032483217,389.8380711034313,13.5675602011532,13.550823585614568
450.4531379862838,390.2388714482536,13.53628134708185,13.710656604637748
450.1748740327813,389.5325595364937,13.453438216603661,13.780409239040122
450.7072420281481,390.08196696580933,13.715262842363304,13.764074572593211
449.98028404190944,390.1898567559695,13.654478282881037,13.615689822559375
450.2720630971323,390.5338381407299,13.603350463611287,13.653525421492533
449.6692069180631,389.51067338471665,13.604782326106031,13.684895598191945
449.61003481202846,389.99444901209165,13.573134772556902,13.680286764878275
449.4768144512663,390.40657202613113,13.56862204745465,13.68242081082349
449.293180041935,389.76636223449697,13.651657027797444,13.699104622912575
448.87454289928775,390.1898667372046,13.626343086296735,13.853834523403979
448.89955060681154,390.23967262206526,13.712863643605909,13.711114648023251
448.8661544503452,390.2500838814096,13.65282651117645,13.609621005174299
449.10241464762134,389.73019702616034,13.726270417256778,13.5869172462285
449.0985749451944,390.25192576312077,13.7672557315952,13.51571750565265
449.11387991240304,389.52922115368574,13.751400297418112,13.623336950581706
448.91192873746013,390.2008915400388,13.720446262311267,13.822262069904305
448.33104728328414,390.73931958384077,13.678186643922237,13.784057806297962
448.5844142841861,390.1769541242497,13.554583728944653,13.649072095498127
448.18830794771526,390.39470704763085,13.40841622009686,13.645252411684364
448.4414235932373,390.43192315603557,13.389415945211866,13.67505033055418
447.98245726883374,390.57417805221263,13.37352971727573,13.686498014100767
448.15119540635044,390.6089839621443,13.3782425158049,13.694119754620763
448.0385983120435,390.76296255677585,13.28543769910107,13.733908520347951
447.66537449094443,391.1009036581562,13.336405352247407,13.594568792810799
448.3702147233039,390.98754273278314,13.395829654374191,13.569693090065327
447.3136633195357,391.5059108919597,13.468341221981428,13.62385433183196
447.029465453302,390.671490512728,13.468337465522815,13.691176697732399
447.40361798873624,391.00044841372693,13.464823187119624,13.748001112466588
446.9316597909971,391.48653929612163,13.414416209756936,13.830478475866265
446.9684039066054,391.06990874256127,13.534174730564123,13.959274670572405
446.33816171589655,391.167435484056,13.593477342610706,14.046748187294927
446.29369919956827,391.2662985826806,13.58225396566234,14.171258736595442
446.1914912982209,391.38728815530584,13.551492519640657,14.261698271535895
446.05296267088727,390.6458244505865,13.510856212992433,14.205767267278382
445.858979376188,391.13136008487993,13.503049600209996,14.137793866657137
445.57574964707567,391.65804451181793,13.520117729146206,14.04031948299594
446.1320629577019,391.16413355789734,13.72141303629946,14.039577912844116
445.58037950509936,392.026478231295,13.764036371176829,13.966971366914013
445.7576068111736,391.89320874839643,13.752302923254888,14.038672419794006
444.95443388124147,391.9261189131292,13.837761885078361,14.068828688889258
445.86872101118576,392.51491579550765,13.897977875014409,13.830122281844211
445.21422499262377,392.9679008531528,13.930817182150282,13.698865146347458
445.2474163879057,392.29819716565055,13.882532131253129,13.654450676297252
444.6818619761125,392.7599461878491,13.918862536298512,13.647083293864627
444.3510560569307,392.2266429304295,13.729309854875336,13.751567070342457
444.79029639390126,392.8767197643839,13.649365660407323,13.862613210554457
444.23494013617807,393.09034775517665,13.600989564250858,13.79217790171934
443.6788184526388,394.12416099241557,13.729037758542711,13.921406733866931
443.89702026401955,393.7209814230177,13.617939001618279,13.880600168889146
443.8495609556376,393.40676269502217,13.43032552247305,13.860078643843007
443.88983441501904,394.14980489091363,13.525403808750188,13.701087972496236
443.70992158238994,393.56642779752633,13.476544177234464,13.646603903769996
443.4423372555543,394.09926761546666,13.466029387359445,13.793711419226062
443.2948711494722,394.7226064959721,13.420297242576634,13.997879257389682
443.45107190721427,394.005075473564,13.387805576259492,14.158714398290485
443.19418041940656,394.5621812319748,13.637409828778008,14.005556133688964
443.0632444226491,394.2751697905718,13.51469343170413,13.879134735393833
443.0121663499467,394.673300693118,13.36612994043021,13.853060785068234
442.8820433184069,395.24133458756904,13.389251009112709,13.957872055003978
442.40972098782333,395.2296706907068,13.600289689406704,13.694074708299867
441.8617088324536,395.26123984294645,13.66370930577973,13.52583465451968
442.2009117422143,395.69199779915766,13.922071541220472,13.435446621716874
441.5725100543234,396.13309869798724,13.89198762890868,13.593723291998987
441.4027573259565,396.2847897646113,13.753677904625668,13.602216859701581
441.1383855467755,396.4229516706496,13.70211141631481,13.610150221163156
441.8106180475492,396.5961923179119,13.84082252694235,13.658964218777545
441.02851671748994,397.62073784970437,13.780336561725257,13.812563279704346
440.91441136420275,396.84971138608455,13.722908310083925,13.929891628086601
440.33041583218915,397.27715882081225,13.791930510623882,13.970560241869403
440.8882717908595,397.8802261798115,13.977317655249104,13.867888815992863
440.35600933263333,397.89189294078807,13.91227435251658,13.85600665201526
440.54606118963795,397.9730439080091,13.928463891213774,13.952546142753551
439.72688591876675,398.52324023988297,13.941571484424093,14.101094423677562
440.0372111685742,398.8613038889993,13.76755828744634,14.036663845568084
439.69002676602355,399.09898807385514,13.628290510649919,13.884614016906408
439.3662971669548,399.40090578773317,13.608592595235368,13.80824589957897
439.7475136645635,399.9154742273441,13.813024364708294,13.67103775275233
439.21395729253067,399.85792998579694,13.738483213395902,13.576580116871924
438.82733231261926,400.4620755080836,13.711400090542703,13.780190307879035
438.7378198081019,400.9518067664697,13.651921360339713,13.627659327304553
438.94888818053516,401.17155159510384,13.77981341643748,13.584480535915269
438.8795965590597,401.8579202089615,13.7570856290006,13.615009380473191
438.783426198446,401.8292034659159,13.779113319746585,13.630556056351104
438.64659445259787,402.3972423263027,13.825909687004536,13.605774274069255
438.2086859872063,402.86458270503965,13.876507046197286,13.272905819661647
438.0970478569939,402.5749447717217,13.758841311239781,13.550480110780025
438.42360350462366,402.8145188890109,13.687111038910428,13.63896741239537
437.7507624179147,403.2197911226274,13.628799724970204,13.825161617418871
437.2814865714,403.52114125870105,13.436797337990132,13.823877754287228
438.1257748031112,403.36864676295147,13.501141978998978,13.62661410744638
437.9212426708658,403.4002924133423,13.279381379578988,13.624302530595095
437.3028978209949,404.3776238563228,13.26021921450614,13.943216142665634
438.1102061659039,404.02202824213157,13.310891926696197,13.805324543480111
437.68577354834486,405.00516601809954,13.218825543600541,13.97594750915273
436.97752684309296,405.2333956405653,13.226131160372743,13.740054939288209
436.9234419384351,404.1670833626045,13.243689452259094,13.892163299912516
436.7782728118562,404.75796147681643,13.223010758385817,14.068171434777586
436.6522143841636,405.6652636451171,13.406476474034857,14.171634791886618
436.68588588648834,405.3198392059858,13.497955618423745,14.212279369268822
436.7467390577791,406.03027395173945,13.735265396275969,14.084057239516817
436.0552129682992,406.409338054457,13.773178667803212,13.953930485573963
435.7516149932254,406.93170523773614,13.710547991173105,13.895681004231541
435.46285830601295,406.64160943793144,13.618723914140066,13.841614571995777
435.7268589264683,406.7059190733998,13.665673487476468,13.944037835172029
435.00298046666023,407.3596671507124,13.636066701457576,13.86990030214401
434.83159128569673,407.99780463278796,13.812327522572144,13.915274650966001
434.47364556063246,407.9681052666018,13.809896874445494,13.7944799889158
435.2164789913713,407.9506847707944,13.912808237149935,13.819936635267405
434.79492411777716,408.54780973253696,13.851986366601434,13.922345704549615
434.31745552469283,408.4488591141728,13.74912087561555,13.859314436147077
434.4767131373853,409.5126361639846,13.759567708059492,14.101931645040956
434.3316860847648,408.90592963775435,13.824755527380429,14.24170733120664
433.48993449850997,409.3151293563148,13.873247503753541,14.090738533352729
433.5214448570405,409.96330711907285,13.900721888800035,13.977362949204698
433.81974215557983,410.48135891383856,14.01211603073505,13.73240295584559
433.1418669307761,411.1634354560867,13.991492474071194,13.839123823261236
433.1499051804675,411.0749363426372,14.21774798614958,13.954868200743261
432.60530423175476,410.51932677850533,14.255039483184436,14.014586054898178
432.60709333584305,411.4563158494248,14.197861854072919,14.02646895222087
432.6110649036076,411.73063231114156,14.141775134262641,13.830812261554444
432.3974864600093,412.18854804878686,14.084329033692953,13.686840730130653
432.31152467138713,412.6882014302845,14.162080610052293,13.614538066027585
432.2148224528186,413.2222186907736,14.024974550096086,13.766525388959487
432.0330506646241,413.4179200660913,14.004309268471932,13.774951608756421
431.87101963712536,413.7938725078964,13.797928549173644,13.890061490885628
431.71130716820187,413.4035849050664,13.563534367090426,13.845763308732094
431.4917360730713,414.06045084060366,13.476359139729851,14.046955844662921
431.44333746755285,414.55234712344014,13.26697649947327,14.1261200889875
430.8262689401728,415.17568791274266,13.215340872997054,14.167534461462758
430.7453740562157,414.84979367257534,13.11385805742659,14.091361759203041
430.2117500733674,416.0407686502917,13.333587996294435,14.241186086225834
429.95374262345325,416.08635431869084,13.55280106082425,14.094116634388701
429.68024873387907,416.4470672772086,13.690601582682707,13.951475659980188
429.25849603032026,417.3518498276673,13.73113765329059,14.013572222118093
429.4703442593249,417.4260148217259,13.86289884689647,13.810143190005746
429.5335777618669,417.66971523182116,13.82518475975777,13.963193085833971
429.3343686539543,417.0317795632258,13.453009153580584,14.069595304906375
428.84241141289846,418.06574254201934,13.339026463718113,14.235598981413595
428.2582824498692,418.4897911189556,13.477994667333943,14.291893354716912
428.4160148884465,418.2278555902589,13.497742736117461,14.142101630394865
428.26703530230793,419.0138510211421,13.565266998931694,14.391697854352422
427.6002635996808,418.8792846477249,13.492277401332682,14.391284062595464
428.25484473362206,419.48140900341235,13.671259292767079,14.321238308373818
427.2983858033754,420.1875745084178,13.701090471894371,14.197927121437276
427.09807430492776,420.244862613339,13.657511433124231,14.086691894892528
427.0399029738315,420.92963526387217,13.752825496546324,14.033688384788485
426.67857575131774,421.34575662112354,13.93084983130996,13.951208503404173
426.33632239703655,422.14869391301295,14.06880865016285,14.019577846627307
426.4029708232596,421.80553735677137,14.039846740713354,14.015502279606018
426.23092285924776,422.56559651799466,13.881178860963356,14.235368827116474
425.94300294118545,422.8532542882684,13.836608850782131,14.133013401048034
425.92880534529303,423.6769658650921,13.97777765470855,14.133688000925455
425.72010214812923,423.95180069397696,14.118097224857454,13.99863576239856
425.3185838923686,424.57303751372814,14.172862390286497,14.085807995012242
424.76428918758023,424.6103988666833,14.197710731023225,14.072853627186172
424.9362736393381,424.987757122502,14.343821617861277,13.975644594739606
424.12513004286615,425.8405847527605,14.33380151977433,14.029852830049286
424.38144521658984,425.68375901953164,14.233205296462817,13.853589909042508
423.77246554182307,426.0691728974075,14.155963940468212,14.08219400181684
423.98385606180784,425.97885728365156,13.923745834181947,14.199527465861792
424.0921332628935,426.3215626971251,13.67173396621298,14.309902542845379
424.0978639847169,427.2514227275462,13.46399067222824,14.448258324860625
424.00022893149827,427.6501095586239,13.305685400009143,14.418971334534344
423.27257548901645,428.3094586831326,13.261140700538295,14.30194575874238
423.10977703614856,429.1202753341866,13.304067644821561,14.345859827545095
422.90471822156985,429.3052708973482,13.440375542972326,14.293806134941551
422.26061311754097,430.1391995435971,13.57939770934308,14.198898251928554
422.482153014515,430.15822737887214,13.7406253881008,13.993338181363562
422.48272985297297,430.5345153770659,13.742603926653135,14.077568959115567
422.3716073107473,430.29348113537446,13.743765533964968,14.028874829678717
421.84507119268153,431.3471858515627,13.854627393833834,14.217101574365241
421.5699507728733,431.5272167137947,13.648128915079473,14.310874532604243
421.04008319353585,431.91699148953546,13.449771193505379,14.386847315698306
420.7562818292384,432.39039925402267,13.621050569048197,14.381448527141433
420.8353034950583,432.497167366878,13.50331669637928,14.379077222952937
420.374487318218,432.55619301617094,13.510842621436819,14.22770829884438
420.6451925950253,433.00518161343365,13.570442211579016,14.34495162719949
420.20758425459064,433.1631996526679,13.680919617469677,14.298748070407992
419.58963988344414,433.67279509687796,13.894725315710579,14.206475032959169
419.70338009450825,434.3723984253818,13.866598081858658,14.412629122335114
419.4272746615364,434.5308125933634,13.870025049448866,14.276777996774396
418.97704510583304,435.0499270427371,13.861344110444342,14.253854378712386
419.4329674709328,435.0520637877722,14.039923798694161,14.34867921341791
419.13867008688095,435.82283930494316,13.990490004728967,14.319569098952115
418.30166343801,436.53697265692574,14.03090092171824,14.240778613210495
418.1676711254596,436.6045598729671,14.017856680051207,14.164422491626937
417.7331214370994,437.28531521524917,14.033353170571727,14.025246788027536
417.825171485406,437.30259295546665,14.203137949732847,13.929674159395914
417.507343061267,437.77721161807784,14.221167117709104,14.020168455915673
417.02391680571395,438.4150244054772,14.259610708050289,14.095415636167642
416.87072694116796,439.0102778884306,14.18702619182291,14.213898075892917
416.3771199996392,439.1785091948782,14.281552694566635,14.19940249852976
416.0291607521768,439.6492516747423,14.226813392631726,14.289914861837723
416.3032373010944,439.36415060672095,14.218584439541413,14.417023966235515
416.3736030300948,439.6056868915512,14.159250216934048,14.26343153797627
416.2738924621778,440.20361205076426,14.17391814341561,14.239579124327783
415.78345014951896,441.2357834289208,14.176209240462562,14.261828088595774
