795.5,489.5,25,45
794.3077065329996,489.04681850325795,25.308900717646274,44.99530177361306
794.5488682846021,488.8290424042963,25.324827192268362,44.95448867350362
794.5128759032235,489.2266521835898,25.338488631298954,45.00858398336672
795.2593830252627,489.1413358283595,25.36969115834649,45.06744598943868
795.3892733270399,489.3631405633838,25.4790757965105,45.28166288343049
795.1979184309216,489.4053546082441,25.666348500138206,45.22802405353104
795.1614068240516,489.4062167237362,25.809372414530735,45.4003904464025
795.3806910590357,490.1343677760395,26.25938963124619,45.48372936447814
795.4830435362544,490.3610675260785,26.304469816965707,45.612446468251335
795.9012419426888,489.88027434936174,26.47202407678966,45.6835344219504
795.8038125689329,489.66945794177224,26.46167046964147,45.74031328877474
795.7534297389028,489.7299992325102,26.5882719809089,45.63844129176048
795.8313633717612,489.77645414679574,26.723040599000374,45.5357057157292
796.0744299784595,490.2490684990483,26.885966323630115,45.463398597260834
795.7402487470791,491.0797458588634,26.967739449995666,45.36648758509675
796.8016701912579,491.1457720425576,27.021675831810285,45.39764434310786
796.9087365312356,491.06523049512447,27.10320787954276,45.62980573099969
796.7702677373165,491.7268880924764,27.13327389166763,45.66717803057385
796.7132474312064,490.8692870998573,27.279483890632605,45.88868320699706
797.2727013668182,490.7507092112288,27.2603811360623,46.180057660195146
796.856384590032,490.9411043381023,27.47604504461139,46.42295830963499
797.1425185780547,490.6099038773557,27.695343619297457,46.541050449504425
797.3037238502498,491.24615786419054,27.60676033802435,46.48034221662604
797.366564515953,491.81935837024344,27.686277190273614,46.44169555422872
797.513118896914,491.4789537866878,27.99123356621474,46.38239414518725
797.1969420287545,491.5815480166196,28.033258430329898,46.21619952822343
798.1603182921348,491.6757661437328,27.98449495729551,46.441047247929305
797.7260015329244,492.6445832532612,27.736512465050197,46.36093039051343
797.8748330807566,491.85822909844813,27.727588514188085,46.16521752704389
798.805016460296,492.77095614074926,27.699502748570886,46.102336803838426
798.8503056440983,493.0616013402894,27.686270482369565,45.92045364252628
799.2021987604265,492.27220059605565,27.756020097376982,45.87429792712871
798.5576560857138,492.7384514538346,27.849646557794735,45.78272101101309
799.1750130881541,493.32342126728184,27.756560937504357,45.917633154519656
799.1271132297775,493.21123271543263,27.72667143084888,46.01900574721941
800.5304559530617,493.03173382040353,27.72728941293027,46.176900103310906
799.9322537870913,492.5859637654205,27.757961003515227,46.24149019963947
800.0005028108785,492.68993303001065,27.51276393221717,46.31195763483366
800.4983756938886,493.36653433812364,27.477661994112054,46.36212218035844
800.5934595830456,493.59632800759175,27.236386008244665,46.26999962222979
800.7523235234341,494.3207853707468,27.054812391679228,46.09430781919842
801.5155923506095,494.3301245579961,27.11775668713467,46.074294028477844
801.6131836527227,494.6858697601725,27.042602496740493,46.21767364546821
802.0119220889903,493.47204140685847,27.107876810099306,46.077742022781244
801.605617744713,493.56167026429154,27.102683546291992,45.856548372298576
801.6579627277599,493.9780786745927,27.150884187912652,45.73073007874618
801.8394559386109,494.60406606462715,27.077919841386937,45.52958447081175
802.4056183414864,494.29867647514334,27.02790380486204,45.4001052541075
802.3555965119629,494.4829288764853,26.970931752839974,45.348700469686506
802.556854957264,495.04501379168937,27.094032878957474,45.537113728153116
802.2656227349411,495.3024142687174,27.25763581523392,45.682077719604095
803.7293159265056,494.17483733556656,27.58203542568085,46.11318223230628
803.1535324322379,494.4677918819326,27.654030690278518,45.92312496028144
804.0275629900289,494.72462257282314,27.640210941082778,46.14284574393244
804.1110586446739,494.8708837836289,27.535189750226024,46.15086999824132
804.4507337189549,495.1879340411408,27.53897290578308,46.03540022624427
804.1495953086361,494.8547825949632,27.463505635863704,45.8580736391913
804.4972827677218,494.8917116080175,27.435105202612775,46.04638506360413
804.6038898241488,495.67441255367527,27.241268306455318,45.884197507730114
805.4352114590658,494.88107937200215,27.340928388977353,45.898029140928045
805.4501214688775,495.5273235070845,27.23774877560509,45.97465371999891
805.6540977032288,494.94758209135233,27.28103782992975,45.932998055064324
805.7556613068178,495.50487879734555,27.30112961510413,46.032494990367965
805.8286997756842,494.4929063437355,27.52214063761464,45.84368779378252
805.0010796064682,495.53547888558444,27.848506388033854,45.97089403225864
805.7419112399234,494.9095909578079,28.280679957938414,46.47585563686571
805.6488873532255,494.64007646525556,28.3545057452788,46.6168505560086
805.2860736518539,495.2724473227066,28.2333538015559,46.53970373170087
805.6054762030647,495.25088508747547,28.25638407158253,46.48840942314772
806.1171862575637,495.25961562110433,28.40701262476992,46.16822280237733
806.0384782398957,495.520583983831,28.285998794269158,45.60003418760583
806.6016411718879,496.0763400427999,28.049933626695797,45.29165865681088
806.4527276078837,495.7290571663065,27.91422100651215,45.19364660666285
807.331537089518,496.63153900477954,27.775779503914187,45.34525939627717
807.7189521088326,496.402985498993,27.685968898783393,45.62243098233023
807.6784877839578,496.41372238324556,27.492462952232703,45.762348591274176
808.8080728175801,496.02923043135695,27.251399107141047,46.057340385752724
808.7579373704089,495.6586090767982,27.20638606402929,46.01620060661945
808.7375022185573,495.59015135162946,27.184525965977784,45.99747007552591
808.8866430077281,495.23903727244334,27.11368657768739,46.15764703779989
808.969286423523,496.0810764287148,27.113402509368743,46.184891748099304
808.3952746120297,496.0410852740676,27.141019862328356,46.11268539867949
808.7131894475148,495.70360154244975,27.214606163591085,46.33116469963603
808.702288562899,495.865806972611,27.249001393091852,46.56492701894
809.2728333037742,495.20125633698507,27.387535300585462,46.43064044324512
809.8121294791064,495.0654335458354,27.435060775429385,46.52701241340283
809.3032472219053,495.6276307937578,27.298759800062392,46.331524179478905
810.2516111438496,495.58696358684585,27.267374334790283,46.3363967864095
810.3079886763119,495.58179591369856,27.3455528997361,46.00639843252405
810.3392028052891,495.1623505176245,27.283497248111267,45.89443283705698
810.3574790891272,495.93649349290985,27.18089114092053,45.79884297146252
810.9653963944808,496.00449692492845,27.08438777086736,45.989940050057996
809.9989267959608,495.54836989958716,27.16647424001733,45.74138029229934
810.7761014852589,495.449845798856,27.06513339394528,45.917580761560444
810.5895494376878,496.07425654080396,27.199459732396477,45.74664979299206
810.5590334781663,496.8733531868333,27.265353330367574,45.502050565645874
810.6454093367491,496.40806910281896,27.365327701964084,45.09864663723134
811.435298552749,496.37209210448793,27.3900046217939,45.24175691214597
810.926006327852,496.5591551099918,27.32781869824371,45.33144349078363
811.1655621558007,495.3488964723128,27.485588215003258,45.39275242072847
811.3652315232562,494.95394856068543,27.56278563483913,45.75619822986884
810.5966341674599,495.1801793949189,27.94932781862261,45.81231992827264
810.7293377998699,494.86789026643646,28.208829334854236,45.945806546434085
810.2018495307913,495.14561731252616,28.567618794058827,45.98850395924822
810.1147054594732,494.66850829591795,28.917924846936955,45.958768993349615
809.6783251004487,494.59758638579933,29.134420902243313,45.94032595490896
810.293426080393,494.517365389333,29.213845283220728,45.83816278736686
810.3504269273252,495.791523464182,29.03705336689042,45.60482547563584
810.817662358697,495.4902273113281,29.186455418460973,45.33242332457547
810.3650937550797,495.4597155958442,29.164985076505264,44.95825437916814
810.6642143010629,495.6637310824764,28.81968359621214,45.125570710247956
810.8539537900218,495.42265208900244,28.64250789376014,45.21413562430466
811.3675732465955,494.9367049707024,28.447521363844963,45.19835216753763
811.4412941401795,495.1180359069564,28.17948142439715,45.244647329379156
811.4926011055779,494.90279479361516,27.968538651973667,45.218732916714536
812.0657495360815,493.6803019343531,27.82022256441536,45.53388207594297
811.3564150382686,494.6234965217694,27.939930874311433,45.63653244140114
811.1804246104714,493.91140974171793,27.947898515794375,45.723280292733435
810.81145558697,494.63440122315154,27.935512611552696,45.68787629600693
811.2877519224568,494.19835783896986,27.95986206256174,45.91610522764698
810.6245717199928,494.5746989703233,28.082889208860912,45.9360624779558
810.3269771786902,494.3687946547118,28.20967983966092,46.104522987535795
810.9560610498532,495.3535967700939,28.349005817389475,46.365828581142935
810.6161247049394,494.74827881059537,28.365651604732506,46.47697600335961
810.882675585992,494.5745835474202,28.16253742817173,46.1774748761721
811.3243100204601,494.4006679821109,27.86148386837857,46.01962967765487
811.2656381339846,494.5893297870276,27.709937707505,45.95862902033039
811.3292507433132,494.87049496697125,27.524458313959645,45.73141084472927
811.5964907463649,494.8984859574989,27.422681415451834,45.63906769832926
811.5554046280356,495.2095934160254,27.392526314845313,45.52706931541389
811.1197833094631,495.8735575565576,27.427440743543862,45.49258733676342
811.8076487386311,495.4052532326242,27.36959373435194,45.78169010522809
812.0293664586375,495.72771679488363,27.274666115898995,45.87627333808921
811.2680456067233,494.8116115401424,27.480085343721896,45.79927602667925
811.4550019279437,494.7201579683604,27.493330588501237,45.75473959438416
811.7617608070178,494.7270793090112,27.40339326229133,45.81500507411488
811.8983044658956,494.89621183706345,27.48293295368898,45.72909660685087
810.9436495711385,495.40993962112407,27.63294751805991,45.599997595621986
811.0161151003961,495.41789027817606,27.589435975452453,45.879565744389566
811.4381233240435,495.12553566362175,27.595456983716325,45.976925850735476
810.4391592605228,495.16630778741694,27.909301291368266,45.796577285730365
810.3356390945452,494.8025090431811,28.131738710994476,46.02221849015583
810.4666264403893,495.18292276602665,28.424994517620277,46.12134152731002
810.1300101653594,495.2915816229659,28.53592865058861,46.15175931376721
810.1193346728977,495.1994237966741,28.607942864590136,46.15968263463138
810.0279858431243,495.2636174743162,28.720455026733735,46.128639893912585
810.2656253220084,496.010683302655,28.705181650344514,46.02329061924637
810.495998270268,495.45098431532057,28.521125402453322,46.05482944016772
810.6046082535141,496.2280314214108,28.275928947266745,45.82409114114951
810.3891864536856,496.4961779830679,28.047962289012144,45.75938332138024
810.6018650625969,496.0642997446451,27.86977882755065,45.95035588699774
810.7770423638427,495.5023645960531,27.58915934976617,46.17032687216235
810.7745840010509,496.21659055600077,27.464135952983654,45.92333640570485
810.3585693149771,496.38254369133455,27.486668624367645,45.72169121351419
810.9466847945163,496.86376110595813,27.228774473970738,45.71243824709819
810.8121277889289,496.68146756147604,27.19972465391149,45.73604033592884
810.7593712918745,496.536834780515,27.059758049379113,45.825384558100566
810.6615371438445,496.5888319867712,26.95334112462522,45.85543193178199
809.999673278913,496.8821168212222,27.14190757385638,45.97396297804039
810.0097844529998,497.0967013381962,27.09136896038262,46.08991829607062
809.7911568356208,497.3732669621745,27.12797530321488,46.148176446688964
810.7255151976292,497.61638908178094,27.08610529798633,46.39560667408598
810.8124583898533,497.0749096012014,27.062568634850606,46.58868313030507
810.4096180476486,497.3150417039155,27.203434966270745,46.52536387569588
809.9815707167459,497.4593555923193,27.343392695703244,46.2880272889761
810.2925198472518,497.64869184130583,27.269352732516218,46.12163442369062
810.1970357970349,497.51953927343544,27.254612746459365,46.150647986264545
810.0761799516891,497.70150460604617,27.287096174845615,46.17407258904463
809.9594313720601,497.9329321389298,27.263022769356816,46.14244824713522
809.5987786016555,498.57469578239585,27.299220661793534,46.3142967507991
809.6321456102415,498.7864098242425,27.223889425258417,46.24030912254252
810.237997709527,498.7753472429893,27.205105196246215,46.20809105402655
810.0178121123936,498.76134131864336,27.235229869278548,46.20413751659604
809.7655776605582,499.0783056073484,27.33173218898228,45.99745658265667
810.3240414273814,499.1871015281289,27.37378931643792,46.135446918734715
809.4243500181243,499.29662133970817,27.50950958211866,45.94977545838701
809.5782437577369,499.41458873049214,27.43151724590163,45.90506920066947
810.0420060507602,499.8462398025865,27.399708850193367,46.352261360183974
810.2613820300497,499.2753005916116,27.33018519504672,46.292048565092884
810.0100973523968,499.69216673721235,27.542709259167232,46.3655529691809
809.6377221741551,500.15471241702653,27.86444205421489,46.464327309320666
808.7589462085499,500.54111171625163,28.07808741594424,46.5285053582474
809.1497256892726,500.58147929645287,28.046203370766417,46.563476857698475
808.2286328260898,501.1807758792206,28.227553711809275,46.30149552335109
808.5468029400973,500.69057363444915,28.389774341567083,46.244947874946945
808.4897048089698,501.19677598731084,28.43063135760879,46.289980589115
808.5307693410662,500.6706014744296,28.498533532210246,46.19956754994376
808.5494960223227,501.4172702613017,28.442718921621342,46.086223176501505
808.7257864403094,501.3880934512925,28.32697337166901,45.83861861490035
808.4251755454193,502.0592507667609,28.131441695320035,45.79356665257319
809.1341431858101,501.8225228724266,27.76834566796407,45.828993688438025
807.9679212375706,502.55539994823937,27.807927387547764,45.88244987540503
808.6151513271961,502.2819417207489,27.684959546477245,45.9884894888409
808.2326677231763,502.3293174590156,27.864768883270752,45.97751832335537
807.840257350925,502.55950325799813,28.039282828361515,46.171155054305046
807.7750122369056,502.60889940751827,28.29832123149683,46.13771591785149
808.2727363309752,502.90814000988723,28.155747441589085,46.33584912160654
807.9133849157021,502.1349677468686,28.210374420694926,46.3270870077817
807.1529182160218,502.754756850868,28.23582585212944,46.37981498455163
807.2995801062107,503.6058684540667,27.96185165983288,46.48159930836668
807.1620181155173,503.8296520465087,27.97526106354492,46.51496444860727
807.2460589310388,502.9094034035901,27.765405498584663,46.764986294419316
806.8453011028241,503.5721744953778,27.77851400808317,46.78537361428472
807.5938043923829,504.49484145897077,27.704915222010616,47.063035778941355
806.5658702910949,503.42801112654536,28.3559117223925,46.833185119863444
805.960576189955,504.21273746174256,28.58253458739595,46.80014898007807
806.5008610258922,504.3928370389565,28.443746317155835,46.727495238429086
806.292156870936,504.340593000389,28.383469712002437,46.62012663743583
807.35320517366,504.2201210091791,27.947803203180577,46.80435012835699
806.32099775853,505.4274639115288,27.94847444213195,46.57490030083048
806.4547519669347,505.7673308089716,27.786250440507867,46.57048498548273
806.7934136007757,505.7303980968616,27.65666882436109,46.64274412599333
806.0368906283484,505.8824406580548,27.73453160175815,46.77202393137563
806.7744869855815,505.41452694182857,27.72399071033583,47.189549459626605
805.7023845874704,505.417090377576,27.734498950466502,47.54243025758062
805.6310634329666,505.7322000799499,27.737015582484723,47.7556479284477
805.8634760058814,505.52469988679496,27.794274434381634,47.79325950960658
806.0698613159309,505.46446188801144,27.857585602822393,47.739360315842774
806.263282171813,505.68707707023583,27.84682067876828,47.69898335496225
805.274136471939,506.4822003126581,27.870556686251135,47.46250593406728
805.3975549077694,506.90315025130843,27.864709052614028,47.26780968101515
805.7340977652746,506.504738946557,27.75638008866425,47.18423753372404
804.8522927069308,507.09863390908504,27.825854301039527,47.263556168276466
804.8465416473091,506.73731974753366,27.771261500243742,47.14078540967212
804.7584820575958,507.3117748173581,27.72222982627502,47.30981824697477
804.7198728903165,507.58718351080796,27.57690985352439,47.219501905063844
804.7249046510603,507.2989720123354,27.468822515093542,47.06912946705713
804.5336499561078,508.3112016571977,27.539698705545433,46.71016151987707
804.926366299669,508.0146218523524,27.435778791459914,46.579685515649466
803.9933151335415,508.58825472404584,27.66348176115081,46.480081791992134
804.2225113953193,508.58609608263646,27.539139058494968,46.58841203351635
804.2122527033079,508.6310852403598,27.369273038024566,46.54755978806236
804.5054034319604,509.32641485994867,27.270273973440595,46.69877531523447
803.9532933839834,509.4692076696729,27.345614784536117,46.89363719673007
803.6992865183947,509.1630103383596,27.338157832138755,46.92927359386151
804.283929124872,508.8174691072277,27.137136185678116,47.0957075089527
803.5297979714696,509.0194949096029,27.246597165731217,47.21531638517844
803.8187632115465,506.85429197382916,27.27716871594997,47.49690128428327
803.7250507719396,505.957237068163,27.254828548329094,47.590872884365204
803.149130139985,502.6529101867177,27.439058618581115,47.67704615943238
802.9672966431497,500.33427590177524,27.580286218850603,47.68718517456878
802.2130979411262,496.6858336920706,27.631426590503146,48.002883680892026
802.070028960212,494.3509027948213,27.61230776836948,47.85447812996219
802.3161860894321,490.4942363222571,27.645866336505478,47.85956436717436
801.2653911505022,486.6427445053173,27.64423312896182,48.00326712870904
800.7592716999147,483.7386910730617,27.86072463080651,47.991706177058106
800.9874231639745,480.48455163239186,27.945718184773007,48.476058323473424
801.0425342118066,477.31772194520636,27.962739265211596,48.45696453546044
799.4683721224901,474.0834899984982,28.166111194317587,48.464629688489865
800.2333129866277,469.65268474891286,27.985033105454583,48.492699271217575
799.7152022530976,467.53304295825563,27.978801164273463,48.266956473900464
799.272125301633,463.1586931453781,27.899651824995985,48.398527727463104
799.4391416511867,461.24331465664426,27.799854084775685,47.8423218143058
798.8497692128508,457.2883427317079,27.765021929358134,47.91978237255251
798.8776227951884,453.0901225500148,27.66114457810378,47.906104632911365
798.3869323667496,449.86104603236737,27.837760985384882,47.828494881341015
798.0870645039568,448.49631907082403,27.793105174258024,47.66774318270834
798.4376708314278,444.18258748206773,27.63075313838398,47.75205069005496
798.2183129925771,441.95333331943107,27.434903641505805,47.62788975721062
797.6805149594062,437.4952231156353,27.213616959243783,47.43637929932358
797.4232689744022,434.87180344299816,27.180296586608275,47.18733327243602
797.3512444703579,432.84679047096915,27.086662313394342,47.24954169063036
796.6959447443081,429.84268714907364,27.223023798956405,47.398591725839836
796.1442613840612,427.2850143669046,27.35667379171659,47.26004391478129
796.2443048701708,424.45767233012555,27.259305768815224,47.221325221158
795.3746561071414,422.0361054592758,27.37091667511538,47.36701929229464
795.1488741492655,419.8564636009734,27.38544345073627,47.39154520402883
795.7042335385684,418.0799764679068,27.298514077953218,47.0885114173361
794.9657543819073,415.38932798333525,27.53059564891241,47.00102167001805
794.7528733011723,413.6162820664635,27.505210403089126,46.85849508220697
793.5401090226584,410.86107949922246,27.511845384448677,46.95347443925378
793.4290169709958,409.4790463247095,27.483805106088603,46.827633905039974
793.3418930303857,407.46381588421553,27.514592877478854,46.98196062884706
793.0754152152082,406.5680026831081,27.345103477621535,46.90982429474152
792.7008964449977,403.5498631790824,27.38265908921691,47.00995036776477
793.1264847078903,402.4870764140222,27.174894080575065,47.20972822356106
792.1530857013602,400.8740526609829,27.310789498115312,47.17784664295458
792.5713359534706,399.7555843658099,27.12874900680729,47.3587601124204
791.9561728743814,399.53921277750004,27.227489209365757,47.21828947335105
790.912191276159,397.69660036186053,27.505020806193667,47.247693458072526
791.5418955712512,396.0521363456493,27.202069354070744,47.42924110032783
790.6049349849849,396.0398014422005,27.218637316154194,47.27618924291589
790.6997066738469,395.1075868341313,27.090462448557172,47.21756769783137
790.9943055125756,393.50511717376645,27.067286928768894,47.28873321485013
789.5242646267342,394.2161108037997,27.24076809162595,47.31272340420068
789.4244503815181,394.2812716053347,27.208390062025273,47.26870235302207
789.6046026036308,393.8074538382029,27.17187828399672,47.79908635997624
789.3445776832682,394.5245773786353,27.17266747980915,47.79646905606613
789.6845786058008,393.8657211938987,27.190506623380138,48.063838984934094
789.3220065525807,394.6954170111822,27.188512746974883,48.11807743059027
788.7848053298582,395.0721546948531,27.17370086746877,47.811841015169904
788.3145437368471,396.0129904208223,27.16064134942361,47.69099841588506
788.489767643064,395.88300078963715,27.21447440814276,47.90113128985567
788.185176270579,396.10894792236616,27.18699031875841,47.77536804041364
787.9201861588252,397.55999807455134,27.22328329999651,47.486717786397286
787.6887205766246,397.5102131985565,27.155652957649387,47.39864275870479
787.3458698268174,397.3690800445249,27.053688076858514,47.562843418987164
787.4727117141495,397.50673268303797,27.114747731616816,47.677621365542294
786.7940661186857,398.55473347429637,27.051515159841333,47.65871505318242
786.7490895719147,398.6152401063051,27.101208713302093,47.657961431765955
786.6670743103883,399.6872727809333,27.06823378562943,47.34770402776094
786.7642295406961,400.65763352003665,26.928256546181206,47.06231833351269
786.3758636352162,400.4272490794181,26.749038573815906,47.244222085994245
786.7904381233917,400.17617224641526,26.59281828837514,47.390441966561355
785.5021963463339,401.4930235230603,26.8842402446667,47.423188960085334
785.2708404119356,401.2556735733666,27.08492639954254,47.57113592859314
785.5675766433116,399.92010940029047,26.998784235214487,47.619459871440284
784.4054244335013,399.37052675670475,27.152169474918665,47.85319289619116
784.528016123846,397.18504708112016,27.22294846843969,48.13371054356395
783.9857189411298,393.64438877055056,27.544903013296263,48.573634933715496
783.4187703969828,391.2982875909872,27.662009234738537,48.534892182521254
783.4695231934714,388.46157731172127,27.842750887072846,48.55876754833463
782.9559557593377,388.0792213020855,27.863521528999165,48.17295471294607
782.6739854660013,385.0399647303356,28.0632349697617,48.086758765259326
782.512159818406,383.1779376041709,27.973162974985897,47.862749882441705
782.7457809000518,381.30639306290317,27.66654513696958,47.88894934514982
782.5835518780762,380.7667914294878,27.540285463511644,47.67725226236355
782.7339223766775,379.73871478477815,27.339495688847975,47.74714096533427
782.6941583463029,378.96874740044217,27.13406160212292,47.89219102846265
782.282725779242,378.94906806020873,27.00330522955374,48.163675646868256
781.5272651585921,379.3103930400626,26.985554848577397,48.2449891099358
781.5190210154916,379.9280064482708,27.12145459583354,48.15110755604673
781.4889693127185,379.77933024942865,27.11275877390364,48.26248566872458
781.4753389493342,380.370527639298,27.055821897506064,48.368622073182316
781.2507574032968,380.5328635644674,27.0337003914688,48.53715478669968
781.090466951239,381.7852560657545,27.202975292252162,48.51042287708211
781.2311647699269,381.60126471531044,26.962153046939836,48.80214471323555
781.0814346154642,382.06143308916614,26.770137952556333,48.92152647424445
780.8678071701329,383.2832281766324,26.613745890113012,48.66570428179493
780.9303973065711,383.73160375547485,26.435140074226325,48.61402515513116
780.2681257588418,383.8542970024523,26.445300497374973,48.65512343910359
780.2594533004406,384.2498370237261,26.383496473435546,48.80096451624592
780.482487201056,384.9319262279324,26.335648853669927,48.76847272377718
780.17628856044,385.8399878602685,26.18047480483142,48.79727820056022
779.7509624313217,385.99026881126196,26.147451368602233,48.87736756395595
779.8184505167083,386.73226453618724,26.2689845316782,48.75383234236164
779.9316977875253,386.86557942756195,26.172010003972424,48.86926013698384
778.9925617084235,387.68555404192165,26.206157725797638,48.74657920832091
778.9017642981213,388.4247723697765,26.263189113172153,48.6062770798176
778.5557920955143,389.6241144077423,26.30093326251508,48.61754540600088
779.0162945283222,390.29493406913167,26.058171735961206,48.771331307526374
778.6391290596492,390.79616677034693,26.073044112363444,48.88318904428647
778.9573050812786,390.8942911325857,25.957081029943037,49.043497897657424
779.1667216768734,391.4682416508132,25.98441718532446,48.8853898638079
778.1585596125753,393.05131914507706,26.060055445657312,49.17527358873528
778.7181420563563,392.52897976044,25.700925178857133,49.37839026570516
778.2639906017816,393.13847342604464,25.79252983485194,49.39156874794194
777.5932881128734,394.50286950552527,25.9922035504613,49.74106013733575
778.0243613252629,394.1905264616339,25.98154249727186,49.705827082395494
776.6420830404725,394.7999895060544,26.363117766498853,49.60908121701952
777.1009558273804,395.7745187835171,26.44719096881365,49.789757178237785
777.0501894216094,396.0333192350342,26.604696330420023,49.596104360511774
776.1598799527109,396.6238450959195,26.98465427654822,49.53707204887455
775.743995666973,397.34772415158176,27.158336846151016,49.758584214573276
775.327499777538,397.8246613648676,27.262559680280678,49.98144578520153
775.2733295282218,398.2289084081722,27.38612259237868,50.10388726024936
775.8952276067289,398.5389005858473,27.156517824448258,50.158480915935144
775.4402800799205,398.42248254068295,27.45586831572527,50.49074504903316
775.189031508712,399.36208541581124,27.626940923821444,50.80388086486242
773.9955058431732,400.68706516564214,27.84822839991843,50.81172561591774
774.9717033861923,400.17854155483536,27.614883840499303,51.07093566120842
774.8073248860176,401.87597494735604,27.710285303791757,51.1146398524244
774.4620273937034,402.31009584888875,27.770633827982557,51.21001918888533
774.3516292967743,402.8857756720137,27.837419413048302,51.28463052614058
774.0278722551714,403.49881556850994,27.81490498854466,51.38723911625063
773.4420830867149,404.5849111797587,27.841899027323734,51.50019126914985
774.1019548090388,405.47001421070814,27.66565471864692,51.56024178855735
773.451829912677,405.694207231349,27.684052027621277,51.68246007161642
773.7927682580453,405.5038960344159,27.60861600022247,51.58220700318907
772.738479508424,406.94388185631385,27.71426548089488,51.5089274828063
773.1891007466858,406.0821256584388,27.40337321503806,52.11421382722573
774.0453108318146,406.81601552607447,27.15158989895211,52.26277997437026
772.7598307474731,408.0947775584341,27.329096946450015,52.251183672636174
772.8314663913951,408.2466317986545,27.26016577856379,52.468501743918864
772.4327254803525,408.94169649224364,27.321965291975136,53.102287885991686
772.4708698080327,410.0808973589918,27.342105880298437,53.505177494276964
771.7504877613443,410.1112958000042,27.462639251248042,53.671040148613855
772.5659591525764,410.34800748636025,27.6413939775958,53.844087024601
771.1208720526569,411.7118409934016,27.916478999349515,53.2747320928089
771.2069919437339,415.0340913874528,28.317770546827113,52.85962478691479
771.2407935951609,416.9510168004479,28.478795566455332,52.07985516247784
770.7364366699112,419.3185675414742,28.307478355782138,50.81642573853078
770.445757987014,420.80715322256447,28.502329342925982,49.331163522659125
770.1978937869851,423.97615622443357,28.34991820660303,47.58102668624884
770.9239291965331,426.9748065585142,28.461352321817852,46.20374068559851
769.4136229642322,428.43958193938425,28.097480733761692,46.01611921653732
770.506784931968,431.70203118109913,27.826536680148926,45.31252314704795
769.7228272325682,435.1748602848753,28.368097885261022,45.14637496070537
769.7018648945245,437.61451256790707,28.67586952904552,43.783869367725245
768.0896569840982,442.5419288841049,29.323923455290682,43.79741918924809
767.8687521313348,444.52843721632064,30.051245131337534,42.24649567781648
768.282146979732,447.2768637271049,30.400016147357242,41.255152032773765
767.887632904004,451.27841077163254,30.028654279396456,41.06347647704375
765.4634782040258,450.4191370823479,30.22721201614499,40.7623757805093
765.5902196562996,455.35367461402376,30.22441984002334,40.756269161981756
765.6545964833836,459.06892309471857,30.224850193500174,40.75494328594983
765.3954415964648,461.8811727668155,30.22714545098403,40.74851692835871
764.7259706386624,463.80001663905887,30.228952051647433,40.74365055304315
763.0302867311879,465.81109489985585,30.22990229076035,40.7418158774575
761.7061370296192,469.63432364871795,30.23048731744808,40.739884861361716
761.5774478610242,473.8387155656843,30.231009868791375,40.73835906118142
761.3196223434604,477.37338159794876,30.231612519252373,40.736663009683475
761.1451633236454,480.7046408291507,30.232051228342694,40.73555297165702
761.0926105038945,483.890610791333,30.232342837614496,40.73497907130977
760.1349207027483,487.4931492082108,30.232581215045606,40.734514969487776
759.9661388929225,490.4213261548401,30.233213844478275,40.73359120241942
760.0494489438853,493.7483130750797,30.234877458396863,40.7313030766619
760.314213696502,496.8748761197713,30.23560291322351,40.730467712986716
759.9720440102309,499.88672230899203,30.236187841643364,40.72973647422422
759.4236968293048,503.12196717388457,30.236836947834515,40.729140199944446
758.6885376621703,506.42730881246325,30.237665707671084,40.72825821520658
758.6001304193807,508.72011197921853,30.23851092039859,40.72725757551309
758.2810325973364,511.29707635266954,30.240876221717446,40.7252467630289
757.4193830759784,513.0929374475492,30.241989771917762,40.724063313427756
757.3839441967544,513.0312844294815,30.250175998290405,40.715521774256054
754.663908918415,508.395299134774,30.432146045325762,40.552477638939614
761.3448164918922,458.5703950549704,30.301873485651576,40.68114474630076
762.3983006648738,451.5042687946861,29.54184446502103,43.353061535363025
763.0727491147218,450.2583843199183,28.738294481046992,46.12557098439504
764.1582069753429,449.9422420657664,27.906552672806807,48.081613975631996
764.0458709559539,449.06074927240525,27.426143367934003,49.65473081416626
763.5049615489629,448.07031870574696,27.042455151428726,51.16213285272
763.8981783743519,447.60806735837497,26.822408915583026,52.103362503235445
763.4699129036576,449.0847662624858,26.680539109195635,52.83624136928438
763.34937011376,448.4765248671582,26.56075778473221,53.321901239140274
763.129286625108,449.62904885921813,26.778639059211617,53.92260209916722
762.93075363594,450.65915912943785,26.850572190715152,54.2713240197415
763.2209590747386,450.3801490966699,26.96862838894272,54.47697826367744
762.4195213259811,451.9531533428668,26.991209396597256,54.714249094861486
763.1917098818832,452.3153483554465,26.943415984973274,54.74147834908685
762.6164086342296,453.4676564139979,26.859778425196154,54.998755933537424
761.659694107299,454.46452888090494,27.044784598884803,55.04323617367349
762.4526688784044,454.2587723585468,26.9819217237345,55.09872927443707
761.7654050959397,455.66029296658286,27.037059468564976,54.9788435950167
761.2994867512944,456.294716367042,27.142624206657224,55.143487428062905
761.1906432663802,457.53789175560036,27.405745867497444,55.587427588369955
760.7999957850292,458.3383247467396,27.59593238884677,55.64451308028113
760.6161146232223,459.4894591190487,27.710310539544025,55.666044661056574
761.8918787265202,459.61927444345145,27.43687376361231,55.6482604991772
759.910912435134,462.16372874651006,27.74696184488934,55.8884839731381
761.2535546610864,461.32135577746055,27.37290709879513,55.715277316480126
760.7342804120215,463.80845636984037,27.421247567177865,55.716529508490424
761.1335642826749,463.0645281488378,27.414896424858696,55.75085671179477
760.1024678369553,465.0952605348059,27.485672504354792,55.8795479228297
759.9608171019395,465.8679421565247,27.549975572029346,56.05738893449617
760.135231032235,467.0030307380255,27.621757930678466,56.20975052881886
760.2934987410199,466.29174347516755,27.71703130188512,56.43862581385022
759.6926127476315,467.30932529510017,27.8523776075477,56.658432724522015
759.2364276381622,468.93961992952035,27.985533861547154,56.78143176973812
758.4531364540278,469.3837026126264,28.127371146960783,56.928417527526534
758.0041050262871,469.73813499784217,28.28354541973578,57.0042727010952
758.4093077415037,471.46319154450714,28.265627968237812,57.298150744316196
757.668792553435,470.724699778845,28.52886523734235,57.372090647901615
757.1748046248663,472.9030436882576,28.72949520824926,57.29275611581949
756.5570586203389,473.33185227874384,28.93920963895016,57.08564853071796
757.1239419428073,474.2242016099957,28.788406317606626,57.241505083096186
756.212251452299,475.66626202327916,28.941422799531004,57.208446792768896
756.7423946726115,476.3572294332305,28.844536544014254,57.59054695936221
756.5501600485255,477.03695281309894,28.788185485646597,57.55632984440073
757.1492117756718,478.6821723573977,28.59037290202062,57.45818416133598
756.995851823318,479.931007878874,28.583235638768837,57.43667912828635
756.7686697594202,479.9188150840124,28.58692052395371,57.22958702528626
756.5604801354166,481.14973923360037,28.517665802653855,56.93281784293157
756.6275772873395,482.7559159624252,28.375109243748945,56.86552540136469
756.2622962184639,484.17734468636297,28.243357038047733,57.04030925941261
756.8218281966108,483.4695183533842,28.08638673304852,57.49656615911194
756.4955553374945,485.1660527800383,28.12169488337969,57.41004399388358
755.992021154232,486.7204633670767,28.11037330964259,57.518350142957345
755.4007173345931,486.83843405411017,28.145026723380283,57.574211592434025
755.9135560929049,488.19602970060026,28.046220864128344,57.7180152602388
756.6413371589387,488.92659404486386,27.83932084620413,57.74909934408091
755.9067333894619,490.7651798012757,27.60549016952048,57.78803424605226
755.5451799695576,490.3725782755229,27.622054696230222,57.83272659542453
755.9166106766709,492.6048343263061,27.671450054521845,57.91921985732256
755.5060074279282,493.0151595238691,27.746276461293437,58.35548825015281
755.6135300300707,494.4010872142905,27.889917078303313,58.42401687581024
754.3626745577503,494.7908385790076,27.95474290445963,58.77998644404456
754.9136222645881,495.3492349436888,27.958358917709692,59.11300004727025
754.315688818555,496.7946980715184,28.18357328911932,59.383677480804806
754.412927121157,498.0290425442458,28.273097825701935,59.51199294895483
754.3289905976552,499.1966058937686,28.28502010292341,59.54802222715831
754.1967900399759,499.95801527034956,28.38625356281402,59.77365887923165
754.5285358752375,499.9951410630729,28.373195551844447,59.8699362569933
753.40538657723,501.5807657291417,28.584433026872382,60.15876516429651
754.1661050831033,502.3910987967081,28.385407671505675,60.514459230999314
754.0419861373302,502.1992545407338,28.427483006045833,60.68440429469044
753.7599481122941,503.9309437975147,28.520778832510242,60.62542446086195
753.1739059035314,505.3871586528724,28.602754497784808,60.46920722306224
753.8257978561676,505.5534423582477,28.47819114972532,60.407543012222675
752.9944374917712,507.49165495131854,28.631698907784227,60.6856850677498
752.6063996434195,507.8762755558837,28.927634037661946,60.78781816768239
751.999339271011,508.9797914014154,29.04039291171332,60.94352675486303
751.5382766215042,510.58609939257303,29.20628135951153,61.07686900542737
751.3468091499842,510.110951063635,29.354627217568563,60.951612126888364
750.9287190046931,512.6261992515796,29.410447524706512,60.95898806545236
751.6235515972618,512.3781205583156,29.368902909752016,61.07218003626423
750.963790253989,514.5924203788289,29.469073112548138,60.85144134189281
751.4700310037146,514.3436492902239,29.3699477384519,60.89402204039274
750.4741404138877,516.4187779761353,29.484238755256307,61.15952184783008
750.3820002309869,517.4697636788243,29.51770759785851,61.64962984346829
750.9925781489196,518.1233674510756,29.31857770479553,62.046885184822195
750.7892305793225,518.0796736362189,29.427544871720762,62.07681753187737
750.0862898060325,519.2549477738523,29.721769514080385,62.13282920076328
749.7733506420954,521.1243885743851,29.711098845982892,62.388690231610184
749.7646526367935,522.5233166934067,29.579641077747407,62.519141288412435
749.7882460777919,522.9437418393215,29.436129133535403,62.47064122918401
749.2184625338714,524.7537680151221,29.364298215890763,62.4994462327007
750.1086545786042,525.2354335632031,29.149565781622492,62.78346940556635
749.4851817864592,527.2746795936444,29.159471799872378,62.49935204904473
749.3130725026574,530.4997402614944,29.135611360803885,62.07315554092035
749.9698801852368,531.644259973301,28.893688343171707,61.87662944013739
749.3601761161486,533.8695963653038,29.016840225244596,62.24889748254779
749.578072167597,535.8823043702232,28.913205018938854,62.408806618430454
749.1875419131183,537.0714067574492,28.91847000854463,62.68842755236783
750.0314306265176,539.2221548921636,28.63110418758094,62.86921630567444
749.2639769158131,541.1476848396538,28.523225821407266,63.07264077806454
749.9638396237922,542.4171898416184,28.430016099113782,63.213817761058706
749.0164306159814,543.564974818729,28.506572133724784,63.41924868803258
749.7012855711324,545.8610147887958,28.629579131877854,63.370979592320225
749.0101701805273,546.669304738306,28.7599404730093,63.737403667260764
748.7556312516516,547.9349434800274,28.873924442716298,64.20074459965043
748.9156432352514,549.5838311069433,28.965623850837133,64.34835051036953
748.0720671460559,550.8843220207665,29.14037814390546,64.66152702699202
748.046267751534,552.0575667771996,29.146449020273156,64.76123359338007
747.7222091953915,553.6560211378484,29.184897996914994,65.01236488062736
748.6368315261067,554.7517105729931,29.056763460072762,64.78134236505124
747.8011866697146,555.4666970741902,29.295334895879158,65.05792592126613
747.6761833487815,557.0423291050857,29.387484328301547,65.213920465432
747.3167301616897,557.6650247128833,29.564712691067513,65.4083974615831
747.484018412693,558.8727585827662,29.73946157415473,65.37352707479897
747.4011781133569,559.5204398034368,29.919666357925635,65.06505995625741
747.0323616581614,560.8641838759348,30.07210611112061,64.98008798557767
746.693857949021,562.4752819014666,30.210041373449066,65.16225199043758
747.1338495737327,562.9511032111864,30.196791734655548,64.7953576987303
746.6096720475177,564.8760766526475,30.187096989073872,65.15112837943708
746.6722932737009,565.6292619060339,30.14748899924288,65.26689041241342
746.8154330589509,566.4146978570225,30.021816930607187,65.76876764831475
746.0579914467055,567.7920180706828,30.021168495971665,66.32739707458593
745.9831898480011,568.9554351543126,29.940781732590843,66.52542471991786
746.8999498814761,569.8238790052717,29.736385711012943,66.69557749479874
746.387124239202,570.8452022978005,29.854202167661235,67.10427730714098
746.3706798851618,572.6327681595877,29.74631357097288,67.27630172675501
746.1568471128397,573.7816617433388,29.697874051463486,67.19132388351757
745.8014108230329,575.3370861669422,29.81067726128414,67.30439967315154
745.3201882712333,576.85142721793,29.899491006736746,67.27487428466148
746.2025419982482,577.4312766081989,29.667759464801016,67.67222048703377
745.1749638276834,578.2627347600757,29.78845695411643,67.87360562638038
745.4453916688686,578.9116990028916,29.685789943811713,68.30739973405583
746.3306316906084,580.4661016150831,29.567902559328743,68.53096026093951
745.5313174265618,581.2508623998996,29.75737905647701,68.97033790319014
745.489264938209,582.7451359463469,29.786718402669393,69.22175791806829
746.2751475352809,583.6346459189169,29.683060789664076,69.37001827974431
745.1358146923333,584.8561347792056,29.767071057163285,69.05286977898501
744.897396155464,585.9858226090635,29.704131746071347,68.91034902535152
745.4138681341225,587.0116053391175,29.658688873558923,68.4826311690413
745.3127783361373,588.876703843129,29.540264145188583,68.3110209968794
745.4657265891229,590.1357778749956,29.352830350789894,68.14018061518367
745.2494895300825,591.1874006835217,29.147957485914816,67.6227690244681
746.2550342337527,592.4545974480397,28.968031365737318,67.60003750181022
745.5180649331862,593.6891019325291,29.12020657060693,67.64947640880818
744.9901383498188,594.5390820756294,29.32974649919779,67.9632642915529
745.3696256973728,595.4047138619679,29.29859792255909,68.08019019202783
745.001346859927,596.8594766232857,29.41687554431204,68.39500510823524
745.7868663215849,598.2603567136682,29.358008604715156,68.57568992907233
746.6438044568637,598.7603087558878,29.327616769239157,68.6936665466519
745.8297804921409,600.1654015883893,29.643541757667364,69.10144433875644
746.1850569387772,601.1520091008526,29.814353388759447,69.48828404519865
745.0594270558512,602.316340150273,30.104583744249155,69.8401992244951
746.0613589367089,603.1306894844049,30.026590758710256,69.96002128815738
745.9597139799882,605.1062708557299,30.181643683666515,70.11614642926578
745.6178296984159,605.7566229502014,30.253947150337527,70.40875831850887
746.5718409113047,606.9827111810669,30.23791502855324,70.88636019425667
745.7932252795839,608.5562101868434,30.414785927080956,71.30633300789896
746.6358339673138,608.9207402226691,30.30220754011598,71.55723909988274
746.3912959973868,609.7257980157744,30.32903023723879,71.7566110949252
746.2600357319056,610.177221011624,30.46427376646251,71.91296300590543
747.0395707922153,610.6436098845004,30.518378441947753,71.91704367575622
746.4352217280809,612.892870512564,30.84919975203639,71.8764897009708
746.9648746649262,612.9163280898173,30.977737320308897,71.68953267360502
747.6081707762131,614.4359161390516,31.158662592890444,71.67838148701694
747.4387416545859,616.0389296915221,31.28672307923457,71.6590549645802
747.3832689179146,615.9569454007523,31.373370402484944,71.90491287001004
746.9178199906703,617.621730125912,31.52380479986601,71.90232496418534
747.9990761822693,618.7551213067402,31.489649827098923,71.89914819716387
748.5490104610564,620.1591099392176,31.33444568822205,71.99044838086326
747.9258119297284,620.579228318016,31.38500716051534,72.17470233733967
748.5494315035825,621.3151516037002,31.1911400382972,72.33474272504705
749.1920326062478,622.845896209315,31.22667352594428,72.50073154116129
748.9214342798472,623.7398678323581,31.241534343288727,72.72591967515629
749.1837062791589,623.9337627095362,31.13509177460471,72.86617879374793
749.5138816353021,624.6909926908858,31.16035082021847,73.18463175295405
749.7607304568854,624.9276835358163,31.107071360855276,73.29147469630992
750.0977036701274,625.7830462190383,31.13067558878268,73.70235615664816
750.0314552714301,626.1040994376332,31.28513301532749,73.79053894026828
750.89767528558,627.5714669130209,31.37851414829795,73.85941555412903
750.7222847174783,628.4525401442438,31.453564525596008,73.64496317871172
751.0093836409837,629.5264367213223,31.44541518150705,73.28424161021007
751.1501251757436,630.1710264930609,31.30229192686963,72.92929096382744
752.0407743090024,631.0540492857293,31.253690312764437,72.86940139388689
752.5603879708981,632.5931240281819,31.08214270412956,72.59371353312707
752.6237447827755,633.085470939529,30.94789599856759,72.39693309248622
752.5140546502288,633.672967065729,30.749619424767197,72.15452441056662
753.4971062396919,633.9591650644135,30.56822701072593,72.0741895215486
753.1138333566183,634.4580818598631,30.669230412752533,72.12322210916172
754.5604549771816,634.9612274393671,30.478720926737697,72.35830174731106
753.5231522975708,635.8232641960992,30.710674680353016,72.6434376283019
754.9338062952238,635.6107492539899,30.764482556476615,72.9986592976177
754.5834044049418,635.0417208468026,31.148663573168513,73.24224941382249
753.7900203151943,634.4556054138733,31.42203374908546,73.6991428840132
754.088260557293,631.0476110889732,31.98543628719636,73.04640871353118
753.2260308280311,627.2179491396919,32.240162626709164,72.54316547342214
754.2849489394696,623.1371258169429,32.40695050356359,71.99628932228904
754.1269538653814,617.6472815086531,32.44741090949903,70.86971477816311
754.349368627457,612.2269833399628,32.278545943472345,69.89432257489439
753.8667896892554,605.2431793032121,32.31860027468688,68.74097804219477
753.5691118401131,599.7048029574213,32.35220895844875,68.22479231061939
753.9050147048788,594.0416077021016,32.17552294961482,67.64910037802159
755.2847585685647,588.4748141470782,31.665138291548367,67.34220820950398
753.769473831719,582.3843692847472,31.64817878307746,66.71397680226892
754.9546257185388,576.1335922919209,31.373956027885786,65.98192635676918
755.5650683788407,570.6688530793623,31.38213588710665,65.82513731057303
755.0981370217784,565.7391861560488,31.567592727455782,65.86890414059816
755.0133712763499,561.008481139364,31.679394672332194,65.85223628547921
755.1336828231423,557.557015352027,31.60523176499038,65.79482259190371
755.4630057466512,552.956923828185,31.462572181724532,65.89339354852312
755.2769692052686,549.7173557784278,31.6157871118617,66.17538752386172
755.7996674523465,546.5591299712497,31.450831270076343,65.99053117389289
755.3770434640566,543.3004857992079,31.547456352369238,65.85400043380909
755.9887677898187,540.7231934866356,31.362221907540544,66.36380346944554
755.8606428978263,537.6877649117591,31.33257255903508,66.38573998778983
755.760319900402,534.963373954986,31.287008753640347,66.67833007546942
756.4473081988768,532.9646395814012,31.06052253888515,66.79426305412986
756.3367306920246,531.3283462946713,31.130587332972652,66.75331727514242
756.4640362495318,528.8438419336119,31.17904956457312,66.5011951493301
756.55185613431,526.8796008572016,31.284877530784193,66.4691863601494
756.6426663356649,524.9474737855962,31.29459389395975,66.36878605771196
756.9156805866423,523.7438177032948,31.238435314404356,66.2083775706883
756.3182896393585,521.6452371267328,31.12981073199765,66.06057278905878
757.303112002543,520.5592927878831,30.89442847205911,66.1409850263285
757.0459094518037,518.829811717031,30.918655375915407,65.62377185980516
756.4883167415999,516.9173545957848,30.893813750119467,65.62153504219322
757.0943662181833,515.8690692390733,30.696147227220163,65.85563071804151
757.8475524770216,514.5804059644739,30.60402925570883,65.84958729691857
756.9497990939288,513.5671434208436,30.888448008245355,65.88770930228529
757.9610525049546,511.2074138215713,30.97098936582026,65.83249933045028
757.5527662902998,509.7059322533187,31.091226062193165,66.30482806372677
756.6028428551066,507.9149116274152,31.131548444130445,66.7328616422701
757.3985532987044,506.06065919397076,30.969995182171346,67.47883565779489
757.3982554042179,504.8765667417621,31.04050955149752,67.99806552700261
757.5256138177697,502.7241095451609,31.150956080459792,67.92510554581536
756.3445128709626,501.1383988710037,31.211471687147633,67.98671725705998
757.5424739758761,499.4458855206376,31.24388466714008,68.39815334538073
756.6877501425053,497.9523775101362,31.442562966663665,68.5108099971055
756.4791837773076,496.4265449650486,31.43665751241612,68.60481155120891
756.346998627659,494.8032984258306,31.46112273747459,68.42554960568872
756.8981180696949,493.2436823585855,31.31736033722484,68.47431283759096
756.2277141509473,492.35947873833356,31.290817000365195,68.36951167450752
756.9874612283407,489.82604762800764,31.301730155110583,68.44736785267887
756.3124443158717,488.5476201360314,31.386410419600963,68.54304763330802
756.2061197726234,486.9569066768038,31.31895007077759,68.5498958850762
756.5925234395644,485.3794133722512,31.175173858626454,68.5708335554302
757.0956272783906,483.1481033558605,31.040979630643143,68.70219481440795
756.2850107546427,482.8135742265741,31.151027985755867,68.80196094489459
756.4252486629615,480.78339294718944,31.204440699849528,68.62133381860531
756.359498443239,478.5933818658323,31.324044922052835,68.51017031618888
756.2600438225248,476.64807206751925,31.41629384957664,68.53144710885996
756.4047302743257,475.0799177659433,31.585243679615672,68.99208651874402
756.2385747551402,472.19298975953507,31.791079503028342,69.03402801129685
756.0193825497084,470.72198250598933,31.931812295172925,68.93664122558738
756.3813276005702,468.27723114302376,31.944987031858748,68.99358484278441
755.9123634995887,467.15217754618004,31.845984553547034,68.83348404964022
755.9343416238636,464.4504885657421,31.848532448622517,68.6548426814451
756.3322255383348,462.8561878501137,31.76751824745736,68.1831772364811
755.9061213127585,462.3162611840937,31.559308092805367,67.79742721692811
756.5135064786882,459.3855633512846,31.64247217390217,67.45342289246462
755.9870953132196,457.88553449073834,31.49795461245199,67.07018197807434
755.9947456165032,457.3032990781214,31.364455171525123,66.83048360145725
756.4564693871268,454.57428826032145,31.261737183977438,67.01162878747219
755.9468114784394,452.0332543501322,31.303293342062027,66.92046977450713
756.3792708289703,450.38548395998123,31.24280566221364,66.73647998191792
755.7804965634709,449.3066430650008,31.286317909719287,66.23771984492262
757.1054303443218,447.9693927418399,31.24076777469929,65.7596895826598
756.8149132059818,446.2980955576162,31.272624583556023,65.47491550094243
757.2920837007537,444.543526676467,31.181757605433543,65.24103487449258
756.7529801739088,442.5410129308178,31.024658753781388,64.83664902808344
757.2901387718694,440.6530962517954,30.97270486295191,64.6998072438402
756.5286735729827,439.11903491473777,30.88537489333178,64.64558852353093
757.2228109134574,437.6641661688766,30.89466009359275,64.58001235177062
756.2757659097415,436.26684238677706,30.732799459392574,64.33314003567486
757.071543208183,434.5343852371947,30.70659408373898,63.93008911343449
757.403559210175,433.06160068567084,30.682170999375465,64.4283801937162
757.1398034514275,431.5696182303285,30.719415478525192,64.3102051546023
756.8461999376276,430.13368498342044,30.796472133142906,64.82186218339159
757.2783528862212,427.9665035632822,30.827702360661966,64.8736341575792
756.4433656078861,427.63204625090464,30.647636600750495,65.05689964364524
756.7860376672226,427.09006321793146,30.64140646618564,65.12449314813686
757.3264088986057,426.01485859885486,30.66111630730569,64.98169903240823
756.5872879900254,425.1346008265354,30.71342845890082,65.11211432680292
757.2624472536677,425.07771847875983,30.4542378040833,65.13568508016489
758.4239460746243,424.44757486136666,30.133628401076876,65.08534759628509
757.5523390881962,426.1610106265761,30.23592960270823,65.2516564838808
758.0252499450808,424.2917542769688,30.30046753382896,65.20091261037199
757.5458823439997,423.70232404583845,30.34389497575239,65.37024825039757
757.4003731402073,424.00622646948955,30.333360282989545,66.08842847713866
757.9993635228933,422.50468439295975,30.330110395493794,66.67303318760182
758.1122348412739,422.3005683769326,30.205182436507638,67.22706642111893
757.9164992930798,422.2178236664142,30.262080174598427,67.37704881558018
758.4660282185183,420.55337534780233,30.176143690222325,67.30659504806451
758.6203249268028,420.9072127140334,30.159635056968906,67.35352453599275
758.7496036457609,420.68674220716383,30.199949017024785,67.30809528424795
759.0264173572447,419.81623917691445,30.19616490536717,67.0357651631061
758.3458568473116,419.4411590059141,30.161193033540158,67.20141148323343
759.0463047165788,419.1813609343391,29.945598360450767,67.38489271315811
758.4264693226668,419.888925112597,30.012654454633047,67.76292503359855
759.6808432771106,418.50609481732835,29.91291910182155,67.25767011586561
758.915468793479,419.2217225880986,30.015168728073604,67.15547477120163
760.2519678382874,418.4903271027514,29.596717996015922,66.72571515424198
759.0880652903475,418.83498631547263,29.675284124000388,66.54822991971743
760.3326217651762,417.6160687532048,29.482429385478707,66.53926648124958
759.7315637736749,418.6918231661615,29.650945157337798,66.78285586471719
759.5744542490668,417.5313171905118,29.93470513783859,66.83811502365819
759.1225869455917,418.2836588459372,29.957274240333252,66.5344146410834
759.5346201217149,417.7336960000656,29.936463267286797,66.53966097720533
759.6604866356173,416.560993660243,30.034625597567526,66.62502322788025
759.3404971037568,417.0617281293707,30.059570677104276,66.29693305520789
759.7360148963459,416.541672857121,30.201287403155956,65.987138108832
760.3604587871814,417.141190945419,30.174210081575545,65.89511909169796
759.9426745674969,416.546172883051,30.295144519689494,65.71961113569975
759.6805058786382,417.3578488911575,30.400092560105477,65.42807591197483
759.4994345661457,415.46068781538577,30.511396398726895,65.04261853394675
759.2902718369315,416.060404503214,30.456905181253887,64.46440658143943
758.9743732031817,416.3024451225138,30.411127516178283,64.22682868105755
760.1102950353729,415.4147100263036,30.184525684529053,64.31009344440075
758.7442962289297,414.96880556905586,30.40412624655812,64.18938586033066
759.2769835580184,413.45778058930273,30.529138002908404,64.55451324102529
759.1782364135655,412.1968016597913,30.58423162474276,64.96049452801134
759.7774504221136,409.8591011417951,30.736377266589827,65.40623886768407
758.5724883997608,409.3999127235902,30.789948743622716,65.3524300327645
759.8109661609429,406.612979640003,30.83234661099846,65.47883078016957
758.6037103935186,405.0810635625035,31.035918261661376,65.4536088275025
759.7254623356728,403.1715043559566,30.742780397555663,65.53647207168166
758.963924887013,402.4992997935661,30.6595104758063,65.47854066511343
759.8856794975352,399.93737848124215,30.54968972846327,65.66496673626392
759.4773326416661,399.3474914558583,30.472480542366753,65.42185954141863
760.0823575493147,396.526079318914,30.405665695255003,65.68675412780719
760.3466953156253,395.5014835205367,30.30208750893972,65.50182249458136
761.2128407371735,394.0237871949079,30.10333476894699,65.7987483298904
760.640019781858,392.5073600889821,30.3714593370105,65.49924394303285
760.0176929450946,391.5969296077399,30.487462941300397,65.34498304978149
761.3510383905376,390.2136531226649,30.21973669389284,65.35618709910942
760.647312964979,389.22333240328766,30.443754608341646,65.16572029201431
760.8094202686596,387.84548276426386,30.386968965356942,65.00402493200036
760.2592789111692,387.86397577554965,30.479308288537894,64.81652321898281
760.8842481635885,387.2461968355073,30.376877689659217,65.16315453342041
760.193127528556,387.3930655230693,30.65605168086219,65.32416093104155
760.7106440537532,386.3045935835041,30.56817333122409,65.52455303900807
761.5616257403251,385.31289624524004,30.531669352535094,65.42445853592496
760.7555883182971,386.67251623279844,30.68056782692406,65.13460398446847
761.4570196715932,386.46510244531885,30.452005671746214,65.01023161111681
761.5786091586466,386.5040884321337,30.401741064361694,65.12142758406407
762.0248146770316,385.61074778626136,30.352127783786816,64.8486911511994
761.4732553065031,385.420390052552,30.417018013033466,64.48220791771328
761.5585831831452,385.24212092672315,30.270474165815845,64.52610600904882
762.1843945161145,384.9476347724191,30.179929118476156,64.4120585198549
762.9136507503855,385.6128904999339,30.012204465981856,64.50322680000907
763.3974329736824,385.9920037927364,29.96594645068156,63.91753050786869
763.2964568767793,385.8729505505033,30.034596194307532,63.364453461050665
762.8013844260848,385.8083678565504,30.00691668430428,62.95856350961998
763.107450085131,386.26358293024026,29.84033729807021,62.54750053972666
763.0640522274558,385.1707962938694,29.88376788880743,62.66091857527055
763.299091998231,385.5691936962989,29.828289613641157,62.47825450580884
763.5623653890007,385.60460192185695,29.875239948667616,62.34270842374567
764.33167352621,385.0860053572146,29.85887492260848,62.46806004130393
763.8920808259027,384.23106840026736,29.95227834366242,62.393286252027636
765.2864591348167,384.0276059886521,29.664859969318847,62.4322986635684
764.7663504347945,384.84989631930273,29.754671533257692,62.144711081452684
764.1921723855977,383.7312130385882,29.902288891684126,62.0887233700394
764.9420394904814,382.9913581943305,30.03312485518007,62.37689913540568
765.1021349487246,382.21633549151943,30.08329714436515,62.560729311993384
764.8487062787264,383.03703206518173,29.983856752962154,62.878728950694764
764.9247060599215,381.8811642409061,29.997901410900084,63.27999387514011
765.5769134077956,381.134834983879,30.07460668165882,63.714020611431025
764.6281265993798,381.044437098275,30.17765431754107,63.75016578923897
764.8548495484742,380.12421091735655,30.290917162924323,64.01570119226697
764.6300781548329,379.5578642190646,30.391787649629997,63.899545554541504
766.0848080138916,379.41010823698446,30.07752036391613,64.1104755475333
765.0493926463992,379.2210799883467,30.254900242692262,64.15910364023924
765.8849326961921,378.63967203218306,30.091336884859054,64.32748370576083
766.9840611911324,378.57878306385334,29.952662128407404,64.36413960846669
766.9770081485835,378.2814746150125,30.023727965498324,64.04829460352998
766.7559880483842,378.550787283022,30.01246190817222,64.23907562432248
767.7892232388539,377.30511723494266,29.71965612092955,64.38358916713642
766.7464808517789,377.13056173718854,30.023835105132136,64.35022231292268
768.0234876981699,375.8674632621959,29.948224742199173,64.16591258528052
767.580984375979,376.4276543465283,30.11415910426676,64.24622712338748
768.2296716640155,376.0371019922107,29.980988291201818,64.09112125930314
768.5922937031303,375.692971033465,29.89019113193679,63.9998945536522
767.7667748047389,375.3906183653027,30.248139062081236,63.683193144066166
768.4249473503243,375.4015653512395,30.172850770799123,64.17258155658816
769.0507191858105,374.33524246111006,30.13152707911291,64.06211763378309
768.6869537715652,374.2041990390112,30.32810008957228,63.639154765322914
769.279388900775,373.1588938783223,30.266641128950745,63.94308534198019
769.780919688698,372.56678263995883,30.193444734550905,63.84952764349818
769.6427013453545,373.2937773054357,30.314707523494796,64.23227892552815
771.0061311579102,371.8872055641462,30.028403232474272,64.47103056621873
770.0259769570671,371.00433790184167,30.25190822172321,64.63831523012216
771.0840581632955,371.3051839850858,30.147991941163287,64.9006292253236
771.2433557037726,370.6012816990236,30.150118546095335,64.52309110411925
771.872931068793,370.11115260372316,29.97901555889824,64.68003289943736
771.2457112540369,370.781431821306,30.063056595461518,64.54990174851241
772.5217775123866,369.85771676274834,29.84989569359973,64.49566820462458
771.953377155743,369.65769987087265,30.0285526957969,64.18819825235688
772.567749584938,369.9388764989002,30.019497564236346,64.44697843107433
772.1767302621276,369.5390385176105,30.159262843405855,63.876789929847575
772.6714232931132,369.63911804140764,30.155153242082385,63.84076882683229
772.0111833797014,369.26163788755315,30.35987119279989,63.61518504427033
772.8640661327294,369.1834852696061,30.118954205115333,63.72909786237598
772.7614657963151,369.76304871285134,30.135619753880412,63.2899022207356
773.6109562327085,368.6399976785754,30.107830215818023,63.47495029796967
773.3778441746507,368.79491024516,30.154028029595942,63.15582892544687
773.3666778576307,368.21050008668743,30.31506868885307,62.83844783686675
773.6782561498856,368.9115293310082,30.14306445882231,62.4056949827239
774.3770216387366,367.3886819091734,29.956660881518495,62.64715937480957
774.4637811972706,367.6606969408322,29.867551589954225,62.48823229878129
774.1362105899627,368.0756703631596,29.838316803211917,62.20614118895172
775.0348870711509,366.8933158501832,29.82837052380369,62.32566603178372
775.35556179337,365.7472538903036,29.852737787071845,62.363938537816175
774.6062901210183,366.34700816642646,29.73406335261585,62.819238506841224
775.3772826657085,365.4119983970828,29.7649133510115,63.210080808971455
775.8352929911191,365.08374234222447,29.83479512881729,63.63643432145723
775.7159426814014,365.49059870624035,29.955381761105016,63.90767919306545
775.2613523637783,363.9598497691629,30.189672533813887,63.97092443698658
776.0795261100116,363.6236081464594,30.14046870093906,64.10878149649957
776.1261060825345,363.4138275997923,30.190963027853172,63.909890040853014
776.791223116537,362.246715350712,30.17176244716831,64.10613813100886
777.7356112106547,361.8556109103273,29.984163379141552,64.28906432983632
777.5215489025439,361.0914684877769,30.15412773206327,64.40273580881004
777.722216398075,361.29508423510214,30.223632330835322,64.19417625114838
777.9542638331618,360.71430798533663,30.278826000548136,64.19684052989234
776.9991260017317,360.5214632416593,30.319213357744168,64.541651598414
777.9156992358437,358.68360148601164,30.25630958056039,64.77971131614552
777.3692107651884,359.1027258678634,30.348202551801133,64.97935906638091
777.7368926534552,358.93739757014043,30.3167644444606,64.7254300547749
777.1123087221762,358.49251095800525,30.56390419937574,64.74082918742013
777.3531462879021,357.97728648417757,30.506665517928578,64.61593829800117
777.470927377466,357.1514004907577,30.470359505616443,64.36347551788087
776.4917247272577,357.2456269265824,30.739362583399576,64.64730666522478
777.2782556221225,356.59212978667,30.626409908316766,64.7414781501353
776.4827457365282,356.61949307135717,30.831199568383376,64.6440278878074
776.4750222798593,354.99018508986325,30.809141514419025,64.52636711930414
777.0393866185233,354.3563225975073,30.71666020971829,64.55711095052783
776.1237474792165,354.6491856473294,30.895379803982966,64.52571210041071
775.979060873704,354.50485000490227,30.925098135437857,64.53045254715683
776.33260921072,353.2430635163614,30.810004151244293,64.58011161623381
775.4955587247192,353.1940293856527,30.951854122841514,64.76499316359806
775.5686178423229,352.32198672369356,30.87268569474162,64.63332353508568
775.6534603011885,352.4053777160483,30.617315948550107,64.546837634661
776.1597051898394,352.594418719633,30.4260138462476,64.44343132457982
775.679286326843,352.1631076223803,30.41928180381162,64.37339472754311
775.1482505487597,352.4185032529064,30.419914918701576,64.37724630115429
775.955875558122,351.81975429100123,30.231217553289675,64.19813311141633
774.9291604899091,352.06911428225817,30.20227836217022,64.40736455540849
775.3328175604091,351.63568901237966,30.124780181100707,64.09969543707689
774.8086063013803,351.20029192672234,30.260501509640413,63.92560731087569
774.9705860540313,350.88936637187527,30.128435149780397,63.74673683481927
774.4709955166745,351.04735028359426,30.137924967017174,63.67796573043162
773.8143187243776,350.8683174857306,30.16172204831509,63.38344277988291
774.2093823015439,350.7509411466599,30.052319574406226,63.457000373571674
773.6378905804426,350.55790803909946,30.131913000053117,63.303833261780596
773.6972533500671,349.98435060001583,30.081284880840986,63.41888501338387
773.3103113392821,350.45890444689877,30.102277123464905,63.497739646621376
773.3612756686763,350.28407521866546,30.0855856697051,63.48692983469354
772.7145960042,349.0749637919522,30.170282369530312,63.71634138593507
772.2658569613249,349.89536910068193,30.232529091507025,63.85944283112056
772.1908956454948,349.35828091336475,30.30361047650252,63.97434902648325
771.9549556529109,348.22782922578835,30.421527444206735,64.31535687188897
772.0178716193691,348.35789083555073,30.357415144929334,64.83621310688156
771.5260061126015,347.46894408239723,30.422160970457014,65.08150251486859
771.9058008396048,346.82917290933506,30.420984533246582,65.2340951930623
771.4963597267948,347.51201710785216,30.559578146023988,65.5174529786606
771.419659299955,345.7310670823077,30.708106658994616,65.6698979687907
771.0898701088515,346.9693766640925,30.760845265162615,65.82013084074343
771.2009423852646,345.2885576891942,30.852405083788558,65.87405814295707
769.9611748094671,346.4757994268788,30.785073341615394,66.026148563996
771.0609284259879,345.8799318357469,30.577982609619,66.11500255309879
770.7491604861635,345.4466535460877,30.66566963329547,65.94344375022266
770.333456334502,345.75395379592925,30.768985981433623,65.53742831912307
770.5775321414756,345.7489854472967,30.672714373084474,65.24906764094744
770.0607951297674,345.80219812273214,30.83309657959883,65.31069961257874
770.065820026776,345.1012618689296,30.896204319584726,65.17405071114909
770.1563205283107,345.0915292257061,30.85344937593305,65.04288744575535
769.7057077050014,343.77513632819876,30.95909666199414,65.17488169108742
769.6824629641625,343.99150768456354,30.88817463451567,65.05927976619776
770.2577109661592,343.57381204909143,30.726662976912216,65.11939246887417
769.6163908043122,343.98047637259606,30.84848484300261,65.18330996329854
769.2121598254149,343.612401757536,31.062181554882635,64.96839508361646
770.1749471241052,342.480758431155,30.84415021140088,65.02992072906959
769.7294807558607,343.09098092012107,30.873134815374932,65.04746660730807
769.6819811030456,342.12973976031265,31.07718557209197,64.9737105760566
769.4450113989578,342.6046268189895,31.105315854367372,64.86775786506739
770.3095504541246,341.4951934949121,30.863397830665413,65.00262607152602
769.7973197039573,341.963188777076,30.846928940642197,65.16260685309962
769.4069772401818,341.0181977775027,31.039767231420864,65.24090650876332
770.1686872273369,340.1639548619165,30.93148419043755,65.3441881153492
769.8470234592921,339.90504696673474,31.02351739974472,65.35717855209036
769.6160568525291,339.14874150146244,31.08441575146781,65.33504140524232
769.3440386019223,338.696836764438,31.188994925553992,65.51494191847195
769.4568751551137,338.59780540653355,31.14536771105208,65.48962365140504
769.5644759614033,338.5194565375632,31.10119611322633,65.55130519297559
769.8596275238741,337.7057171611174,30.981000156243894,65.50679533941438
770.1837984147971,337.98538662247904,30.880988860218714,65.25217553695508
770.0960054213601,337.6112595399034,30.89574382781032,64.87671215564332
769.494277677173,337.8429292511179,30.63846673695325,64.74744931659981
770.2855481295493,336.99522029974645,30.590443120408708,64.75497430552439
770.072664059373,337.1555910240743,30.587232191766773,64.55641592645547
769.762107359057,337.1295815765819,30.5765907172155,64.33768033511775
769.8014953220242,337.0387054031693,30.536778805781797,64.44409692599882
769.7327212540107,336.84947859506394,30.435654104193745,64.48060084090031
769.6303379205204,336.43549256508726,30.505519530706056,64.24382723625708
769.5916788550595,335.3115603150305,30.558362556521114,64.30299368301065
769.3806738144859,335.9074017929215,30.68277326242037,64.38648176871719
769.9208354994258,334.9355388111798,30.866649983902658,64.39187910842895
769.6657216873616,334.7921234118856,30.838630737990115,64.3800315684897
769.2658230097477,335.007094269053,30.975126804136266,64.68827722683935
769.4511326407296,334.8309224628849,31.092365181962045,64.52719513135843
769.6295763461702,334.52357243077176,31.286156560696472,64.48051734839015
769.9767202085521,333.2522890140714,31.525790053851125,64.57456757450628
769.8273162387735,333.90439438497515,31.657698789154107,64.5932690488853
769.5890382871237,332.9564574009891,31.87928762878841,64.64034438423562
769.0745782203121,333.38411705838246,31.87807081954808,64.92422623369453
769.0934438859539,333.04577786000584,31.924569881435914,65.081913636948
769.0886574906694,332.2388303080989,32.02351137298594,65.37717756858176
769.7504222832156,332.01542080410604,32.27495799371957,65.47841450860099
770.1008172095944,331.60918176757764,32.35036324985237,65.5463125512165
769.3550398662217,331.39975642415015,32.43908602455713,65.45321733477027
769.4572873189771,330.14646782985074,32.53412445640092,65.88725757802598
769.0746082471297,330.6652152556614,32.40100224435598,66.11102621612797
769.4888805354238,329.90601615322015,32.621794816434274,66.01127931278741
769.1821875065959,330.4077967505028,32.5928890301988,66.04397359708099
770.1219151741753,329.96247696458227,32.51234276314776,66.3344147212178
769.7292282270687,329.08705360841884,32.59250811739817,66.14327916425762
769.4045116156805,329.1013788021391,32.63354516765113,66.24887287607649
769.9339134896959,328.5157215644884,32.67103856451001,66.60336905446853
770.1597016433227,328.22156949510014,32.73006181084162,67.20416277845099
769.9888972747669,328.66578671965726,32.79638086341902,67.70578958860646
770.353769896718,326.9645755448336,32.98074920069767,67.89585918556814
770.0177719566701,328.0429662795395,33.242621702754775,67.96539154557846
769.6419544439832,326.70554536457007,33.3808444075147,67.97035966107025
770.2713118053598,326.4046534697003,33.47146130211705,67.95580555541639
769.8230989494278,326.95757648148583,33.657024377414785,68.03064505201742
770.3587183943159,326.6106572618369,33.6597795281278,68.01347571743922
770.0145056920529,325.9404672001898,33.59687419935439,67.94629728036192
770.5495439194608,326.277227842815,33.62544581582768,67.72782849011418
770.5368712747122,325.6242117753609,33.80142405300821,67.66236406683309
771.0095468502462,325.466747857476,33.80537366793145,67.64921267897007
770.8176761562671,324.94813671921077,33.789522745699514,67.58446356763737
770.7680445444172,324.255642793222,33.76518887647286,67.49747311284456
770.8826171328448,324.2034262364987,33.64564122610843,67.22221227110823
771.6624209056502,324.5801722875031,33.411721804200646,67.22812047723154
771.6884653790619,323.2300733000594,33.364014872583155,67.30958981442365
771.8021574537582,323.6587211729111,33.30316392512323,67.36637200632325
772.2441640123163,322.5955768712946,33.163426497132185,67.58934303886986
772.787925194988,322.4971438573133,33.1299884327836,67.48675112935342
772.6485999747206,322.25684856290036,33.24064194522268,67.12007474611431
773.376457129911,322.12524035263044,33.06543722594429,66.94286991321141
773.8034399643961,321.9590576502678,33.077042280984685,66.82114660023765
773.8258813913121,320.8050034147311,32.96270024214837,67.11613513532166
773.8927090844495,320.9109630901071,32.89744885985158,67.25136301090336
774.1852468991639,320.43891568031296,32.96292919870724,67.16272582060392
774.1541533893283,321.0777405529116,33.087960159530596,67.29293432793189
773.9721430251658,319.4339194090494,33.335262975598816,67.36658092054219
774.7022408424149,319.8408589397472,33.31720672823148,67.08993866887712
775.6010633974518,320.77311413436473,33.09913358051437,67.47363322616
775.5527101064107,319.12051958996915,33.24690288435534,67.53750981113647
775.5704626893661,320.159864663362,33.40744477118568,68.01246241413719
776.5101304952495,317.9123203103223,33.42701491350819,68.27546112387874
776.7045042003049,317.6604710092234,33.403760145323346,68.2754164351753
776.6910755329291,318.62385098229475,33.52011262485946,68.12162239708316
777.1793518142665,318.62912263118176,33.57065120770004,67.75958872092934
777.5713992653415,317.26786983612453,33.643062295578446,67.59336712293333
778.346649048469,317.9752001322287,33.513968163931764,67.1522160212151
778.3504978656798,317.7450881591544,33.56573218646808,66.73754826900316
778.8276354096945,317.559902511838,33.52454625458943,66.50188349662696
778.9019038941375,316.69938144710875,33.5971404465588,66.31597503309077
779.6685158220834,317.3328038325513,33.488906052565916,66.45356446630724
779.6789866655597,316.04737599328513,33.65180894685959,66.61701739100965
779.6353499778882,316.029992436343,33.63397533514342,66.83829742217412
780.8997167350117,315.79432231539033,33.36318211325484,66.82806241345389
780.8206186636673,315.63238982347934,33.36463852928085,66.97603899302565
780.928073556349,314.89148139520216,33.45027118790835,67.25173118622702
781.8083196095131,314.15276276741696,33.31676057839104,67.55491843512172
782.0784453835565,314.45292728814337,33.37540428205521,67.71432324939326
782.3786696229831,313.809421140944,33.30980359916529,67.69443015495992
782.4236994440023,313.4166750357597,33.251897001022854,67.90111375965768
783.0385203084772,312.95383833900456,33.1993345920268,68.05400148956315
782.9072923212278,312.50255135087417,33.36215098687191,68.15047396483588
783.0202409586443,310.9960817286473,33.38662218795293,68.20957939085395
784.0317188973565,311.4707072010695,33.162258401135134,68.28499904690064
784.0266124673985,311.09852313620553,33.22514472755489,68.47569104824122
784.3786283970961,310.81524759135795,33.35385430750219,68.72544053032752
784.5210156209199,310.72089531034123,33.53487257540397,68.85968327417253
784.7965767024197,309.5950008827177,33.69339323991535,69.29506456811731
784.7765807122439,308.89057201944763,33.919267714120544,69.16414179710662
784.6993566534987,309.68519916778985,33.85896242735108,69.37790821613567
784.8351477172365,308.51923583281945,33.869608322689444,69.52994806814436
785.2911078474702,307.93178847386827,33.83581486228209,69.58243964121029
786.0283489427725,306.7207145575792,33.77556373361306,69.70417148105162
786.2959418425354,306.6494502488208,33.80033251773209,69.47424697523732
786.5793121477236,306.60118499539067,33.827471547458046,69.27918160588067
787.50342758935,306.11111034039226,33.695497044286306,69.17893915123668
787.2252160418352,306.26945951272614,33.750095939162854,69.19486968253973
786.9070576889696,305.3269412583677,33.87145742228733,69.28476377907097
787.5225594323973,304.409876995606,33.90890348033858,69.33505152910459
788.5694320891438,304.0567930473874,33.75059799190343,69.2751971009798
788.6151540550682,303.29960570289205,33.84764233486755,68.91935410903936
788.2698725991565,303.6804138850554,33.95039580321698,68.63536892619116
788.1191900881997,303.6918828321368,33.95908807179649,68.34044797476784
789.0256298245397,302.3838087740083,33.828863814379915,68.69232363962404
789.2153191581732,302.41326473705925,33.82351624380975,68.53114308474606
789.2484502086602,301.61134157472446,33.901270542815304,68.51330628868807
789.6204826470109,301.32978262664807,33.92123922209839,68.32367563585633
789.2217411736996,301.7826373149995,33.94758046082386,67.97073419156854
789.6049281843071,301.1205255765405,33.88239869939728,68.004883796874
790.3234994239253,299.92756152565136,33.7871191371073,68.16798374885668
790.5239526052495,298.9392379103171,33.815332599822014,68.1318660488001
790.8327719021044,298.7296214351736,33.75633162513106,68.11767497331309
791.5752270123621,298.9860111582751,33.63567075325589,68.0689496645785
791.4282646870636,298.26309795141367,33.65559952754067,67.77394291503992
792.2541877818599,298.3711005481155,33.485839638798026,67.73377733948466
792.1863954315089,298.07303049438303,33.55030820497558,67.27136792359602
793.0913078599922,297.67641575085594,33.484485690233186,67.26204441258429
793.0673081867105,296.67041878423527,33.45415404314413,67.28688064337959
793.3055381084205,296.34845144622375,33.441321061296485,67.32403026042749
792.8377550546827,295.97398113798283,33.49147441614369,67.17185390970806
793.9385505101993,295.66752062359853,33.290118824248154,67.28638250554852
794.0510808516163,294.85176130764717,33.34686011022693,67.29446552095808
794.4683438607535,294.29127504112614,33.31849245577171,67.39058172503593
794.0276621245011,294.400011707603,33.45768803820475,67.63341900023072
794.5116185518932,294.1616670254633,33.53467512391126,67.4436466583486
795.1643893900325,293.454699462284,33.50868650339601,67.53982954261896
795.7433749558826,292.63720259630196,33.51225540312892,67.23800312516126
796.0162948591499,291.93168620118064,33.44589961825789,66.95558176901872
796.349336577694,292.4484681440174,33.37892714213013,66.53314317373909
796.1456055086094,291.37852932605546,33.419763732890274,66.41427943087879
797.4501349716222,290.54946865207637,33.383227208674185,66.53932163149805
797.0389361049109,290.20159984258345,33.483525280269696,66.23274873603383
797.8833213276213,289.2407658954932,33.397739978510515,66.49322755092966
797.7457238937291,288.9390048940698,33.47749208034381,66.48768157730171
797.8208667920936,288.4536085775119,33.430144540772446,66.70162724605828
797.6729291007399,288.1461099285309,33.405821506770074,67.17684664523179
798.5658028549778,288.0635902144276,33.23129173549211,67.70669195064707
798.374564959346,287.5120864382443,33.31854119123018,68.07600715501033
799.1601500127787,285.8057669702146,33.27033353534613,68.32423979147855
799.6197178571479,286.425902599265,33.287828095631085,68.24234105477825
799.9620529427959,284.681298513565,33.32435213200319,68.05732413424403
799.3316325168933,284.0815442347951,33.58987850493432,67.95653543149943
799.4159056291118,283.22884300349,33.54103313700423,67.96218186784168
800.5074604760003,283.77330605277587,33.47985332718397,68.1693740286999
800.1038355951578,283.02627973726544,33.62283525086791,68.25321724237759
801.5059488369741,281.3218086633132,33.45090890570876,68.65082711679872
801.2664704976236,280.5338833277228,33.637275770938935,68.69333673783157
801.1675024012726,280.0436679625173,33.73191744207073,68.96503563812244
800.8388253480858,279.3114622321698,33.790245404893255,69.24642257317508
801.4357908783569,278.8241040818467,33.70868376249552,69.06231240344616
801.6309345820457,277.8114873973822,33.81152495285423,68.87254800397302
802.4530970704178,277.4985680431853,33.8150036403175,68.75690665989575
802.3833279390395,278.31910431725,33.834152091379366,68.60072576482725
803.1576489649073,276.22183040874546,33.75957522423713,68.39707211622968
803.1321646391915,276.90452730471196,33.812356800299476,68.55829692418831
803.4835092134434,276.10249851663247,33.84031771912504,68.27432397132506
803.98710448749,275.22132384786414,33.91238513611988,68.13109314585967
803.697337479032,274.2890789052231,34.005715959371436,68.15261921640642
803.5911134960008,273.55703960401945,34.15556446763313,68.11836174207724
803.7929406817,272.80503487133785,34.12038615924793,68.21669710751826
804.0290296680269,271.294101667716,34.22265403029081,68.29217932324893
803.8798559494893,270.51297056978893,34.29839492763976,68.0126541808462
804.2875414748232,269.1495741086834,34.29470055801347,67.91396544984381
804.9185549709804,269.07961844973386,34.27766009981794,67.98628957091589
804.5877679205407,268.6172946001513,34.32649952528984,67.64524563208813
804.4139441830765,268.1805973167752,34.24735342493131,67.26651159776608
804.773694016123,267.47437027788976,34.165092618968515,67.05005668372333
804.5318362594246,266.3790684009376,34.196388195708664,67.08924175171457
804.5399357967607,265.7799302660531,34.195473499117995,67.16608929337995
804.4021751946112,265.3043305683445,34.29640629137039,67.39987728990954
805.1275413450973,263.3132989762886,34.16079194560624,67.56467210243935
804.4972129607905,262.7790509092434,34.30861223407898,67.38426806143514
805.2815521343377,262.62702929358505,34.169531264761694,67.40739910207606
804.7557224912974,261.84118110661467,34.22486619047161,67.34507049833283
805.3045989441184,261.4548665778197,34.31499833083485,67.32824640708085
804.65050482831,260.00906756825054,34.45086858073179,67.30016812235566
805.117091068029,259.9303876639151,34.47681583844202,67.43393209128772
805.0070074487714,258.9524378755226,34.4831384349141,67.18637741201502
804.270780415837,259.28781979477776,34.6219177123079,66.71704525025012
804.7095086306932,258.28182674684444,34.58492951045868,66.63744618681493
804.5310395513134,256.7089970307085,34.605402191274955,66.6117928100964
804.2845385288582,256.8940949900457,34.77641368662103,66.53460894419644
804.4167635278071,255.13765247755316,34.70811248659287,66.98663333533133
804.5463820152704,255.63118561851138,34.81146096684543,66.89029230842743
804.3770339418944,253.93431355828668,34.802445997522085,67.14866188282583
803.3901589270444,253.31258128043723,34.97646608394663,66.44640850773096
804.2225943115798,253.7035936010482,34.90981470955958,66.16153771491865
803.0808859404531,252.26687080068803,35.01655899316431,66.12735930936765
803.4852560918407,252.5046110929448,34.934155825227286,66.34172458485853
803.8514143141001,250.80860329598408,34.82151465937211,66.90864428682747
803.36168348135,249.36657315292535,34.96802120287817,67.36864422824885
804.4780949754121,249.0803026904717,34.79412336657904,67.611937887102
803.9318159953772,249.04740339688124,34.958930858394766,67.78045196653149
803.2999518044772,248.244199791122,35.01923180622704,67.92854285190856
803.5130039336885,247.1762154266552,34.89374402076403,68.44231049575156
804.5693134767512,245.59795306971304,34.58405373999004,69.45878789785303
803.3910885857679,244.9201117174599,34.84178034881504,69.44512982496217
803.5578270618524,243.55952329553472,34.75897704834111,69.84884565501856
804.0652431892555,242.86715556777148,34.86329161741801,70.11638419301121
804.0137997745452,241.72827337301015,34.9839886369353,69.8946819248953
802.7105348437391,240.91497897969757,35.28040077698979,69.20606323013618
803.4117101999319,240.82517439046543,35.05090711073155,69.46517097528756
803.6488494985815,240.334367526758,35.07806182632527,69.40060099737252
802.9615504222953,239.56319013274975,35.22464479449519,69.03222148954401
802.9968536556433,239.1349822865416,35.18315813602584,68.82220053359146
802.6095055213273,238.71386026764367,35.033452465742876,68.71685779656124
802.3462913556367,237.47816940156264,34.99119699404239,68.69114394385392
803.1707452955707,237.65074127022194,34.94037868994201,68.96336497074891
802.5409649613418,236.92804436415773,34.944121229813774,68.99359371615827
802.8816299533804,236.3036116409223,34.77487131909332,68.93625305548954
802.4283176271659,235.49832640035072,34.864942855677626,68.91077378916563
802.8556228486447,235.2708497473047,34.79658866643948,68.94481506789867
802.3555444349159,234.66952614387313,34.768892362602735,68.76648798200672
802.9182455612735,233.51254323462194,34.57952025934747,68.73549692566168
802.7040307394554,233.38567605406476,34.630075260372855,68.90158542824979
802.0420868960606,233.54299862789674,34.54863050106435,68.76406227746544
802.638618256947,232.43199881843336,34.456149902094324,68.63095554263242
802.2056821137313,232.18070152246514,34.404216278415014,68.73998182740749
802.404486313027,230.7241050617404,34.55862193269171,68.84835754914998
802.2751874751539,230.40629611946872,34.50789650620212,68.98994612036743
801.8830107837061,230.55366150243236,34.428854973040025,69.3794511656737
801.290754653204,229.4546034082972,34.50112584667706,69.31844832013053
801.5139903591764,228.24226972717568,34.52317224483837,69.41742445922903
801.197421452745,227.8462843924397,34.532779550613675,69.52082528493192
801.9040671639707,227.26607883713876,34.29746855113591,69.54471350639655
800.4183804768904,226.98636142660706,34.20310372415501,69.18710589324441
800.4133061357433,226.04482322234324,34.295039031536646,69.3590295097951
800.9936109687768,226.45618461818725,34.19830599434532,69.74855301689703
800.8264490851379,225.75713196642351,34.14509308688494,69.9742180299735
800.7492601299679,224.60234990461427,34.19697156436333,69.85223141239629
800.5749856264204,224.43906047966644,34.20767777918593,69.85491585096652
800.2437469680531,224.41471066697113,34.372997701034386,70.32748603986417
800.1640774005107,224.10415373187482,34.34557840730717,70.64039892486355
800.3310534734421,223.95085634208624,34.33339481350909,70.57705428779374
799.8924427303753,222.9323539592747,34.45582802010954,70.58461960410654
799.7529724856223,222.95622105316875,34.48600776468597,70.6086108369723
799.4942678709396,222.4922026749137,34.6386826722189,70.68377128790225
799.1977194374601,221.48811195629312,34.810724192450365,70.91401221343989
799.2501976992208,221.30845305817746,34.95202314123137,71.164455748292
798.7063028549362,221.31646745306165,35.123744395085396,71.22337611129127
798.4148506228067,220.97322881414132,35.261198791824285,71.44325663672674
798.1102334562977,220.03102680164403,35.25413057500326,71.47612486460221
798.8156338903736,219.8320265861035,35.06722263402127,71.66739555577888
798.2773200961058,219.32726060904267,35.173608914344555,71.59869355260986
798.5165401714173,218.3491973000012,35.1374035480863,71.23814093141968
797.3924729359338,219.5333212735698,35.02970997225462,70.94918289746
797.616379857029,218.5149949405305,35.02450165531937,70.555600654481
797.2954831715542,218.5689417917399,34.98575917335981,70.50688384410438
797.8965327742853,218.31147298979124,34.800202641008525,70.31343532482127
797.7209745492075,218.94113102720002,34.6447837994924,70.0763482062263
796.6329203097572,218.68033882545012,34.782944146831724,69.46008959691633
796.9738155908842,217.58791743717003,34.8663333378812,69.10992728085563
797.4865746428802,217.53328322847096,34.679898369017266,68.95162666296213
797.3278572186879,216.72839703707297,34.5546801276403,68.90664881782992
796.8203617750115,217.0211575550959,34.26813970014314,68.85068077794269
796.3692809509326,217.26061750626124,34.11294582519138,68.76743942561696
796.3805964236966,216.83485940578674,34.28537324035947,68.54287542350957
796.5282677755066,216.04236497712895,34.49739832648471,68.66512683976222
796.0769147400615,216.88995791984007,34.31498848779845,68.7316896258717
796.8469792149298,216.3093250425935,34.322767009718646,68.36452730266703
795.8741753286431,216.60362022222176,34.33378968784018,68.11637876641622
795.4645611560446,216.34903487437788,34.45819226456635,68.001725700164
796.0880835456463,215.4698966821758,34.66784447251501,68.04198712904753
795.6635049380845,215.7362511557883,34.69229739820224,68.07280892494465
795.0752981970951,215.15132478222108,34.8141688155145,68.07718809171863
795.72051182363,215.0599850482237,34.938939769346284,67.79210681800276
795.091666942795,215.25941577669604,34.915136582484095,67.62411297043975
795.6330567560124,213.79230140911108,34.88759854082718,67.75695582609305
794.897259594909,214.49817856029384,34.85816206030722,67.75799170298018
795.0016409305357,213.50106544523726,34.86898440542369,67.89349810734868
795.0238646465106,213.64883033310892,34.90289924466357,68.16867869260926
795.2145220233381,213.16037573110395,35.18290833639492,67.8707051031927
794.7143713604049,213.31040405109445,35.15726864797149,67.78426456614557
794.97517675379,213.2217889808079,35.17869289156633,67.61783298119761
794.3668980060892,213.35701071127883,35.29310411907697,67.02996817335286
794.0701556911451,213.65383552813722,35.29394691852083,67.26686605121371
794.2103188343566,212.78522665701664,35.550134675905866,66.9983233621652
794.3705206660915,212.89555649555214,35.658145804258524,67.13081694365627
794.3577366474883,213.26953340474074,35.51481397750656,67.67084988065017
794.3633755593623,212.2764241863397,35.492705988871464,67.77308196357804
793.9822963988805,211.46104551570903,35.49577674727395,67.68625278750538
793.90842450949,212.90975529544835,35.36312182939407,68.00945004550111
794.1377587031882,212.71987785471578,35.52031473865149,67.3150065617548
794.1822625975343,212.5922495955665,35.37045086096336,67.46905548100952
794.0935787373332,212.597097812259,35.32741336038005,67.31498214385212
794.0378742122393,212.7750326302301,35.51292484210352,67.03484271249212
794.0941543449617,212.29005183398107,35.578850536427126,67.01040231362285
794.1204461673893,212.85756416668676,35.801638323876176,67.11433743748762
794.088349732258,211.65523513108877,35.66110124967117,67.40129874659863
794.0781984399663,211.68857106671123,35.59908184024812,67.79965352220621
794.1277130251523,211.37598007357568,35.59252084218784,67.6722693497058
794.2542388634433,210.9053853483428,35.58067339758333,67.4585624216544
794.2262705498971,210.0172942681263,35.58662370319666,67.63398364535033
793.5134589263341,210.82756350459437,35.805998547727114,67.66496768961852
793.7062393731946,210.32353298831652,35.77933271740625,67.82544989860776
794.0164124869312,208.7781421847424,35.74915091292201,68.38555227983436
793.8977391430341,207.98909550138967,35.81134638671287,69.03566272017108
793.6847917463407,206.52649311543678,36.031862886108556,69.4634602941246
794.128706923613,206.40251812569431,35.916706913296835,70.31694160848654
793.4692166829947,205.98283243026648,35.98429085770641,70.7535012038691
794.1300832959786,205.41518719963608,36.01414445043362,71.3966435339978
793.4221782396037,204.6807099517979,36.321257983250185,71.51390928703654
793.2482284169757,205.22196185062643,36.38647705742688,72.123139684135
793.3459717887273,204.14243919768143,36.55882863704004,72.35727361021085
793.1280258305152,203.8097890196709,36.76408137888372,72.9214226637751
792.8104722586585,203.5599751509116,36.85108817030993,73.20428511675541
792.7739895644072,203.00537318725372,36.8770379104771,73.33535292184445
792.7332451120819,202.98748752963843,36.929642672490345,73.67700165440102
792.9787558595347,202.50095041061468,37.09214039078458,73.87525139236459
792.8669270108649,201.96950298498396,37.122009708693426,73.94948382192267
792.7283985976535,202.2836873619838,37.19883678603275,74.03570221992726
792.427458356142,201.7195296589013,37.25951198207609,73.80381304864622
792.1673046858397,200.8926787861633,37.282033098792155,73.65870586181791
792.4452787952708,200.50504780995098,37.274313799435966,73.87370435932844
792.0993261142054,200.0304106307439,37.27544835668475,73.54715858167238
792.0249527029216,198.91673892954861,37.27937676897504,73.1541392254264
792.1725569747309,198.54337324381657,37.212706664034044,72.8386674280215
792.5834286235969,197.1498322028812,37.11722331312542,72.84695331390833
792.138504579115,195.375740887846,37.024015631691924,72.89689618834828
792.0900564754502,194.10417641620447,37.036855215741554,72.75099186174911
792.2082644478153,193.31886752849505,37.103091540613136,72.66238202753354
792.3031682697298,191.15304556725374,37.08687680695477,72.78942752319732
792.4855319805322,189.7473915042585,37.12766887082363,72.96159909637716
792.1772274235979,189.07996754904545,37.17176064927728,72.95206042919703
792.6933179389948,188.32260218490825,37.11683251908373,73.27818942521743
792.0625046587068,186.97329523762122,37.21280823508599,73.27880503449792
792.1560807508453,184.3263107511832,37.32692766822153,73.48389632945643
792.2175110021296,183.77725361770973,37.293732086817165,73.70814129651477
792.5378920571609,181.56298454304923,37.315247079225124,73.72374085101768
792.115587948398,179.44624030203818,37.4362742806872,73.77226849090718
792.4447896842486,175.8374454592674,37.56935564174973,74.33420040819924
792.2737436188672,172.72699741707586,37.62262226058,74.5082067106304
792.0582583774483,170.53611820082094,37.5593187232231,74.39963253968568
792.334566252991,167.210910193674,37.78357197114209,74.36491700414432
792.1892805434397,163.13214255320233,38.16034332949528,73.93166535118877
792.0715315458962,158.33675672252855,38.290499457970114,73.48368445668919
792.1583161538979,155.00537580056977,38.0441733852868,73.88101489649293
792.4676726202266,152.00113872043863,37.886107737613855,74.09723460881824
792.3727257050257,147.03374222306272,38.07350372920568,73.77140081066234
792.379232359729,144.8377238752086,37.8366497361004,73.93623461406708
792.6858604029579,139.28991033744018,37.964580566470666,73.54181232742135
792.3233557996025,136.86019623764378,38.03677323913905,73.5556799763244
792.6579711059055,134.55639071278338,38.16292590108825,73.6293716916336
792.6058534763471,133.27428024580408,38.05196760544611,73.7094982442598
791.9631727655131,134.2312832984054,37.938806411681206,73.3769800331154
792.2393719059785,133.1769911874403,37.976032058820714,73.3365078204142
792.3768022405665,133.61244568459836,38.05012687188927,73.31221211402388
792.3230059876679,133.9543864402242,38.153907945637634,73.17610998404732
792.5973226037239,133.5935055556576,38.29811356116294,72.575771829093
792.328676119312,134.08922538642935,38.15000002392494,73.04226213638341
792.0641091461596,133.61259516291173,38.344575572698496,72.95878311484415
792.1386627751784,134.57238294517902,38.575973578466176,72.65393457057323
792.342976057143,135.2867502140213,38.67211538611904,72.63710997074725
791.7258304146704,136.90985861648036,38.46979096557396,73.1317052290463
792.1743794051142,138.96098664225445,38.63090443049496,73.58103056024957
792.784762721826,139.90995848387564,38.48376813001808,73.95024538530801
792.6024298671995,141.90298572301862,38.418829189727326,74.31742758228447
792.2591928487171,143.89842277319156,38.43066829322047,74.81048216235855
792.6746481460764,145.62795967527802,38.52742418381139,74.80351531085286
792.4066061126039,147.5620849163762,38.57644821052095,74.78413725182853
792.068357732116,149.91772246757228,38.58438917535023,74.93241644020779
792.5412724198569,152.90332229532822,38.752693992335175,74.98234925387317
792.3572188404704,154.78479076956708,38.63592389256913,74.70749995950922
792.2647497436078,156.4131410405751,38.46209991144943,75.19577522277578
793.0035385679336,157.99880923436422,38.59764460681507,75.28795883756264
792.5280376163319,161.48342787788965,38.49339693821814,75.54047467093412
792.6023496134453,162.8561247494913,38.37265919684152,75.13390305411943
792.5905742415805,165.34674013447813,38.38719504072867,75.48515271474875
792.6684893489357,166.25438165303297,38.34355837320745,75.49157931051262
792.9588680283074,167.77430904952402,38.35543211607246,75.50687526482973
792.6022179430938,170.9208619823596,38.64537733297211,75.61272998952111
792.6426484128127,172.16840366694527,38.65553398250755,75.81215946443548
792.6883165353548,173.77006497324038,38.819474655834576,76.31538077426953
792.5693980412582,175.9000768791946,39.06664045452585,76.22370098320464
792.9484030579191,175.81152951940243,38.93906910662119,76.64330655798685
793.5432675644516,178.69357902330626,38.77645925325474,77.20495074857399
793.5875310567596,179.1835249053279,38.96749676849361,76.88758219457941
792.6798463470323,180.36065333838545,38.91236252393166,76.59767283403373
793.8270426257155,180.41583084047647,38.577935791645984,76.83699428987937
793.6250695501146,181.6289651110533,38.70218750486717,76.66015807408888
793.4252594034315,181.84561843605843,38.783508623924725,76.50696044216603
793.3111333754252,182.9625042680683,38.8735927622088,76.32213682769155
793.3296485578759,182.94226825068915,39.06972956878576,75.93444095306612
794.146076992088,183.29306964941196,38.78427014699402,76.02010530411519
793.5556469211377,183.36481250414474,38.69887574463636,75.56351737912115
794.1285296710039,182.80241388583352,38.51108527484931,75.64262431766312
794.2405190562744,182.10663013871314,38.54587080107862,75.84331544719593
794.0906717595581,181.51979899735335,38.57267193590631,75.26376933109657
794.6444763942535,180.84960916488433,38.376745331863404,74.88841677919957
794.902844165605,180.5842982734066,38.36664748161209,75.21751166698957
795.3819095178153,179.61164410508692,38.44999886814146,75.03021635830423
795.0035864106443,179.21034018668297,38.66893536950116,74.61838241883655
796.1384786061888,178.01559341322414,38.54137409814798,74.13053421847026
796.2237983838522,177.6548649976187,38.38368254362459,74.66860363606018
795.9670313366274,177.85250266586257,38.41309313987293,74.00073137407536
796.1794116140983,175.9045621313469,38.53860987765972,74.09493140138922
796.1547017037325,175.37399077005378,38.56994782101054,73.61538119852226
795.5364976149186,174.23740081933246,38.73788397085965,73.25121268649748
795.8602085513883,174.02741717036352,38.56771008113756,73.49379404328754
795.0796258484556,173.67243596055138,38.69255077138848,72.79733730492995
795.7620522658361,172.11741113471464,38.627193752858304,72.80283564129584
795.50634795862,170.97871339626738,38.663167080530286,72.70938675402408
795.0081062479054,171.28284470186207,38.59312075113542,72.56711632532787
795.1266194447285,169.92093799374473,38.505605515955644,72.7844528624427
795.6067267836228,169.6209435242634,38.20873957254601,72.8113029087548
795.345003768951,167.84370085837378,38.4469858404988,72.66346671114562
794.6418341619978,168.00387806239706,38.62442939018993,72.25817870922981
794.779992516992,166.55815622659856,38.66623020935545,72.30501645812784
793.1824917250178,167.12858820547956,38.61109231843504,71.84155636761054
794.0479925556052,166.87174150069438,38.53620869257683,71.90309415732123
793.6334029255003,164.91034267033763,38.60472301290629,72.26284035586124
793.0115472638784,165.37229683724252,38.78182948347384,71.93725471158473
792.0264841111489,164.59268005591986,38.75664631684859,72.26966887821104
791.5550085158137,165.26050016746586,38.985788613361514,72.37307277304659
791.1562926760394,164.33120347271617,38.95184171377059,72.61984808736595
789.7709902097403,162.36584215858284,38.782369818365765,72.72911690589446
789.6526834683647,162.77166434472892,38.56015953083244,72.98783069076016
788.8437996244813,163.54095938107483,38.628238760156364,72.96498387368358
788.6912668812511,162.45498543048774,38.70082376534982,73.06794059062317
787.0620333342242,163.44013377225383,38.75675737589837,72.71105104210076
787.1882541797016,161.59430907553258,38.783123533635504,72.90867615880983
786.0126309959921,162.33029733809772,38.73090963684859,72.65421319492833
785.4247395688424,162.29201134079221,38.82168983039668,72.65370377001179
783.9540557672995,162.14746062294483,38.89105530869611,72.8245561991372
783.3208009266068,163.2998666165094,38.99378859237642,72.54406338391357
782.4202750316992,161.55792502590785,39.240231560322634,72.8159695601118
780.8815339193611,162.60006527983137,39.06438784582049,73.39959748236427
780.8184811294778,162.25888971968507,39.06482434854828,73.51632508085201
779.8602088517569,162.18573644357485,39.14417005049742,73.57835861512956
778.73469284845,162.5176571022825,38.952340500104455,73.4977957749062
