575.5,258.5,203,244
572.46629671355,250.97724042542032,204.5734213968135,247.90745762572186
572.1047486063801,252.96221826681207,203.1874644762351,252.28927425128796
575.3573159414605,252.26623071639312,201.17432943223417,252.87918314519382
570.3537636579637,257.9515707443627,202.87748750417154,256.52732289821466
572.8151440549022,259.4118610876434,200.4724640989051,258.18840772755294
575.3085452906134,262.3571024340465,197.07206463975865,259.38908962367486
577.9605997348572,269.50206965790665,196.64474007591707,261.2328965547387
575.1463112684269,274.5640216120149,198.91933384494394,263.1462746365735
576.8779852380645,276.98311316957506,197.0971343536591,266.81743752975393
577.0011278952354,285.42066648775386,196.37214554047702,269.5479560459843
576.8162606901549,283.27397103658706,197.7653427230074,270.2458195378107
575.5917505249178,285.9753318014185,198.4787195474316,274.93254407595776
575.7405690273647,287.06116638319395,199.43591159164808,276.4311370107193
571.4775736619473,292.88642489026597,197.30967682809813,279.25038565972227
569.0413611148549,292.16746854180394,196.84772749448766,282.47131956827053
572.0005543330079,297.156275670582,196.7229392332303,283.9378772162319
569.9617025424392,291.49108778823415,195.4097031018435,284.17586482785146
572.1967871435046,297.2417451583876,195.82255096285354,286.28588679561346
569.5420204848837,289.87792977871067,195.58778038605243,287.56113546725976
569.5910729672868,294.5016329126115,199.16194142771587,288.8117331591139
574.0190782596676,286.25835960739425,200.8583314319435,292.2691545559253
572.6076015088707,285.406322691314,201.95021727606658,295.41716127897774
571.0743990965818,289.36848259799467,202.4097676618626,297.55617593064335
570.2804653480088,283.6198977299535,200.88974407624505,296.6871690615011
570.1345705842157,292.26046306461944,202.34931567208383,295.1103535777161
573.078208396597,289.782089230231,204.08965788331957,292.469617134707
567.3073372659769,294.0046479428704,206.33963969991885,293.61194592219687
565.5938901648315,298.43511859200265,208.37087338260972,295.08065359548993
569.6172516318236,300.0770384696847,208.53587568361093,295.9044054691542
566.5786978548957,303.18546876832056,207.20489836808179,296.30574135930925
571.9359374057174,311.12840456195136,208.16297328255177,301.29395805940106
568.3033843632256,304.42183573660503,208.2997853764465,302.66973551874855
568.294757767585,309.4917418857491,207.6345569211899,300.8505513866592
567.1667715167191,310.0393909958949,207.35608342186885,299.4251100127001
567.8201543761438,311.7886692405581,206.68815110660665,297.99433544857516
569.6220112234707,318.97632305834225,208.70727400176614,298.16621657185686
572.2179951983553,312.4664213071043,207.53618007543457,299.361072717155
571.365605573112,318.82846428768926,204.70970694173525,297.866113686222
570.4257242843719,320.07601196346445,203.0574355989275,297.6922537529913
572.2056564641902,322.4055741180731,202.88826323491168,296.33573125804395
571.1066004559515,317.45566276089335,204.7428356855873,295.2548134252233
575.7884372206424,322.5779655696071,206.12748273573428,292.9303890822099
575.964172302314,311.65841441519785,206.67439845476878,294.4544813202276
577.3885622854575,314.0970855703163,207.7426245042593,293.19944940999983
573.5272533234543,319.15204870626326,211.0520835346806,293.00614625364557
571.8308750989634,309.88415236971946,212.74302640505687,296.06963648990444
571.9059999717882,317.2846240645646,212.66596582857554,298.03114617943794
572.9715734282181,307.7898070294509,215.91390970169584,297.1000744543771
570.5190219119593,307.2872829490656,213.1427513091953,296.97654419069397
570.9006021371328,308.34611365720576,213.30063127461216,298.66404878050196
565.343169478519,310.21348936335437,214.31866336277466,300.080390851176
559.8468082892609,311.66785730874574,217.66951476579658,300.5106034486287
561.548732388717,311.11569062362514,217.16410382846578,301.29694621780703
565.0269706898583,313.8301444755111,215.43886177665928,302.6706088570528
567.6692218469009,316.3955478651802,215.45582306654742,302.0288434061447
572.8125477642864,322.4558431712924,214.4564522681535,302.13640697635446
565.7675712879775,318.73391042947674,216.74932422711885,300.2200477361698
566.2102503009313,325.3296308544832,218.1922025426877,296.13983392167944
567.0273793939326,328.4754216408604,219.0921650521806,296.3482866812003
563.3750937223026,321.66794501217055,222.44848705538334,294.61676147636075
560.700989464703,328.9476910400313,223.19563661062173,293.57994970323205
561.5593762068183,333.4631098184863,224.05388653909534,299.4431989840906
559.6519412613646,310.4080937611446,227.62579612598103,298.3400352979928
557.8399505648463,311.0374739554419,228.87154980829382,300.23942486705505
553.4101015613758,305.7138032808444,229.58903876219523,298.5513360709864
553.9220610621578,305.57810177600106,227.46739532291764,296.2542271177824
554.4841611775814,301.8605459613688,227.06769294678003,290.7651787433848
555.163879699793,303.64958338770316,227.47429825407943,289.3691305153956
553.4640359351371,301.014395249072,229.37156285458127,286.5299219843084
554.194982174883,300.86135978021525,229.04441883395185,282.7056232587834
550.3782931951614,296.3806457759162,230.64673800509524,280.3674287316759
550.1157442211022,293.50492790755675,229.06447725913733,277.0541834152332
546.1152710303224,296.15483863730043,228.17585626551357,274.57444843493283
545.4444434106912,294.5269932789622,228.8197992621728,272.8190469656352
544.2060214365745,292.0838728445139,230.02284712886333,269.71557941091726
541.7535460522821,291.7054718047964,230.2435618477959,266.50316037523993
543.0714760311657,288.06261364377633,230.108591668166,263.35505788014143
542.3284806552981,288.43364920876274,227.10977206757576,262.1769737072418
541.647383914261,285.88747669386055,224.79384231394732,261.0646855011148
539.2684135513573,289.0848835101301,223.20431227940924,260.1697393078457
539.0881385693846,288.07257694613475,223.0002356092338,256.67879323936427
537.3627478070573,292.5854865605266,221.0912415906754,256.46883189784864
537.8930464499624,292.8833662775868,220.10040374081694,255.381810653664
535.9773480210245,293.7140758310834,218.74356340844628,253.03670940298252
536.9947526785498,293.53452592783236,215.71664229129436,250.16670516743136
533.75367760914,294.41928742697905,214.03264901275566,249.62002736586197
531.4997987323497,295.3207131194948,215.57363111058976,245.56691062095177
530.393507244505,297.6530985919113,215.99776324914393,240.9097261580999
531.2737689224017,294.52264922336235,212.11422782746303,240.19467989931758
528.4226909773057,292.7474053011273,209.81960189163576,240.25596882067686
526.0202567681843,292.1581572798009,209.04973562207346,240.04451530316425
525.1479709230623,287.28919021402476,209.9521172850806,239.43409700246548
524.1761825833279,287.7809703254704,209.412861055919,239.46860390107997
521.775106634202,285.616406867057,213.08864407389882,236.26200856219998
517.3653704820603,283.0968823024587,216.24030546128174,234.19868742925053
517.7072915474549,278.2510274866281,215.92497649739667,234.86512850622427
512.3895481670947,276.8116868301464,218.28953201422053,231.96797478195617
511.5393921166127,270.32322057594274,217.57964518825904,233.13883886995342
511.6576274208936,269.11409614708384,216.14490199382834,235.25930468071033
511.04381708258563,268.29113529249344,214.9758332554664,236.35902325344705
509.28571022917583,266.0139094710108,212.51823867371178,238.15463958070805
511.05701809591574,263.54093279786287,211.61592655198726,240.03641207602118
506.6539074977379,262.54373796479035,214.95974731194158,238.2981128383576
505.63265168432264,263.89245693669517,213.88098518274487,238.19536450216822
500.5430985171034,262.83181306461154,214.06993438980308,236.82314056954712
500.9789318512745,259.7877475431512,212.4816197984681,238.86968378287793
499.8276580451152,256.1905680610722,215.04217326825434,235.77972000838855
496.406224440105,257.0953373677112,216.62363501028764,232.18169586807204
493.4900463549309,257.5598163995297,220.31049362013476,228.0311789951545
495.0506359497463,271.23982339903785,221.2533460314561,228.42682600688045
491.20542294217967,290.3964961104867,218.57414123299083,230.07848073657067
491.36074888561836,305.52475335352426,216.6594513460065,231.64028557117416
487.3943776200111,325.4158416347764,213.84190014553164,233.7146153563261
488.9381809269763,321.5180105484287,211.44626876754018,232.28504540469294
489.07497168582194,317.96746181443586,210.4452998215653,234.33814253698526
484.67787028830116,307.5250700893151,207.37382001467813,235.56283267973174
486.1961229986634,302.3360371918613,206.30615221278154,234.8766027059015
481.33819572442457,297.5573681849305,205.33213974160583,236.55236608902572
478.08416760804954,293.0869160311781,202.7767842617094,236.98473691874747
479.7833124763632,285.0565068166653,202.83194425118677,233.6539423411811
477.1496938076234,282.5318265016323,200.6105460486578,231.7885919727121
477.5800638257613,273.8946728867302,200.24667515920606,230.47077044885424
477.13174378113763,268.5131206802906,193.13463490482542,234.97167069150618
477.86867757843896,265.25586434892466,187.95341824825675,238.47203249631278
478.0139875315522,255.81045781409705,188.90611320428164,239.4666034242443
473.71730454396186,253.197921212425,189.40121543892275,237.6036281694891
475.54310395876973,277.7844272203328,184.28808091709203,242.17432571788243
473.8174740470083,281.8679237870977,182.16612620966998,238.74113633343714
474.6102739551237,300.6281915361674,181.23831288197226,235.70545648715327
476.0377236546385,324.02153537027607,173.92198770169267,240.60422795589875
475.55603750182297,339.6830324328796,170.42522407058664,243.30713181042802
473.2052203832113,353.7190911292613,167.76510055253036,240.12806937982288
472.5347048106217,357.4420444863826,169.02203678589592,237.7561086647257
468.2661159594219,348.93775596065103,169.26672448280237,232.24491604760976
467.261194244456,343.7795690657082,168.99980447355563,230.93764214767617
465.02864556644204,344.54429864921474,170.0670947083068,228.26995146477856
461.4301474931643,340.53806087200365,172.9817770311622,228.1908304158072
459.316316085749,341.50616322560825,171.60015067668127,229.6480783529462
456.55435643031177,335.1462606386108,173.47998386504298,227.11508544649672
456.42620926825794,331.30132513365544,174.83450342508968,225.4701957905139
456.0176509036387,328.1079208071085,172.8614814328621,230.08753911634489
453.78146764466214,319.9724930758923,171.68415970694917,229.4176787889824
452.32524855057807,314.3644682404786,171.3045108170229,226.74361176822052
450.7404581180378,309.13067991179946,172.40643850293475,221.3587790627858
450.02826466732233,304.4038198678501,172.9336779872972,214.97015295927832
450.4090531790415,297.70018531651374,173.71981209781572,211.72399684527616
448.9240634537477,295.5604249163373,170.25946651712286,212.39473654630953
447.740306617942,285.09202790994607,168.31561553800788,211.0136995196633
447.2937224350621,283.77159548961913,169.00603782539577,210.93818209522618
446.7154043529473,275.3702487953989,169.54401145348106,208.61792779079562
444.62345526466396,274.35043686912024,168.59266144584365,207.71538769910848
444.2149443010568,286.92000032874023,171.19103470095405,204.32936785079144
440.9313336289555,312.202935632042,167.1102801235258,208.10889137870933
440.05866858354693,324.50014367838645,167.19368668662543,205.96803706885737
440.0688094068917,340.88107017788343,167.46799601975033,202.83925024723152
438.0007028164596,357.24762715058,168.66580011057255,199.6369933880201
438.91826726754914,377.21546050465474,168.80069448281503,197.97366936175533
437.7646275572296,391.8126317314544,163.59113916758383,197.0348448677507
433.77800214282934,395.0411418479064,163.98918133244388,196.9518046801654
435.20284168171395,388.653639513828,164.1761586343743,195.4054973976386
435.2724318587618,391.30112567927614,161.92985681268826,198.67007344473305
434.5308149919155,381.7825068606268,162.0577297999972,196.59332792773478
435.25344993800735,380.79653204270113,160.64387461407352,197.36380361224644
434.0382094897867,379.7941726556867,159.04757681254725,194.78232739420997
432.33059383087135,375.4789746343672,158.40114021121903,191.71699608852123
430.58309534693024,375.2061898130163,158.55735486861542,191.41554957550335
431.2201024012994,367.9871480935921,159.6371265131272,186.60854443708112
428.8095934405034,369.62404436617516,156.99448848608031,185.60101823789284
428.62304425391864,363.4424429939694,157.09038562395548,182.4366845900925
426.53200862971005,384.25101650328594,155.81364940395838,183.56438010075624
422.165257666534,400.6020363967621,155.94946170170937,183.99777351082537
422.9767758475351,416.22202368366,158.17850711537244,180.7170541555355
422.35770939383264,435.91329133181864,157.20049736835844,181.5836529229389
420.9789462503721,430.55795620041744,157.56546913371892,178.12698862916167
417.4905997204625,434.10839898935563,158.7785275118364,177.28668120680288
418.84594369669435,429.8083798478985,158.09142034893878,177.66583039822544
416.3301078149308,432.96795574693977,157.74846166126343,177.96233736021372
413.7054444439279,429.72199638393465,154.06519505762722,182.8456105278667
415.4906565750414,427.5130933997858,154.06326416164163,181.25215837085915
413.4813362112126,427.2470369134912,154.1291303646105,180.70176182577882
412.3397803564602,427.9859726930433,154.55036654005772,179.40727152611584
409.5267394931196,429.4137918353139,155.60415069364933,179.24755347053298
410.3420575393136,429.1537365995917,157.07099084523412,178.04024492323185
406.604850847227,433.0538193171727,158.45661572003831,176.95951470306616
401.68255552722053,432.2906674703188,158.24345375079838,175.41332031365937
405.37575948710503,433.7659538664316,155.04222315723183,176.74053282264225
405.3958160668214,428.0844029240052,154.42610364489758,174.30056845383302
403.00927767728876,432.9988596729143,155.85420805190776,172.5721455260831
402.2995539862692,435.9737054347951,156.32479311972264,172.94788391870338
402.45817851502454,432.6566435620812,154.2571671224385,176.13948942987832
396.27964055837,432.8433050287051,153.70592833085254,175.2018433693606
396.8932353893299,432.9101332709555,153.48094725944023,175.62107849691273
398.64847016601374,430.5182986042133,153.12927997696184,175.83516775227213
396.6949334404157,430.39334980669287,153.64495309093869,175.58398709928903
396.8238312274694,427.8639775423942,154.8397484592141,175.90420957512157
392.88572920600086,427.7831282938866,154.77568303193632,174.3593622423638
392.7338072274137,425.28824280208465,156.0905043765389,173.26340648799157
385.05052950136024,425.76383128264115,158.06560608566485,171.86547423684715
387.48198588311857,426.5136880552839,158.42781863495344,171.81402815143096
386.2334127871051,423.6721677822926,158.8525139507443,170.28899937292016
380.86235145301674,424.7598309339596,161.7242280839174,168.15235278855744
379.5774078573298,427.2691918162959,163.01125356569662,167.82188681078054
380.2686462525653,424.1912985733565,163.24970494352232,167.43395162078662
375.72557029795075,425.72936821540605,164.00667518160884,167.46436374545524
373.74610513584776,425.4057562171171,162.7517683590558,167.51713953322422
374.22390208538974,427.50164392023083,162.4279560380359,166.85751272662142
372.37670183018713,425.4668591979317,161.05050815595445,166.25666009404074
372.7310048216117,429.36621244571097,162.96842852884873,165.2986213230916
369.7627209237213,431.88421782720906,163.8906568776081,165.09390700403458
369.5762582045425,428.979759026485,159.24007281355475,167.18045183517324
368.800294268359,431.9404182754597,158.9870664226925,168.49738502332002
367.7548360706932,432.8369321169796,158.7322982896732,167.84284873241586
367.4929508756019,430.4942725641649,157.75832924561354,167.36875450033781
367.2410361396683,431.5634929911948,158.61182051476575,167.49415861316643
365.35615822748616,433.15521345749937,158.25091914308516,167.35964951763916
363.7082478212235,434.6748158829133,160.22893597669048,165.76629038996333
359.9948985683976,435.5913311509545,161.28767307563456,164.3597166331226
357.78112892717184,435.13448780107217,161.6661605964589,163.96200697248997
358.3019198478536,431.29073520370605,161.3030063321141,163.28465449357708
355.6293584197581,432.89182615188133,160.94351788688294,163.5401840554328
356.5345301151879,432.3549435870871,160.85971637281628,165.39407325328133
355.95541087486964,429.0008463635529,159.45132377473269,166.1526088296527
351.708964200937,428.455482025131,158.33472005228552,168.0033820216295
351.58485396578016,427.5763668465676,158.58255337768392,166.75781866232555
351.158306843854,428.16205605166107,159.8033334759712,166.0790397394434
351.3685377467273,426.1876531345035,159.82543928692567,165.8475367549414
349.19621643486227,424.6439759391395,162.25548690275937,163.64239017292158
346.0152117615497,423.7321406366537,161.34949087829068,164.14965989231118
344.66899962222544,423.09677196173584,162.1114420677211,162.56038804872645
341.5647827173319,422.9731231989681,162.7252952271786,161.9962862932371
342.51737809002503,424.5648131011591,161.478768589115,163.8325259537294
340.76737987497626,423.66951425187074,161.363117464815,163.0639939373402
340.0987420459768,423.4293430802534,163.85016004481105,161.22335883115784
338.8013029079131,422.3324803514191,165.87001782886148,158.49216945194286
338.6099472454374,422.5758633941474,165.04836509245726,160.1885257629553
336.9337012706036,423.44634961024803,163.602948259166,161.49469631323706
335.00101719178616,422.78044956348486,163.9257172155984,160.88730888006046
334.2251055738481,422.5859557818872,165.08812760133299,158.3848760788759
333.7021788231925,422.6098680946886,165.4002079307425,157.17396873442397
332.92694402551075,420.91479440076773,164.73262251626412,156.0391103048524
331.05815694861474,421.2138261265982,164.05236906385488,154.38061799538812
329.54050234635525,418.56050073088215,164.3526328353295,153.61503987828132
331.38486865828867,416.58603708762763,162.9556818753573,153.17278664950106
329.2761854661668,414.2264707917204,161.79704737840592,152.65726147688076
332.2948405323576,407.8050653210712,159.6909065174934,152.2851132735868
329.98978724081815,408.5693416856683,158.17395983976914,152.18549571456631
331.80585203826024,403.4034282752812,155.4565953048329,155.082054610078
331.75516067585227,397.43194175221197,153.17385565797525,153.96373310055236
331.3526933287044,396.78412873969125,154.223883683012,152.36094856689334
332.15374160480474,395.3640596629309,154.63525444267043,150.7322799767922
328.1421699016397,392.54741374712364,153.04804724017484,151.32431061227027
332.50229734604807,387.94221875798314,151.07935685407418,149.9964763702753
329.98400165005705,386.1157861300218,150.36382393651638,148.91601900580625
332.67148070557874,385.1260336627528,148.8963677614319,148.28003350379026
330.03646138327264,383.0185222711611,150.2952132354966,145.58704055897678
328.7747946664026,381.92906811835667,150.96609546398298,144.4147320715254
330.67130109614055,377.43803253663737,149.82657290945406,144.09306559458307
328.52826390125347,378.8658384800975,151.84460902637062,141.27060299849268
328.74894593511834,377.4342747902439,150.60857509207892,140.8264279032244
327.3377884368551,377.8047860015431,150.6029524856086,141.4474451658752
329.37436989203763,373.0322847049255,149.23311961522157,140.43898382325852
328.50021189070003,373.3664141755886,150.02355333277865,138.75019918803883
330.99244621156583,372.22963366040904,149.23966242694792,138.6948429534595
327.85327167940585,371.0871087470124,149.5222262549092,136.32801346964496
327.2957597610499,367.8069951366316,146.92030468184632,136.85664546030404
328.7430334269096,365.67861266253584,145.8214661256472,135.80295651674132
327.6595955922495,363.81962273374324,146.33547412013993,134.0534523769815
330.0552918655506,362.23570252457563,143.44467342381847,133.76630240835394
331.356533179076,376.53161229066814,140.14675652447846,134.46300368915715
334.07292804427436,374.6591203307358,137.92230982310394,134.48153358947536
334.8584257329012,368.22682870599493,136.08285396349126,134.49328976681352
337.3991351481987,366.43852123918924,134.58575067130266,133.00286044230722
337.19253274055495,364.09457747660474,134.19435548620862,132.6496875197834
338.0079566539048,379.9242826502214,135.07384286649446,131.68184173248653
335.7606416587105,392.9563459443051,137.26348876417066,127.66919829861605
334.24149469440437,412.8054256122879,139.26366957556493,125.38515486841217
331.23216254790293,432.3181547655138,141.03333761078582,122.94801824775138
330.12324803947024,430.5351753935303,142.9296596803722,121.27299207503131
330.38536781918333,427.38452048464325,142.680372472993,120.75736873774568
329.9311302367648,424.924886467809,142.69895356958898,120.41767652437429
332.1568974751524,421.98124354491915,142.22848078982003,119.45755741333642
328.62979052328046,440.68609409587697,141.33700215434874,119.39835069618645
330.3831623305748,439.8202838313138,141.7637314115405,119.10436912303308
332.33717326183597,436.55636698937855,141.37744164092177,119.57439583821466
332.51703548547937,434.6608647565069,137.97989995387368,120.41591690933515
334.00078613904367,430.8440411377707,135.81160472479755,121.78737237434657
335.8833666019055,428.6064834867288,138.69469056421062,119.49207618503635
335.55551426380686,428.5490623315135,135.87187174759478,119.28472880678439
336.68618879921326,425.95957188413524,136.58262055046976,117.44326435470862
335.2393850155741,425.42710350439893,133.34144818763332,118.15302472496383
338.17347651970545,420.8200013260131,133.67200518486374,117.4954095855808
338.07671047965164,419.09006750740525,132.66136560740915,116.98344733159158
341.0091302288895,417.7897743083228,132.8996593105325,116.60879135342893
339.44301413811314,414.6480521921514,130.64146008797147,117.20239050062773
344.3034344677499,430.3994824151779,127.15579360777505,117.08598368311476
342.9157452936211,446.7866573098057,127.3174269818963,116.17234022320484
346.934824149056,463.06846597317576,125.08906941903678,116.29595205295897
346.4382591548438,459.1686313778404,125.23983354652219,114.76300825229659
348.98215623413273,455.60980884998645,124.99864850354496,114.35574953374304
348.9472234678688,453.1213979494031,124.9541072864666,111.94393808371956
349.0224097905716,453.33448907355137,126.88757191179769,110.77422830379923
348.51268606372304,449.6452754810835,126.2621366865093,109.54465377975058
348.9577692604446,446.17348855273735,127.11556827738008,107.17647722445557
350.0246054983926,443.3160426115471,127.1025317878123,106.80242419487921
349.41847687386314,442.7095248124277,128.622853914858,106.09466769030435
347.42313377182006,440.6683725582103,124.73757166267592,108.2452511074687
349.0485900050682,435.96988952082745,123.17485847787214,105.87986614616261
351.1151201765167,433.74579300043683,120.33777501218768,105.45612477303393
351.81592097679567,430.4340807147226,116.84128257872871,104.67983010618119
355.1800340288322,427.69187711564206,112.37957673642012,104.50943164409446
358.49317185247924,421.1989809036086,112.36943859370382,101.25118453263894
360.2611837721756,417.5213357045252,111.36712666455875,99.68117051796384
366.76204959412894,419.27744151467255,110.38308186452426,98.58622312076795
361.3415442149881,418.47624055967526,110.84606852154855,96.00688379312214
367.61110505076266,417.8157205259202,111.67679605501651,94.28727110870965
364.6703653857646,416.9638167292273,113.05044762622357,90.80281004059644
364.76280613708286,415.9013859669183,113.20798762546195,87.60435785214062
365.14306059756626,416.70429739938294,113.15448438410259,84.42871112608934
371.756177638152,417.3633068827524,113.15015791859275,84.06838221948908
368.51641117454545,418.9091587488025,110.85910864670919,91.43013345870231
369.4053653577315,411.62255344483594,108.66505695238561,95.76675940324435
372.193369535961,406.4611946569363,107.57494184543845,95.93131963041085
374.690337967774,403.8821347312711,108.30461824398888,94.06854543114304
376.36746590029014,402.48782989134094,106.8723513430374,95.50986566798733
376.1162470854902,401.13385850551253,105.01504633118829,96.9921761297305
377.28238562026667,394.59830558378343,104.32406767491202,94.36466117698512
379.95331349948515,390.47618386853384,102.81545123341544,93.04615474481345
383.10147523260366,386.97866119264063,102.8265408683746,92.48110144852859
380.0170093635648,386.7107858891079,103.16563671472876,91.34028903107304
383.834820693855,385.12378945250975,104.9402132194925,89.27014557080378
385.038467636162,384.5985777644477,104.25875811528172,88.95684376153363
384.65986952380706,381.0631176892406,103.48787244607075,89.78364092992268
386.1352328083737,378.7274659238094,103.17402198319967,89.17795452395649
387.933844819577,376.61221867277675,102.81879663327834,88.44471773711183
391.8683245476011,376.9893902772969,102.0609135322106,88.08093518485761
393.87780888778775,371.83220901466734,102.15156113143944,85.28489655655223
394.7177479791932,370.9944986428988,100.32578797415842,83.85883681608045
395.2308819714176,369.3333329930339,100.7389086224839,81.83693126507188
394.88398553420745,369.10218574347357,101.50482383978877,80.2591805028094
395.9878429498435,367.38295685025366,100.4101225144523,79.65534426382806
398.2531467535574,364.3349518350654,98.4401943427545,79.08816488304129
398.37930223535403,363.50310882071057,97.2062442919611,80.3481107441331
401.73926123504907,361.0639248309545,97.6333142076101,78.74792447483547
401.9480178806285,359.3992970285516,95.94742051293241,78.68999331397055
404.5524234836313,356.45772320373135,94.33334874403027,77.5406988707154
407.52940228126363,353.4537935687201,93.62037082024378,76.74429788683172
409.11318280268654,351.4616130016376,93.24110957636343,76.73345957908697
411.55048375844547,350.29670208937836,93.59644331090276,75.72118579012582
413.2504546803814,347.2805698537343,92.94684645871479,76.0438884366154
417.758375545747,363.183961117345,89.94963046422014,75.62821919064386
417.73081958906084,360.79556087763194,89.23566060621874,74.20896521145183
418.24447397375036,358.5066369853861,88.28337129328585,73.64453956988763
422.60447328083757,356.92299196890104,88.55026728665544,73.18382195248236
424.6374637868909,353.9912808893686,88.45110961401095,73.70819620276424
423.7322763630491,371.6028528532273,88.17414935198397,73.19198434291799
424.04088294282866,387.76606953983173,86.32305126181416,73.31967923508998
425.65305613684905,405.75060045147103,85.00511699840717,73.08097172089342
424.7037266882668,404.2030336131502,85.3398971209288,72.54520644505102
425.43443376445214,402.794034278711,84.81331285928606,72.37649647287707
426.11869051664837,400.5183733138898,83.87531857810677,72.52156840251948
426.97758816154703,399.2714691219291,83.13444037634125,72.23905418321523
428.3967964380868,397.1191411012786,82.1706303133968,72.45825194586016
429.63817548883384,394.6663193232057,81.27772347208808,72.7949977778544
431.41635026017786,393.2824528728578,80.30471838893362,72.2635625686564
431.2702212585289,392.1976792733359,80.8442916500193,71.3482818677673
431.59582834278876,409.78520614694924,80.79192349981398,69.98609051678092
433.7064257497924,409.2102271439651,81.09711733097876,69.29700228289624
433.09814571099895,407.8750474834307,81.158884146084,69.02223268627098
433.3625273962539,405.64160144034423,81.51270051943624,68.06828689326301
433.3039823846778,404.74758155304033,82.39186638401527,67.25234803399022
434.1305594069736,404.05502268796056,83.57716992380486,66.28846435652646
434.8282869873931,402.9553335141742,83.02485983542596,65.82129039887765
435.5940799126096,401.0989138219844,83.22266544064342,64.80141369973052
436.47538141925133,400.05725816101176,82.81673757537013,64.04524533684615
437.2407492510453,397.2932532168923,82.57071303429494,63.48314301576495
439.26453000988914,393.7029926896187,81.29433000057027,63.04857894534266
440.6216044386613,391.74726117371597,81.35805346701585,62.59350106833476
441.7939902629651,388.8073523805762,81.15416431047372,60.97818287046508
443.36947624223995,386.0705039287751,80.44150583611591,60.14348391148793
443.62629294408924,384.31215844855734,80.17872737163965,59.23467924738121
444.9498606565993,382.40829692388314,79.32373517228937,58.695892840095084
452.13251207895115,380.703727801597,76.65252221711205,59.11724097694036
450.32173787930594,379.60553285832066,76.5719248015069,59.400341912572856
453.5665149032842,376.7985300873718,74.62737512137866,58.93437947885425
455.55984081103384,375.0520549900223,72.90494115942559,59.78923381784021
455.6325187306448,373.77886365619224,72.87938938215288,60.70281590642936
460.38003406121305,373.0899198411092,71.6174338629231,60.58209578188816
458.6311760412751,370.7025075302923,72.26199119041189,60.530942601245286
460.4342584280341,368.4474314101842,71.06147822467888,60.68817383239774
461.0389112762075,365.93836377868666,71.0197532520947,60.869775548945086
459.60828765190865,364.7425844176267,70.68156836606406,60.04630312406189
461.6266288370642,362.436262874062,70.81053159511825,59.10828369364371
461.82185023747036,361.61262225712983,70.47675218455488,59.0233649009958
463.29780139519227,358.7166118499044,69.69826743731791,59.35831202693966
462.00940244744,357.59525672795417,70.34667482989278,59.23396017901271
462.00873822510886,354.95958683824426,71.22327989971147,59.06188193246207
464.3170709665757,352.6172104510293,69.89631540173254,58.3536002487316
465.63948320521615,350.53995805032906,69.61061463126924,57.76671911339493
464.7844010785174,348.8686686793375,69.57500652291141,56.777979953766845
468.7633903633977,347.76986431329266,68.28584261226942,56.40984857736646
468.33565118757326,343.9238570032152,68.66396196705018,55.70695524616641
468.245047496094,341.41656021497084,68.73280572096569,55.431118753685396
469.5595278800639,340.3331614023554,68.1526261095658,55.607254519403895
470.8266114533513,336.5337571605483,69.25206944997522,54.86541912026663
470.29933982192705,335.22772782611565,67.62652037807645,54.56811404248894
471.17951445190255,332.4113982301033,65.76513122420018,53.94257783427558
471.2913073903754,331.2017460735487,64.50734515575678,52.92755740602131
471.7122857299411,329.5068495949756,62.59699941851227,52.43973753395902
472.067815751523,327.6558976747193,62.326658115573196,52.4398434122829
469.77315162336316,325.7507391023031,63.700753999609006,51.81858621248031
470.3504085991414,323.9704282662133,62.645024241449086,51.05204657255668
467.969786765532,321.3953421205412,62.40249564990941,51.68213019126287
465.932644853364,319.7493255735793,62.296178354250145,50.8959381493835
457.31155898922697,318.01583285939336,61.51512048352525,49.70152850481841
448.93217967654783,317.1555118109945,61.35317331359548,49.29495497776054
439.80712698421456,317.7348312323472,61.322213711079385,49.12234814417996
431.05372359958096,314.7208143591929,60.0661802093505,49.92635568733296
420.5944607499731,312.61543369637815,59.535614950924554,49.747262104972975
412.2486421897316,310.7910175115693,59.077920024898845,51.147923145092406
403.5549917312225,309.39985111312234,59.05496169509077,51.66631799185196
393.6532544989851,307.44397531487544,60.50258593983908,50.29293288866927
385.44865268972023,307.2439584185672,61.569923065143655,49.99014077739317
379.1857245127125,305.9720576673661,61.95270729086327,49.295040187815474
373.86287855897086,304.9596274762878,60.548662221723006,49.204517183360124
366.3014597297178,303.6201175789299,60.76870790330047,49.11328689605989
359.9990465243206,300.9537940439817,60.847708813606616,49.35199180058154
357.65375522487136,300.39828862167826,60.51245303741343,49.477264367753136
350.80383750573765,297.75331646040513,62.414311028171156,49.73669301952309
345.2363187644067,295.6435362758595,63.62527529153371,49.71409449884381
342.7742380084551,294.0977330403414,63.82864641723696,48.89962477702415
336.68106267510296,292.70829254003746,64.1669851134212,49.36678612164142
330.5620834761453,290.16248575025645,64.87533478483512,49.26795380124012
323.43830150391415,288.4631222857784,64.62261262700247,49.7714699872457
327.7717560653391,285.4066220949845,64.71401191479713,49.332869435758525
326.7044446392068,283.63865863100034,66.4801280672611,48.28115464772346
335.84923768007513,282.10738986619356,65.7437894373068,48.62355338911378
336.85214591526125,280.2195675502755,65.98534034898408,48.48464747811855
339.44557035661234,277.9959417986371,66.72662686133201,48.484076410594554
337.7170232814666,276.03308303155666,66.52267450664907,48.411704631248334
341.04851009901904,275.0359269026374,63.416992379265174,49.07698136853324
339.05390687680483,271.38917641805244,62.72158988738374,49.085919273127935
336.2789748353699,269.155589405622,63.3198496039511,48.678250654251144
335.33461616089073,267.10529030035264,64.5598343503132,47.979645945783396
329.95624306414925,265.820493957563,66.06706787137176,47.53540749275192
332.64923160371853,264.0359643605312,66.43794532638239,47.799932966798984
340.70692099091696,262.75470184006525,66.30781988603103,47.827132242121166
347.68428757174036,260.66130049252666,65.53546835432802,48.034636584003124
355.6066277344355,258.9541199469605,66.89385962317596,47.86741822834293
359.1656909348923,257.31725639493635,69.24324058462807,47.19780121618024
362.0297608694171,255.2049103228713,69.50758003991938,47.25548782136987
365.8438260653609,255.64796257579198,69.04386214650594,47.338787059272406
372.5278422867319,254.0474867694341,68.05952339883218,47.78285409709805
371.9773593548914,250.57423128816066,68.14749795334728,47.43424386671282
372.82288294053114,249.9641463510707,67.9481119730544,47.56579784657507
379.2522528946499,247.07355722113567,66.9273027441382,47.46533948687728
380.8817413098497,244.96460968060595,66.14243723232687,47.37041174918063
387.0520947674759,243.55209247090042,63.89180104156176,47.748417054822156
391.6543480408315,241.2968019316239,61.30169965003241,48.36986062689023
393.21555962544255,240.5070158604365,60.062589898245086,48.04696063086015
391.38460536576497,239.7518590052689,59.68811908028938,47.489194154351466
391.5072317175362,238.4693647201422,58.67264114986793,47.35196323836831
386.85793303898737,235.91094892933336,59.78748835437757,47.363536832009885
387.1223929627141,236.5159872125819,59.94388650008821,48.50606513154066
386.8675153892509,234.97759667845202,59.79448758951189,48.90022472076599
388.8128488667687,231.50244116391406,59.99654305040026,48.76330125277161
390.95531641882724,230.35919704171252,60.79546834362215,48.54312975100466
396.27568065925425,230.00606244617913,60.11418390878867,48.65865802295825
394.5408978370776,229.27807744811554,59.99218012946643,48.488755287876614
393.11303622138524,228.00889285138655,59.83514391375328,48.331863479747724
391.81320433859645,227.79077472161714,59.46893920627793,48.55853976223193
392.0467451373093,227.41624875188737,59.50417920976617,49.464213768785335
391.78039099012017,227.78068609168167,59.05318371204932,50.90450255469657
389.37390260966487,225.73575299100082,59.0301948395676,51.285595143082205
388.8524317732334,225.18748074983284,58.65039509931414,51.57320517526864
388.7546020499227,223.84676063790047,58.4414403358067,51.610878995935145
384.92708120066015,221.82959084613492,58.51701616824284,51.40662595480196
388.04523492342275,219.91272178791792,58.25240366900676,50.730789657936356
386.2704471851303,218.6456381253745,58.663578352516055,49.963882001333815
391.06737305494954,219.10066890006138,58.099392559838115,49.487568876013185
393.1472492757272,218.15777022994635,57.20579846064426,49.53314349991179
391.90716418261843,218.08664727193965,57.76055885300792,48.80399174184147
394.8116752735473,217.6044913946719,57.68371678971104,48.56681523992252
401.7815323485737,217.98679593693123,55.845150291330526,48.93772923622962
399.72585551384987,217.23117800114233,55.11811074941352,48.482044016727755
403.71318494819326,218.06572894593143,54.98821277550211,47.84150157348441
406.7285147635223,216.9072905632801,54.74142193451691,47.474942183467824
406.2749795782361,217.14456706213798,55.627621515203735,46.68844726404107
412.8630477324947,217.00245331109224,54.88115840157181,46.894606956789225
412.12849578986624,218.23631048031015,55.160206558870065,46.494713167364615
417.2589018945769,218.26034669347624,54.21791871010541,46.424317736131044
422.2004254872613,219.35748570074838,53.201821559831856,46.8012334166551
421.89441166170053,219.01891070123233,53.18271881363361,46.86238437269942
424.2610391695024,218.44637006855893,53.36202378414444,46.21810749900812
427.3061169076335,218.93766685265507,53.61882074623668,45.398759549159216
428.1550302124701,219.15388875382473,54.07488236211892,44.59611648372402
431.1605632329251,220.06278956529817,54.2956392887382,44.067595513777
434.43952557551984,220.32784646730428,54.269237831240346,43.82550008539992
434.0850544573715,221.49754441021375,56.33469762086652,43.34312326639163
438.46096843045024,221.8507887271541,56.64521517946976,43.24505005733464
443.089603006636,223.55292701139658,56.50375260668804,43.22198405441674
444.5263318301238,223.12306045322833,56.183774392772136,43.44445321706749
445.8213666879693,224.73129042791703,57.71399972484124,43.25439812532554
445.4527909635356,225.5960271359942,58.08562813341395,42.93157465633764
445.74734673074965,225.99114315175953,58.23234380655113,42.80869363226857
444.46824765279916,227.02678160430696,57.8948701179697,42.72282384120263
442.99678883203757,227.15646013797047,58.20000590104876,42.58482044483033
444.29040904495946,227.76884902266443,57.658131524017776,42.45444355816333
441.8227420578749,227.1679906041856,57.90762822935759,42.39324096915664
440.63346234450296,228.14892529140033,58.787112958606954,41.959759498894364
442.89184701442804,228.1242629974946,58.28119690931462,42.18918849139368
436.9434852175111,227.80222057057068,58.69458500815337,42.20354139209747
435.0864870175279,228.3717402271566,58.902394445992186,42.05825175706054
433.31104441981034,228.91118272066407,58.866719868935775,41.80599414374098
430.21403806529656,228.9361676496295,58.80803892485664,41.673532053487435
426.4306897723902,229.35190571938438,58.537482893786944,41.66310888247969
419.5167000116072,229.88687258531328,58.69223415149802,41.5032818691621
417.39180736315774,228.74761185647938,57.91579197418439,41.91646750472451
408.86393878525683,229.0469745270446,57.77437603855553,41.93237232630998
400.9747616007183,228.74857815611244,58.267123069680906,41.857328095937625
398.720227717879,229.19801649707608,57.99634845865049,41.98599770059329
385.22846600746783,227.67975003176417,57.99560941304214,41.94031603732982
379.33448606353727,227.26679718194336,57.60792728735355,42.17430875212339
375.97357086233774,226.33473940010836,57.156039714136156,42.06776362930047
360.88688933875613,226.83437915493997,57.85296614630905,41.70775514052657
354.1177380771222,227.0111396580299,58.4167765965178,41.509697785169365
343.21806497265925,225.84458254308598,58.477143465844165,41.459361268520944
337.07585055315394,244.4547414724862,58.36326641191043,41.487219984427476
329.3344097982128,262.0760422028568,58.23530044864823,41.59083663281722
322.9667925807831,280.28091035675334,57.6609292850579,41.993096784984985
314.9681824867874,278.4845364778172,57.097202054836465,42.36430719124908
307.12875333462364,278.06677746828683,55.84030749051161,43.3126728737719
299.22565601436725,275.4315020699888,55.33455335477919,43.72595247590995
290.6511482953912,273.616961816151,54.68201125183779,44.04029065684919
279.9992805420267,270.1752014759462,54.9931873255833,43.42373361280188
272.91333104298343,268.63322425887355,54.30417590802054,43.78249573852136
264.62835387152705,285.1466134369938,53.76267814827211,43.971968755571936
256.22908037378363,302.9626844253943,53.53718873628823,43.89858837545052
245.46057535749713,302.20582665742774,53.5773401720595,43.51879464262301
239.1657589083989,300.1082501255202,52.55735679065392,44.261350565172165
228.10282404933443,298.93515356378174,52.55088703124379,44.12451432310956
219.68906737025105,295.1805609294503,52.76594120667131,43.742211039678985
210.37238257212823,294.4063856479567,52.88587925384466,43.579062030865835
201.8562347838631,293.41661005581403,53.3607579144814,43.24055520123524
197.28844108778932,291.7844369530243,51.856929565662135,43.85157298808308
185.70075750160046,290.4647036349666,51.75492437781036,43.77048813341465
180.84636543940474,288.6187535224766,52.2451015533493,43.144480071346365
182.67905530813698,288.6053840311807,52.20910561829874,43.142630997373935
180.6138580013061,285.2337198226607,52.39837531588383,43.027449873855936
181.44215603259627,285.45549535505256,52.44702844363401,42.91733318221256
179.49506491655654,281.90743204032066,52.42088038968744,42.72088397549479
177.16582014353747,283.1342269893282,52.473248395656,42.56666317423562
175.10368458744776,283.0369940625289,52.044665446708734,42.649001492789154
169.54839362279404,281.80995939842285,51.9672190404449,42.61114486618247
165.31159230940983,278.53637149311294,52.010223408241124,42.438961278914064
162.05259199937913,279.1605525261945,52.270412958813985,42.11152322064354
160.61980046174074,279.1431957244814,52.14016716713215,42.09970913288427
153.20611904804835,276.099058215405,52.27146790650428,42.0513760272578
151.90382348262779,277.1715309326586,52.56839917291973,41.63928030989085
146.01772668992035,277.84747313570773,52.77672232834194,41.488320419516775
143.9223161917012,274.192580127569,52.66491099293204,42.272198919314754
140.38223237432607,275.38789529325607,52.748200003719944,42.14293686262937
135.94876898652313,275.37997063680353,53.2340213563522,41.80405130772318
134.24341142600153,272.486368937634,52.643146225472755,42.44730758158105
131.67316753555485,272.61779697378165,52.427723228320495,42.55243100600315
127.26310561949782,274.2791847063284,52.424057463876906,42.46171740385524
126.09169169743492,272.4210427816487,51.74855306503703,42.56149014672354
120.69598731173512,273.3617156521521,51.25702860126816,42.784518337601476
121.0315756199812,273.0391755788187,49.259721594608784,43.832661304702945
115.58460889387874,273.3993611421056,49.06469821392794,43.89390531618306
111.41509507598326,272.276312114043,49.807975041003104,43.75667064296863
106.27810664619338,273.002064025737,50.8889091454559,43.421790936478104
105.83737439548933,273.1071599063924,50.12953943456082,44.53492480917009
98.58409123139771,273.9617057153087,50.4028951990844,44.42369591182695
97.60144162792955,273.5374694079272,50.38294178723106,44.4972324466111
93.06213602135193,277.78429595147765,50.56678714650444,44.3397190384652
91.28923915968973,277.264414950011,50.446689222489994,44.4783167481094
87.6717810555931,281.34888568215297,50.480453106006735,44.398236749279526
83.9617855032797,283.4284071820618,50.610581101044914,44.10814745429578
80.64996148972006,284.9931068782805,50.642209093374156,43.94633600970383
77.93087306757057,287.5769209978979,50.69457603929666,43.78530624306424
75.6257222597237,289.4920494100698,50.568791763266766,43.799209737095076
73.0818957441938,290.9358729407621,50.4986417357023,43.79383015083863
69.57138523310869,291.05186370295564,50.4742793045034,43.764231548624124
66.36124891288358,292.91916372371816,50.31200904868287,43.73286713331987
69.98897917583507,293.9423222648351,50.14784948713534,43.798360020034245
78.44368400156831,296.7038839280862,50.20614460861808,43.698040095479094
93.20113301967729,299.8696790146234,50.08941704359153,43.56114920981928
96.803289060877,302.7823088393889,50.117463893687216,43.48928511769175
92.55699626012085,304.4803869374142,50.231601962545696,43.40945649351008
95.64554129590366,305.69813091196943,50.17238699016225,43.38228348771328
91.91982300247516,308.8984568224136,50.149072104546086,43.33257189433347
87.79822465035423,311.6991893336076,50.14061418384899,43.288161868435935
83.31921950032573,315.1767971079554,50.14630438502903,43.21996929184728
85.27138478547931,317.0324237922907,50.036025223489574,43.05313378130048
82.16242193736392,319.00795856957825,50.04019769630115,42.99467763767512
78.00416087706492,320.79317982758835,50.060293043827876,42.931041018413936
78.51701876348669,322.5328941713885,50.03201701307264,42.806963540454184
73.98622239944365,324.7438103031885,49.9996670989468,42.75584975601056
69.45777748640296,325.0993219878014,49.98393939420545,42.72088044724394
64.83348055703172,325.4105631632799,49.99059084724723,42.6919835278627
63.19434900943295,326.02014728779955,50.0071394839792,42.679815057571034
60.67335171093674,327.36071812871774,50.03703290757073,42.66668384898594
56.025340724264645,326.44378554315983,50.080166201410535,42.6239905970595
51.21029084872039,326.4318409548532,50.11759646549953,42.54563439070813
46.27998457488361,325.02776756528664,50.11363076610277,42.476294225642654
36.198359732204466,322.0821207515823,50.145733066817506,42.3795912748347
31.45319269075554,320.274179594254,50.21857046850199,42.21643659074258
22.90663835129906,317.13110363029045,50.173337243728426,42.32780004363301
18.957328293127276,317.16914111026324,50.19329238967404,42.26603097236259
13.429083401556852,315.18230993111115,50.45164355434565,42.20365254773827
19.935999775784914,312.7353886806599,50.56701078757898,42.33952566921572
24.921300434819283,306.45536590628325,50.33360829916112,42.121218480542346
30.540980483156783,304.1308477996652,50.12787380520829,41.98918160036413
36.36910389932545,302.1170954671685,48.907665943818216,42.09484774340012
43.10541898526268,301.1143217778437,47.77656275711222,41.84376303243481
47.50754707604389,298.7104303727773,46.539337005389875,42.009955247322324
39.663753077487925,297.9229923815364,46.028997527526236,42.23944663202572
39.141617276756236,296.0625161121227,45.17207062263432,42.692281266190136
42.474597968175644,292.6134913641976,44.76008272383482,42.84198014177044
44.5544758290705,284.73384909061184,44.367976891037415,42.487302515480074
48.68760900643318,272.8338283741816,43.47466347439188,42.505651443457765
53.67136527528808,263.58052313721316,41.17591648157343,43.20754962186242
56.784689226942405,258.3153404280135,40.44526934501894,43.76596069455868
58.33526190996855,250.9269658289561,38.60828020131009,44.57956559030527
59.20219949747445,249.03974627115628,37.69129085527016,44.5287710080137
62.5568493299286,243.90339833930938,37.20204820101249,44.705891539065846
64.01054425565943,240.69352113134417,37.17743341783391,44.70996936121578
61.79974468141679,238.29686266174497,37.177333042393414,44.709879337065786
61.35180861269465,237.04132187490376,37.17729885068273,44.70978408617848
57.31623104149364,234.74747556595534,37.17760934281619,44.709528858616345
59.87634540156447,234.2355837247666,37.177679485131804,44.70945029829515
56.46304826130959,232.94390034923555,37.177442901688934,44.709362202021424
55.79361154926793,230.5009020351218,37.17746082078263,44.70940158919056
54.199046210619635,227.40107312614535,37.17753343266479,44.709381462960174
52.434593275289615,223.49027864439662,37.1776903142196,44.70926746930429
51.08286388632565,219.7376472404594,37.177960911224076,44.7089403151731
49.93768360149973,216.8239424295173,37.17791239274115,44.709191485976966
51.63272887075167,215.69387637607676,37.178728426579184,44.70876093454814
49.948227408766584,215.8706941746441,37.17898006308903,44.7085993285691
48.05041686614646,217.1688706360316,37.17887341853191,44.70838702888673
46.28691945223075,218.7289905724514,37.176326992319765,44.71016263227393
44.9824448046261,221.2796953430018,37.1707841095658,44.71430433400149
45.488383195872814,223.23920719533479,37.17035010756706,44.71763055914511
42.435083075477124,225.0309218738874,37.17521761749296,44.71778908694282
46.622745974924044,227.607272670515,37.186205257014656,44.70835464838129
49.98434010132925,228.27496518930735,37.18669559307143,44.70751176606237
53.42293772721507,230.1105177143869,37.18740714061619,44.706422527823385
57.38687251449334,232.85856406859313,37.18841253554207,44.705540466993995
62.44175357723616,233.6617868871135,37.189476902365996,44.70495184460928
65.62628950972564,235.86281760013827,37.1904635739166,44.70462953904314
66.27707563839388,237.6904361825764,37.19117615334919,44.7043389397949
65.78998440406414,237.99016067595892,37.191300113135696,44.70459278811292
67.19819446822038,238.1115219183894,37.1914326238308,44.70477848301191
66.27611110026811,239.303429875505,37.1919856159533,44.704814573785605
65.10259226165857,239.5750692401637,37.192257298146714,44.70450936283979
63.99546315617527,239.87069376524158,37.192469984516165,44.70427106202409
63.009560986172616,239.97807982823133,37.19308840189879,44.703830846058715
63.55371419465585,240.2441373480835,37.193318843490964,44.70371956669219
63.94490224476202,239.8705114188005,37.19369805858245,44.70337343283804
63.05404282493717,240.7164777499945,37.193943142395646,44.70321621161977
62.962358199658766,240.9730179171692,37.19431053197625,44.70292000069109
62.78545722866397,241.33378057864732,37.19450821685905,44.70273175773667
63.410997685743475,241.11114283451184,37.19470296130753,44.70248535489051
62.261492692259424,241.05389071278393,37.19483737797838,44.70223092056576
61.03613917491289,241.3088278983276,37.195089939175965,44.701945804334514
60.29904431073811,241.4937848008561,37.19530269780659,44.701726351427475
59.76723837736009,241.48249439881982,37.195654962969634,44.701345628390875
58.96405531794221,241.31063573677267,37.195816452860974,44.70109345838081
57.77837971756472,241.18852730325466,37.196046008642206,44.700698063763845
57.39491078748999,240.88844712417156,37.196226201727,44.700434966691695
56.33625123960314,242.159196032479,37.197044443008515,44.69975774867913
55.820300445274,241.90083273243872,37.19787341508965,44.699101369366716
55.39666538410784,242.20224678550608,37.19792168607309,44.69885166479752
54.83849038754375,242.83764602854876,37.19815372494712,44.698145189210194
53.647211383006535,242.96280108445401,37.19906128617609,44.69686536943386
51.02107814961792,242.95542353349737,37.199107122307566,44.69666025778281
49.679664490683265,242.6194171153595,37.19999054674425,44.695722766662136
48.94701000861198,242.80005826755655,37.20029745095031,44.695161990798155
47.20317130965759,243.86207283011902,37.20039097320295,44.69499489379517
45.7161288893484,243.73465973880838,37.2005445012603,44.69478627207227
44.56524201558414,243.20928688125184,37.200652942697516,44.69457383059967
42.284473876741615,243.23566448176044,37.200861762954595,44.69433133863383
39.73069918803456,243.7632947510987,37.20117094032597,44.69410174192051
39.089434822260145,244.98156149727768,37.20138346398905,44.693937668660446
37.47056617581089,245.9444582982907,37.201731669210574,44.69362371713186
36.6716319691919,247.2386138526162,37.20239933114392,44.69315650343938
30.6694986077505,248.82660492258947,37.205438675181504,44.6909936670054
37.408204784100704,250.38393864218602,37.23835938369936,44.66343936982584
41.693149308628925,254.02861738632447,37.23893351518491,44.66299322416979
39.724791956523596,254.18253548331276,37.23673630457013,44.66382153090654
37.704790302567936,254.48829307880754,37.235090747735356,44.66467754620055
35.20596940796618,254.60089831425367,37.23376107468912,44.66556111260268
32.462884258190186,254.81428868051566,37.232868920017474,44.66621401984349
30.166984241602133,254.87869911347943,37.23233372904196,44.6667026144367
27.771071176850906,254.49582458837924,37.231902549584454,44.66724127454616
25.701044633632062,253.5697010495881,37.23163485812908,44.6676634724821
24.422364264565843,253.06291104686773,37.2315782035308,44.6678336249413
22.447792886962024,252.46673063021464,37.231431875257606,44.66803397107248
21.004233453281078,251.81768202142507,37.23141905164049,44.668124058028745
18.92396104792068,250.953316073802,37.23165883916793,44.6681203871357
16.629806134396656,250.37525989554763,37.23194166578873,44.66797082271545
14.354634127124879,250.67296764613621,37.23241185144435,44.66776563533531
12.245115763333082,251.74311892718677,37.23284115333824,44.6676028914257
11.269068675384204,253.08588455584788,37.23312413481614,44.66757154064341
8.584739153950068,255.1314438092175,37.23351850254403,44.66754085204993
6.691889919123685,258.6242713659909,37.234626489485,44.668495197426424
6.65928342103231,265.839875004945,37.23746589221816,44.66900007009202
6.9243830237221005,268.5838667415939,37.24206507055135,44.666062983512866
8.348766920330554,268.8610952339934,37.24608620250534,44.6635972230028
7.233138741143364,269.38123507767955,37.24911876022054,44.66176610778937
6.590967400321194,271.3057694626494,37.249288668503674,44.661885188801904
4.578751783853136,274.21707461402343,37.24914752900327,44.662039759558354
4.16415515392611,279.7826289745932,37.247536321656085,44.66231684164156
4.481704766161851,282.3585049740778,37.24740209972138,44.662336388082515
4.724060550964154,287.1890132601473,37.247206495101665,44.66229431850699
4.811492509264102,293.02190776325904,37.24624126050002,44.661910585720996
4.419563813089173,298.65361910536626,37.24429634810516,44.66182122212418
3.665224022536723,301.7548388526288,37.24123631758439,44.662806181334574
2.5571351458330653,304.20748614691416,37.23991553011341,44.6635074385584
2.0262053011154073,307.5336040543105,37.23895967255928,44.66420569816764
1.6228749189743432,312.33251378951866,37.238349433118266,44.664680485868956
2.5673771870534274,315.64334194436503,37.23788528411372,44.66499721389597
4.315560302894706,319.1360663619586,37.23629196350294,44.66628276896759
5.452100765764051,322.7033875477224,37.23557517732114,44.668487893472715
3.716432574588371,326.31266631999046,37.23398994979396,44.67154280239734
3.6486762638426775,331.4891428963074,37.23351666039286,44.672225437727356
6.625211131645482,334.5186177873193,37.23366204701015,44.672235616641
7.886272622559467,338.7261785044401,37.23398688966033,44.6721150979267
6.667132074067474,340.5504594309866,37.234038187373685,44.672072522406346
6.841461486114106,340.2216265032083,37.23404361723054,44.67206692639434
6.809056786712397,341.8397775368581,37.23404657705147,44.672061274423726
6.563579115291539,348.80365557692306,37.23292251291649,44.671917498981294
11.889712060752327,351.3277319530186,37.23288497740263,44.671825163965536
18.51147167764481,351.72525413162305,37.23301045797313,44.67103356001435
25.458973661328713,350.8717602676032,37.23342847241685,44.66984729780445
28.794846337469437,350.04020807943766,37.23915761888418,44.66340065923529
29.10274473924399,349.4021864655689,37.243380728054795,44.659136713243896
26.033684985855977,348.8758076468929,37.248340120542494,44.654793458528985
22.691681177019962,348.6393255437494,37.2495140666447,44.65324407448008
21.430337884100123,347.36040661642545,37.25129277360865,44.651575035970005
22.3076201240138,346.71210129137353,37.254185073261276,44.64921319862422
21.143686050046707,345.62111946672024,37.25591043326211,44.64762172174059
21.450415685909977,344.37379469650523,37.2572271172126,44.64649961567101
24.5847666763011,343.40735526040265,37.25902818055877,44.64485085230187
25.85814188914962,343.3013363722681,37.26048551471891,44.643267787067735
27.666493211568586,342.87665149035206,37.2618348756488,44.64196780926932
29.80141238842097,343.1154916786272,37.26303267001532,44.64063318042823
32.29735614947971,343.4858807472472,37.26357011280263,44.63978620936025
33.80521126004828,343.4269369539215,37.26374262214949,44.639282162978
36.04230170097015,342.59562265690477,37.26400231495175,44.638753651565565
32.58939900245227,341.6990199402466,37.264453212170615,44.638271979703035
27.465755521608337,340.40984752454614,37.26517721609481,44.63762897426626
24.20140296764092,339.4149011652256,37.265535785485945,44.63729768911549
21.46894495708949,338.9607752968604,37.26581309656683,44.63704654908738
17.91912059809162,339.1799311748649,37.26609228865315,44.63683679999058
13.893443984015086,338.8096677563615,37.2665526869112,44.636535838154
7.96307600909736,337.26335090681016,37.26871376949811,44.635107208918086
2.960648222332427,335.68158125105026,37.2723963236188,44.63425214177579
0.30211352997008944,334.7765383368754,37.264976591674774,44.64064205299594
0.11025399091686339,333.5191569984093,37.26279699028637,44.64250914582173
0.23734073951851897,332.1187607524839,37.261664879687366,44.64323230554969
0.17745126484151186,332.2147637731905,37.26098815421428,44.64352968324971
-0.30107491866173675,330.664658378687,37.25975262649498,44.64413062041944
-0.09912670797305267,330.409049836564,37.259004558217434,44.64456802584385
1.2440243121411,329.29582657027385,37.258905759337395,44.64466305886678
2.626019420140338,326.6345313639415,37.25880676343169,44.64472034088567
3.001890074633021,323.59778293055757,37.258687058412086,44.64472992585424
2.063223819608087,322.5193469624159,37.25856004239994,44.64475152415541
2.232922090520894,319.4127708637702,37.258417939451434,44.64477563154194
1.4655613325373587,317.53736195575334,37.25830363998882,44.64476851929203
0.5584472034275265,315.5533439873766,37.25800414819322,44.64477567224726
1.2303745214748751,313.07205304459535,37.257976878927444,44.64476209501068
3.6001380342224962,317.3973750365054,37.25945956565144,44.643565552291626
6.963103303019441,316.25884274349386,37.259569868206476,44.643305461801134
6.910067278909448,321.6313598857074,37.25918663504962,44.64331207092863
7.8365454254694775,325.4446410797761,37.25914539052881,44.643308940298624
9.240041529144484,325.24653479184724,37.25912425632943,44.64311033566015
9.417178062443966,324.2230961250558,37.25907181846887,44.643037805809115
9.685616308919798,324.7040570288346,37.258820293569116,44.64292527578602
8.596055409354378,323.5413359286025,37.25865656642432,44.64289392926839
7.1436453721732605,323.06913009414666,37.25859993180218,44.642875604550646
8.430778571303293,322.01923012103464,37.25857803274866,44.64286042054094
7.9229382913390545,320.0373190015688,37.25854561622145,44.642848612155134
7.692021975737827,317.2181126053983,37.258525875731245,44.6428289017496
5.991509550288502,314.83914307627424,37.25846701882045,44.642727531836
4.506845457566268,313.09170047549026,37.258453210933006,44.64258066133672
7.940418569942658,312.892166882695,37.258545030918995,44.642389084329196
12.28643862293849,314.1200417415708,37.25885626617489,44.64184146923875
17.628575080567423,314.6494258862061,37.259134589930696,44.63975457454521
22.82965268802789,314.2084135531194,37.25968552125,44.63769340669223
26.976965943587388,313.664982222381,37.259576527220844,44.63686130403173
26.74559258803945,313.06199622697164,37.25929996317977,44.63665617941011
26.642407430923864,312.93565832235095,37.25920103960653,44.636540554125034
26.754855778095322,312.58101364648076,37.259180227531566,44.63649636685633
24.898037541826437,312.1656978519989,37.25915502938452,44.63643608179284
22.973529906321893,313.4780737812829,37.25915887919,44.635929866840584
22.055663330743045,315.3031678128189,37.25710809766184,44.63348479044755
24.258757323992278,314.61573034573604,37.25724831245732,44.63310175571072
22.581731713475726,315.26301058516134,37.257781047467475,44.63223839561932
22.11700292126843,317.28581660347464,37.25787067238271,44.63161069966039
20.5207945930711,318.6902858039854,37.25841139417654,44.6306113512207
21.733760453352705,317.7630209620939,37.258497911680955,44.63047492115024
22.159145845735342,316.75831802653096,37.25847042067789,44.6299523273866
21.972846771872398,316.0227849477236,37.25845188992744,44.62986522572399
21.908325711617852,315.4461128580128,37.25842296849489,44.62981506367675
21.417534478748365,315.46349785261873,37.25830543108674,44.629717159660686
20.46769069680886,315.11192241412965,37.258294379891595,44.62964367569605
20.31117926008497,314.8280740556979,37.25828185461768,44.62962379404868
19.29276558202328,314.68400317503824,37.25826877189829,44.6296067213875
18.278259422448464,314.83520529480825,37.25824886067072,44.629578424316136
17.602604758154364,314.4519805474901,37.25822659765278,44.62955647339193
17.004202047775845,313.7865866521826,37.25819757341012,44.62952394197016
16.288770912384752,311.38155385727777,37.25799798029308,44.629472287059436
15.20957100230785,309.5445477186566,37.257978191377056,44.62945545243962
13.796491437685948,309.14610351116204,37.257903218371716,44.629397520668924
13.314697047179347,308.52286276075574,37.25788307881073,44.62935695250415
11.319473831020453,307.6841766069282,37.25782310052976,44.62924677438813
8.607583011787668,312.24119200380767,37.25768744544675,44.62933074198164
10.97308877212257,313.238183190388,37.25768540811435,44.629325081047924
11.465155443810946,315.87163463323486,37.25755560859135,44.62877818671772
9.060241627024372,313.4468442744302,37.25786871961201,44.62838904043544
11.101193366769742,311.47606491904514,37.25792067301312,44.62832597081004
9.773713557587023,313.7309013858031,37.257882942593156,44.62828896258704
9.782644196503117,314.6156357052542,37.25788002472367,44.628247742393675
9.449142149958167,317.21568372616815,37.257872916431886,44.628239247868024
8.449484213734099,317.7785227461952,37.257867089737566,44.62823176006762
7.463643005711344,319.4871982160145,37.25786338098144,44.62822562900747
6.998167667864799,320.9054652673771,37.25785209015994,44.62820719133661
7.079090167327912,323.10076972934024,37.25784766418694,44.628199902389596
