509.5,184.5,135,98
508.50966581594594,182.80747415593345,133.16260677791348,98.19614334958632
509.42557660459136,184.29828848126658,132.56917481186673,97.9265315198277
510.0930159186625,183.35786033178468,132.25992761148936,97.65962003658018
509.86953256339007,184.38594051088705,131.9053662854399,98.11425455638144
509.30478592251495,183.62395190240713,132.04227897455775,97.83042683121022
508.8083945729566,182.85051490392698,131.88371689752088,97.50884434528325
507.9699917946799,184.94243247180694,132.13980032711353,97.62067781151309
507.01111418501904,184.6600651556978,131.94522439447306,97.69761577949342
506.1582824389371,184.90305573254184,131.8670599857504,97.57393263758506
505.62684661526634,185.2388869469326,131.98269581041427,97.4640993585266
505.55405380571017,185.43300165547598,131.6101257951234,97.68365838500523
505.08938275983223,184.33572529756344,132.15880628009057,97.10072477652001
504.2807119394687,184.72893815223128,132.25676770898755,97.14593227736653
504.69299650047765,184.97685537893057,132.16435218146353,97.56706062637804
504.4962752312112,184.9439308819747,132.10867482429978,97.64069874129923
504.2144977295918,185.0533926576669,132.05251306404216,97.63725673941619
504.39391894824297,185.62499340292027,131.87848269567903,97.37815425556232
503.86846490204607,184.939363570594,132.4313933253233,96.8769279249222
503.7042683668846,185.81571164957654,131.52867725334283,96.85961229731447
503.71634835291036,185.91161951569876,131.3576285036777,96.6629296861023
503.45670765311377,186.78087254393182,131.41302960274896,96.57096105277006
503.60112561119956,185.7037871821604,131.50017367634447,96.1529343390265
503.1126440383365,186.69860029115083,131.27669248136482,96.50032136567455
501.78034451117,186.26004334692405,131.55994125684344,95.9544787874533
501.5870928640736,186.31248534889943,131.66265345601778,95.64953756006332
501.3349482104478,186.59562373813998,131.858487266243,95.2385877440532
501.4570126688138,187.0574524319676,132.14139775819478,95.04806081141511
499.82945100536,186.2366202930607,132.83488249142863,94.9988922359116
499.7439319368326,188.10095115060625,132.8487854399038,95.486992586708
499.3098801310471,187.7922368411742,133.4054282584565,95.06636101727858
498.3656951419315,187.56781123406824,133.91713812812142,94.6521472271418
498.5177991241183,188.95133569703196,134.18889902532771,94.8893891203824
497.6407514128756,188.09997335940437,134.5745278321362,94.66814917600104
497.9253164255399,188.62853588010222,134.68266929213635,94.90851902291107
496.95393203379797,188.06329935945314,135.03499625261455,94.90497221252463
497.89002551566193,186.76510877496025,134.73316148557996,94.99808657013958
496.8110648623134,186.7966546505657,135.46246233462782,95.58224696135801
496.2370297330857,187.77649901829892,136.08363790447694,96.00688325335739
496.432900220245,188.1327952378144,136.26117278617642,95.9438088273269
495.25920098387314,187.85190928598925,136.98249861373273,96.23650375777736
495.0864470034475,188.607610929943,137.2467917666564,96.34552366761616
493.97605114442615,187.46593053752252,137.8552389812965,96.2397200046727
494.6525127459672,187.58253098566058,137.645105380494,96.2416149669705
494.1748816958092,188.66304392152136,138.14889823823725,96.12186435808157
493.3649525429705,187.66037764282004,138.02133241824325,97.10508847985344
492.42785535227665,186.8872246369711,138.8073283762453,97.10552704846654
492.10458663778286,187.40115674378967,139.4828757453356,97.28676320046819
491.87151447597574,186.6177079679389,140.30141986519732,97.98512124001223
491.753823934226,186.16153083345225,140.73618869276595,98.66444892996317
492.3484229014431,186.47623171016363,140.75890887394763,99.1220880777245
492.6667034630191,187.20978875121102,141.24689296735593,99.61751044983046
492.8833745862885,186.88611359806305,141.67365462601816,100.37584248873324
493.48506935538956,186.88773838624292,142.36873346302195,101.00686447447296
492.9699635529709,186.13822285401199,142.9616822645431,100.98788015426081
493.28158708222276,186.83237185002588,143.56987896881867,100.78082880053101
493.3614851454293,186.90911718768933,142.9935466602404,100.7725383181324
493.9676039849774,185.6242289193271,143.48797890778758,100.24027837872168
492.7931544304915,187.2247793243739,143.7305278332725,99.68432942218942
491.70152551283496,187.46783462402672,144.62571689722324,99.6121771935694
492.27269879452007,188.8658847091615,144.8835330306914,100.12396910742156
491.05630329730417,188.73466077464633,145.95454552742729,100.14786993443963
491.67216078953817,186.98255750709473,146.19197870198636,100.02008031475773
490.65647849062384,187.6354884430789,147.64146910805397,100.74336749827029
491.3339120287635,188.36790582107295,148.225861799307,101.62609219433912
493.0819676282759,187.2466419511564,148.03084012550505,101.6309290085741
491.7243559114633,185.5839722740622,147.9585803437982,102.12308197474667
491.3289155856912,186.39565127180572,148.21289914860924,102.38824112060186
492.2920684140808,185.867341160314,147.90215044716763,102.60945718594672
490.86862650088045,186.47288058675053,147.95473729366415,102.73682793043233
491.4991816076782,186.49872074964028,148.0749742594814,102.83967511982581
491.6156422251984,186.27707032624858,148.4010351583064,103.18655715373828
491.99376209989003,187.86282248281373,148.74989866324145,103.67462234248481
492.7994030840091,186.09364582193876,148.7779970308111,103.73397557268197
492.8761577122583,186.04105511280318,149.25289119952936,103.81557193779233
494.018187064556,188.51322882461338,149.74014806957996,103.68364440552938
492.90966225254954,187.55601546478266,149.6764316833084,103.88507643048106
493.215175769922,186.12218065802728,150.24158226945138,104.09573119719006
493.5820837181436,188.114297029406,151.03198111757598,104.1827851327468
492.7250008802516,187.16154276593926,150.74354516982476,104.09521471261306
492.97917133096627,189.5413505646124,151.05056362241464,103.94429891385073
493.74109375472983,188.77823954599307,151.40491298780105,103.66136977845147
493.6399707660574,188.61833094613473,151.67388691631493,103.60520150477376
493.63397311196286,188.51120891984294,152.0250270504393,103.60457444882536
493.9955664310281,187.22388882857373,152.86497293679923,103.68757859353725
494.64526288473496,188.53442591899733,154.2237540673189,103.532526427308
493.6979967194125,188.22819525607827,154.52331319144366,103.68491696428579
495.4206598827384,187.45749877459906,155.5667010829315,103.70194581343651
492.73941338438755,188.61913846631904,156.59863530277778,103.65299180078514
494.13572665616243,188.79969027965498,157.871046486584,103.4692769315805
494.9052419473627,190.78699096237656,157.23577425121786,103.7891964210873
495.8750821697034,190.34937426040727,156.6464406102017,104.23621050663598
495.98854025308424,190.6138905345646,156.30481459676463,104.45492430670237
496.4082477068695,191.10630277512,156.050116843697,104.60929085704754
497.6632645778425,189.40902244562696,155.44048469400553,104.27744661071443
495.94453760541523,191.29444315999072,156.7289425241293,104.95119002848348
497.00908018925713,191.50204473070016,157.33681109179707,104.9318653808505
497.08093694079605,191.2462232441978,157.53527277439963,104.85815635028081
498.0722150545204,191.43797216181656,157.49309056371263,104.87582817275049
498.5542106632651,191.37580740590505,157.4407941709188,104.8916453649491
499.3004126256207,191.28121614863113,157.4470635660242,105.00299966592442
499.6177897205738,191.53705219698577,157.404788009045,104.90159951183065
500.56143566015356,191.85998854238323,157.32177438439442,104.86102158507768
500.6941842468187,191.90409771682425,157.00092603942164,104.57656671519001
501.47760234597376,190.51845631587324,156.85434872077303,104.24269142650057
501.36653648098735,191.79454177604606,157.20316447567586,104.94463251138873
502.16434000448635,191.53970766817292,156.78487135251365,105.02379941511757
503.1509082040044,189.36122846526456,155.83107499177703,104.82149220737836
504.1020494362838,189.60930184811974,156.03960399915744,105.65485350784539
504.9087044212283,188.74430374383593,156.0503854160633,105.93227617858648
507.3948017250659,190.71262503017653,157.02816582212114,106.72227192301341
506.3913648710802,189.1232679081337,158.0022048810065,106.66145012011724
505.684208278975,188.30545743418125,158.34394583392424,106.76924177858581
506.52555735990995,189.53099983424053,158.9941486730309,106.53124119935347
506.0756663151989,190.63987989111808,159.210592239542,106.21256291180836
508.32362031284725,188.47799624688423,157.73757457360617,106.23705575569602
507.55549764052336,188.86183151242835,157.66397821388537,106.23050602081142
508.02003927056194,189.58290412277773,156.97956027849614,106.40609523233306
508.4575884736719,189.38906868285198,155.97355175882237,106.32760354981428
510.23211292413055,190.01989541562324,155.6864690863901,106.22172658497371
510.2013629139672,191.33542639418854,156.6986764827201,106.68055177002446
511.280839711182,189.23213447011273,156.96020290118423,106.41226207539049
513.1828449184393,191.79960233215473,157.49148577966886,106.9486348687625
511.6092709763043,191.36003429282258,157.15687006263582,107.63949036499884
514.3512518232856,189.60424354573559,155.88117081221577,108.03184039669418
515.1179913907248,188.76546319805857,155.96301927400165,108.83319713782836
514.8688141834438,189.07244803810352,155.63887512861191,109.2383966691261
515.9002004288011,189.59636489161437,156.1040083404883,109.47367179255639
515.8921238816749,189.61630614673862,155.96423014077624,109.67867602335
516.5866301456788,190.0343122976889,156.00421655991192,109.72742594898472
517.2635535619644,190.511950144168,156.1919433710253,110.06155524431543
518.272614888727,191.57932332470946,156.4246795012217,110.04544072298467
519.9795206357907,189.25523714626547,156.69556921139446,109.79038718113
518.812905498071,190.33621637760115,157.09002502031916,109.63954164684912
521.1361322892994,190.7789313690016,156.63460146334447,109.68934323047733
521.0300405893968,191.68492369421037,156.9051377358793,109.485731983609
521.4844773889375,189.84786846851642,156.4630407462184,109.34824651824886
522.9408966590322,191.5152222973072,156.71966870154313,109.16345336376484
522.4965370548822,191.11748830497686,156.3863964900509,109.2505010717837
523.1439973670067,191.25523242238165,156.3955278610792,109.35846617631238
525.1623669385439,192.19648972562302,156.37728952290604,109.12162067249841
524.8642631230351,193.9327203684029,156.51850590269328,109.0624992402254
524.8443017256561,194.21190861226228,155.94074916110876,109.07908012326467
526.7288545961319,192.4329725196866,155.7768713673922,108.716862825155
526.9040636194526,193.5015686917568,156.23656424737896,108.71525245122939
528.030700058583,194.99372233561695,156.97913477961018,108.68768029763388
526.3100376158088,195.33567443433333,156.94465485940287,108.99203660778471
528.7934503768165,194.29734708215673,156.81644237068224,108.68008071071272
528.162505372543,196.13492068861862,157.20927633322003,108.92027201402429
530.4016837182355,195.6753083372662,156.95355538783733,108.71547280239199
529.6511242040657,195.38665372379828,156.81374984323233,108.87188806217621
531.2200707359701,195.81085629436194,156.60153932413155,109.0792512916772
530.2587920738008,196.26281015495954,156.57788304545062,109.37771028019117
531.8895968126517,197.55652639247464,156.3517540670164,109.67772635443161
532.7403292173788,196.80159915024228,155.7501669726729,109.38082255432754
533.7023246340025,196.36211827208496,155.4033179012053,109.25030872184368
534.5983464693837,196.47065530254122,155.57475672956545,109.10893352837137
534.5968612673885,196.7885920387868,155.8363738005595,109.03292129865139
534.1068431784244,197.61929582646005,156.0041852327374,108.97317945854962
535.9161323895154,198.79036074697393,156.0056007356499,109.51523660063035
536.0576407648837,197.47693132254346,156.27546427208392,109.69411647610264
537.075788559477,198.5278215099268,156.57892159541854,109.98706452350089
537.7919167857351,199.53608355096068,156.75575261009578,110.4418915881311
537.6576655459002,200.373886331518,157.05188793346878,110.98502911287764
538.2794505737735,201.01920783265982,156.96507678217932,111.20360635309434
539.4233701714016,199.5660159508686,156.66280456060917,111.56070851953933
540.630576803993,201.108442773611,156.8238619813854,112.47461962739621
540.8403969877993,201.22865601565803,157.0089026287875,113.32311707442398
541.9806666781851,200.75286406332077,157.10292908778322,114.05519152651706
541.052281986816,199.40600830841979,156.96407094805298,114.62774658223276
543.1920768283807,201.70058424075035,157.162510039185,116.00847720582235
542.866362255961,201.39065446595427,157.38865110285522,116.72983757950833
542.6445508205513,200.28500727500324,157.58708473906017,117.09020818478385
544.6418547737429,201.35143894918883,157.9825754044544,117.2623205844748
544.6134616093195,202.284034998503,157.9144848168926,117.53342165868274
545.3861752470676,201.93938547140942,156.9406133346818,117.78105387136296
546.003087347441,203.75129328468984,156.82744908133037,118.09868884065783
547.2265308635818,204.15502295347085,156.35955832590406,118.79295660728278
547.3112799620303,205.04830967052612,156.119033632418,119.60171984881615
548.5860305398304,207.36028643121068,156.29293140069177,119.99865179497635
548.7387053346915,208.88032673469087,156.64936991693418,120.1503183765841
547.9055870591541,207.9795370431322,156.3718129327765,120.1870726540343
549.2635868858895,210.2757874591269,156.8291595603572,120.50406622206933
548.9205859934403,210.67934318661923,156.6373001434925,120.60285774884275
549.7665593335889,212.4492600521342,156.98680229475343,120.89797231912814
549.8999792425036,211.95493867109562,156.71094194816808,120.73018829382892
550.6715497761518,214.7357037672277,156.79897580286104,120.84500154257427
551.0599438194422,214.8060142475058,156.27731797746299,120.67245288838288
551.9644741829086,216.42264168796692,155.8301153800316,120.83367394435028
552.4361155021394,217.4853395000782,155.5503880656477,121.15962400227188
552.5179689887676,217.72677839994938,155.17140531302468,121.19986279112203
553.3259565589053,219.0980238669008,155.27996730691973,121.09879269843626
553.5270007365873,219.8973630924081,155.0001427034798,120.9394724818271
553.0153219844253,221.89706901813497,154.91314435376938,120.88758517795034
553.7631111079093,223.34530940647574,154.77825479317252,120.99238113275987
554.0934152746916,224.75420596117652,154.75745553162557,121.10232263677688
553.2700323930655,226.6169002439491,154.435388325212,121.21785928790652
554.6832861656302,228.1315799383217,154.53656103406516,121.52289673830322
554.7688373633164,229.29624084279104,155.14276650669672,121.64680435670215
554.7432433144934,230.99808627730056,154.7337838882953,121.82278296323855
555.5156547490126,233.00508946939914,154.977615108231,122.20973702444542
555.2929194988092,234.3542139317054,154.89692942158047,122.76749600960767
556.1661149326761,236.110241668271,155.1399001976377,122.90729672048226
557.1782171057903,238.68992098787373,155.68888058003185,123.20270959998399
557.230511026812,240.13967120268063,155.79642461076148,123.91528402235994
557.7538507405097,241.74420809813338,156.1555390886243,124.56848010984191
558.43523539071,243.31201056477886,156.53401112409267,125.002824565055
559.0402934927445,245.05046318037432,156.64213079419966,125.49687184469784
559.874053893994,246.06710537761174,156.76644828000792,125.9869047872591
559.9659912996236,247.2053624228806,156.37498853630206,126.35315097351584
559.5502296413997,248.57342587794318,156.3116766190615,126.55430281094927
560.1412375372065,249.8668375205334,157.01393006496608,126.61714750405557
560.8682602094511,250.999343482688,157.44437032285572,126.64892617956937
561.1576081172873,252.64599119769724,156.91765116558727,127.0964120567713
561.2480261378527,253.58662463939635,156.97832484513975,127.55220252543917
562.6012118345286,254.99450425018392,157.63297044054195,127.71608641032458
562.8068088116095,256.51250775195956,157.03871999774725,127.96353263286272
563.4838736067431,257.83253556846535,157.09087473975535,128.24259325847243
563.3114118355207,258.7122030732444,156.85732346253977,128.65346336518633
564.119058100729,258.8423703896851,157.25811584156247,128.91860846624888
564.7270660360687,260.3311797044562,157.33498396307817,129.21420322324227
565.2500478130208,261.37506283795767,157.5889627834033,129.56441570074617
564.7215115256051,261.437618510691,157.484085842892,129.84240201462902
565.0492443883603,262.7000029185742,156.93862545140135,129.98838095582056
566.0145708905595,263.5436521426446,156.46751901301246,130.32820619733127
567.1477817264198,264.137822914927,156.3727198560167,130.67097338975825
567.2719651856512,265.2950403009488,155.84907243213513,130.99521764527208
568.0710215922502,266.7632417024075,155.84308455790193,131.00699861730283
569.1890360719265,267.1528467512205,156.0626608670277,131.17366946917406
569.1203394783383,268.849824020081,155.8374528037939,131.22288810154282
569.725753664011,269.5854525838592,155.50130620325007,131.65626223104357
569.9901972361736,270.6645468440465,156.00287131035924,131.7761839764007
570.832684810778,272.1407982828268,156.19993058211756,131.66818545522446
570.7389920693653,273.19819083336006,156.38239192733198,131.87542922950888
570.6411266127304,273.71848701329344,156.2503613991325,132.1895809463709
570.4650970384274,274.31910557230333,156.47901594056174,132.33167599979132
571.5941709516405,274.9345181317455,156.59724903454565,132.77345472650327
571.5623281990587,276.02879479974655,156.76130079684054,132.98763423962228
572.4050104143919,276.4340692641895,156.85249142751437,133.3717352455051
571.7818460671156,277.47554624634245,156.98125055629407,133.6744652945659
572.6502062472152,277.93729612587083,156.94831525793106,134.04858893142887
572.9081940510792,280.05309580434664,157.19665209632032,133.87489572529512
573.1182910175991,280.41155794739416,156.8757503223612,134.10060924037043
574.8283225281881,281.30072816305494,156.62551190140297,134.13766750213352
574.7975657926048,282.2364094244406,156.2291222556279,133.81419445041632
577.3883607170978,282.94613850049427,156.01393636782367,133.57757724164543
577.7791273786983,284.5023680599967,155.07455763689842,133.16416139656639
578.7669854671246,285.66222665323363,154.37873700409767,132.67080729679296
579.5615451024426,287.3135501908828,153.86039777229558,132.2061164116039
580.2632603453294,287.25608215940713,153.03907500928116,132.29804087209388
581.2831830332018,288.5643390353539,153.14547415944566,132.40226076277855
582.0118720295635,289.593332111465,152.58408343898492,132.6443792286288
582.5195694817767,291.0488965793215,152.17984750157672,133.40858641542863
583.5998793894552,290.156731890281,151.78699749975732,134.98671257123488
583.523462703107,292.2769643601807,151.50683644715673,135.88838039052962
584.4439356624814,292.24459599216004,151.17431779071416,137.76703881655823
584.450639837334,291.61200700293483,151.38930335332435,138.97664756722375
584.4115271030876,292.9633688058266,151.93282211004814,140.08787092379686
585.8794074778239,292.7238209746967,152.30938969919873,140.93868874782643
585.5452519447895,293.7670635486963,152.74730163349244,141.23214339436765
586.9961707880094,295.0182168891733,152.6399423634954,142.36352754745906
589.1177361048115,294.9663122983927,152.00970578811894,143.24509181067373
588.8693659940379,295.7090414373114,152.5682619644108,143.70348858006244
589.5085844242244,296.1046832975847,152.9526514037051,144.0396049001423
591.5529720006616,297.0175895983153,152.81486978873363,144.11122784460244
592.6781025975638,296.98857641496016,152.7567572803847,144.5585120297732
592.6686413558203,297.95846039773113,152.40447604330186,144.6487337836221
594.182605368769,299.058745783547,152.48049041166104,144.99840805860592
594.7925560804304,299.22419895179206,152.41025672820666,145.9975245340055
594.7374952493933,300.19926247706724,152.71713770362555,146.43034254418507
595.5239554315453,300.715336344795,152.93328210429797,146.89528324104157
597.4250401243779,300.94998630051487,153.1607319355518,147.36937143404072
598.2094709447688,299.9670030943694,153.19383894081972,148.20318111663352
599.4546152674618,300.2218612901695,152.7592572732778,148.50242736817972
600.2238962736177,301.3420582056621,152.41342687984735,148.3998816760037
601.1358963071738,300.84600706542415,152.01296466311516,148.04444667735063
601.5392404671869,301.8014496924785,151.85057078383505,148.1731272248623
602.6677094451113,301.49493885652527,151.67659200309626,148.46829937990026
603.3107968264829,302.3714499843702,151.6717961055949,148.21797757224653
603.8331539576768,302.6777487722616,151.50383106071752,148.0368682719917
604.1205850490581,302.402788976125,151.58678642050768,148.31064288288064
606.2645348364606,303.4819228568065,151.58402116119356,148.4816688493924
605.3041551810113,304.51950098534655,152.15358632879685,148.5208195190396
605.7424715253084,304.860332435307,152.38992113135257,148.24099936227702
606.4878370984532,305.1484140082094,152.6340510013365,147.98984243323673
607.2830049680399,307.17383151465737,152.89206304525166,147.04706539610984
607.8754008307355,307.76179224095983,152.72627924107934,146.32431561394174
608.1914908505631,309.32290931628734,152.9360778705907,145.77597715611205
607.9512849080377,309.3992698798404,153.11926413131857,145.61984227216232
608.2694575302206,310.05868525859466,153.11143466692482,145.54671974181127
609.6080143986077,310.088585552823,153.27991462102298,145.87402709188274
609.1604097092631,310.9720461734785,153.48302782594862,145.74582517086907
610.268109007628,312.4925165965411,153.93193324723967,146.2643070561432
610.0067144452762,311.86834863214557,154.61887231195712,146.67982054287958
609.3209910463632,312.810496159125,155.29189262472133,147.32097786433263
609.2760577185089,313.54254657383126,156.62346982406248,148.42415136696673
608.6243745461855,314.3153489038883,157.99325982326556,149.18321847122638
609.1571376917176,314.91163188272606,158.43937479616324,149.64063782696638
609.9496933463098,315.6837574954071,159.0222067261909,150.04705434051877
610.8018536863224,315.4890135990736,159.5964688575213,150.9239074982143
607.4576216784484,315.4556033933233,160.7228977894986,150.39311517110545
607.4922787518733,315.1550499319814,161.80961417834658,150.34145258781163
605.2865610579729,316.3049962879344,163.71319391238472,149.4530166992547
602.1730907166461,316.19551284028114,166.54358823120754,149.1620916077143
600.71691505478,317.6848656955564,168.86278476692274,148.22317915010868
596.8938741896875,318.94634831304336,171.67899341208556,148.56393600108748
597.026947785249,320.47348743265127,173.46305908107007,148.94693507891887
594.1814125111166,320.8653771110188,175.20591009159983,149.53286974386657
592.6162231273263,321.5404220078308,177.14872031383908,149.8947030726486
591.249098986272,323.4202044066065,179.0916448745387,149.71533703989815
589.6250758883664,323.7122742215534,180.76948514345477,149.76610739745396
586.8626410991743,323.31909822082025,183.3004599063941,150.0577959517787
588.5183732817044,324.4998976480668,184.7747239959238,150.2663472342332
585.124880299097,324.9189045693796,187.09317882939428,150.74404441303088
584.3576503468607,325.0740281866133,189.00104684281632,151.80202466040558
588.5067492590925,325.3714363317235,187.87573491312804,153.49553344152002
589.013663775973,325.1978599822646,186.52494407354666,155.0084732412297
591.0074426477532,326.15513321986424,185.0274566730039,155.9461716200038
596.9090950779479,326.62569393447006,182.60370465380112,157.05108524213796
601.4517671617492,326.51362983306336,179.2192133571396,158.04756518674216
604.9143173837041,325.20162990483095,175.8660302086857,158.83438156771257
608.6784120028732,325.4728482415586,172.4826230366927,159.49668994850225
611.4376151612164,325.13750409418316,170.29814602031453,160.01790676657913
610.6680179545392,325.5863975562011,168.2388883424519,160.8893065776964
613.4815961516199,324.8813129394689,166.24070781651557,161.4955009442938
615.64175938014,326.5857577542271,165.32385831298197,161.57360438919454
617.3804021574695,327.1723453687159,164.5889343038857,161.602232248405
619.2614488332244,328.22299974314444,164.30583651397546,161.3231530041332
619.1643386915537,329.5031927078616,164.43058369462835,160.80032515346474
619.0561629703194,331.0784467470123,164.05248871642723,160.13693508091586
619.8435574086769,331.2286579581943,163.7631271716366,160.3342642223394
620.9726881618632,331.6740600152342,163.67147566778172,160.93582999847268
620.6532491063552,330.11154504446847,164.09015663762722,162.12725140805222
621.7271657046379,331.79213040980596,164.3932526059483,162.15595036731855
621.8625551416759,331.8808566586828,165.2639669331281,162.8021222420473
621.6385618191701,332.34641314781595,166.30795591845634,163.06490591504894
621.9646636257929,333.36908356733204,166.63825077217933,163.61359450259147
622.5896966609349,333.972041173033,167.26175168702565,164.48481270831905
621.9969222362666,333.24005284881906,167.06950805875456,165.16728228191405
622.043439984142,334.57873255430576,166.97919692600692,165.69203220779366
623.8395230224095,334.6936892108022,167.31637598039222,166.56835499499766
622.8801678371688,335.8480678877144,168.55281129403477,167.69639621371346
624.3176062857083,334.84184556076707,168.44713138410765,168.65704693469343
623.7705908119874,335.86932166948054,169.08881666228,169.32155568146936
625.0727689556268,335.8258887470579,168.93731453149536,170.2402398685236
625.8511402694461,336.9128071264089,169.263679327639,171.13351722458287
625.3923609947365,336.9744272603384,169.92072355811524,172.0185729696022
625.6126125192933,337.1843725396043,170.71806497616458,172.72621870791505
626.2577493143543,336.93443342239937,171.3969741157636,173.34597903420462
627.2394076894172,339.4394354448639,171.84718986113646,173.26895075831868
627.6415779067543,340.09268526718904,172.96807539959167,173.90806223293862
628.900939054947,340.8938103200878,173.03926623301265,174.1438150472918
632.1747005351258,343.39012183294096,173.16527385126858,173.71875460169414
633.6903117971484,343.70323967836833,172.8307504696793,173.7156063169979
632.4745730093994,344.63453869824275,173.47489038438795,173.88716364605403
632.2402818577411,346.0121688440529,174.30795339177337,174.15284771135202
631.9201643276235,347.3189983804793,175.47673651385648,173.9979763181715
634.1902278244381,349.9169956611352,175.5672724383179,175.306006739312
635.3276135915667,349.41745861523054,174.13528709695504,175.55985051400557
637.3713954009886,349.53771863489374,173.91903895738972,176.33046509916034
639.2225579346701,351.1327568352027,173.2429792727933,176.81541416164663
638.9927367867442,351.5749279213891,173.58049492975584,176.57377987358558
639.964461567769,352.8969274624112,173.90764377926612,176.72340304686674
641.1667355460468,353.90727637365353,174.47732229747268,177.4822669824234
641.7165209630891,353.889035988925,175.30319272849414,178.7409113098867
642.0987936465101,354.5290404105542,176.25304944123434,179.5277729176018
643.405985164495,354.6571437325477,176.6101358075781,180.58438849632452
644.5483403755942,356.2026282821771,176.50410175218553,182.22230218667752
645.3263258362,357.48142154651424,176.71639679357463,182.44845570164338
646.6229732937363,357.5485709141858,177.02722256217197,183.44706841001056
646.9743642327643,358.011598155053,177.55329307535905,183.6110245712817
647.4559182835674,359.4976328323751,178.03877644447135,182.68181667827685
649.0559255868536,361.7820533936333,177.71561697286273,182.0332209647722
651.6481751138248,361.19832766692525,177.12836122794147,182.65365096957612
651.5579811154419,362.95611232639214,177.3913104941098,182.7591389225997
655.3029395161325,365.1538383507425,176.32761410975132,183.95407994030535
655.7183889962797,367.76964616126236,176.750223359639,184.29376005748577
655.1542410975421,368.043495227551,177.40134705060967,184.42728710553442
658.0631252895641,366.5315153467832,178.14537819278027,184.46339834679117
656.5379178770189,368.98978139256417,178.70456944418606,183.08457668346705
659.4277849009173,370.13834485997074,179.48572177944592,183.40599265827603
658.0608812222303,371.37361899142013,180.2117628900243,182.69077722294537
659.7224867740356,372.0343668886085,180.92866142081309,183.58356847118648
659.3914047996152,373.9091686913088,181.5743912552274,183.1371450835287
661.4922071422151,372.2800909513693,181.4653559212241,183.935748513771
661.4325051734787,375.4870539369514,181.66500163569967,184.23944005435607
663.9406373168813,372.8660537489005,182.0646242278616,186.03563488083614
662.0559862192844,374.5669456307654,182.48749492929633,186.87250048539255
664.1945138896746,373.55250146854246,182.69475832173143,187.72960142866623
663.4404022686839,374.3091297467862,183.44687453141373,188.5777976900956
664.8648603364417,375.7043696136573,183.26361090940205,189.26800795879478
666.7790749254382,375.80834024882546,184.54804384154704,190.76575087348655
665.6471138373984,376.51600961329143,185.27287013902554,190.9527771614919
667.3594209394881,377.0342975192143,184.5738979007121,191.80156516686117
666.8446384004073,377.3163184977865,184.98441396621268,191.87801153626623
667.5644666244858,378.14372412990593,185.6467303364305,192.88837237209455
667.8824134714647,378.04308982545285,186.44219831773518,193.83033192757966
667.5719262202682,380.6338697381006,186.9090369521748,193.55079541771386
669.3578985325008,381.2767027430185,187.10715072118796,193.44342335128314
671.0455177706601,383.37552222483987,186.58867823035837,192.89596043591933
670.8210333078032,383.0918536562127,187.41930386240517,192.3632477198487
671.7937030450453,382.58407655747953,187.62003915980222,193.0163241379267
671.2814007988006,383.11930781329875,187.33475552782568,193.24435119690594
673.0931356912673,382.8471605462591,187.8897029487028,193.8497221224735
673.1934247135897,387.1374232514721,188.03369971313242,192.79098769334013
674.4801549494836,386.29573917276826,188.9062269427606,192.98450068049794
672.3460091022232,388.0848045294193,190.91317086659052,192.7081315943932
672.5101750581168,387.30589461516047,192.0350404661864,192.77592137263304
670.7031451380471,387.71271262473726,194.42249477177214,192.9878009098149
670.9207564983417,386.3928747352627,195.62136736234777,194.05972170486214
672.4053084078666,388.25642722189923,196.60414495198944,194.23499862856164
672.6446192849403,388.2535367248196,197.30846153516814,194.5882475816481
674.0869511038151,392.1234568783078,198.19269376190528,193.9875216545545
675.6443887592304,392.7218826086064,198.2107527829686,194.57530704908282
675.1266024237547,386.4174795377156,199.14225544611887,196.96081321070068
674.5983812612276,388.6069757185093,200.10494391177235,197.82730138652792
675.9311449169487,390.5403844514098,201.00692005263107,197.5433107735254
676.7824747542587,389.08587287367914,200.83199275029497,198.63870096389888
676.5381657122227,388.3896790314396,201.07357248485766,199.58052578383592
678.1570160841158,388.1419732094789,202.60961966206168,200.40663126873773
676.287177542819,386.11001045885513,202.92699998218873,202.724336062092
676.1978171616902,385.1735726088307,204.39631973297958,205.15534911937578
677.0438301626671,383.57853995814327,204.58481657820136,207.43596257844263
680.4532150117204,385.0158380259956,203.86631476721007,209.31056297212635
681.8902506634355,387.4231473088988,203.1702977965131,207.9153656023039
683.3683579145111,389.18571427455265,202.54887900778667,207.98378783669142
684.3706045931456,389.0451827066238,201.8827192572375,208.4431187197129
683.3994657727721,388.88528457808644,202.37270183305822,209.90271469087602
683.9394225581432,390.51762264994375,203.73840498442308,210.73466768992262
685.2638998929361,391.45547148514254,203.60786791165418,210.3519320222792
685.5040496153207,387.7731194194317,203.8073806001974,210.8355264391929
683.957117604401,388.77840296474835,205.22927151279157,212.17284114253533
684.7630694182335,390.4838736138123,205.5156867718834,211.8419188415998
685.0095505347394,390.3861360497332,205.90065702778986,212.28357209013274
686.4924772393624,391.2125859673098,206.3672527209456,211.8177960304617
688.0624703508004,387.76500207345384,205.99673647449478,211.63010668621564
686.1464378505813,389.51458820887893,206.78645070589005,211.59015267899156
686.3694804247274,390.3108730601218,207.02113404743545,211.3986292525983
686.4269113768615,390.6520515206406,207.52774211768502,211.60561446079117
685.6743402353239,391.3813737007087,208.20342223015933,212.17911202455943
685.7803839470295,388.7842816055062,209.64930761940082,213.87798566999686
686.6134599235926,389.9625648139296,210.66378682701065,213.9647342822944
686.109200755916,391.0316502720427,211.42396933894702,214.34359336675465
685.2109558925523,386.88587621009185,211.78167911553257,215.44351827974947
685.5729358958944,389.59044968247,211.80499052742,215.08863921829388
685.2018628225852,388.2544894952847,212.7375829018272,215.31942418617035
685.1104450383676,389.19568938885016,213.36727392589927,214.855905696151
686.1023712327526,389.16399228643047,213.70696413203893,214.67561313555797
686.4536074583577,388.3700483354381,213.61007886525792,214.9486675156998
686.0849510858551,387.1541187473914,213.68305618059486,215.44352903973942
685.283483775831,387.77746658789533,214.53405418612957,216.3553392753269
684.919923202315,384.5113996168983,214.7045209990933,217.90260898239674
687.3562846446565,386.8171788321898,214.31859830819687,218.37390434591163
686.8088391804013,384.894753545709,213.7665814303108,218.44580546170454
687.677834200783,383.3175971774485,213.96679651249514,217.64863208753846
687.670230669058,385.5179849286332,213.90736157336255,216.56198760666857
688.4598274232269,383.50317270717943,214.23417714305066,216.1577221837009
687.9243134919274,384.10783960905917,214.985562551264,215.97801057709265
687.440387502108,385.06124895030916,215.63488090172365,215.07285057264738
688.0077322918969,385.2121319597318,215.7915139110665,213.08794713696267
687.2787278418457,386.4200578540415,216.54399145244992,211.37315010021615
686.215847406256,387.47151017745864,215.99509807825268,210.5893726554159
688.9611666714233,387.8221543843041,215.5679737805537,209.21155495343308
686.7613443360934,387.1929466558663,217.01175020704218,208.6911979369733
687.7295924044976,387.07036256542165,216.31895719714132,207.94324103680037
688.5161657835419,385.3477846506821,216.12209861463566,205.67752230878426
686.6029751190587,386.5196003373453,217.20153074774024,204.84451605943565
688.5683697096165,386.7613249548391,217.06637106796728,204.1600883218169
688.278431864391,381.9316246514637,217.44274455042375,204.0469679095857
689.2575133122707,385.1601636707439,218.17533654510643,203.78863750591302
691.0118919076591,382.30691346304076,216.69202266983547,204.05317710970428
692.4543292743032,385.1868756788855,215.43481035682026,201.9618475152035
690.9921315665997,381.8974913828613,215.41056995565305,201.8723984482554
692.0007940388471,382.6903881893271,215.28883901197474,200.81601191931188
691.084355346796,379.5738108280468,214.32249297307266,201.18905874316027
693.2807387193725,380.24733293138695,213.52986918369973,200.56333468876272
693.1489857547953,376.64085382321184,212.20705733522047,201.75421772887404
695.0049516430954,376.4574239840509,210.8723702695424,202.06185205657755
695.176754661778,377.89258422436137,210.2739901683516,202.3877791536238
694.3309403733938,374.12556221342385,210.71334780815425,202.20971742446122
694.2891416729958,373.44366008700644,210.2497678345872,200.66304141644704
696.2974336514226,371.18606047159847,210.5894546678336,200.75126396650745
696.0011058826716,372.8375274877245,209.80223645274177,201.12878180421984
695.7977762932328,370.0449673508854,208.84268600542134,201.58316715739647
696.1787286478076,370.2514483174625,208.93163581230127,201.03813484677318
693.0821798732006,368.04337776001717,209.46770277908718,201.01021754338993
696.7609054577829,370.2623617327797,209.60170811855915,198.8594269221599
