567.5,398.5,94,135
565.1838067671669,396.55152698655957,91.32196261465305,136.55854959686525
565.0654856242776,398.91275910894495,90.09465939242847,138.1131644574717
563.9954832086518,399.1769764576397,89.0781641225905,139.04449137965017
563.5908958859964,399.50362505063265,88.62319458569608,140.10978898316915
563.1928833360446,399.61026478735573,88.2472292910075,141.00054596010915
563.0206866929958,401.5175577600219,87.68972401419674,141.8896319469972
562.6143044935054,402.7160920449994,87.45362881692517,142.7340198856787
561.5097969694307,403.2584198668163,87.10403080316962,143.28291417071003
561.2095490508693,405.47577359674307,86.82854530942083,143.80931253437336
559.3919749076256,403.5206171800383,86.68958590128256,144.13556279148898
558.9640963964019,409.2878527942439,87.17618724855694,144.21928995785316
557.2748939133064,407.6776565936554,87.02610167138256,145.21064912729491
557.5103761207043,409.48933991005555,86.73453673204207,145.82695706267089
557.1219338932755,410.8088349330464,86.40222118613679,146.4235279107016
556.7210721205697,411.2769638497152,86.0699956901816,146.78352697719777
555.2319157668604,413.6832228065139,86.32420113212785,147.008651065706
554.8385773836457,413.8455409893238,86.00972619376917,147.90058066669235
554.4811931612942,416.13257018427544,85.89028048756654,148.52296774187695
553.6706950262505,415.95009858428955,85.79714993232128,149.5106442964173
552.8637528948667,417.9072770665985,85.8992522641654,149.90840633890988
552.3844549593305,418.916137471388,85.87049129367362,150.61610791168562
551.5588220729982,419.2376777270706,86.02085930117862,151.1692140620407
550.509156344671,420.0842318988616,86.20820023449451,151.70190909370282
550.0488573954287,421.48670690928355,86.15943319185916,152.1240844791242
549.3245918089783,422.5028625666656,86.34528228449109,152.63991249808504
549.4223428815264,423.91048215726164,86.20302307985048,153.30479039948892
547.8412427003723,424.2521701906007,86.55870631798291,153.74402406734598
546.7397077585127,424.94920600547937,86.92737793204853,154.00291094989478
546.897609775323,427.12089759731117,86.86609085761836,154.54885052395218
544.8750523720437,426.0965308949111,87.33274663974765,154.9413167626147
544.6990019043496,428.3827470880923,87.10968647570189,155.2866967236643
542.7982229780979,429.94635458082774,87.32986300725204,155.46641013441842
542.1582427328794,431.30546003407255,87.3297345961692,155.69880867350076
539.5638670723058,431.8123415511748,87.65460957454306,156.3090274727541
539.2709590890283,432.3479486976232,87.68374706714857,157.02651900566292
536.1958070603306,430.7700650204077,87.87444352337815,158.01608643753238
535.082001279007,429.51908481912403,88.11459268463534,158.67538319435545
533.4135686580748,428.4750620491274,88.16295213388196,159.40272967676958
532.8776477724513,428.51937800843905,87.99383557211345,159.90347510180095
530.0899354289697,426.17482162630864,87.92658628980787,160.34089604782446
527.4585480716053,420.7150585329349,88.0797208830767,160.8640456247697
526.8705047689439,418.8409290605084,88.17859539313885,161.17628014220878
525.6162081015893,416.73736800556446,88.0691445898934,161.444590711493
523.0671775605458,415.26999811644606,88.24216924162141,161.94083103904617
522.0128564368489,412.5517525478915,88.06030274191451,161.8159355909197
520.9762926652808,410.46550071225846,88.1473936267636,162.10610669878554
519.6722596645571,408.3437214375082,88.2262483454808,162.65902026880912
519.5916557149183,405.5197934114837,88.24011357777489,163.47226919652954
519.6620776349586,402.9268480037596,88.34155978748569,164.713265459747
520.5551174108944,399.11751491638904,88.37781607488564,166.1043420272493
521.1313412256283,395.7691602420003,88.59042662908801,167.24052881972182
522.9674103135875,394.82288159284553,88.56630395228454,167.80968335561823
524.3047014279636,393.38861580999867,88.60214686200575,168.4839140313431
525.7854403888526,393.63615876653205,88.59085614649595,168.83889084620455
526.9527554390763,395.02179600919766,88.70860694166333,169.03079785653983
529.3808737892656,396.0673259004774,89.03408096134697,169.76208809915744
531.1740890979814,397.1152786272904,88.89270392133827,170.26283872959195
532.9849602638221,399.10149721381623,88.7994437883722,170.7326160455235
535.0780724969701,401.42194864775036,88.79215628038918,171.10768150040917
535.7277083618987,402.57342811310434,88.78924039407596,171.279408000228
536.7628137790192,403.68518740810487,88.67266608689638,171.94593481466106
538.0605243353633,405.41292440566133,88.66727111442128,172.50744766647196
538.5510199607844,407.900310269101,88.73029431746698,172.98393698314123
538.4803065503875,410.40897341482076,88.7848093109352,173.87747599855592
537.9849737227222,412.58367916151803,89.11756259272278,174.15069605499656
536.3692036750384,415.950503045589,89.43200488115977,174.7784913296098
533.9412651197763,415.5648513111274,89.88875927668781,176.23662823979038
532.6766965860265,419.3994363993356,90.66234429073586,176.9117726385693
530.4336101411712,420.6006441036498,90.52464823818549,177.99991895365008
529.236658684104,419.96846093196933,90.71577281293403,179.53137821040025
526.6040193005989,426.6208746895106,90.96686615132481,179.59836828412392
525.5210643819038,426.74523021567654,90.93435236467636,180.97200422905308
524.4386970066688,429.4973333336541,91.39610230527094,181.13013863411962
521.8174884331554,430.3846808543459,91.91009633370643,182.41620766706154
520.223140561958,434.12242881020427,92.20904898642549,182.81636740643737
518.8729878375627,436.74041566294716,92.555800186406,183.60119381462965
517.5015145493606,436.9223534979914,92.7862161975483,185.08141635487584
514.8887700639061,440.94685774392497,93.11104179260286,185.62687788711764
514.737204928968,439.30693880457875,93.20819678326711,187.33061994633678
512.1828105937353,443.6794362026882,93.1927083388644,188.23609969845774
511.3502122409077,441.88516681839315,93.32919134136407,189.3136828949195
509.5079633846028,441.17638574956726,93.8331000933263,190.85833155276634
509.5053531851087,444.93268038232696,93.9214407787793,191.36951929530358
508.3275665362105,443.96356718505047,94.3171070216745,193.16546628843497
507.4187724608482,445.53375633866744,94.78083240994796,193.87958016870107
507.51833955255773,447.33171967158245,94.97879784067223,194.78335261862424
507.8350681446445,446.5450036300343,95.33247237131954,196.35676755464047
506.6827049233832,447.6676252603588,95.69780958502133,197.12543434915187
506.4049818302279,446.16143916038396,95.89488773220083,198.3869187975223
505.8474069776312,444.17593284527663,96.29343123765284,199.47126918294015
505.11468031572457,443.81655557707546,96.6499787692297,200.2059182794859
504.1879928924611,439.0275458636795,96.85180964088019,201.03228784971049
503.94411468693573,437.20805350254807,97.36536078524668,201.54905277102415
503.30651274619277,434.5437718961391,97.53712485884083,201.92802434718442
502.3067438399636,428.11220528894705,97.74498519632358,202.65891249778673
501.0884275705288,420.9849430738466,97.99563956098358,203.5233707811372
500.2697103907864,412.83546015494426,98.32172142908958,204.03847259764055
499.2177172065486,405.82352348321353,98.3685838981053,204.69767804864588
497.96878769386757,399.55080105434564,98.43526649944091,205.28822311847887
497.1185306188991,390.5771749408398,98.25548096199222,205.9937341650706
496.46178828921603,380.8517378727082,98.18645388639595,206.6991973821444
494.62793975267164,375.7715330397101,97.65158481263421,206.80303222666834
494.67515005498615,367.86721281013047,97.88048569948498,207.00067167111817
492.92262950571956,361.6531784224974,97.55643572593564,207.3631324217872
492.0950610077422,353.83679792878576,97.76718635886098,207.8083495401919
491.31798163186573,342.1848757876413,98.18427958079056,209.1138780113236
489.9240028414805,336.67148362948103,98.2356713332376,208.7062274368971
488.14127495236494,328.7203151632468,98.81244579509297,209.3191575929372
487.01056568259526,322.8877304090586,99.10708176474711,210.0164497133133
486.1142648706075,315.7616656328705,99.22282925511672,210.41685178003263
485.0496262346983,307.6864693248469,99.51034624918702,211.29314981447587
483.7609670132579,300.56239442421725,99.66081508841475,211.64296892725866
481.65278976613746,294.13658969962927,99.87687108259465,213.25532533230614
480.5201358040821,287.1729910865754,99.99255537427436,214.17669370099196
480.3581358788696,283.2178208099878,99.23374971036381,215.0122232724167
480.019352311833,277.7834879042267,99.15398380419943,215.9699450989536
478.01944614416607,270.7305853424833,99.12345022278535,217.43111406826546
478.396117693979,265.8479797893103,98.5685536204806,218.7989329016624
476.4048625293928,260.0659570661835,98.70036261756067,220.58950174726894
475.421324266403,255.77540538480272,98.4886078046578,221.94024412522828
473.6628627291357,249.0732670724406,98.86033992498402,222.57613295545792
472.04635957979394,245.22124903109918,99.0612124059949,222.45391610082385
470.5630221087529,244.19055193908315,99.2375400103542,223.98152595496467
469.0685694826144,239.0965404041839,99.15398961802359,225.8221388227368
468.47315839993587,236.1342063941852,99.631040857382,227.54668162529646
466.45602094273175,233.14514635873695,99.87979211875987,229.57879372919777
465.4656325799356,231.31757029522652,100.52786489633128,231.63811434281376
460.31942445052,231.5886496003134,100.34877408271369,231.0979021577054
463.3506125217241,228.08873638902185,100.99782610574132,233.2857149541899
459.2063819117593,218.42875839145267,101.75146200065868,234.30090906273153
458.0768248974006,217.07521941551693,102.56175329263588,235.16153787786905
456.66649306245273,214.3065883404779,103.16080522432671,236.23613065538848
454.4790278770129,209.61958261071726,103.30295132396611,236.3686250479542
453.95075286619266,209.6730387677941,103.57798997923932,237.24265027433165
451.95888842018365,209.2243798823313,103.69662564005611,239.27139437963837
449.54927989062094,204.71102115862342,103.83917643941598,240.0263985702182
449.3784356163081,204.07469625736073,104.27425519205403,240.40054036044882
446.17937248503625,198.70012964515385,104.24424749005912,240.8461858071526
446.1828069817917,198.10645543827397,104.07613763572839,241.45074241564504
445.61924309851844,196.93134208501138,104.33885982986052,243.20899063181758
441.6718083694286,192.64946115109936,104.47247163957212,244.46998140818044
441.7506081074725,193.71986949854391,104.49408175344266,247.05805751648347
439.6644275151426,190.797675456189,105.02068788553589,247.8052752482575
438.5108323995526,190.87899564088875,104.93946492587418,249.5122889382681
437.0707326724171,192.7607013609492,105.31507601459043,251.82312962674825
435.0387924564599,190.23507531556908,105.49533356175453,252.89833897001094
433.27716629914323,191.87050544252628,105.68342633621137,256.3234716627213
431.17527242363053,189.9113377656372,105.56963052629312,256.56083539403244
430.493330637185,192.84734526230426,105.8944867659246,259.1485076336695
427.9870981221335,191.06641210057762,105.54802645346783,260.277635414566
426.2036202342438,192.7859508772109,105.97068892098923,262.4836818198871
424.7406302223091,194.1463100264042,106.20819643547442,264.2237040877542
423.82405981141767,193.14482488809867,106.56181157194698,263.98053006962647
422.2043661393899,191.82632038494478,106.40045924620266,264.3198577442997
421.1374355027424,193.1255853709532,106.69567541890416,265.49741744055683
417.2946506422338,190.8719778326168,106.90853691467098,267.59031252516417
417.03349491173856,187.6732299866199,107.07984934817088,267.4238943949839
413.9292978015509,192.55495196243643,107.66967896283339,269.7384390679236
413.7519866765493,195.02876483979196,108.25452844481595,272.29121242591395
410.29392611574326,194.5001023998654,108.54505256630591,273.0861790873356
408.8701955163009,199.8848659930211,108.91239882836204,274.4518285596546
408.26166353374197,201.11447429388076,109.67719228566742,276.5303049816169
406.59483685250024,206.04313096903437,110.01680611262834,277.8276976325914
405.8889904819266,208.49967862116304,110.58107124719302,278.7050371656754
405.132872483825,207.97617918439062,111.19266872267863,280.4250402492155
403.77960384099686,210.19192693147082,111.84963473262383,280.5696541643874
402.4609229916791,217.5994602118102,112.51359595766463,280.77195973505627
401.2096695545659,218.8975994612057,112.91104773812583,278.8112747101766
400.5401797070106,220.81811140748636,113.84147928675006,278.8669132912938
400.6811337386682,221.05936598941003,115.0010772516103,279.95957714780934
397.88053548505843,223.92129893693385,115.13146668332939,280.7240425706633
396.2268236348633,227.52555309794985,116.38452403354563,281.29775461224824
394.6059695932856,228.29230698032404,117.14034506607243,281.70618131386186
393.20364128151857,229.67586322535385,117.96525820892413,281.9446072873948
391.8243250730732,236.76467103044558,118.75475307641442,281.96916586391785
388.02995361892033,239.35787209489075,119.4422332245579,281.67060829755803
386.8385317384017,242.34164597483715,120.02564256214848,282.18738880762373
383.4796296141069,246.53010585021173,120.65649603177692,281.62355938127644
381.59197874748276,245.42282150646506,121.6375854237166,281.15642140182337
379.7243739908465,252.8042038802084,122.90912158379386,282.13667957303784
376.9188700203903,256.40309693729756,122.91822417878961,282.92776074172696
374.43075784383905,257.5603575374088,123.39761377694823,282.3105820564963
372.012043183773,263.0130039266419,124.03546481186294,282.97097836494413
370.01463880270154,261.0317333495967,124.92036094011009,281.4314252502356
369.222325420406,268.5021447948964,126.34396148020718,281.6504591559009
365.01702963471206,275.0510385902337,127.07170602858477,283.1540423766888
359.77525372117583,277.88868553435896,127.80269819379201,283.5135623693586
355.3389312617491,282.5525896749805,127.536263065038,284.9092800890921
351.50747981195093,287.00257275074534,127.49547066739322,286.0530494417128
347.0800066178959,284.7882791976895,128.19235316695344,284.6332931754795
338.66326750960854,293.9121369575416,130.61998764878697,287.85882518385154
331.10010869981613,302.43278681239275,131.25724677380396,291.1219058910193
328.02491970783535,304.48817250424105,130.89911273765432,293.8912237903122
320.37900641060855,312.6795162977761,131.29410972700543,296.0022018984326
315.69581625821945,313.9640333921873,130.41623687321433,296.97140575816366
311.76856518384966,323.3683980085958,131.7195596129268,299.86439199470686
304.94894434647824,326.0183231814357,131.59604780103626,301.04300720612565
300.993792240033,333.2445342796657,131.61755330024278,302.23637606343755
297.65118818591435,335.5252752161799,131.86165890374977,304.11947188434834
292.3313268253434,341.81243914268896,132.33447145338286,305.3315810659371
287.88514815705855,348.4198523442606,132.95890448117578,307.64174474458093
284.1136137248626,352.405850264469,133.30459137230102,308.7184034604386
280.0635792831787,354.48886898267517,133.71381858086417,311.3157546577543
278.12362625041453,360.9099876446933,134.9164380214841,312.2657555691917
276.5987685415731,365.17868780284994,135.50584703314573,314.0970342995092
274.90662729693884,371.29207355403776,136.23378081712252,315.1835991695091
274.3806616723343,374.23991751459226,137.32477860827163,317.42736132164225
270.41880930072784,377.08468312536934,138.64448564411754,319.3109225607204
271.00031201268837,382.79856380832837,140.9492753537872,320.1347929315577
265.07953825365183,387.72077162266066,142.18746651047115,319.3085991580567
265.1079658263527,389.17203260752234,144.39339799188522,318.01206747897515
263.5412951098358,393.30812145853497,146.20559055254358,317.04607168460365
259.82461710938946,399.06431840625004,147.4305510723266,314.3203294005017
261.4502533583287,400.995206812934,150.53835888908424,311.6324504495682
257.66705784258244,404.56780928422165,153.52329993507274,307.63362950777105
256.36536016763773,410.45007147338106,155.75376279127545,304.00625017187167
252.03968514901138,414.97785174415486,158.14982422760653,300.90381367664975
248.81510048537996,417.40078476748306,159.63994051531859,298.3981528225593
247.78040368276504,420.6372211790929,161.5921010006434,295.744559670055
245.8159393299073,420.89268518911757,163.1576902822256,294.1160078440058
241.64799288515718,425.35772817020654,166.5329541853672,295.0720407706828
241.19881502845388,425.5007582802227,169.90795203057922,293.68491658389934
238.2130678072146,433.35079512570286,168.4766525887804,289.7708164418283
237.04595354442893,433.47229325421,171.67115232979063,287.8288205414882
235.10364661971562,440.46872567309515,171.50984294618505,283.50315102384735
232.43746029896113,446.5058518015545,172.82683997352777,277.7003645452794
229.1699675910748,453.7216245083647,174.47405044499496,270.4475152872072
224.33893709831347,462.56724038807533,176.05159109055182,263.3085134090724
222.93510571736002,468.96515677297475,176.17978975066734,256.02367555046743
218.2112499356422,478.86534190084876,177.27290422242817,248.2779327132376
214.7338366684885,488.68209963478967,178.85075760457494,240.58089395281425
213.479897036712,486.5327124596583,178.73446251166735,237.70926959091875
211.4886320497342,488.504778170141,179.06318460712868,234.2998286692591
207.91458952671712,491.8615224981555,180.00462034972657,230.71801263400334
205.867146121801,496.6109474116886,180.3281288808265,227.00320516533571
205.0584039432798,498.01385642777603,179.64173493052635,223.7034895162975
203.110464191594,503.33499598267224,179.3630619932547,220.50452638932367
201.47843436049936,514.6579937925997,178.3569323701656,213.80346466076523
200.76538804670085,513.0402550946078,176.96114871030233,210.2948133526778
198.4784117184343,517.7919465443406,175.9113120563801,206.60879466906317
199.27070364689712,518.9938226296374,176.20020768496624,204.24124050727494
198.10019384764217,522.0319658397373,176.513554515837,201.95961417847553
198.7166151987308,519.4906413894983,176.73424558231358,199.68035416629482
196.91958971106448,523.4984769289543,177.59851969836282,198.23310111335311
196.3032398705451,526.4059491529825,178.29639727304013,196.87410454127317
194.7671828034254,522.2899060600754,178.30207177867845,196.11018090042748
193.78086629726795,526.0983992494738,179.37513265697547,195.54020542022064
192.38570458426074,524.6282980911134,180.06375887649267,196.87335076157692
191.9527803474437,518.6375854949265,182.45698590923928,198.29768328732456
193.041356475698,517.6926081861628,185.51501546120238,200.37574271318258
193.9670435165696,514.9338778217377,190.15428774176388,201.91747588389683
189.88850199832825,512.1493734258746,192.67536871449533,206.34530225298502
194.95473899811043,507.1738861627287,196.94649254665708,209.25244924555489
191.5409630497337,502.6731965736113,199.00282042149888,214.22033824282047
191.7431045908263,499.5202987975716,201.92697109137364,217.4870176507195
192.3814194886392,493.11243527227214,204.47741963818558,221.87273962777107
195.76275393920963,481.5592603348707,206.4815544784998,225.12260604310126
200.70074421017415,480.44249766687767,209.03875379191743,229.09391206928058
205.64960786654112,468.1071878301643,210.76974008697158,233.6449066511546
207.25477092531213,467.4377851458647,213.3905940651022,237.61782747728859
213.78132779840246,453.52118857716334,214.61240841187805,241.13670291144422
216.0952788100058,451.13042832180565,217.37642552471874,243.52048544227068
219.38649864693986,447.8697525182767,219.7736105990806,246.30306513389277
222.38837109978527,432.4210962133275,220.499334515869,248.84014825160375
226.33546106514743,435.9669424205915,222.05340344836492,252.7162206915068
234.065417248242,420.5193045184244,222.4305977868877,255.1117501732092
237.2098960812018,413.45852449128836,223.7553424181788,254.66921854504716
246.87233368119394,397.4321684634382,229.02221450213005,254.04583654557172
254.6660603658682,386.9092426761838,237.3198109527278,253.33238788814703
249.62443131460694,392.1072512478297,237.09472516792124,254.10249699607579
263.3617982835608,379.5986578710908,242.50611488724002,252.74877691971975
257.95815139260174,384.8476085956936,245.91015606753473,250.33139514672257
273.3777616207636,371.6387493064852,254.13728082605473,247.02222888322046
274.1477754023616,376.1698539606614,260.2448253034166,241.53230093549422
271.3495010603503,375.8687701623645,260.4982085897951,238.54724023390077
275.6026864650146,373.0821722816181,263.0751927304177,234.6855395262773
281.69970594532595,371.4785310346732,269.3025786355177,229.9135229517163
286.50878545582333,369.4235112812984,273.69406603023333,225.5225992474063
290.53834293205233,366.7277767921781,277.0971426595014,223.0336337125549
295.4057146124649,362.1333383007582,281.10447331143257,219.10453069203766
300.19468690010467,359.66097709025956,285.65027274707836,214.66280043816928
299.3835705989823,357.24605861542796,289.2623720828741,211.30985616835002
301.74065824887185,354.2642780080092,289.6820135021502,208.3112286624844
304.84609745114517,353.0084224002105,290.3690156518027,205.3585434013362
301.28013606562405,352.35038289651,288.2845077587825,202.54893337904363
312.23587004401514,348.6883708427389,291.4343973001693,199.34468676515036
303.7426123414271,354.5973223425648,289.42777153102895,197.77760106438768
315.862132121511,350.2984693838246,291.1840589667107,195.25224675542756
309.1542155220638,351.1915593304555,289.46247341865694,192.9564588318466
319.2875635854318,347.4818006491696,291.5665773102315,190.18623601344922
314.57076823986574,347.7272166846569,288.8791190740565,188.39981497229013
320.74349743611566,344.71614692368337,288.1806781604995,186.54945550513204
323.8417583300183,342.0744354074055,286.3271753813307,185.57833809426745
329.07289649371984,338.4731799831103,285.5889390853607,183.4533819781361
330.4080542682006,338.3337674714388,283.27254047947247,181.7644464385823
333.7842014619514,336.83452781010766,284.14632994283147,179.73511757185258
331.71768478532783,340.67151200297945,283.74653877978227,176.55300623795833
343.4513211958283,336.7229160693968,282.4377551860762,174.25949375942056
349.26783397651855,342.0051877320566,281.4101058682871,169.75634989393984
350.21003882047313,336.29397036505793,282.2486199360236,168.028475065254
352.2374251637251,334.0255796406207,282.74354035712463,167.97289458709596
355.9604401810236,330.42397279562863,284.1069127883479,167.81682053828013
352.4809662735668,331.33876551915864,283.12753901283793,165.63919877220263
363.99231545511043,334.03086615175755,283.777976407197,162.7470843943645
359.34093545353255,329.4798816305177,281.7830317136975,162.93472581538427
371.80148364726927,332.55789119700665,284.0946051565463,159.64831651516997
368.16599959512996,327.4076422356193,283.55851206545145,158.69968228157265
377.20951087081124,325.5227677717121,288.3984208953144,157.21114711743755
374.70025830863074,330.6930758456626,288.469273202903,156.2289112872246
382.1167417476727,325.74597475060733,292.2734313400779,155.56586536179555
380.508805061212,325.95118228249896,292.8909262931232,153.62322158974513
380.96732223162206,326.3060504874458,292.631077745226,153.51344026179106
380.1245794499471,326.177787447871,289.822721183637,154.61030153123681
390.4392419667967,322.6774639668723,295.4649320233508,152.5005006096283
387.4553934308451,326.41525696357644,293.38758896463884,151.91299568998107
386.9501231457242,327.08801929556097,290.33843572155655,150.4707792685714
399.6527082777413,322.8694017238669,292.0667550662871,149.2255126190519
391.8798203728386,319.36531132097457,289.3193504103943,150.5700572172559
402.17100423338513,326.482031316405,284.8706019977728,151.5857388923496
405.65133411900376,324.9979017008104,282.920173244602,150.7334293235662
409.5968817873335,322.71822786205064,280.9580329860675,150.97572892827083
411.9982901583389,323.42342700664307,278.047593143776,151.5608564760306
416.6562069923906,321.66176185748685,274.29657881161006,152.09061048611977
424.1354554987015,321.5616237537962,274.82048078580465,151.43259202768758
423.76554707024405,322.44197219808507,271.1357456789134,151.86857616175388
431.569996601225,321.90169340146645,270.41163894483236,152.07199573638312
433.2120098293415,323.3966862141278,269.4689735344367,152.6603451578286
437.8312094473923,324.36407382103096,267.12220685525034,153.51495287859254
430.4546826594313,319.84924497862994,263.42913158595763,154.38243824588974
440.9014339172835,317.1249021374059,261.1791208152483,154.51276503017488
448.2588328509138,318.50421271165,260.21676530791206,154.40325086105685
439.1896662361883,314.69959574650363,257.0990598715915,153.9841320539228
449.12982561472927,313.28981565022474,255.74392574585727,153.5268610964257
443.83749265303,310.51081226207435,254.47040494745409,153.17578355265812
455.4228442818353,311.21420304417654,254.1354885093015,152.7222284355592
450.475081209121,307.9997737001098,252.62441370258162,152.3858598058825
463.174577570975,306.42432068989666,253.1272630961833,151.61085940655482
454.9372283205588,302.7957383171074,250.98133324008194,151.66000775656454
469.3350844492589,300.4099669722799,251.815513331925,150.59479087895878
461.1763367683908,297.25143954627515,250.3227784385342,149.37736849708153
472.68031933152145,296.2956321432881,250.4004341923998,148.85554333303918
467.19455023110515,291.03389942773236,248.84269173069586,148.9076008738308
476.85442663938744,289.80559398844196,249.091237253975,148.39373226403882
470.4949385730599,285.66406151788175,247.17333728036778,149.19191055888848
478.32138170474343,284.53574574832555,245.9496311622645,149.03753922362648
471.5274444926682,278.9336244749758,243.83633466508928,149.13910823974743
479.69538726105577,276.5267744562467,243.07778353230583,148.68172349174412
471.6434207500381,271.89169147446614,241.70150529640662,148.64448112248056
478.2231269464983,270.37075856545505,241.02606068455304,148.4377292914244
469.72167612351524,265.13705674478456,239.7968341872087,148.42468611727466
461.4620803610041,261.3109869662295,237.3777704021724,148.32980829080924
473.046568765113,258.1389285543795,236.89584727437443,148.35733146750616
462.2338669749506,253.63702957167848,234.50807107564646,148.7520062029277
472.47027580151234,250.71409102384283,234.00360287931014,148.6054564263456
460.49613869822906,246.9991272117122,231.51923319549593,149.18690430283465
468.8718726783894,241.78264364117703,230.63436241077335,149.3002532188073
454.01401679570756,238.14069921175175,226.68686235362722,150.13278375932902
462.96694475363535,234.18394012024226,225.556847197049,150.51121817159606
451.8746901057758,230.10494585382764,223.46638548446737,150.92558392457912
458.30260464074786,228.21095548665997,221.9068325070525,151.196456933771
463.9824360229919,231.48541565110628,221.1288910484116,152.40567287730883
454.12001631461345,221.83359775635748,218.3260910761304,153.54354481182594
460.78233897601,219.30297386259335,217.17763517594466,153.73365021196406
466.4309161485231,232.9370557200229,215.1494122197734,155.63921925467332
466.8072898031519,224.83693570507563,213.73809336920655,157.59465585591792
463.8573310063571,221.64699635728914,213.4595398743868,158.4385700625078
461.49398043266785,218.10490805998785,212.88823544086316,159.11591157791725
463.72212766100506,213.94085034893567,212.46221871322314,159.93577914769617
458.45176504813304,213.21330984720788,211.84774870276112,159.9117627848187
461.2581043808059,212.04974722136902,211.07863168673788,160.03231192756397
458.6508168811113,209.38206356139048,209.5373945180057,162.31898368325102
457.80069701663996,208.11201051548304,209.0173147374422,162.35156456945373
458.24782226782827,206.85024437641454,208.8217898162348,162.30903392034463
459.74701067299685,216.6689924870293,206.89326440436557,164.95232802809463
455.19153283612553,212.25623480205573,206.61792094480745,165.27380554098607
459.0558554102195,223.7725189353331,205.4184582307015,167.2173801577321
454.28126051819555,219.10972155545576,205.47420643302337,167.0450625105654
457.5291968676421,230.81175274266917,204.3014338241571,168.58374915957612
454.56478185392797,226.49859965550905,203.93930115550992,168.08842752627913
457.4504912573477,236.88507743850423,202.80823364414164,169.86998779891184
454.8739159488308,232.78861737276517,202.75897308640123,168.8486430607
455.2613280009325,245.25404948093387,201.9408967823096,169.70931517553933
454.01346324057545,241.69139486087084,201.51691399795476,168.38756955268937
453.9483538157544,240.71810905115905,200.84908876209428,166.9834281575103
454.5594014824879,254.06237510007765,200.13354147569305,167.82807248179225
454.9523427570565,264.31200674951293,199.7429223600122,171.1065382173455
454.48476020483025,258.07735935234257,199.88317464937074,172.39856116872966
454.22047447464865,270.283164721568,199.97533326865238,174.76615384519576
452.8572512823333,264.91882612217944,200.30640726253586,175.1959905212068
452.68580467438426,263.55726612294217,200.6943910941834,175.66109083393607
452.41640424787346,278.30747095798654,201.29031630860084,177.73365250784155
449.1840795586765,273.5157071702216,200.55152025242444,176.15075533208966
451.44732132508364,272.21134041495793,200.8073576958675,177.00838758720013
451.0823599879117,286.30756954650957,199.6207527413128,177.08172980017102
450.77587232257684,280.92183868215625,200.65212812119205,177.24537483271067
447.80631055361164,277.1550001362552,199.9783361432228,175.51755633430284
449.45508713097104,274.7570098199484,200.59523339553223,176.08492549764762
449.2370726803849,272.9734335391311,200.7372339549343,176.38552608784664
449.60834144822667,270.3422843852614,200.70754621506907,177.1960369238149
449.2765571361029,272.15876144478,200.26304768443228,175.4062422419572
448.82653927470074,269.36837152664384,200.2170341938272,175.99177614469676
448.7261355876741,266.1025983124722,200.1696714751786,176.7186064628106
449.26094578847545,280.56786725333905,200.6818466468104,178.09901409194111
448.7208877145363,275.63043261267956,200.81582632007937,178.65208028030366
448.54935853088324,272.7575118946641,201.34969818409436,178.43265310442652
448.11482912777194,269.26030850514735,201.24163486230708,178.7225677913275
448.2362979280016,265.8564019609809,201.73327914956982,178.86515585066869
446.9186794877875,263.37351814211706,201.35844999758848,178.97545235421052
446.40990045073823,260.92028734585205,201.2239313504955,179.50224666463615
445.5773300492083,258.6522585659789,201.08606121300357,179.8525141624317
445.2592481282237,257.89137566155637,200.94766853737178,180.12058817878864
444.565626862457,256.8838503945388,200.60179992579296,180.53387451070589
443.9602946178295,257.0704719966428,200.50280171534865,180.50848344716294
444.04502430666827,257.6994691681036,200.52865440553737,180.38594638153936
443.7071592829515,255.8113628717066,200.545033938559,180.61924219958357
443.07007416291515,256.70449822301634,200.46021124440472,180.27392284431514
442.7531585739704,257.3107135726724,200.30567425680127,180.030064284743
442.42520129290256,257.8885690499568,200.14579536428985,179.93567852262566
442.72670060972905,258.32898557604017,200.2352823611491,179.73168464329905
442.00747952260883,260.42955697618436,199.9947098526197,179.38520092351607
441.3864904694806,261.82775352068745,199.9346824294726,179.1676385535041
441.6899400620905,262.70641139129077,199.6749364906554,179.36359753916503
440.49744488640397,264.24249427429214,199.60330757933323,178.77494441316173
440.34817279652736,265.16617497284545,199.70671458614902,178.64949587692544
440.31031304222654,265.91558513527264,199.36969243367895,178.9564259220967
441.10788274618676,285.9274498202559,199.68265458444375,179.571150989386
441.158613423359,281.40950274670047,199.6723740314909,180.44078346352336
440.60246206401155,278.7888442418101,199.92720361519133,180.3898355349495
439.6890253575185,278.76788610878907,199.96583778753103,179.83739645621924
438.117066275933,279.22183547344923,199.84613080574348,179.42952931736073
437.1530909725225,279.69677556084,199.78102618814594,178.84392257149597
436.78733405834976,281.0129821378592,199.69177535565615,178.3264872540666
436.38896627781975,281.73226678779395,199.51944834995894,178.0775166337396
436.22123350347334,283.2650813429598,199.27459139460817,177.65864298033244
436.51321283558286,284.8734324392086,199.06474816765837,177.33548140863851
435.8707206994507,284.98144770717215,199.07359890263012,176.892217284016
435.51669242866035,284.69449497033565,198.924605382985,176.66970599819803
434.5715597300155,284.21550661305025,198.80706471757628,176.66497930595796
434.2970021626388,283.6281625883083,198.4411387036671,176.81589666547757
433.8868100943591,283.14069610255626,198.16959018584575,176.83668009274268
433.92126469446714,282.7626972890813,197.8973907019497,176.84127492437773
433.3324202642236,284.51644322812143,198.0631915352457,175.8506988444848
433.42894709816994,287.51983330845945,198.1770197421527,175.25761211184832
434.95593384377526,286.74913050157795,198.96605810702115,175.1426654440408
433.31400750197645,286.1627010614425,198.6464280673826,174.70213352097466
433.30202054192597,287.8704329209428,198.706526976874,173.66439015796158
432.19336436541266,286.88551081801717,198.39079642218573,173.546853477735
432.81668826317025,286.86370702978877,198.5544376758192,173.33439353977218
431.70693148297767,285.6014037839754,198.23265713830392,173.1486943406336
431.70302308281805,287.2373899436333,198.30483603987997,172.75913636229075
431.1263123092052,287.9013082302282,197.87448683515248,172.21704755559568
431.09377181606305,287.72374915430635,197.72912685793017,171.82306830057513
430.87894238858195,289.17485584390664,197.43683744686302,171.3176644993165
431.0970325322671,288.4662154233861,197.48931251804564,171.21118633290376
431.1375349766017,288.28732927810347,197.44344731673567,171.10339374667404
430.84055321853407,288.82276190291964,197.14324662827352,171.00267872935683
430.7988359090567,291.33062071290027,196.9522511808812,170.02541945671615
431.1412407578497,293.0273297183695,196.99806544379018,169.27963881302617
429.66486223254014,291.74566709454166,197.06302847661755,169.08681762971264
429.73505587133013,291.59878796239366,196.83744664858295,169.03790190685848
429.51308171025613,290.7429753378877,196.86858685048028,169.23567777823828
428.9345891726075,290.9106524517609,196.2918523384514,169.35675583341654
428.5227237039901,291.5333592963989,196.03069600952728,169.0900905252784
428.4248143410562,295.04480218206805,196.106736586565,167.89818886954063
429.078020565211,296.21024116303886,196.3297162614778,167.4653643152681
428.0426574346705,296.3443962623764,196.11127035001243,167.05365875230848
427.2121177142184,295.6854477275318,196.17205269752532,166.67085661183071
427.58730814893175,295.378457337886,196.51994140989325,166.4786404034934
428.0069360257236,297.69002835328996,196.5596389343743,165.57653361476616
425.8734617315548,295.73835768164713,195.96470817395695,165.4879461422101
426.4913571543416,297.24665458410175,196.0491851248999,164.70145869106074
425.45120074866014,293.92929758710153,195.82986347962822,165.1261960119349
425.417203238375,295.4359897488328,195.34481942625433,164.84392345338014
426.25902541344277,297.21694908475894,195.47996658479352,164.1031572301821
425.915023677611,296.8543700996922,195.32979571334792,163.7916818280088
425.69426376441527,295.8481681917666,195.1584223755815,163.60860625085454
425.7051577929192,294.82697909495704,194.9841036484077,163.55038801655618
425.0544540230879,297.013289778303,194.32691007093615,163.07236966385662
425.317452963175,298.13971570745707,194.0557258022693,162.65358801123688
425.5823410103821,298.830900345405,194.18613504492183,162.24598117506892
425.61056075533736,300.2964397418193,194.11623005364325,161.6535733512496
425.8921803021315,300.3726301981827,194.1821722258859,161.3569074451127
426.19017666513014,300.8566135462218,194.04597828295258,161.00788384424177
426.05419621761257,300.46526471117386,193.74496753597032,161.06062429139905
426.368887716328,303.1847904179237,193.3988953393303,160.29742040826443
424.8218918400229,302.18068806348464,193.01395208865983,160.1724664333657
424.19926345700856,302.5451637995971,192.81231182481184,159.7770401121551
423.7914199060292,302.6847897312723,192.56407008422588,159.36944268479687
423.86564963493083,303.12693949703834,192.43701424644217,159.05054399211681
424.22678685598635,302.71849942919596,192.23197544104235,159.1270148727737
424.6507220283869,303.2705603787128,192.11402590074186,158.83927967341663
425.1224738252487,304.2262776494024,192.24485990867993,158.3775411960328
425.63340482241404,304.8491510962464,192.14433522084872,157.8384842561488
425.74785464577997,304.9513114976774,191.70034725135818,157.63809562711626
425.3228220510937,304.8788303510465,191.13842453999683,157.4298775417027
425.82493584299493,304.71640748941616,191.07889284614407,157.23680592992991
426.1014364337682,308.35044388934773,190.7648518264027,156.1535504442147
426.3339762467465,306.72665860780694,190.40838393316747,156.39434205183667
426.4845248923499,307.10600415448926,190.3472427675777,156.40589209979137
426.5959973243351,308.44742028965345,190.1672620342473,156.20204347013367
426.8179095999386,307.1819277525277,190.17558711263308,156.21564973731728
427.2671057477911,308.459535337209,189.97196509347458,156.161279046562
426.91699235320146,307.34930905671933,190.00592931561064,156.01496777735628
427.35538096334875,310.66923031068166,189.89849988221945,155.0654305024334
427.11011466437355,309.2660828690281,189.31060886089944,155.10738188560316
427.7946615049699,309.3203783125774,189.27478191478372,154.910205159829
427.16655909822714,307.1255839338135,188.68154424627457,155.29481812161097
427.11485242855844,304.97868103596625,188.548839671293,155.2908805968404
424.6194410761287,300.79067809980995,188.22164870809218,154.49106421115738
423.705378379106,296.27831870319176,188.52495341675092,153.70451419793636
427.2026123257438,275.4593898266452,188.61828125788077,156.4701757535197
428.29121351095466,276.662516911522,188.71205829190856,156.88041533338455
428.5486607650738,276.1370578282038,188.97192414915637,156.7368970690899
428.3121071001548,272.5581515803857,189.3417187929087,157.2636842503951
429.3339646299566,268.5126357185899,189.74621707215707,158.12972608293447
428.5430901268871,251.34905427657628,189.25840650416887,158.2590892843444
429.61478435023747,251.88033546557287,189.4023041006352,158.63869192347926
430.14743940510783,252.66064972302422,189.7698119268381,158.548709074699
429.945220207596,250.81410476689393,190.12067374440704,158.38121258215912
429.58055456843533,248.73081948095216,190.41438367172466,158.30544211247772
429.5488342586453,245.90505280231267,190.49287064103135,158.6603098012692
429.4789317469394,244.02101861194245,190.39984354557433,158.9882167154111
429.3047743353081,240.20259727937108,190.68546431101467,159.6407477998959
429.57619424698896,239.65985219426932,190.86854838348887,160.11151434730053
429.99516965517023,238.5010859882571,191.43901324228955,160.22596157522761
430.30489108682275,239.2952345824014,191.30922974797636,160.37499911518003
430.9872621450986,239.685974249358,191.23406034718386,160.90706429306186
429.948430617058,240.37395091440249,190.95149462633333,160.7340827790358
430.1574710980843,238.49319330578666,191.5263595141763,161.2243720670072
430.37065553249306,239.0033458790586,191.57094190449493,161.4361789705198
430.19404598459136,239.81107749598064,191.56714583759194,161.2362864726071
430.6176249100199,240.08821437518677,191.66499429767467,161.6149441373821
430.4686115548688,241.0192021390734,191.67151215454132,161.48890191344182
430.554699600507,239.2642778750075,192.04681706368837,161.6273407869563
429.81249819138225,240.70471892227965,191.86508421318337,161.10525123582332
429.86079582311345,239.3653024334759,192.05210289973508,161.5804623491119
429.33176444606926,240.05431504628746,192.11270439445832,161.25067778510996
429.3741182140602,240.56845832016674,192.2716414238202,161.22562645826048
429.05584362840113,241.55172241543858,192.1911703219298,160.80010209099714
429.1798935643614,241.04855780650618,192.3441058184518,160.92599870311852
429.6332893632343,240.30343072153653,192.46213431004617,161.42981251251172
429.02259831159796,241.1207756120328,192.3289832178233,161.10204290230322
429.0363450324963,241.00738103674516,192.4096566867346,161.11505948775203
428.32614203941915,242.1092299216674,192.33510427216257,160.7137943741957
428.9275320379186,241.34636939747662,192.5643315879383,161.23112583040657
428.2918696474409,243.55202927922687,192.23935552851594,160.7266609348412
428.33630490274703,242.92449541684357,192.09780306518869,161.1329444513101
428.4851439761638,242.1512809163678,192.13320214046405,161.70905799587126
427.96689269134225,241.729441908914,192.10754397974515,161.76194765828936
427.5842332864639,241.64554454225055,191.88680920349563,161.96876867806927
427.58513865926966,240.93441088280713,191.94874583408776,162.26783224253109
425.62440657573615,242.35468440305507,191.84611589638791,162.02092958260465
425.80711913544866,243.34543623137466,192.20861518349136,161.88175054049034
423.4198586199277,243.8466448989034,192.44909624032056,161.54858840248102
421.34899157399093,244.0504521076627,192.53042126313292,161.46073365188215
418.21499603558414,244.50407324333386,192.30983020569965,161.34529348882762
416.0430655450688,244.4563564848513,192.69647301656428,161.21512542207347
412.78158796502817,246.12315872422914,193.0040041158241,160.33622498956723
409.57511654364407,247.3665755956547,193.35259015469825,159.85210635749493
407.31937101536573,248.4558458280316,193.54771883027345,159.4983253760785
400.2160518025798,248.27752360856255,193.9609402789166,159.04176642060358
398.15457817829474,249.51280277860948,194.00177283098395,159.05430944846017
396.16735773121826,250.52610063126292,193.96096828751493,158.79388710588523
392.6843974223772,249.28476541486486,193.92367263856494,159.4174042679599
389.4810367705918,248.98883697232554,193.54879251315015,159.7627697357498
385.6450471318147,249.52713189201728,193.21662998314818,159.99210228539675
383.5449994443576,249.92168661817084,193.47811146646092,160.2621685628412
379.8865095216809,249.39289274530552,193.58033339250267,160.62480066158014
376.06009063393526,251.40532826498475,193.52079314293903,160.7559750590808
374.34234802764763,252.1352853333122,193.70731809893775,161.07882738379828
368.9890165972941,254.07563877547523,194.7680354106336,160.31503977857074
367.2468667939317,254.61614758766902,194.77085942569883,160.7816357749412
364.3987620881981,254.9476832179763,194.78686015415212,160.6995869557138
361.65719706753873,255.61240396785576,194.86167310639007,160.6116212764963
358.22383835008117,257.28410920729044,195.32711776756253,159.97941151173822
353.5504000064006,261.2107933697932,195.73299160915954,158.89567552621028
347.7280026296032,263.4775678837102,195.58390113173618,157.10813775554794
349.9365789795071,262.78106055359126,196.41478624702248,157.97833307555678
347.1929179542867,264.4218018829425,197.41491185199814,157.36967313070627
344.8058968996648,264.6955169103627,198.01650961767507,157.59349719812303
340.9989555263219,264.55296937931826,198.15577869782652,158.24449650201228
338.7949362448787,264.5278488436853,198.53071141049304,158.90235685886162
338.3979397712259,265.4299747102224,198.90249813478772,159.29146354711315
338.29171519421544,265.7571462869528,199.45474672275517,159.67398074044652
338.74009698917297,264.96800650117143,200.02198598051163,160.47276596682104
341.32927761308395,264.9432718141363,200.31412949343192,161.37890327673955
339.17002022119965,266.69444643069767,200.27047262726762,159.93068078311882
343.45049121820364,268.70964149630294,201.19122390108186,158.46055237828762
343.234151368444,267.15774157852616,200.5063807648697,158.60631912897173
348.4227089608139,269.0044339938185,201.0430486535552,157.1478180836349
347.94066127734163,269.67300747381114,200.21925883144337,156.7870068279763
349.1339982419298,265.881729646892,199.50496940277046,157.62172207730407
351.0094214886883,263.8919492818886,199.36169474953982,158.0317852220142
354.5788840186057,262.5355604482433,199.61855025305942,159.8822947990567
354.6487251584107,262.87170985309893,200.0770971432951,160.36134863331208
355.5801472129475,263.86096799932216,200.83409890137847,160.48145037141376
355.055860547961,262.9401195465508,200.7923859764686,161.2592735091037
355.3766692948701,262.72329625870543,200.94626756903034,161.72403032121568
353.7409676801338,262.8312762552496,200.61438381692037,161.90844158161775
353.819150503221,263.0231577977622,201.00423000946822,162.37356146978664
354.37224245313615,263.1457963542393,201.89125261064495,162.52128197932248
354.0021342760878,262.50473238711703,202.1029659044008,163.23238418438754
353.5081291488161,260.77744221652006,201.53341225799662,164.2404410976182
354.3530675352466,261.2003722606519,201.56256872640756,164.71036534449098
353.88270242891224,261.0446707780782,201.9255492099198,165.1254107733224
354.4960675398431,261.51319310605766,202.1852156583995,165.31313711631827
353.9010134657894,261.08939839017637,202.24356690476603,165.76126509988828
353.4967678315574,259.35029012738255,202.35560019116664,166.56428879252914
353.6530447525753,259.22399983543914,202.29115105553757,167.00278188120825
353.0611048382411,258.29504919360147,202.627359017789,167.19926031618212
352.5780190917285,257.3770858547918,202.77341202393288,167.53634284707286
352.7504700671461,257.6686119563791,203.11488789645048,167.39787301680212
344.8173892259826,248.07014738485347,201.2160444670832,165.44184233624497
350.60312702637117,250.02643903532433,201.88925976138657,166.968135664179
351.2384941261916,253.94749096870478,201.5892626017886,166.65260497857042
350.67763383921806,255.72269269696315,201.15145399044061,166.79829698866746
350.48515635445654,257.67113585656557,201.94947251591952,165.8548897210526
347.3852841029923,259.17334889480145,201.62511146998935,165.3648786702919
345.53351048169213,260.0429691257264,202.03212250539056,164.5680286503365
343.591706021831,262.08514285254,201.8934249828521,163.62670802547512
340.20476146507434,263.08515571974704,201.39836554137275,163.104123721153
338.8502717247237,264.95459825568815,201.42260590921995,162.73537347974562
337.27437668743585,264.5786684918155,201.7231717997595,163.0511689131859
335.23199720933826,262.25949957920295,201.96573405299756,164.0689263036117
332.32401921935536,262.9330603889647,201.91014567184874,163.53656346170672
329.6563832888596,265.8548932307949,202.28521245471524,162.45948455859428
327.92023682530174,266.19994668764764,202.7796334869946,162.6503677924795
325.3639360036169,265.8049255444771,202.58404716878596,163.1622543645471
322.2553002127405,266.35859637528995,202.63396845833287,162.9439559148584
320.5149763574555,267.7566342203113,203.14378310577732,162.69786730252872
316.7624898664156,269.9494410750628,203.08473926885685,161.83998644214682
305.8040116101678,257.7274241116279,203.0375730091357,159.25736517187306
312.5836587939835,261.3381272746684,204.08963919143105,160.3163514925816
310.5162951100808,264.25495966325593,204.31393326684753,160.39209480790535
299.43605844818046,260.75624679026816,204.08557449836303,156.567888168627
298.3459848263525,259.91891942555264,204.92243618141103,153.55604139506727
301.790902065223,263.4453099031264,205.37644564059013,154.15404111771525
299.64827889795873,267.0212839827828,204.9077943081876,154.9919620761392
295.91381708938945,267.6598665500435,204.96274173285178,156.4142367056407
294.545768986541,270.26422577576307,205.36243671441235,156.50426054851295
289.28881357140483,271.33244329543544,205.62419891644984,157.23413705930867
279.0579368921291,259.093625057625,205.67359494467905,154.69128479591592
283.36340649151776,261.4161184559757,206.58788901463944,156.3880638797991
275.17365736639584,261.27529097354204,206.74311358324272,152.8571969101572
281.05382055359894,264.6445349688199,208.14912040738386,153.85800774009698
280.0325947162506,267.7301602337763,208.45335425142258,155.4823676380407
270.38263704010643,263.9321528235857,207.20823900983885,152.89506622764807
270.507425712668,261.14903067971045,208.74900936006634,151.19250596522755
276.00304721006876,265.5704629989162,209.79348242208852,152.63234663382298
269.9222586831973,264.55571114542715,209.449415631227,155.22587031884743
260.91061020257644,254.08437835090234,208.28911121307414,155.22777434173497
267.2174531681212,259.26379556172844,209.51102327392795,156.75112013401102
262.36674118396763,257.8332283793258,209.3622723383655,154.06764066062044
268.99882170981175,261.97653244978693,210.82272447637456,155.61857600724704
256.0759534081467,250.41367427296058,209.27850174437754,155.9178401056507
255.30911158976136,251.57927299279567,209.71690795252118,155.22168199550939
259.48855233890174,251.12831093613576,210.73652548530728,153.9131874076573
261.96339702223133,255.91385354543579,211.62403914446597,155.28600897311486
251.60651347886608,254.09978737833887,210.22736693065943,152.94510186715368
255.86794178950169,252.43363725417305,211.2658220311899,151.43069334091862
251.59310106840343,255.6792346270592,210.82485425005885,149.34486596956654
252.36477232313845,256.5851788696418,211.37338037958108,147.3026207911334
251.52631438347274,257.501683654997,211.32146437166733,145.30922261661652
254.46647542909358,262.44035972708946,211.35671969207726,147.13097287416514
251.88568802414085,251.18451562215154,209.96801965304473,149.90318201909952
248.40459664846912,251.57572004399816,210.1873735584104,148.45823041503414
246.34223884070656,252.0806838421092,210.23295661702025,146.51477004436362
246.6513663587282,252.09096920147454,210.62135047910164,145.30659823615542
244.3212194353831,253.50519270652245,210.291247826158,144.1988383770148
246.75021758176445,255.78739892119194,211.34541336048278,141.72459656954774
244.28210769950303,254.61186512680186,210.55857156342114,140.42707001732145
244.34649961395377,255.2897489472541,210.5719560626857,138.69413619461417
241.6595373225843,255.71255528705626,209.12974523893047,137.51535843565463
243.61239585099702,256.056215485905,209.44031531818288,136.51063278430837
242.64183813467116,254.47477336888505,209.13702858065335,135.35581901648672
241.45106401025026,255.12882246135027,208.94303151852102,134.22420161656856
241.14178571745606,254.46468222523868,208.68217676434958,133.1660852038735
238.41611340560854,248.10031765084278,207.685201952925,135.8356426760296
236.3759125194984,251.5864649416318,208.12409776849552,134.65772351406827
235.8124217861761,252.49837849969683,208.30707851416236,132.90913719623273
236.90661644944674,254.10256544201457,208.41446054801838,131.65399786493435
237.08732425499971,248.98977775223526,207.9382149719767,134.06413258973834
234.0918464546478,244.76681869527908,208.12512823335558,135.50136702216264
232.2895734396482,248.50007701413182,208.23193399464748,134.17889955209026
232.7853340191966,249.60462293062685,208.73557818360365,132.33889824639624
232.1813564210294,250.92281560987922,208.16541500797456,131.15543880837794
233.2716272814854,246.67451187034834,207.9550036114263,132.8946171645149
228.85338102796155,243.08954135894083,208.3011482562303,133.89925829490434
228.95242965507995,246.37863695475676,208.70901476856835,131.94388938797104
227.8506722863827,248.06665630248244,208.50450948643166,130.78855334068248
227.56126578957304,242.58856371780067,208.56196232113064,132.55883400717738
224.53163962601198,237.30739719520767,208.87910058117512,134.75594888982675
222.65636920541792,241.83066390987335,209.0599545327148,133.70079567518655
222.5638997394774,244.67497243181936,209.13919574335296,132.46845457123598
223.19827902301688,245.11658328082603,209.47432688002456,130.9062320187304
223.84621281066018,238.8949278825584,209.78864325897686,133.17263622957233
220.57602788224526,235.42557123090916,210.7016713685228,134.42014927652315
218.87147975954463,239.01233997345622,211.0143280139332,133.37455196934647
217.72013875963302,242.17400065036514,211.81754478662933,131.88955611601696
219.67416979309448,234.52146632496687,213.42174411039247,134.27195630978224
212.93238436582146,232.4973079614863,213.4835019537691,135.62612902619952
211.5821424361017,235.04318670915643,214.05651627356627,134.53906551584464
211.9199125225656,236.92848870553445,214.39630570001898,133.47394758227748
212.48311362668997,235.66243603953268,214.564628075396,132.93987745346553
213.79102570912343,238.45038896774764,214.4761087983007,132.3964871228535
212.44711387486853,233.568384073674,214.94477334052874,134.2029783334251
209.50190924506225,231.3492204434716,216.0246824551828,135.26300325809075
210.25930231280387,231.115896608068,215.9131728823903,135.96933022074234
206.47799735146393,228.25306836633447,216.38544552861146,137.2593792708903
206.1335014181344,232.77051931622236,216.5153735434372,136.4113584364832
206.1394366765121,234.33829662393663,216.8851539811667,135.36733247515315
207.31062344535582,235.67644957940735,216.8764014685647,135.1800099569272
206.70683892400825,228.2094752723646,217.76137238174894,137.88309023147406
206.83955358686384,231.8723124929784,218.2698339685706,136.79102403609608
202.97879558412802,232.7876943614808,217.70486525571948,136.2115211757469
207.32164858267532,233.89905889891588,217.5161027324408,136.12928215596094
198.20937570669918,225.993004690336,218.99942228810403,138.10308223877013
203.81808227839508,234.63067373206343,217.46249391644074,135.73372617283232
195.85093914956667,226.03836264615666,219.21092335494475,137.28447440513176
207.98978198246957,238.0282631033456,218.04116119682936,138.1671212294013
196.18283768694005,228.61550879047564,217.91232250822534,137.91645225809532
198.76622070285887,229.44495010129154,218.86462509897677,136.75348916208685
199.55831182339523,230.25758861929913,219.16058328167875,135.66910794573568
201.5030364319665,232.5490354135937,219.3152367332984,134.2224746282189
195.5770099864251,223.54564593936206,220.18240059392468,136.71130256502448
200.03523197348397,229.44433880659142,220.2758853231151,136.86020303204282
190.70229796812322,221.47026491859543,221.1663588941393,138.44649434746347
197.3781914124817,226.85273877485375,221.4219910193994,138.60049766949277
200.24237079462955,229.29162512700293,221.2232848506237,137.2020431071317
188.93760356851334,222.1135308933896,222.3293231328122,138.69421504146038
199.54962336229096,226.53209500713982,221.85716800570617,139.24469724944578
190.11091846288113,220.2716779233135,222.82948747249458,140.3960293495325
197.9351369496964,225.2349359286436,222.66108532705007,140.68033830530297
187.78768401159175,219.32009868456402,223.7485842055787,141.25854604236352
196.22263023350683,224.68747649318948,223.33207234646537,141.34972292785915
200.24638858375516,228.04848295843732,222.52953407385561,139.80543435878317
190.8131299560003,222.0269156824023,223.15919486879406,139.86964225222283
199.69484552645844,224.88680300478222,222.60200533554382,139.9637237323409
192.91659949755513,219.62385677562304,223.8283715846346,140.68420962022466
198.18382037514397,225.0966795363638,223.3164174698378,139.89037855949755
189.29857392889093,219.63246392223232,224.56265842447766,139.92662934495047
196.49186158841414,222.69828024899223,223.8049988921744,140.24365992614133
190.32597621716963,216.88309020366387,225.01439319270784,141.07504499879272
204.76420417709505,227.1321386676329,222.28429385549862,139.50686445269056
200.94744683723331,222.23924342163758,222.97606277716548,139.8393487465611
191.8063027730994,218.16751537531886,223.3171010580212,140.1729508085894
208.38865646732796,228.58143543134904,219.77379641004254,138.90812186596264
198.4849050131637,223.77967418196135,219.46541263013867,137.41097545757245
208.60351199919384,225.72061674074905,218.02958072289772,136.3063685248878
205.00220000562757,225.4935810662548,217.59814003565282,136.24636238926865
205.30418097940583,223.33015090675684,219.1517720536267,136.04789454893225
205.3074048518345,222.08934303856228,220.06413491477218,136.06425836271399
209.22665290276242,227.9933101867811,219.16732782735113,133.91853071605664
206.53002722631803,224.23829185703693,217.34658610773016,132.95667978704398
213.49948315838208,228.58086263162494,216.02451746717387,131.28065059596125
213.34047898131882,228.39997843977406,215.30954144534667,130.8822230091277
212.84886286120252,225.30730196157157,212.960857591753,129.15312198222577
217.37218456086805,229.56580527005087,211.94951349356938,126.79905586743396
217.10364545993912,229.27638521298442,211.87455397713123,125.89359954048864
217.98278838078855,230.9037340384583,211.82206151616964,125.4579524400017
215.36456061386764,231.06183954183697,211.81907708571705,124.6247573281342
214.2874632140951,227.94292135780142,211.33862785373745,122.22589878806318
217.17114129487987,231.6158399181732,210.7586534365527,120.5777397564615
212.24239037596976,230.20356673708625,211.19653571413122,118.57560355103894
219.55347289804274,233.769407716783,209.58387021985098,117.55989935577506
213.50585842826177,230.79277045448697,210.15002258317995,115.81773931005468
220.84555282947537,233.8582765818718,209.07142571190516,114.91092587349182
213.91068224673774,232.59533144751634,209.5590419765625,113.27291338265073
211.50593080176122,231.3868113579434,210.0819724101557,112.4834594688553
214.43388066240018,234.98810469583017,209.60018767911214,109.66717717159126
218.07495353799396,231.96779001131418,209.75912774335427,109.21290631403025
220.56521058296113,234.32992393415682,207.77667268776744,108.53716141756372
222.54526388837766,234.88777673780558,206.34903725689657,107.78085268517083
222.52981533086933,234.64970336619746,205.05231350799875,106.50920456182519
223.5763568783787,234.11689338142332,203.95164357616508,105.56765909939712
224.4071439956944,234.3580287972159,203.0031474231415,104.641920829591
226.34193343962903,234.14448885746344,201.93808437389532,104.02001069788074
227.01319083505823,234.35456880390996,200.9542620502496,102.52473500508384
227.42191380900002,234.51279704154592,200.31496073613602,101.53615021007155
226.6488126297672,235.16432940689037,199.67445464428425,100.41404626870555
229.01548073450306,235.39290795263125,199.04081840887264,99.79866717245255
229.48481137234307,232.64370022321944,198.2251062714763,99.42596027104668
228.63986155601273,233.38923908126372,198.2501148995746,98.88541695828226
230.11378232041807,234.14747688126698,198.02101860239233,98.43076186532528
229.12323385966667,232.87955004437046,197.7841248870696,97.86643539003997
232.0679356783072,233.48145109966862,197.59110520288297,97.28631464588726
229.72545388353802,233.10801432094723,197.99722491272163,96.38907335137844
231.3542472763394,232.91876501952208,198.02959326627905,96.08206668327078
229.21158718688588,232.38356738071036,198.8148793513293,95.54121418295539
233.08029569918023,231.87208990691693,198.52451480553088,95.67721029303311
227.82032394693294,232.34857233798627,198.95940772713968,95.11999690718227
235.7171490499045,232.8829129273776,198.4357741914237,95.28634387609708
229.0052517412588,232.31141456618116,199.3909036857292,94.23985457172601
234.70782928021464,231.03849171904113,199.14457066744887,94.75428647244223
229.55706499503322,230.37474360145993,198.8020906013371,94.08489454689908
235.79862470905917,230.21516809086697,197.91518832874175,94.23522426304845
230.0825924651134,230.7881138806357,197.61393448777585,93.81980548662685
235.78026257705946,229.75851011247028,198.510065745207,93.77189036327442
230.19250587597347,229.35694779178448,198.78279956821638,92.53473156310247
234.3693858302422,229.79535121380044,198.9737173940539,93.02816063902291
230.8355456987444,228.97484973634596,198.23195322955928,92.84165621726109
236.9357826249483,228.89465874325546,197.60956718385313,93.2402641403317
231.47006369229115,228.7734827987768,197.4987954239233,92.15379282048016
235.48882157151766,228.81026930576974,198.20636633539215,92.48606276637511
232.5632002080111,227.9306449683707,197.55977056524338,91.96748894666631
235.77120477128636,227.92639009687875,198.28611211236844,91.96624660142383
233.06056225409102,226.9875750638903,197.27796809249884,91.63236124076505
236.31429795714166,226.50378184811277,197.74086650222398,91.82519523425168
234.3772651034698,227.66644624016,197.32637658746688,91.58217521938327
233.75807626414854,226.82668409147462,197.3564965909385,91.59829660175313
235.22271415241798,225.43792867298538,197.2018015314864,91.83258834922356
235.22206630819406,226.21327855497583,197.29377809481838,91.82468841567933
234.25716382046636,226.08485549482415,196.64090546750583,91.76199144253981
235.02949104867537,224.65756304639984,196.8678463699364,91.71124830403379
236.68692572596842,225.19921023909313,196.65264146504205,91.79265061206766
234.78700847310816,225.15230629531192,195.69310850478968,91.54764289995009
236.67045549887914,223.80152731827602,196.0331118073737,91.34151915045442
235.21653255646743,223.62854148166934,195.13585105233506,91.02585512677976
238.13636509901153,224.61546571440073,196.16578960112744,90.54527682008474
235.2898120410115,223.28000798662927,195.3390988688304,89.93637254868366
238.2887021238909,225.04569227842578,195.93919191397856,89.68344730157749
235.35422526265373,223.78497498878707,195.02234708680083,89.1771578532212
239.00053803785073,223.03988621307388,195.90236042953427,89.09951509405492
236.84484096493748,224.83496438218583,194.91467563401557,89.01899396586826
238.33408446305404,224.78862263015156,194.80688756661544,89.16752710404775
237.1647838452602,224.88607471489001,193.23376828790566,89.32224840282493
238.43521727428063,224.24158555229786,193.8088529679507,89.21164422278312
237.30460502032662,224.85799412652173,192.76357847149472,89.16367132978276
238.65969423623778,224.54916830127598,192.96672821044876,88.96555485760118
238.28074803661025,224.3265976362142,192.3849586538704,88.82757113288851
238.59431018487243,224.26941817517616,192.18859390648694,88.83288273149921
236.61748739435342,222.30969875492886,192.27754751479247,88.00674042193889
239.19205848098733,222.11597979633427,193.5865962594934,87.93563828695252
237.49297910332479,224.28276231376108,192.54483983461216,87.99175888289726
236.96635744844934,222.43846475098908,192.6318385660015,87.64914406276255
237.81812429091744,222.21174356544938,192.11655637642667,87.92936642523028
236.24016878888133,222.322795039813,191.37726021382713,87.73855859721911
237.39394317828638,223.3907236159166,191.79911588447993,87.78193213501439
234.84749061500656,223.74327332489656,191.28181297652415,87.51044932543576
236.9285610735639,223.7726299610069,191.950068234794,87.50392484454964
234.16896776631995,223.71187029166782,191.41544139179288,87.1202477906917
234.4080419280068,221.79734247643813,192.0991171755893,86.99782517827691
234.36682249544106,221.45093862406344,190.95989268489348,87.31902757616254
233.80812513861778,221.6198257680685,190.64728554364348,87.42558404004829
234.18108263424062,221.49400958465364,190.95580938181982,87.4353541098199
232.4653327708167,221.88834479668049,190.33551696389222,87.35190724609947
233.89801335612833,221.9785984928887,190.94582064731867,87.30627307996802
231.92656791787425,221.83517519300187,190.40301377754997,87.04790794735416
231.88055728158628,221.83990618794044,190.67887101850113,87.21589941578617
231.95998385378775,221.0437057214016,190.79782588467634,86.922922584162
230.85721346261778,220.45914818411973,190.1922249376614,86.55628130916216
232.65915362519974,220.42382014165278,191.12623170890257,86.72432125831999
232.0553786362411,222.09994817783604,191.72835430244328,87.0082975620521
229.802051193124,221.4646789970578,191.45486592772167,86.4474308800066
229.95370652959244,220.32888347018428,191.2946670052683,86.39480246849789
229.25744916648523,221.89558654001658,190.78790273310779,86.72818533602019
229.4933642151679,221.30044169759506,190.94751798400523,86.85188185069723
229.35402680156906,220.30148283819972,191.25798701651087,86.54405992829831
228.9321732181756,221.4009082498484,191.20011057133263,86.92317412613437
226.90353307048235,219.72603762893334,190.70288981004794,86.34263968932987
229.11423352187586,221.04119044830708,191.7633881687356,86.38801254217479
226.74498692409708,221.73938057357503,191.14557957977775,86.3385934322715
228.74429843584304,221.30789171630997,192.08291160389325,86.5680137675559
226.24286543060543,219.4074029847663,191.82037243629838,85.99916729799557
227.25544641322585,220.2365802316811,191.83871995439495,86.36957633680446
226.6887892687637,220.60431627009459,191.18911137935896,86.97795070029277
229.07821348282334,219.98523531209577,191.56667269168767,87.33949595951015
227.8976900223002,218.95476685390628,191.15653564514366,86.92419843985397
233.91672299974337,217.6921558611051,192.1718363513291,87.17399284557655
233.99375568884264,216.26308897470076,192.15209424225935,87.20085520839685
238.7851248164745,216.31674695886727,192.23967554418556,88.20760691374701
238.65260421594738,214.3874093308265,191.0051745089117,88.2142499852277
240.30404287888362,215.48248396222408,191.48791811084988,88.5729209796194
242.02391187807143,213.08133484925986,190.7301294895342,89.05003915183693
244.65764015540634,212.49819183148293,190.99710868391833,89.56818791598653
246.930678995638,213.06031868210476,190.7145116667546,90.05631614986248
248.6278764912633,212.84623782298797,190.3418354159672,90.43294989855691
251.41538501509166,209.24325617911794,189.39624961602166,90.80495312999206
252.68726889756212,210.39828515881064,189.0363090128697,90.893543194212
254.4928179761875,209.42003657043463,189.0652019006171,91.13165789320367
259.2062502418027,209.82836976897497,189.34554123443797,91.48526766113156
258.6769271507465,209.27517200809947,188.9258011336295,91.51477795949387
263.35746014761264,208.8501599506304,189.01897117047585,91.99939436912501
263.8632042648708,205.9867491757284,187.94945791485358,92.19449623432817
266.39957477443375,205.82275661738535,188.07708959165046,92.46044482555617
270.489807968629,204.85070205868215,187.36795289228587,93.13190811185453
270.26171271730584,206.14197348640184,187.3219920248837,93.24628064452241
276.17626967482454,204.7817864402142,186.97526660624527,93.77177139034009
274.5455720495771,205.0034075777113,186.27481979665095,93.60754110994614
279.2817562643018,204.30881254801747,186.00906395417664,94.32327163945713
279.78458648351955,206.44620538173518,186.20009133331473,94.27871916446557
283.51617893950186,207.39772488906647,185.92885769622194,94.43506950260145
284.70805502421734,206.66609416761966,185.09937102590595,94.54898871851293
287.5694525763794,207.59516117012708,184.89966199259626,94.41269890981764
291.64318660126264,210.13731789547597,183.66721583919204,95.30716239088255
292.92107034989976,213.48395236004168,183.20104723603703,95.03571791701238
297.60954309872375,213.30010234816524,183.53350668376268,95.5089795249995
301.6113183877986,215.87659900789077,182.74596476879046,96.37041529795565
301.6325617630186,217.42433323030826,182.65565286443336,96.0839831080035
305.4562732977696,222.30692915916688,181.94938427491186,95.92973599821109
308.93101926157857,225.71059432727418,181.44445716662986,95.76655448859559
312.52377489886396,228.99938353003677,181.27910370608492,95.6657078602616
317.2062758825714,233.55759579410773,180.17378725502755,96.8580010597808
321.3294286077503,238.02068363238354,179.56705728608455,97.54965089134686
325.6319238502273,239.1560458469803,178.4252268391249,98.86690172574892
328.5853816424361,247.19338533661102,177.84009813520032,99.24472404348458
332.2235191855755,251.7447371286671,177.73650247320745,99.5255081607884
334.99472936196605,255.1088577480163,177.32552943564247,99.71085830697766
337.1503697855432,259.4493108479436,177.19515345375308,100.01735406940338
341.4235631509631,263.1086272028823,176.59375020527415,100.41879076794274
343.78658011778776,268.9934022472369,176.1122216770508,100.7516853279763
347.88006825207583,271.87477927309385,175.7420679373138,101.21986303514286
351.0089379630939,274.86834111852636,175.49139571879942,101.50520505014951
353.67567076813566,277.49069984312337,175.31164333503426,101.9445252863497
355.63560207959506,278.04292613556595,175.4897478599426,102.662472317706
358.5737751063425,279.01287813724576,175.3218135000206,103.5357776096192
361.2062873485273,279.81490629789187,175.32327518355874,104.27007587588196
364.4227258957093,280.71670838993845,175.4565749805218,105.17467286175649
366.7577623422023,279.8578907840676,175.2938243989371,105.94943352267877
369.5962971648837,280.45044270038625,175.09701655624752,106.59812142282959
372.17514125656584,280.2301237129395,175.03626889030886,107.15998754874644
375.52085123097805,280.4261367431463,174.74292642942999,107.5980397325421
377.33496532326564,279.0120304829937,175.03320510558783,107.84695924022834
379.78257742763924,278.93391916917875,174.6093444413048,108.30704798605088
382.2132100628311,277.8752491291136,174.4410518309857,108.30708254898448
387.1047449010319,277.9962927150368,173.96262006351967,108.73985382802768
386.7269156732294,278.799637429341,174.00086980244606,108.35658358887247
392.8950302995148,277.8486613715485,173.9065762798557,108.72341855510442
394.3832511901686,276.62396545187727,173.54604860491708,108.81282075134989
398.2111355630744,276.13501827652,173.23075875620032,109.1172805465339
402.23720415091964,275.02679805366427,173.10342722168417,109.32555849377121
404.367500011092,274.66176773715415,172.4301367556119,109.50281143807845
405.5678489811043,275.0974839812019,172.16993363904305,109.30670309196216
410.3576274071723,273.8032057782701,171.66901009531773,109.91505276984418
410.8874046778334,274.1329185957606,171.52026274632115,109.65095896464943
417.0134180927712,273.67147818013297,170.7365319674709,110.26770932705935
