537.5,350.5,97,218
535.7686810890336,350.65148900902807,95.40302268673993,219.90547730611684
536.2957864072889,350.9608549956745,94.61558363497849,221.4510276547539
535.7612894194378,354.3792607888603,94.29766431112009,221.03088209926614
536.2329457073389,356.10431759170615,94.18497822304988,221.81238117591695
535.809230344274,356.4315977588358,94.0094711745214,222.01106848417476
536.199457321863,361.1959772113811,93.10423767457283,225.6020510189035
535.3930881387147,362.6385052492651,92.63317262557098,228.4214846510822
535.871514905245,363.8521014819946,92.58426001667797,230.78328983576972
534.6972244568249,366.82598354769084,92.50670084355662,232.1330277452403
534.8595249492665,369.7164671967939,92.83626232519941,233.03507388621267
535.2955821605617,371.90295823203746,92.77125600683812,232.13571366097085
533.77659377907,375.9390429409602,92.78803115925618,231.46611687496133
534.1853524552233,375.664074063465,92.57126246512982,231.16486519542337
535.0606515772803,381.2529939761962,92.74807327386465,229.5451985495875
533.3067452743326,382.7035055901548,92.6336222097924,229.16513922891204
533.2806203213408,386.81021577043555,93.1826491436214,228.54718786630593
532.9157209986532,387.1279121600967,93.3326241162252,228.70541650784386
532.9867921665632,392.37049277127755,93.77073842131622,227.01130238173462
532.8165868395887,397.31048358380804,94.0440460544184,225.922518533468
532.7257268040692,397.0566607459786,93.70078158690247,227.25828032803489
531.7087253236383,401.9967208290302,94.08926040359135,226.09181468005912
531.0254718233607,402.63967041660334,93.9900658240989,227.11888352058364
530.7971105906437,403.29644822044554,93.8379915737967,228.40093948516488
531.2102510713477,404.3029628893829,93.74695852241152,229.5396945673035
530.8635654581753,405.7468558999532,93.97356747425238,229.98313894815573
531.1715052108264,406.7775875532029,93.66793053243637,232.38096948397194
530.2649808932471,407.80448522631633,93.08674689449316,235.18562884202981
531.6016105930579,405.9338419150738,92.7275236257767,238.24647879373464
531.3524006628013,408.0536514743478,92.2752128048705,241.08851374699452
531.57428660997,406.7939850434907,91.78908951564122,243.4334338217481
531.6522981372016,410.2606783920203,91.62364575335637,244.16743365651885
531.0261004165097,412.5226469719934,91.83766832048009,246.51817939986233
530.1023271990999,414.25019833780493,92.02058195805861,247.67101972625323
530.2589654381625,415.99501570786776,91.83537759273217,247.8324579651009
530.7898502104406,418.3695058582594,91.778385956501,248.13499705823858
530.9031761426452,420.5737850119248,91.91685202941845,248.84159730879958
531.0266665821853,423.6990751485149,92.10659670718867,249.24496486581964
530.5267489025875,427.4171854762392,92.21827624839851,249.51346136964224
530.4300243090217,429.7155415050781,92.49575835106259,249.34469731001136
530.2686097914651,430.8125379838302,92.6435825909822,249.2077276393266
529.9644661670563,431.895686851092,92.33300374187264,250.28659501443735
529.3641986101487,429.74203407566387,92.55025247492019,252.20195806422558
528.6233722906883,431.73941240644893,92.67227095284552,252.8717402629765
527.36460580858,432.04448622411115,93.25164004052866,253.65520763505256
528.1384341099766,433.44420549629183,93.54764295788463,253.61414688114223
527.0143810114279,433.6733050800003,93.72146698563998,252.9043879495784
526.8100891739185,433.70661028667894,94.20489600448687,253.13203142196727
526.2536136029389,436.3698634311548,94.7609695333785,253.12377674281777
524.3190450064095,435.7084884851989,95.19628624036866,253.2089851975805
525.3499467331278,435.17712023033585,95.31149260787005,252.75523184391085
524.3529730875454,437.30288008902596,95.84809345967344,252.26661748579886
523.5781962267641,436.8877305197513,96.05262629100011,252.38678325061082
522.7790288969846,436.97454130064625,96.41440656632739,253.08140872098647
522.6749791441339,438.2075720758259,97.13770477960963,253.81275465468173
521.1609560833614,439.09020621503726,97.966732422761,252.13574284711805
521.511357082521,438.02298391415775,98.65892542432722,252.87539215030074
520.8542857845179,438.9515558988871,99.04472400902677,253.6568287415263
519.8546425540703,440.6272030532238,99.45451767207035,253.932079623664
519.1821790251607,440.9659888096168,100.42632278283946,253.18066574930856
518.7853382427603,442.35174842914796,100.92326092489368,252.25469275582128
517.3479616232107,444.1723403316512,101.4021718502264,251.57332302247
517.0673665345394,442.73085627104615,101.82092701332104,250.44164175250586
517.4111845912053,442.58976584934396,101.83769233345731,251.48787611945073
517.6162979964814,443.31833558531315,102.1287091618971,252.19002576914008
516.1746654490265,442.49795117197533,102.46981636839459,250.45407226000032
515.6890364854801,442.75246734585113,102.59888325497144,250.45011405565845
515.1331191337533,444.2664044523431,103.00298778436044,249.59803968932366
515.4711584684559,441.8951428117962,103.14764170849162,248.76970067717417
514.4515187906875,447.2034371086183,102.62484473384336,245.49009290323204
514.3939757904168,444.67687190185404,102.31408624385666,246.05520337352317
513.8320076069716,440.9120949926741,102.65133017023722,246.10391984675982
513.4393684607863,444.88876858258936,102.9689911594748,244.68048418502627
513.9112229254165,445.8882461834984,102.84191807730633,242.7942290432182
513.1355427433463,445.6677734757212,103.00321777822344,242.13583044365095
511.9552546107096,446.7120060337389,103.30464573188178,241.28370620800965
512.3499810009994,447.5246669861092,103.572085823159,240.5761500398489
511.4107908948655,447.00767761117027,104.21536147457456,241.51021338957935
511.30667228855583,446.59465484179685,104.72920189335163,241.8731188876901
510.9549932682982,447.28158014383837,105.41695632075846,242.31334899878647
510.47983275353465,447.7470654054043,105.776850607255,242.86429001568598
511.3655435312295,448.28850958114134,106.29266216610795,243.84356573243406
509.3079760823868,447.93249716743526,106.48119708439265,243.93418018997323
509.9521692969698,449.3248523083796,106.65531170426829,244.99670487245527
509.43059099702845,446.8046390655434,107.16349241780617,247.12030510995862
508.7198947764323,450.48135578072237,107.85542980519227,249.40824912863638
508.3223626089376,445.8926440045919,108.77168232629055,251.04180652336564
507.13122188600255,445.688955619974,109.96510824332927,252.12928003809236
505.78166699299146,445.202519362486,111.11918445524714,252.0209756760467
505.5691779260976,442.1525830404486,112.02943097325303,250.34741606533026
505.4885130855708,438.900145017062,112.85368399033575,247.92430119871224
506.50850294226586,437.1972390350203,112.82211449232341,245.89361642817659
507.28645569265245,433.4751309207695,112.23492114260083,244.0788910062875
507.667223287285,431.54194765871586,112.00302168074121,241.39724718112106
508.3550625971598,428.8737299475219,111.59881639721141,238.55727288213453
510.27956941230707,426.746131836677,110.5517818318583,237.09296522427712
511.58523528769933,424.4199403143469,109.4861550418969,237.04330998082094
513.6487836627626,421.3063132245841,107.9753882001412,236.67404516696885
514.3101362836103,419.3013711273983,106.28192877610726,234.90737477683732
515.8271117094525,417.25392720063144,104.49105520255995,234.56771472921747
516.5925298217625,416.1976174466008,102.7136128515124,234.59716835326068
517.6669392780647,413.81310675730697,101.49941801479756,233.59180332590353
518.980705432645,412.4203821921828,100.56352322165874,233.91104089876364
518.8367531349435,413.4717740616112,99.63308217497186,233.49029141398097
518.7362103179614,410.4833583657832,99.38109037344239,232.3396928434787
519.1055565878626,410.1688762497058,99.29024137335499,230.61469846891345
519.1155206066645,410.0896284047801,99.07012893090118,229.43839510748012
518.4879029844157,412.3572181897783,98.6011626153783,228.68531383078826
519.4375024934128,410.8822841809287,99.062738352862,228.63800687023115
519.3154709866454,412.8620408781836,98.6203093405445,229.14796969871333
518.3419980052398,412.50056949982206,99.55412034699592,228.99728318345228
519.546943683696,413.74454698815646,99.30334454298585,229.5168822610437
518.4753911693966,410.4360356326529,99.60885112855311,229.55989698407487
521.1713301301344,412.84852821188065,98.7008213020179,229.9827822708708
518.5166498593117,412.08178086111707,100.17031377496826,228.25631846676742
519.4408576246524,411.59132428893633,100.58819320049415,227.1851297606193
519.7138961920683,412.62028463480283,100.65857328955434,227.30486118947653
518.724297091955,411.3030628744217,101.33678233878013,226.48810112556777
520.3539460815575,411.8588561725878,101.19296120626996,227.5273717393947
519.1028567128502,410.58171857072705,102.02176767500774,225.7678938150645
520.6073639814191,411.8561293968112,101.97056640080945,226.71735793331254
518.081326108577,411.63609834999625,102.6922021020907,226.60032080380557
519.6302076412838,411.0985462801187,102.69686723453769,226.1594762903395
519.5130406817104,410.0936048849694,102.64415007202703,226.09060131772915
519.8490089681983,409.5701914427085,102.60526459644436,226.73857376776076
518.9687151187914,409.1047303412812,102.98942130694658,227.7741776859845
521.2340427456006,409.1431958673755,102.66210133851476,229.17151638153007
518.4767485523757,408.65285328323154,103.99761448387557,228.0232764647502
520.8152086119136,409.34604459561467,103.44925586153462,229.37113627925402
519.1133409111392,408.704661763003,104.34839240711105,228.10014236958716
521.1482360682293,407.3656257751776,104.31426617450448,227.4934803345416
520.5193144772504,407.6730409461569,104.4117005019776,229.0014665552355
520.3041079937885,407.6090732086861,104.6858407893339,230.12492709226134
521.4437521967631,405.9850358665112,105.02197129436514,229.86579509822064
520.9965489351234,406.59857022983067,105.47125468160095,230.95890488034024
519.8052159152838,405.15485402864704,106.38083114551243,229.7551359773181
521.1004874293993,406.047541139025,106.55876245772029,231.16792574276826
520.2336282936923,404.7236997312141,106.94198586753171,229.73751836750256
521.6472200957693,405.41967865206436,106.75183405697209,230.78851983442627
520.2212016702931,404.4849853203865,106.8765108977774,229.68419476873234
521.7022128356724,405.6440977836474,106.58057142605794,230.82176846815665
522.2240952833389,403.5630677323872,106.77845246292253,230.31702997906325
520.8058505018253,405.0251081165379,106.93830032329777,230.6196430793989
522.1699232844842,404.6251417572276,106.53027342367531,230.06253372381605
522.771517941851,405.5944915495404,106.6125462499785,230.55243826516698
522.6145846608252,404.4649214396015,107.000054119682,229.7181060042709
523.5270217029133,404.8873933723885,105.96755029526778,230.89388643526678
524.4349743374203,402.9151752747138,105.37511034970203,229.99520920822226
524.7324883931462,404.50450843606006,105.84569896512542,230.57209732316704
525.0150407341087,402.98697611625727,105.61854636058943,230.00405093410146
526.2679091642633,403.09645574527246,105.36202009636455,231.59812919075765
527.6077607767365,399.77438351484665,104.82846722198894,231.98618587161045
526.2184142446567,401.24593634867733,105.47504086895788,232.75554811280838
527.0166654792198,399.49110792692284,105.51779428114125,232.131511261249
528.0285962483374,399.4826431578468,105.21030463678869,231.23088069884568
527.5185092905012,399.64409921095745,105.1392777239089,230.94251408500517
528.7849314974692,397.44537816072415,104.67733041232901,230.44006576265073
528.9671812018195,397.34477667033065,104.66267700906815,230.7376187725487
530.7591124227205,395.8880060706325,104.50683647507253,231.19465705751622
530.8195062246953,394.1684018586551,104.9024552284113,231.22242487058543
531.423968440842,395.9451577042431,104.79225075060845,231.99741297341575
532.5468393118996,394.7995682303186,104.25206766613942,231.23170524829118
530.9332671592554,397.3488660424007,104.95038692679609,231.65650897715437
532.5169112424645,393.6304956319341,104.88364607406797,230.72532701518958
532.2001033556746,394.69487083528435,105.08189375677962,231.5428563726645
532.8022872393504,393.305321281366,104.78869522036592,231.30417660705757
532.8486710892597,395.5889341873989,104.8423491914612,231.755819718179
533.0322459572133,394.9119694134508,105.11141657286365,230.84139628069317
533.0299700977012,393.66484920591233,105.09053213825237,230.06185706510908
533.5137964008114,394.3285134071706,105.10460635726912,230.74988734903968
533.761702092609,395.24526724371816,104.82168162006403,232.03658317097018
533.4593373743727,394.85779730779154,105.28459682466413,230.67653449645195
533.5440435168262,394.1642426021511,105.68546169420267,229.07529137057767
533.7765356899458,396.16324779683805,106.06457663118184,229.23068664755505
534.9032064525809,394.0896262343425,105.8756872772374,228.28858336370223
535.4605797159893,396.53015728172255,105.56578691798501,229.88925363741131
536.2996913509115,394.5230872807141,105.66917437545064,228.35799063573558
536.5353675947924,394.7228193213384,106.08380660648841,228.3375432220914
536.450096365105,396.22604176209285,106.43373770817452,229.01823141438933
537.0078004998115,395.4803189019489,106.34424541910028,229.46844097249152
537.0888501892356,395.5445285174874,106.36357648437357,230.33208347561407
537.8282232773005,397.39457144993435,106.34822137384143,231.35582783380363
538.1150288506534,397.0255667992219,106.61787838318722,231.35952811757036
539.8017260914542,395.70210197506435,106.25126214178961,232.11657663185218
539.5407478718274,393.73799207100024,106.81798678409282,232.28417751488593
541.4335740104143,395.6437128471257,106.53795427124705,232.7641144607124
540.4584307522674,395.3344953809486,107.36546928599986,232.41590224493416
541.8787048527007,394.2772272109246,107.12173786331623,233.05128113716722
543.3320432246699,393.42363626687177,106.80246584731366,233.32115376013616
544.0177759242863,395.46611315765807,106.81257996639897,233.5306507384513
544.3372993258853,393.60647622148315,106.93961270822206,233.7730316626505
545.3739080010599,393.31014650603015,106.90771043660807,233.9221284965201
546.2941109239429,393.26832109612513,106.83050415863694,233.87851276030565
547.0002459059095,392.7666923454171,107.04272731680445,233.7290608968307
547.7916289507384,394.8936067617719,107.17394833919207,234.39269250571044
547.9605961738911,392.1127874752626,107.436055282352,234.04450718422817
549.2988061884188,392.2478118430555,107.00129227195819,234.41177998041505
550.6668904853486,392.01657949804746,106.620024038206,234.05053983167846
551.65317530023,393.9359451085811,106.47771063212177,234.80268805091873
551.5299141903552,392.3495583193785,106.74348332301633,234.60729351370813
552.840608551832,390.92463368914866,106.47434827552335,234.97901767880032
553.6178118427446,391.7998938260531,106.16770568505413,235.2871288251269
554.022397448274,392.39484495258677,106.27865697822965,235.0187893033257
554.7694028753557,389.57967591110014,106.28430542391683,234.57193269559454
556.6117522067184,393.37422379650786,106.44453025743763,234.39405938266486
556.8849717719968,389.71592597824406,106.77530430694607,234.83240346661074
556.9778402949287,390.6049252907816,106.93854315791764,234.54222904311953
558.0269595593678,391.72688259957204,106.56515313787409,235.25137433726647
557.6481318374292,389.0563359727424,107.03464462177125,234.70316342985402
559.2457874574945,390.7211624793481,106.49459442137452,235.6429896913923
560.501120600401,388.4011153260801,106.06735794894661,235.7678356992833
560.9285014652357,390.45437172908976,105.91827766249168,234.6670027390739
561.8218793573068,388.9917575361623,105.55247407923918,233.70498523145045
561.6653766673669,389.3322995108508,105.41386469180577,232.67014863920355
563.7824193520729,389.8070534921162,104.96442034984449,233.53090121095926
563.755906460361,387.9754800651174,105.71084514535706,232.89746441246052
564.2363570337889,389.24459186828426,105.5805852681851,233.08462599518313
564.0492509819751,390.20165008150826,105.6305318321665,233.56055545000655
565.2701542772558,387.38416627720886,105.77021313566351,233.9117610804559
565.4838244906605,388.8951884928282,106.1447837648956,233.57838108555754
566.7116677500102,386.6619886196299,106.36337598231071,233.1930724197838
567.8669114322097,386.9496081176784,106.0737233022837,233.94071834094595
567.7799512477663,387.00951432571884,105.96441789640537,233.0286802659715
568.2868317324403,385.50571022319076,105.9799234036886,232.6364392946208
568.5300621884508,387.15538675508617,105.98575650516798,232.4933491054332
569.4413135690755,385.2044549260419,106.06971736696534,232.02836286422985
570.6380877238897,388.2751327520159,106.3720146612798,231.4547152277237
570.9082001517831,384.5510619504661,106.47274823387586,230.9644212763189
570.6525725504146,387.50400450710254,106.05297703747739,231.85065280504432
571.4292415426531,386.74690906736305,105.77758361781957,233.05290277609134
571.350702878743,384.09850042784,105.98379791583184,232.55354695943421
573.1477628419022,386.1856194255381,105.33355592492298,233.25827672603145
572.9389703074628,383.0124474228986,105.52611523565484,233.98582295222712
573.666353860839,385.6215742023465,105.152859268772,233.94194969576063
574.2097695711573,383.97025353007774,105.01631709755577,233.80433563677948
575.4904938940031,386.50091906276026,104.94604911020451,234.18041587970302
575.8073181638351,383.3515466254082,105.40626465383042,233.38091131898227
576.8667480813739,382.8503410440058,105.1560196115768,233.9734898552059
577.1662857281979,382.9589635702073,105.0316178871312,234.585919702381
578.2091822647916,381.8461775892421,104.73423631201356,235.09678679313382
579.2600143359026,381.4852378312145,104.85304688979264,235.00629851229107
579.9534344682601,381.02012573651984,104.89654441175236,234.85340926974987
580.4413903766944,379.72126385131855,104.98729943639071,234.40890529509628
581.7319563374847,380.7108331793768,104.97672963906231,233.63218878100867
582.5929875809767,380.66148851079805,105.29160319677126,233.4067266320077
582.4362611558502,381.4469172314484,105.39806094724139,233.09678053618887
583.4464828556366,381.1357430962589,105.20560354963678,233.51111446735922
584.0574412468745,380.77124301192856,105.53074463421126,232.8020313449662
584.5062540097001,380.80945096199304,105.84397900331265,233.00262153452454
586.0162084032291,380.02812183513703,105.5468215952675,232.14636713908195
587.65063159486,378.02311723802586,104.95959914770535,231.92743203169908
587.6844479258216,382.1041231644716,105.46019377688924,231.35637305203755
589.1542818834367,377.0316055191292,104.9544190653944,231.39109683454367
589.5203869077216,379.5183222515477,105.23870019152267,231.2845423560653
590.7070940432382,377.7572139263655,104.52611570297545,231.5403162307033
591.9637722336569,378.63223257700906,104.32500445267692,231.23901738518856
591.7867926466902,378.934675779707,104.09002467511812,232.42443456770624
593.1631973870582,374.112139047764,103.68648696867405,232.7769636666631
594.0107336226963,375.167940010412,104.10666007807106,233.26745901424
594.89342505731,373.09594578897253,104.38778528265027,232.95008986358255
595.6680054815722,374.8287946048297,104.60188050712395,232.75227362530086
596.4362074916343,376.535559961063,104.74919051917306,232.38311857086958
597.1248171373392,372.9914009985779,104.52993486130053,233.25403403764878
597.6766519166337,373.6389681768767,104.97571748834224,232.6652121586399
598.942579470684,372.8808743562944,104.90635389254011,232.0901009812162
599.3463076391648,373.39972608653625,105.26849220107884,232.24597373743018
599.5390737326559,370.6289954294856,105.21480994676726,231.8167448011347
600.3044465663855,371.8452981598911,105.7096935613056,230.71723107616353
600.8637361405067,372.2086926674884,106.0953366868899,229.55218180372492
602.042862262486,373.1106443259852,106.48806648905851,228.93481777906675
602.2304653358105,370.5841134755743,106.21687663152451,228.316487992767
603.6852195270542,373.2759569516983,106.15704509649498,227.12684420000386
604.6012557728021,372.1197427196806,105.61378917623473,226.6895854692151
605.6913105782023,374.38317875792785,106.09759162331106,226.53830896233117
606.4567122439878,372.25421424385496,105.24266437272979,228.16994862280114
607.7389685451881,374.7192543364126,105.2446190554856,228.71280220691202
608.3608766396999,370.5253365586135,104.48787160897565,228.31684812780549
609.5523557775134,372.61098798012927,104.61354909270219,228.16493729832388
610.7882092698412,370.1145496861777,103.97811959294047,228.17517171245976
612.5980450355302,372.239875891824,103.7483101221093,229.0015304095657
613.6771073183783,368.70613764135913,103.11174825191642,229.42326306360212
615.3405741920567,372.1138966075877,102.94138231652543,229.58466668952508
615.3302347382016,368.6133127623656,102.81908014203464,230.19772135811877
616.5941093751113,372.1318051737212,103.06541448256453,231.11075541815904
616.990035222821,369.23295701931613,103.12342554149019,232.14457814985127
618.0974052786801,370.092098319764,103.3085429508291,232.35365262655404
618.4777679618253,371.02719840096285,103.30099802877939,233.0188356886437
619.2411643348144,367.68172574243107,103.118887261027,234.35003502639816
620.525852555307,371.1963905737802,103.40989170802695,233.9113587831945
620.8532637523281,369.865184725401,102.95274597261513,235.12037404040066
621.577099696222,371.4245927015751,102.93810647828262,234.87973286985172
622.28817120973,369.71598472569514,103.00070692718067,234.50250879056
623.167367952125,372.2983097641466,103.253975925606,234.4264436135594
623.8244393228584,370.66897508736037,102.83337535466376,235.3862731596215
624.9128311848717,370.6149579128372,102.78683087891298,235.06894405742537
626.5560369381978,373.7091136938642,102.48825001114619,235.47770461985255
626.6485803553663,373.0081845489933,102.31294205359816,236.50712954520304
627.1102236672124,372.4366823981084,102.36993594843784,236.27856111404742
627.0663645791494,374.79043863419867,102.59627360708103,235.92005291051316
629.1376620059934,375.27391932942965,101.99958458186893,235.48514212963977
629.8483728706481,374.9572114987166,101.6766377127511,235.65846351797552
631.0406264516898,375.64191033329433,100.96676262311611,236.51459957265126
631.8241665499129,376.02721000481085,100.50543358347699,237.0090649459573
633.6420877180147,376.0254093244313,99.98362685365751,237.4383098401848
634.228901377925,375.54910988083554,99.95866305464995,237.8630721661732
635.41047382147,376.3430764683269,99.73379545981183,237.58300771029144
637.376545438623,378.2295786309032,99.538393053066,237.50380335767306
637.4932007935192,380.18526405214493,99.22108513837381,237.80341102318516
638.3135355555672,379.7728200630092,99.20469737830823,237.18526459097993
640.0841795335679,381.4355714897289,98.63125510063644,238.25422623033847
642.0601133478234,381.0978088684252,98.01930179402493,239.19780664372027
641.9762154839121,383.2370578646622,97.72110185248243,239.50402020291256
643.9812009024008,384.1234918801441,97.65890423365994,240.6170097540409
645.0438693449037,384.5196733141447,97.20946494692095,241.12945907895664
645.9432949546998,384.2759179302468,97.0135757443879,241.16102629211258
648.1859124595125,383.68660643509145,96.69157878331603,241.3247633800185
648.2659823526873,385.868945807121,96.51908624074193,241.73765059207514
649.1158721586864,385.67004387469376,96.1166883874335,241.58676139605478
650.6588593162085,384.1000023901033,95.98772577206597,241.0613449164593
652.3877883415915,386.4746880361398,95.59904820988623,241.19353633419468
652.991481197792,385.82268448091384,95.35664441105175,241.32858966828707
653.8647756194844,388.1818387730757,95.4996778983326,242.01225385465438
654.4469284938414,386.9399604389039,95.57579201427323,241.7699239064818
655.8060427595327,387.5928877737895,95.25015400565658,241.8615082397013
657.5491112573015,387.7412227610547,94.9060710910822,241.33865397154312
658.4066117241218,388.9561505215343,94.31181140557248,243.0702240410991
659.8335413018638,387.0547362704511,94.48191450938117,243.03190512047502
660.9617825512519,385.73920395112066,94.29569730372621,243.25215905013619
662.0934125182627,387.6655248510151,94.17081837403819,244.0912234309199
662.9613084499948,387.2272787343669,94.18388353190556,244.24847225696686
663.5576643576933,386.9101313789741,94.16012883072844,244.67396002087878
664.7396442435138,386.1052003546032,94.17853643160016,244.3398484091515
666.4001369215766,385.63969330288774,94.19630930568374,243.92370527266849
666.7579143429354,386.108446832175,94.37695583511297,244.69660547117405
667.8406590911846,384.73569050101855,94.48304774997601,244.56363459962762
668.4440776202478,382.771703944492,94.5201152824565,245.28527359860607
668.9987257478623,382.79024273814326,94.58183440904057,245.6066618616568
669.6080213699407,383.084798848539,94.73214394079316,245.53816313240054
671.5489689241647,382.5189942494493,94.91395141565812,244.783047024069
672.7195637862349,381.3749997387117,94.3084068664981,244.70919842004054
673.268063674062,381.34943611235065,94.11622741383408,244.88870270802298
674.8157613410217,380.97059942363865,93.74672700789316,244.1832280875908
675.7399136142326,379.91997003518225,93.6308528003309,244.23662934153916
675.8713332444362,379.50234525512224,93.8268427342312,244.41076242083182
677.6326474377055,378.7653871141149,93.66155611405,243.47005425025552
678.7354592961022,377.9636340670181,93.35389401377248,243.3026238553439
678.8164197725448,378.42739540104606,93.27510721288255,243.39369914776006
680.2116371944388,377.66458682239767,92.94563084992959,242.9039981497682
680.6769382384279,376.27056470115974,92.55666159304816,242.52724437092752
682.0712859373406,376.03859845679904,92.83315627205073,242.46417249849634
683.5208284706565,375.64708832092447,92.70094504193622,243.16545304656307
683.7099846717422,374.1485542956963,92.47239968097108,242.53718039686984
683.6524135043773,374.15724981817704,92.33724172750063,242.76580886432328
683.9709580586111,373.8950922555442,92.86166570916663,242.93904232025824
684.5393984591124,374.41474358792067,93.25623887525849,243.35967031384587
684.576245787949,371.718312773276,93.73216240215169,242.4263614986467
686.2075130470298,373.85875575627114,93.94764831360123,243.02776732647965
686.1819401887566,372.3937788355788,94.07771750887036,242.51584594851914
686.9861174799873,370.02278777611286,94.37724025242048,242.87700493207512
686.2731801448961,369.9549642648278,93.78479913051942,244.42317358111774
687.679966704686,367.11502735179835,94.06935885967908,245.5215192203785
688.3257811358616,367.04166059646803,94.06816554992506,245.73444625206196
688.7450070342582,365.8143658951783,94.28348191109069,245.79431462345246
688.1680477459247,365.3617791204278,94.48216554293722,245.31822944683347
689.7446772060896,366.72657736334884,94.23819836683964,245.73329987116287
689.6660697467964,364.3089944826165,94.58684345178978,245.14642087859914
689.8175630313865,364.4122462832345,94.92308206752693,245.07362736370897
690.2277363071644,364.52373264224605,95.15310418262027,245.14276318145244
691.0941714770429,362.7333054275618,95.25627791596796,245.44760399807376
690.4830315075587,363.50335388871,95.62610700731048,244.8642951388266
691.2266042143146,360.4778606826577,95.95765225141449,244.33771969561514
691.3627271433464,359.70105479594565,96.24275154525212,244.53019467494892
691.7131694835854,360.7952014153931,96.09589942893737,244.1207939531439
691.8181534689005,357.7164969559709,96.2861767969855,244.31977162809176
692.3320248252415,359.35190581048016,96.12281736458064,243.8925301119291
692.7884997106545,356.4390367154518,96.16125392626671,243.08780803968727
693.4006051870267,357.1385460907222,95.75741907167824,243.36590222612006
693.3351135646583,356.5195706672705,95.82981359928237,243.50874217977383
694.2725134282603,355.5832252083327,96.03909504502136,242.88752946071708
693.9691614618739,352.0383199941563,95.83288335460615,242.7620059504712
694.4473026599101,355.10268130967154,95.9032406584698,242.07865542408564
694.7468575712376,351.91945875860415,95.95334540156855,241.71835396707735
695.2099386334686,352.0499728230966,96.25158141324545,241.36114237416132
695.496358462356,350.18929123455905,96.00000533698484,241.15382584657021
696.219480809347,349.79029487500713,96.19340776920077,240.920722107239
696.3312723500813,347.79393705458915,96.43665550757729,240.42716207516239
696.3833464788158,347.7010775092665,96.31337563807567,239.9464427650623
696.5047097284634,344.3226592541138,96.18330281147577,239.6311309523087
697.0606466587424,346.491765235096,96.03987520564802,239.45733101198118
697.4317317373052,342.80085992367606,96.23298656364375,239.83365610015318
696.7371878095862,341.06509225271884,96.38830571752851,240.04413072734587
697.1102828097531,341.30857627180046,96.7724188616497,240.047357903931
696.9287216730279,339.44512786042833,97.00699899497393,241.19990270068956
697.9672593674502,337.39802798718256,96.88426764032411,241.73282672658485
697.458278460274,335.0172416576977,97.1825986172362,241.3369406033584
696.980199894208,335.4339701087317,97.5026705371373,240.86137043291495
698.6029159708073,332.14615546918776,97.12367629592615,240.8289674854404
698.6406867499983,332.3469853754524,97.05869846501241,239.04353875678106
698.8387318268238,332.62301251346526,96.93322567719835,238.24753463532218
699.0905788030112,332.07875486240914,96.92252606309768,237.476030492015
699.1088226853005,331.47800593644365,96.45205777397904,235.99557610586322
699.5408796909005,330.4281015326493,95.73564341688152,235.44183881855741
700.5042436955034,329.2045233946764,95.37413254501237,234.44598023435003
699.9384514814459,329.74015935875,95.15797250825305,233.98125411213385
699.7559730790628,325.4032688446094,95.13026616199357,233.4342671655617
700.7499969348758,325.86418850635584,95.40532789593951,232.13760188763146
700.4375401792001,324.5278208492409,95.37660030259252,231.83282293489356
700.635727502524,324.17222082498995,95.60915682068645,231.51405019172375
700.8911689804704,321.21947685944804,95.67495679001775,231.36364374796023
700.8321501894155,318.539637187176,95.43215080308725,231.54275487427304
701.2791851415972,317.3206266037012,95.60139211793944,230.61879917926888
701.1999179080556,315.6003515761873,95.7383376485746,230.08066743154708
700.4377150206553,314.08818967461224,96.15591437617203,229.7420423401965
699.9912843799784,313.13567179016354,96.31118659626557,229.48510081798668
700.6415065202663,310.70396074837714,96.76658321324992,228.83340239527283
700.1784816954857,309.36139652282543,96.58409864593023,228.40384769513116
700.8726355893524,308.069524083175,96.92882499210813,227.62394678242453
700.3575195210965,307.3541201491814,96.86163131017659,227.0391077159025
700.2083611753097,304.4134982403224,96.63091726148905,225.94772294017577
700.3952004412645,302.2739365094204,96.5671927767826,225.05010480194295
700.3669862202942,302.2892561186177,96.46642846695784,224.61290271876805
699.8479994887124,299.02213181036177,96.42102707221906,223.31524501661534
700.3477882101242,298.68344361759665,96.04720237645412,222.10998843133564
701.0501965758058,295.9266270048737,95.62334202068996,222.08817405927783
700.7728312143573,294.25914879619853,95.57981365220968,222.13661476389018
700.3371229468517,290.9799954180714,95.5410698245004,221.86865332403852
699.5383400533026,290.7768043367062,95.71481642729526,221.5507669907323
699.8928296569218,289.06422427663534,95.26967166672551,221.5699300729865
699.7363769874239,286.6663924251793,95.23634146223179,221.83948217311539
700.7742288519589,282.7733639659025,94.85334896725459,220.72378089769927
699.7071750003403,282.46863960311487,95.33482872554565,219.87260123296227
700.4676034116223,282.25611479453084,95.04989745821068,218.71872571737885
701.7148516748086,281.17421054226963,94.95839699507049,217.8196010153431
700.9489010678744,278.40056101351297,95.30513781045563,216.861898527904
700.5614270320118,276.9616457488172,95.5450756635606,215.83218563650388
700.9761427077398,276.3047119249065,95.41285843869143,214.89521810404278
700.7696392493714,274.07516042201144,95.74239574104173,214.0564242478028
700.2922101238931,272.9337866908362,95.8156534332405,213.45989972605298
699.9179004941259,270.4778173389845,96.05022524890822,212.55144868213677
699.9113450960149,269.15916155298873,96.01710729731536,210.77647015784532
699.7285008948586,267.4241716761359,96.01682845571807,209.63275715108344
698.8782019336273,266.88869691749926,96.36846061413493,208.65729539249304
698.6413299405469,264.86482738898764,96.16723236413918,208.35182352346044
698.3144060151201,262.8936288395981,96.28251946689267,207.9841162521224
698.5975049302244,260.977539724808,96.05172451282269,208.5580168270546
698.1273504701496,259.1407926213282,95.83695108796326,208.707239307406
698.3473978262514,257.88767811099206,95.65917787773006,208.55698443945226
697.9373560742487,255.80083246287356,95.73771761189923,208.21589330694775
697.5769978304759,254.59328436398113,95.65095292974422,207.63818259326413
697.283209286983,253.6879206244373,95.69665894586802,206.6968923359168
696.7198329128,251.81428080993416,95.74358831948584,205.9531708357727
696.5351488354629,251.46627965760598,95.82721159849046,204.831655263804
697.4055863129988,251.28375320284954,95.67309013100565,204.23817101196667
696.8826750269286,252.05129251897193,95.37101493512534,203.63712946906972
695.6016656318595,251.273004690189,95.58007957601728,202.9075763672514
696.2579715156561,251.30251423186925,95.881221961676,202.29231511594122
695.4920471814291,251.11980384858987,95.52094383150016,201.8776977045329
695.397221648527,250.1786947481268,95.61367431763261,201.43274982498423
694.9869153656424,250.0945700169206,95.47709309153531,201.02616589429968
694.2706600971909,250.54563627665237,95.77286580495213,199.56305019383635
694.2571934183451,250.66046197353913,95.52399428536245,198.57908795373413
694.0352468787386,252.1412193798679,95.23665931100575,197.613088606813
694.1109726576732,251.48051549968852,94.91003228004251,196.97220369596812
693.6040610568314,252.4041198350776,94.74297529278408,196.11504253962858
693.8196026606392,254.37209704600033,94.40664355495949,195.0925109407354
692.8799290169584,253.8765573624073,94.45197738025439,195.0530784518423
692.925916715708,255.4597148451802,94.02181261927552,194.63566151562392
693.0514052705553,256.39450702896454,93.65383044449757,194.09812234554215
692.7188840779086,258.94477347692117,93.39456429135399,193.7272118136731
692.9262088534347,258.4696409889769,93.15172980783163,193.15815725525988
691.9224717652786,259.87257794642505,93.40358410060634,192.43557844725143
691.0888152272734,262.36350673182807,93.46153683935954,191.467460939159
691.1197152475643,262.98543288313573,93.00601015187746,190.95503869025458
690.1163245637787,265.26377075455133,93.18570423631425,190.1450801620077
690.6715212592674,266.0057448765783,93.13042428012832,189.0430639381412
689.6837904979301,266.8323723419262,93.57863145977004,188.06897109250167
688.9259500258939,269.99899489492987,93.80663332764766,187.27551900102074
688.290718609111,270.4069598504741,94.04277211126401,186.2235322852752
688.223155902919,272.51187708171767,94.00097804845007,185.56516595671457
688.3815125827251,274.32640872933956,93.81916484152114,184.80601457057415
687.5634298256736,275.2452537869673,93.79435334966568,184.13428464799904
687.935060179649,277.6226483930616,93.377296047572,183.29923277483022
685.9694333761995,278.1323573928133,94.14498497246416,182.30603858385382
685.2946491137934,278.954297698579,94.17160563751223,181.62713672684276
685.8114838802127,279.94692403102636,94.04694293870384,181.09342894281508
685.5852557785681,280.6544672016683,93.73297245952062,180.486493071788
684.5431779526673,282.0607428257915,93.80655496259477,179.5207240310305
684.6872199179707,282.5313166845066,93.37367163559257,178.75136038671488
684.7758155051877,283.26166412922083,93.27385647664266,177.98993962000134
683.9176650434026,283.45949919722227,93.26612332924431,177.09116497607528
683.9383329838072,283.34275669232005,92.9934694961598,176.90447741374385
684.208541738488,283.8994221042706,92.44940817767913,176.4682144061002
683.4889375427614,284.5724101874705,92.47910905608592,175.814970633442
683.5639918067903,285.1725264420427,92.19972642796284,175.143409746574
682.9799832826186,285.6021845811971,92.19766150323045,174.99513390548663
682.6131125530918,286.08042269459077,92.0556806731986,174.76835621747958
682.6054749802422,285.96537349222257,91.79724762440347,174.60651879686804
682.1672383723048,286.11317770653204,91.6732113397747,174.37018793626152
682.0612197430413,286.0980862112264,91.20667713567069,174.39607657054157
681.6578516888206,286.3929852478137,90.83858435712608,174.38597896733773
681.4023765177858,286.28568717815597,90.74918354439168,174.5008279927697
680.4366061608789,286.8901507561623,90.97008871533578,174.57894393139205
680.4640356729805,287.2960307855088,90.73124654398842,174.44126758241586
679.5820458042482,288.1392695846423,90.56623019533234,173.48802540294542
679.5224985479771,290.33323480812857,90.39281649316231,172.96136299949092
678.1385162010988,290.9726713229226,90.59871343980285,171.66849766778304
678.6258758793541,293.1795507160737,90.40480217445598,170.17745645273945
677.8092393425156,295.54231546871694,90.23424927366838,168.73076963505977
677.7753292182326,297.6407648296771,89.99577198156985,167.26087448751076
677.0356886373708,300.24985081705574,89.74805183389863,165.7289562988405
677.2912060879815,301.8867271601353,89.42259605378993,164.1806860765181
677.2814605760625,303.571769380249,88.96640645814979,162.7597955907585
676.6279580003566,305.0975317177845,88.73171339216977,161.44022346371457
676.9385468251228,307.9103413820563,88.20584790587091,160.0653632599268
675.9271159459602,310.62065370498385,87.97457429394177,159.01015561770333
676.8259343933205,312.0968428736313,87.65966230423511,158.1360794254126
675.2741739737352,315.383560275377,87.71709039476374,156.9890438528782
675.674056712753,317.34042965166145,87.36942289889632,155.98743640981866
675.4542351036212,319.02800925365284,87.04116916691501,154.95858853663117
675.001881538862,321.632828352675,86.74573713150889,154.29127774260905
674.8736766685082,323.96973214061677,86.51435199611771,153.99251975778992
673.8826094343849,326.79755475665274,86.50901810250984,153.46743158595967
673.7195828246486,328.1656836245368,86.51382231380384,152.74525508989188
673.5940319572412,330.72606247072514,86.46613702102101,152.20560215291687
672.9073695573622,334.1072907561337,86.31558384245402,151.95426685514056
672.0350715851855,335.9475487684895,86.35847564232978,151.13244991375709
671.4269622096534,337.7785648053923,86.34664928745971,150.57102046675215
671.0148608757395,339.83095644537264,86.01814580904733,150.04724776685424
670.9818886610018,341.77458815146076,85.52232838244358,149.7851903483304
670.2346291724048,344.4039955994096,85.39522706220578,149.1736084617711
670.6638477809861,346.87642450013277,85.10655213456717,149.0206408046729
670.1401058548521,348.99095238653837,84.79779154198812,148.67750293385453
669.4799741446288,350.95082620297217,84.68968663243282,147.77930857895623
669.0907237344404,353.3257265296605,84.30134201194502,147.2671797776913
669.0468346574762,356.47199545767626,83.69593346552928,146.3987289692368
669.1910289368375,358.51594185598583,83.36249234489783,145.63848838857535
669.2539610708636,361.4571983025961,82.92601790171285,144.46689869023996
668.4677209890942,363.7012875950205,82.60982177950783,143.6465224392229
668.8819003776521,366.0136798552856,82.16417032999664,142.82461629851457
668.5289644700515,369.4257993412991,82.04158306116358,141.62876191663645
667.9681847568138,372.7672790328475,81.82833676063419,140.71634372464075
668.6489117037817,374.63581925481213,81.0809626401244,140.49257085212264
668.6006537585882,376.01311506243707,80.79729802261299,139.72125059727014
668.6510449136854,377.6816071098424,80.50845422176363,139.52061808784768
667.7928191847521,380.32394757645017,80.21789402763747,138.89903692040969
667.7580257544682,380.9929800230559,80.10808716459809,138.25919514121188
668.2037837498675,382.9424770426362,79.58207585586355,137.7204155738683
668.0056299374144,385.7674812327332,79.28734964059045,136.93494395591188
667.2257885042909,387.64867783668655,79.3226159409424,136.03294951738383
667.3883570682823,389.28600132102207,79.12680561843199,135.43908701259525
667.1181242495538,389.99639103662264,78.86985975448128,134.85535438343797
666.1585002859525,392.52425831713117,78.82678449290206,134.6924191998624
666.1234429103275,394.75322819878596,78.50033493932344,134.2946014496448
665.8681462896793,397.47106597549794,77.99735513012102,133.76735361152234
666.2303174549218,399.55215688773814,77.66405708850978,133.10667263199744
665.3052217424556,402.1779494609319,77.46556820796104,132.43377992182815
664.7673778088548,404.8217149963642,77.3877676775644,131.54599288477698
665.2278203715576,407.65924261769874,77.09726854706986,130.99998122120948
665.3444426041568,409.3982120812551,76.9926815420842,130.4472670751331
664.35268702149,412.22355795919367,77.01894974171958,130.11379076191352
664.8737743654918,414.53042033434326,76.71604556200533,129.7654745275445
664.376289523954,417.80330527781393,76.79126777327144,129.0998993046046
664.6047163029923,419.4963548294599,76.47427818309058,128.37761069287453
664.3773699783583,422.4549542751426,76.35900535060054,127.7582204486649
663.7894357996724,425.0868182565327,76.26996396370932,127.36412711418059
663.4152989903873,427.0241371246558,76.11623483045246,126.90515571971602
663.3083463551519,429.1079494531832,75.82664977213447,126.41391575008495
662.8739260839734,431.4119316250034,75.5826860208591,125.7284920711175
663.2032388017162,433.87016438209633,75.27158111559719,124.8435116376505
660.939637026475,436.96714438062236,75.22124855997001,124.30760837659086
661.92391617984,439.07635455496745,74.92976051328789,123.22390477709206
660.0174636880263,441.50270275730634,74.84755226716388,122.50801533728848
662.1753949101541,443.8004592655257,74.83632534765792,121.69532445296035
659.6638691481782,445.7944477135304,74.75125023128994,121.08238522708642
661.3354368978586,448.46574490988075,74.33073717417463,120.41376153369609
658.9860922528164,449.8221198810159,74.31042946261093,119.61870043801389
661.1382034680054,451.4054877188938,74.12814335349161,119.39215936903912
658.2532215865832,453.40953947734295,74.29622084390552,118.79647374078215
660.8525922838949,455.7155413344904,74.07375155545296,118.54223903893842
658.7283018999116,458.98636947594264,74.0219516166324,117.89657551192388
659.0056488798623,459.60838557351684,73.7104606708663,116.87962518184774
660.1013321820263,462.19515529781063,73.70022685996477,116.17850356468097
657.1006561466176,463.877720021725,73.2975562371482,115.85125477595568
658.6821770133577,464.41962911467147,72.93702118892506,115.31147256122743
657.0568817346925,468.0997015848171,72.6524607414641,115.11328965325427
658.4440167390485,470.46412689654255,72.19468567446351,114.58548072825923
656.6071782528454,472.05710228336443,72.05509136276618,114.46319152993277
655.9088266613792,474.9549621527491,72.26791564707801,114.15866127099142
658.0383240863298,475.8553547974266,71.97004354841272,113.70730940372496
655.1254010089616,479.337616116259,71.92434581887194,113.21742570496397
657.4573970930173,481.2077671194671,71.67051991434063,112.64683671887249
655.7702130188032,482.95852015383434,71.64380936174972,112.41269920520702
655.0619701984082,484.56367498469456,71.80269910581897,111.98453122897237
656.8968373602371,487.2100766080741,71.74960415784771,111.13838659351096
654.629663565555,490.4504957870547,71.70824478844105,110.78560666908248
656.7918012614792,492.4693213647956,71.22290548706201,109.96550054610195
654.2926296584722,494.44621107528343,71.079710073081,109.8636991887096
654.0071234251684,497.1469326067968,71.12526479985844,109.57957952427294
653.2184152113598,499.0894362083785,71.13527957990807,109.36684285753225
652.6797752643521,501.37219626510944,71.1627644423759,109.08883313912042
652.2797810408927,504.1000080185894,71.26763231625102,108.65430347752798
654.8277066325621,505.5309511677274,70.98047835657528,108.1557794915689
652.4065404828254,508.3471489683597,70.77674389503174,107.86807373634306
651.8413192199024,510.6341610795614,70.73598006578294,107.39401365578533
651.5471111999719,513.1191900782975,70.68831345641293,106.9749100002016
654.1173889591512,517.2208448535358,69.90259964719142,106.11465665165973
652.0131860729621,518.2053593803289,69.90799009211604,106.2983549635673
652.305743071387,521.3628224512197,70.07030713507622,105.96670995734488
651.7415484542611,523.2470611481982,69.94535660187216,105.91358080710128
651.0870834586983,527.5136586830006,69.80875975469507,105.29825864322774
654.5522870633622,530.548051284017,68.92544832097151,104.47897562320173
651.8937546745786,533.3654067928231,68.88040153008784,104.09338627154405
651.8952872743927,535.9892510172346,68.75566945199779,103.57378667846461
651.3832971361013,538.9467949420268,68.6478395402872,103.14428737944755
651.0536759380146,541.4062657122329,68.70520007477369,102.49452375270124
650.9494077721973,545.0357974453862,68.63420042737577,101.96840572859446
650.8100286039553,546.4029656083749,68.65281667592342,101.41765242378085
651.1208497912926,549.8999395722323,68.30530550990711,101.20667683188172
650.5434220816268,552.3008142039904,68.53222342160929,100.69020255081773
650.5390366589257,554.7881101231148,68.17209718659007,100.49547311643836
650.7629581372973,557.251444586434,68.06007713991721,100.15554229938874
650.3307095476333,560.2432411155736,68.07676476609899,100.0156625246483
650.6294930053235,562.5215835492926,68.13313805152406,99.85570521916115
649.7714661086516,566.2313095348549,68.09579366486022,99.64933270055118
652.0517282043394,568.1737134287466,67.36488530485963,98.86422512524624
650.2063154755086,570.6136217602484,67.52339479305404,98.39418991823636
649.8512427413126,572.2852242368772,67.55770387714965,97.93641792358166
649.9555200353584,574.2685433172184,67.29259348891816,97.64862683740816
649.9565447799051,576.1994228722594,67.050101574812,97.29441105275004
650.1395775752394,578.2396426463406,66.96987804518623,96.78211248816933
649.7708724702861,579.3869938817899,67.0581548708652,96.54481382014248
651.0086492734812,580.6724587180485,66.36761362886257,95.7116190614513
651.1901989463435,581.3343269470541,65.71260035653644,94.86437205794785
650.6119428646205,581.0685512639476,65.74692824340164,93.91316227952285
651.9851313333389,581.853884807408,64.9781639205964,93.09520946891578
650.9019822930867,581.1741067655605,64.8757428047814,92.15614103707725
650.272614562078,581.6790906835463,64.86783760365168,91.73815932085294
649.9165734408423,580.7595740145089,64.74673077589833,91.00491702034734
649.8949907234578,581.8038243874045,64.50880282187164,91.16798363829531
649.8741967586635,581.7593141122519,64.71734435985385,90.5505069962175
649.4760239768575,580.7448534532627,64.49902086275868,89.94959080122592
649.624158630436,580.9158587414485,64.26873206452531,90.05573541937548
649.5764166452873,579.9386360017,64.11460410576359,89.64095205899793
649.0628477665565,577.8913801446341,63.85032736394231,88.85032764565791
649.0092458780696,576.9069680556679,63.63630770313018,88.16074103600792
648.9689940684817,576.0322338597829,63.33871897373014,87.5271079644601
649.6987024428669,574.8528118236061,62.415667614783864,87.1810050420323
649.4388841844703,573.346808296828,62.71955120212783,86.1642287742076
648.7905386399982,572.6714219044488,62.42640366707156,85.44750931233828
648.6200899472595,571.6809912351248,62.3525172767425,85.03272240994326
648.7373082811752,570.2698563846477,62.51939322835892,84.53498264091145
648.40281831856,568.7571817040448,62.469062810323784,83.99178523011417
648.3475252134671,569.0462341088783,62.355501432495075,84.03814970069016
648.0545956963831,566.8121518285132,62.17322479981572,83.47049186991039
647.4469924928623,565.7274827158133,61.950178161775185,82.98173950387954
647.4047556970182,564.6053312726326,62.2615695418497,82.56582057513157
647.5092313325194,563.501050040646,62.1397962031097,82.26478955231885
646.7147468234832,562.1967049560521,61.932617636266926,81.71442758794642
647.1821552478694,561.143720649742,62.1892367206075,81.36120583191438
646.9043671307408,560.5409254813602,62.031828988991364,81.26422391831179
646.4690859640159,559.3247212882761,61.7135056336593,80.64635411768177
648.2423217941563,558.9114992114453,60.62484318320197,80.74139265553688
647.2682560623495,557.8508187525247,60.18824883771841,81.03883570762486
648.5192711295024,557.1491851831174,59.44499310316988,81.07226651602565
647.084703328339,555.133342257536,59.680955716605276,80.00669618356424
646.7220434033953,554.5025175292703,59.84898119774847,79.22559146681672
647.8947471225587,553.9798157409283,59.109075172767184,79.36594297765154
648.2608798014339,552.532615700958,58.50009110018338,79.25501988597648
646.785919768632,553.0344024653793,58.818596513916745,78.95071511543077
647.6078057536112,549.5935756399256,58.021813639169196,79.07622471955494
647.8731444042062,549.2098159333789,57.5980589272216,78.57342991603446
646.780737098948,548.1352908063091,57.87539639731152,77.80146729175604
646.1822769379512,547.4347292940922,57.89532168031876,77.08061203326142
647.2704255653633,547.5464684980595,57.58113933180565,76.91456273409531
645.7544157160802,545.5912186673283,57.85132536261668,76.2310014977306
645.7402597883626,544.6948520176281,58.08451492243388,75.91409372199672
645.6957126429459,543.8554340731396,58.24901960167745,75.49565125442186
645.5317834031006,543.02670143967,58.14223213057389,75.1968639464402
645.5719096204089,542.6830401491931,58.24483814815822,75.06968500342262
645.7183864586228,543.1116224581426,57.8883958839932,74.89835217072547
645.0767223194349,540.7408616312076,57.53811760929129,74.52609284925366
646.3772568591942,541.114426255216,57.18009695926176,74.54488495553075
646.2820678278333,539.6193682903046,57.422257216508505,74.21730431400361
646.3121255562396,540.3414897440651,57.05528485924232,74.01447368847244
645.5080255697443,538.2565658525278,56.94298448223466,73.76128871092689
645.8362189458335,536.4032358754606,57.178358198539186,73.51800941411531
645.8547812909942,537.4504549302901,56.92535691403198,73.21375866331259
645.8872007822067,535.3281743188169,56.919353810575174,72.98611806207074
646.6394998007795,534.7781371706081,56.18580849159214,73.16612045859729
645.4524459073289,535.169053953496,56.37315561450721,72.90090007822742
644.6171086236578,532.451694038251,56.71773591209677,72.19933508053113
644.6946997586172,531.2808729385871,56.58773602903831,71.90235404224937
646.2943070396698,531.2945147600541,55.928965364180456,71.96917775151245
644.8008535197282,530.7729320330486,56.03191311069813,71.68970421702852
645.6536694821821,529.0683459142743,55.262075837298724,71.7629825851771
644.5184353505949,529.6141884458001,55.67118366975557,71.45199975543999
644.177598450777,526.4723232787821,55.67604243643227,71.20679036550752
643.4554801711034,526.678281257407,55.7722226794037,70.94399633349249
644.4636285861922,525.1751608488233,54.929794863012546,71.08823835419693
644.9164377041606,524.4909560897823,54.47310161558402,70.91765355999237
644.0980251908276,522.908410106074,54.76513296492,70.47408459105355
644.8290473575886,523.0261925579905,54.36198433852833,70.3547747843117
643.1843862146916,522.6061547513391,54.61248206606438,69.69895644238389
644.6010104492073,522.2276195163972,54.1185528261589,69.69944113546181
643.2137791305304,519.6703789648162,54.47591789500066,69.04846556214059
644.0101703409958,520.1721577254052,54.12009385858358,68.95746004005473
642.6478467198671,519.9680479970058,54.22818731742449,68.70156198176645
643.6663124681365,518.6057399534511,53.806283010140305,68.4975050399298
642.1082378579624,516.8323394901322,54.09578733302759,68.20088856048548
642.9550289655054,516.999690478583,53.64536286234929,68.0325247740203
641.815422649707,515.4827411758232,53.94984047235488,67.74696298754152
641.8157030659067,516.5143492624825,54.06808635973546,67.60940551707343
641.6617043590243,514.3935900388669,54.364176555476256,67.38144058875521
641.215173417291,513.4659456661896,54.362407198765496,67.0763010485112
641.493986847251,512.4337272329135,54.249830429396994,66.95554747583913
641.2371672380488,513.1975382829278,53.97363598290728,67.17342510592059
640.8940382884385,513.1388552234031,53.71296675190553,67.07479485525053
641.0842635972457,510.79888851677106,52.95985209992452,67.19656128777113
641.7315300254085,510.3935675336724,52.438288608718906,67.04803410456964
641.8463034456257,509.87066144651203,52.13373207954936,66.84111745904325
640.8179685925951,509.72367089194785,52.402058713673156,66.53201823589248
640.6905525762331,508.3087257063454,52.13990425710111,66.39418952903344
640.9763338709645,507.71496802510393,51.78289988158751,66.2451970942751
639.7562084499878,507.74330434963383,52.126045935714565,65.79712205163585
639.7834204975048,505.8377006588675,51.871475001657714,65.60722460147292
641.1266674736366,507.6372241274323,51.0989556921477,66.51352968460695
639.7178755139721,504.67895274446,51.28994506801968,66.66111102095566
640.2318303223441,504.3008992752623,51.263068757397605,66.13578604597521
639.6518860526302,503.3755660833632,51.31046115920636,65.93478211689188
638.6044468276991,503.3464918659221,51.70352710334648,65.3637850487301
639.2718725544871,502.4523431185414,51.53309863866218,65.08197794449228
637.6814106631178,502.6239204205708,51.56077816442736,64.89018099119035
638.4313538321926,500.80639217773,51.15591569674592,64.78544703726625
639.0362900828786,502.28517856375345,50.26915857399223,65.53475340416591
637.9822165988318,499.428047745093,50.36657694444484,65.52930183042727
638.946201172763,501.0269577484287,49.67344270602155,65.97930086596176
638.177669519248,497.93298201505735,49.79969995321417,65.78091219140796
636.8153904445329,498.99170504100687,50.50125762389981,65.2328236538903
636.4917394214004,498.42391790851815,50.57461122722893,64.841998306441
637.8841119201034,499.6819046884924,49.88673808269772,65.46701405008137
636.5279121068569,496.53592654106455,50.814655468513806,64.91302260247497
636.3162647384349,497.8042172457317,51.421867996009134,64.51849932721967
635.3206658395369,495.9661611998309,51.95522642403125,64.07578979808014
635.1103111139431,495.6638338352793,52.232533760708264,63.884309042010905
634.7227551875463,494.64284367633536,52.1910548275217,63.78492740807083
634.0051947066304,495.66022639451046,52.12426665258135,63.88018592801953
634.8798766161373,495.29411933203977,51.560904015169974,63.84000813763949
634.4306907844536,495.3631161329304,51.601646200559664,63.66776411627147
634.0127782507591,495.6334046414833,51.57810204959934,63.49432199806654
633.8020584985359,495.86004399309104,51.50708809812076,63.367158307019906
633.3028990407934,494.34492993222887,51.19779364080293,63.23335230055519
633.8088433107018,495.06513953669594,51.337319256946,63.18991051624269
633.6666753295908,495.0960580041568,51.31551935610247,63.04693526105376
633.1742993269161,493.24018167898134,51.68217822847908,62.86848658121973
632.6862662054118,493.9863396737588,51.50552068227266,63.15351112301407
633.4461553686775,493.71398825438973,50.98869743481981,63.01581093374078
632.9576394369898,494.04845189973236,51.06795329054315,62.74714599885995
633.9190160443078,493.61174510852277,50.74064368228362,62.65388465738236
632.5682602445195,494.04082211991863,50.6473459404296,62.47082267608312
632.5536929243978,493.41372850500744,50.37539513836859,62.3623603459308
632.5316479707204,493.6347833776038,50.59477594321177,62.15387261526061
632.3892091588995,493.6767555826002,50.796441861764976,62.04639839816221
631.9797364929891,493.73535375987615,51.00218563499584,61.92238077490654
632.4968609590269,492.1502783749279,50.43098936314698,62.04051027977315
631.9489552203081,492.3892930225921,50.48983737775507,62.01364272665511
631.1173769665297,492.6463624478595,50.54202183845979,61.84582900539084
631.1641106949954,491.14255540618495,50.98947618881754,61.66842454931122
631.2208840522709,492.4155039067865,51.21699178162429,61.83135742786891
630.4071388716994,491.03379629060873,51.229762036642235,61.73045548149818
631.990188896391,492.6896144726498,50.22116416163651,62.744422125686356
631.4071224486139,491.14219606896773,50.12427534965611,62.494956278784116
632.4044563085598,492.71449459506044,49.37550623415719,63.12974836958886
631.2547209038618,490.53689344341416,49.4662391933641,63.03969491650321
633.1114949129507,492.3455275475844,48.98050537272653,63.42133427423328
631.1139093599738,490.703982014748,49.37086171084263,62.906190877167994
632.5043899513104,492.3560979547301,48.8972754823932,63.389920957042705
631.3230301738093,490.52378118826203,49.27385597832853,62.94012787712483
632.5542080999144,492.18483962673463,48.93386130928496,63.27049947025717
631.5614267066945,489.765565648606,49.30352417526115,63.03855277471993
631.3861087707509,489.10779041349923,49.9053147083271,62.359534062537556
632.0926024765031,490.8020180104547,49.525188052743005,62.9008882005206
631.0242349125164,490.40604304213326,50.03467978109639,62.36818224669864
631.4749665738457,489.38210178086,49.95594759571358,62.05843856952292
631.2543097186324,488.7445797950503,50.314707703385096,61.766519583760044
631.1739637951808,487.78885021868814,50.66344326385769,61.66512869032662
630.1316232551278,488.97840874895707,50.69509528359994,61.84380405494434
631.7100630637739,490.59786959404966,49.89427426387253,62.63187468577357
631.2757717462732,489.3182798078914,49.75108212050792,62.4375773999511
631.1272225320013,488.74890013208045,49.82918214669451,62.12782002507908
631.7980030704781,490.3494299198642,49.28690230925055,62.90589429388727
631.4597950803789,488.7517738282581,49.50965663902987,62.70334738057243
632.026699739657,490.40654127650845,49.135393838799274,63.382532662675786
631.1379041580942,487.9884391912414,49.19811013830035,63.20700663911809
631.4420111026576,489.6142616396747,48.84871323644952,63.78857650207819
631.4814411443897,488.4632476880231,49.10011629080274,63.203808407761734
631.3191104827301,490.1182329189346,48.85569344664139,63.59833623695428
630.3705561346303,488.2543472196775,49.15271378491565,63.24368156430151
631.8164728089308,490.03190124173784,48.68119141043583,63.633498351571255
630.939509593583,488.3408543581409,48.959947586424114,63.210047027136056
632.301210991866,490.1512185881287,48.65157860714929,63.589692884329686
630.3269078051377,488.09354697362625,48.975847307418704,63.2835916972884
631.4517221737079,489.55111665910675,48.5560287127952,63.83270622876272
630.2389793405738,488.95823592777543,48.92296116022207,63.00933983612448
631.1610153572943,488.8015069047107,49.112333292964394,62.55826948850846
629.2501251782835,484.9859619599735,49.732190519043286,61.99859113610053
630.1356901610274,489.9145642579776,49.48656621552008,62.001644642509405
631.0049994836166,489.68674708230094,49.40902566577755,61.895779815453146
629.8078812981892,489.5554235965627,49.761300605129136,61.678566332131865
630.4025367168964,490.66344841988507,49.26727598206635,62.466598411561336
629.3606702128045,489.5386358287838,49.573338845215325,62.19371378045511
629.3163975744743,487.82315860529394,50.11108773229603,61.80020152211266
630.0168067102748,490.12590124689143,49.76961351396364,62.47913339132242
629.1177163112621,488.41107591727285,50.18444823120885,62.17947806796988
630.6831884719023,489.84009522924043,49.52251783929542,62.949661909549874
629.4249643473355,489.03459241966254,49.738970666065725,62.427508129673
630.6741171251202,490.3971696464718,49.26507869615922,63.012881715986694
630.0906040875601,489.18640019605664,49.477976982735825,62.5876479460712
629.100505529246,488.4411067135593,49.827014555372905,62.09956300268736
629.4621493833152,489.959628064464,49.53312562233505,62.96544150067642
628.6792511262526,488.4823266550699,50.03638160530194,62.47218884689995
630.3149123344266,490.36688075376327,49.47564764415424,63.07240151895908
629.0299052221781,490.50995175407746,49.794659795363316,62.519807682698314
629.5849828296031,489.5357151408761,49.81393797399173,62.324369785825326
630.6285052710368,490.78109797839664,49.49668600551469,62.95789672286003
629.130859151366,489.27650486846,49.71123750694128,62.69230624557448
629.9973858628971,490.6091892282735,49.55588350671549,63.32747916527549
629.3142458708146,489.3252737263673,49.90084755860646,62.93835568987036
629.2275718176433,490.67122506104704,49.648133379049064,63.52135631793527
629.1431636383278,489.8170749782406,49.99713876606238,62.99592402161878
629.4902592094854,491.05795322347115,49.884532792585546,63.62681911769033
628.4782307873048,489.6760392582419,50.20234850611796,63.2216938678357
628.9114208558221,489.04305083028163,50.463074439601826,62.77680951770154
628.850438857452,490.2979350102512,50.30781616060814,63.5574626436632
627.9847481084995,489.2876244821148,50.632223819706994,63.171846574539316
627.6408765278878,490.002419057616,51.24640187781668,62.9070254041125
629.3066353925811,491.3592300445054,50.63901072580729,63.60972995316085
627.5984324055531,489.6949817978699,50.92189705035774,63.334227308553416
628.7671290098707,491.1229405297087,50.6243526461964,63.882943366909466
627.3047101308133,489.1151609279429,50.8698326372061,63.601595622351525
629.1706580069371,490.57750242402375,50.280228192407996,64.1219118481769
627.8242819708793,489.60493580596176,50.67949247727695,63.3979581511649
629.3199726300329,491.1726061824909,50.368526789310295,63.935924340092654
627.6983788578863,489.95742017264155,50.77284476191774,63.374210664524675
629.1515216275866,491.6123601384882,50.41774316149722,63.7323359608739
628.1148304532884,490.5899921191215,50.98704342639142,63.28002719789526
627.9494129419523,491.78609795260047,50.94568898687868,63.78847819153606
627.2813073269277,490.53891588774064,51.564145733704805,63.24793927178679
628.4869238370197,491.9134738185023,51.124616719716016,63.683982855072315
627.3378397640613,490.063423127784,51.658072055116435,63.333333027249964
628.7246689236625,491.4281149231082,51.22764946703879,63.913736233171406
628.0746139457978,490.15390361201287,51.77411036681063,63.533607419891496
629.0755580165132,491.6644172996697,51.52238673419932,64.03155291826559
627.4898457152046,489.7562638245495,51.88747707969069,63.685186871985024
628.2072164864182,491.2757357278539,51.68221973774102,64.0326983628463
627.2361997581818,489.8318673460688,52.14838091600049,63.49718588172654
627.69737166159,491.30957287355164,51.96496274499873,63.814457493539365
626.4408264848604,489.63851747123357,52.42319012238363,63.305401334598294
627.3650055477842,491.0484784368733,52.12082222518893,63.6460583694595
627.6653978461153,489.44079170208573,52.34253243338604,63.267334224746364
628.0879467080428,490.492289762391,52.18395337865941,63.9387483519386
626.9554943554117,489.26945929379605,52.65160793228736,63.598764996297106
626.5778344647796,488.11129491746624,52.9785758046294,63.31426057139021
626.9352685441287,489.97756260836354,52.74099905113215,63.81497771492518
626.4351106815599,488.6665323233515,52.87027085575268,63.580776793173776
627.7551030162036,487.8979812679457,52.654342716463944,63.470190157533025
627.0575784778175,489.3334016311881,52.39071624182189,64.03064244175987
626.2440947337986,487.52114247592647,52.82524548503979,63.71306404207799
627.6937608313118,488.79948238049167,52.31657190703321,64.23869538635952
626.7910103298038,487.2510180514841,52.74065897343412,63.85850889010832
626.4904885125877,486.59921024220625,53.089800146814525,63.42297016982724
626.5306213240673,488.07936527690117,52.77557772494424,63.675888564564104
627.0339861618329,486.9786003537178,52.913949596654106,63.38686121717468
627.3097143935948,488.3630654825587,52.513033663811974,64.01433117273444
626.7066786371169,486.66042235146693,52.846162967524045,63.65836980003025
625.8517567307758,485.9101286958515,53.11576925808093,63.281443821809596
625.7345628006849,484.9498596683202,53.67180655044519,62.55310234882653
627.0034488001321,487.18497858198054,53.09141627686199,63.10279440737014
626.2614716391247,486.00395330239365,53.29668681725289,62.9327082878482
626.4464026594493,484.9695622773896,53.64882919020857,62.79654215098188
625.8022285752037,484.11967286433855,53.972660361362294,62.431136860720486
627.2311733082922,486.2806372517963,53.20425081843361,63.04632709291562
627.0677891586113,485.0479992624132,53.195996996127676,62.871434404842134
626.9581804821701,486.6681513707866,52.944173027255566,63.23372241793861
626.9195512268104,484.8159474692474,52.90106837700709,62.85553010428718
626.9139855822302,483.80905569740537,53.26400684323434,62.031161716208544
627.698571520164,486.26079325735213,52.72437324117798,62.30488500634925
626.9312583363787,485.46893446364163,52.94024267076786,61.86568937622561
628.2168844518338,485.1002627666812,52.560254830803125,61.60407984494128
627.7136966302581,484.5606829322533,52.72728096566894,61.49924617425847
625.8096745615601,481.044443002858,52.963825516959886,60.944960266905355
627.943574107086,484.3339707411275,52.639418702671904,61.12835739275289
627.890477472383,485.37649657481205,52.47244862364138,61.5791378920554
626.6296439959053,483.60471216081635,53.09711764797744,61.351489612273994
627.0901668244456,484.6967860888034,52.62098752396274,61.815686273054126
626.3940224296068,483.0006642466372,53.007682417728084,61.43354641246458
627.6495067507906,484.439751965936,52.48358144160504,61.80433981351237
626.5418711934011,482.61100081289715,53.07940270248692,61.40996319045185
626.5217008421108,483.75024507127637,52.92728645929055,61.77962511772424
626.2893591097634,482.26679443852606,53.1256404566889,61.56600036508213
626.7543301858136,483.5440748185789,52.85300849240504,62.13092522166035
626.5240518096016,481.7936805078064,53.13430001393505,61.9941200970201
627.2055644241643,482.62062497758893,52.80752334952963,62.68120381942703
627.1418526052679,483.4886876541999,52.80698757200601,63.2233735063358
625.56637235332,481.25976171088433,53.43472062266993,62.933247182517675
626.3797808787224,482.5057347614527,53.18454639508444,63.3897123076536
626.1057359458745,480.9233851364326,53.46080117205041,63.10656705238367
626.5345271717102,482.12780683692796,53.198257432403516,63.8604524378615
625.4289059707569,480.0884674352966,53.82470149828121,63.39063547162348
626.2991543190715,481.74078280838665,53.61794913682661,63.9230542096963
625.7588519123468,479.766923727232,54.023888380016814,63.41902924609012
625.4301686602827,477.55640740049665,54.67760846988389,62.69336247100235
625.9718476383056,480.9606914091624,54.281628085897694,63.04979107766384
624.1284953391432,479.08340226675256,54.47950044888602,62.912017258296515
624.0965431859757,477.15352512424124,55.17125296317161,62.459749334151695
624.4756533761731,480.6749581790259,54.568074456231955,62.728259319400394
624.7680370158674,478.86441027285383,54.529675656571925,62.60485067999283
623.646776998729,477.4156039258326,54.83736419079543,62.072609219448466
625.3485645190236,480.7035418896994,54.02217616268777,62.51181803521466
625.3112022623553,479.20706302123244,53.824122582209675,62.2511201000753
625.1324808554901,480.68135071926037,53.4909604111796,62.78971706920799
624.9814796464314,478.8326506286637,53.677706206863554,62.49698468013462
624.4571690780576,478.62045564470094,54.11039356770919,62.13613197132522
624.8934427710687,481.0015779270021,53.72842662125451,62.42716632975761
624.5426975388137,479.4175675857651,53.83036165296819,62.09335357335833
624.4842151950045,479.71658461734944,54.075606950432835,61.666639859167674
622.9406397757828,478.6780685469521,54.11568537829274,61.61086212256663
624.4541345306486,481.3451891868053,53.63660941989167,61.86208818142224
623.4722186776154,479.457738526826,53.97004130276913,61.601845649146995
623.5816403400114,479.0901503086331,53.99784572334809,61.46610548053708
624.6682049486275,481.0532475351551,53.194941578022956,61.824891324581685
624.5784961223677,480.04432433565637,53.25243021085298,61.33501582263925
623.7336660244788,479.5590530765576,53.50217880270318,61.167509692002575
624.5207254889332,479.63875033918987,53.388601122115894,60.89651575864781
623.2338711337671,479.0503273792267,53.59524034964466,60.96668152377373
622.2157397313703,477.80143618952405,54.292504359882685,60.53453679250711
622.515499327525,477.30993709629877,54.63614027745556,60.25102258500627
623.2262180599278,480.8030029330097,54.041652051427185,60.538561108117605
622.2881487191258,479.47410983457263,54.123152814558814,60.515716621092764
623.1680845463766,479.1938482944793,53.80086579865295,60.41770678377986
623.156854447171,480.75895852350203,53.40829331226112,60.87243128918968
622.9715923177004,479.6932851635552,53.62221104601967,60.7117345615888
622.5328415008759,479.04192734949737,53.8508575895273,60.78511047088579
623.4098273035761,481.02128169548774,53.497362439815234,61.366361209599646
622.3718990481044,479.28808005749124,53.579520830641606,61.063888648266534
621.9442195035374,478.6389653585982,53.65061809707501,60.94231394983066
621.050547730888,477.8886551609041,54.164760772813736,60.90878791711079
621.8374531301125,479.9092692279705,53.68750663787779,61.36593138408262
620.7789814164173,478.4125170905617,53.941572577131794,60.83544908091254
621.5081885163496,480.1143980680026,53.34841468677648,61.11809469210142
620.2370459425297,478.7803922070956,53.78390857655806,60.65250737102297
619.7450749494539,477.84412012115484,53.97845338262938,60.49572033562899
620.1091909924461,477.55473461661063,54.09284888157905,60.33419206025924
619.8723873952476,479.33351834236737,53.896371957132835,60.882683206310496
619.2436304410426,477.79123864109937,54.21295013460904,60.46621907788642
619.6562529386433,477.5544026448177,54.0325404327005,60.22053340109633
618.8214486511484,477.25800944171533,54.5967061261061,60.29074615741778
619.4415254795299,478.61470842272314,53.78026713690175,61.29719873556329
618.8766081139024,477.4919563700778,53.975644029621506,60.76835100560305
618.3506018741156,476.86280408648616,54.12864221504771,60.329217451944366
617.5553804238268,476.4554535963654,54.31295611305407,60.00214795012272
617.887404962715,476.1022618715185,54.097780167745086,59.984506448358374
618.431911346781,478.0521442618898,53.50078046661987,60.95762355695905
617.282388832266,476.8373819264798,53.83537561314281,60.567307319728556
616.8729005928537,475.86181026379234,53.89328094643273,60.36587372173317
616.7783164579432,475.0814845163286,53.84626792729603,60.28335247572429
616.8474814136154,477.47653331350796,53.6558977295896,60.82613585518149
616.6038902622165,476.42259612008405,53.902403510132544,60.28151962618463
615.7814884388289,476.0612067069629,54.178991715203956,59.9479185381432
615.356522173853,476.09892306631684,54.28074933937864,59.65218198595066
615.7711358371492,475.8283110868555,54.18441553934029,59.45642061906009
616.7576214424877,478.0631828556644,53.5440499290206,60.06884613738087
615.1857271995248,475.62104464971054,54.007608035841756,59.89221661590854
614.9572780389365,474.92007720591965,54.06494519025491,59.51908608143221
615.0516968358088,474.8870925791807,54.01922560548155,59.29391126190062
613.869187404201,475.2386108628924,54.563016560562644,59.04238428939452
613.5584015418066,475.1261455915826,54.476460786724836,58.88751406530759
614.0171992264084,474.6339202400192,54.338634897749714,58.72366173651298
613.3467903760311,474.5015777904156,54.3148415688792,58.64229303540898
612.995636302786,474.23691902489594,54.25956776613545,58.522079142402745
612.671525771286,473.8389928973572,54.246055678653086,58.62930028013636
612.4784085050338,473.2875330631248,54.15138488693696,58.73588420374338
612.1514939385818,472.92767591507294,54.15261242014769,58.72402295119825
612.6727017517926,472.82305367134364,53.77063759630037,58.81752683395815
612.048380476926,472.3836961176188,53.88226003494952,58.84875705476155
615.1284740357008,474.94115857707214,53.02218993323851,59.347154870687675
612.8000254046341,472.8977071539875,53.156052622770616,59.10631466342066
612.0698294937872,472.50865927116115,53.36322722415797,58.903277206493364
611.2644404350588,472.30745515036466,53.708549022759485,58.65825496855983
610.9777844034747,472.0739335474539,53.70320202831048,58.48189899539954
611.1486161352307,471.95874767622183,53.67921764218549,58.36524653551689
610.7564275287168,471.8687434581676,53.76564300193792,58.084938045384405
610.2594150050085,471.6311780094379,53.83527862741469,57.92567280703684
610.3510415916187,471.6413847590139,53.6550411798348,57.77172492113083
610.4101957073133,471.7173787124736,53.434781282269306,57.43136410418863
610.5123700684574,471.75211475322595,53.278071672900666,57.14457935889038
610.2250873396803,471.1516794461105,53.31521804972071,56.86295788384971
610.2023234273298,470.61806196332503,53.15646362044093,56.661824962877425
611.3046120686405,472.9576305588838,52.305727523389386,57.15852481170738
610.1651037689535,470.5022170185621,52.51435890509684,57.005264978288366
609.9973993413537,469.18096439130085,52.479455248375345,56.89708501781449
611.1187529283063,471.3422710219127,51.795544837890276,57.22038011230354
610.4881966184915,469.2472450090952,51.763762259651386,57.105920590849976
611.1872466365435,471.7706553118681,51.02097458288057,57.08741505259547
610.7480183847359,469.31013414964326,50.9911806354077,56.990157320587585
609.4642254307087,469.18858475703195,51.210478245809085,56.639281813531966
609.0861121062464,468.58059445612673,51.3256186143876,56.38068987601283
609.4552095786879,468.80653671646263,51.10439615170923,55.96306610515796
608.3566904498555,468.81015981259384,51.38437999462484,55.60037476633492
608.1281331956178,468.46025908920603,51.370040359576066,55.55280996354924
608.5123195403078,467.64998305746167,51.28485193628637,55.56005276285491
609.3523005501404,469.79080201565586,50.74215333386526,55.9640513668522
608.3107368543864,467.98976777316585,51.335074245347,55.94395584083063
607.8480492190038,467.2269032692521,51.57946066790272,55.715268502108216
607.2207960032747,467.05553051057586,51.79886544721559,55.45057557436934
607.611365175054,466.12580101318594,51.6589169172709,55.467804606800286
608.1120833921706,466.0269121756372,51.54028571127097,55.31723074371645
608.9095507917721,468.6118034773746,50.63961133048308,55.42718227491572
607.7641976036202,466.11617863103623,50.79796583148169,55.4704510868552
607.4840216096281,464.9863611978566,51.27046217494171,55.1180952629832
606.9881124777352,464.17849772188185,51.56748554546284,54.925670373768995
607.5973852972978,466.72633180534143,51.0156890260963,54.8542169514177
606.5421261125626,464.56666491219596,51.27087776280738,54.74804366907455
607.5012319150194,467.0946929928524,50.732480425052415,54.820490353525834
607.7432081269194,464.0478899613877,50.284076829794614,55.03749281309226
606.6583940975108,463.140001437457,50.7149317810832,54.86195211193021
606.033263867683,462.74275815017216,51.092633706593475,54.77820477689292
605.9691200601842,462.49214456404013,51.30031332262394,54.806237230796114
606.8287803254902,465.117225415171,50.732820484997205,55.12080998745774
606.1802878563459,463.2874379627864,50.635041238334125,55.13019000888041
605.8506082150891,462.49084987726695,51.04414994292111,54.77039507911206
605.751880021988,462.15625240363835,51.16629587535091,54.47585075043696
605.9916724347007,461.533070833606,51.206197060000086,54.250339534231806
605.5624895155476,460.4997370547874,51.36132995429476,53.89430477939958
606.893329656004,463.31920839635205,50.71621356574633,53.81333023591864
606.2837810304986,461.35047362136226,50.82001576422874,53.85643495206649
605.686429184004,460.38675563751946,51.21827617365986,53.59996865611072
605.6544673462957,459.6205309617493,51.15080570120353,53.31942996481966
606.8304094315573,462.3096695104067,50.55524176879389,53.29499607963244
605.8312670765716,460.4442513659645,50.44962342357407,53.24442906537054
605.2636881843417,458.89348832518914,50.80538264750999,53.13784457601369
605.3754898148849,458.25763849328837,51.104204084299624,53.04554463463633
604.9029471545649,458.12158243194676,51.38002479035752,53.013882638896085
604.8820418424023,457.0578248984894,51.36785950100931,53.01657508923374
603.898159157361,456.68703035779777,51.49630349619859,53.04087430560004
605.1533960369146,459.11744889956657,50.775292661094944,53.19088145271425
604.8728688892239,456.9815179360319,50.69674542783171,53.2661200544358
604.0806562394539,456.1792032424302,50.90322089350185,53.21407958652132
604.2131898168265,455.952758436483,51.147109694262205,53.036439556310604
604.7351800416186,455.4486806398097,51.39559087835996,52.943076041838616
604.7276694518843,454.8055028801313,51.466181389921815,52.804245761596654
604.4441438792062,454.2334413329483,51.52860751286656,52.712010213384545
605.1119710328522,456.97991242354544,50.63624194907039,52.6783518609257
604.4801243070249,454.42235270751894,50.4568739297397,52.64628596735616
604.6740257666754,453.62563668690586,50.37428660759122,52.42900066429826
604.1880973224867,453.2658009490555,50.534152519635185,52.092009699698956
604.4413212586753,452.9422298411854,50.689945629313634,51.837976237662794
603.8815443656666,452.57052301539454,50.70243755238548,51.558493003372675
603.7828939763966,452.2364276254747,50.68841800519325,51.3225770470292
604.4023987599871,454.88970637572055,49.88269960503304,51.20482274249085
604.0724744751543,452.16249971264807,49.6206486175849,51.26854574194506
603.909194664808,451.25202404862307,49.875833918783826,51.09342978445741
603.6599115365076,450.71257872689876,49.92143512444884,50.9311508560295
602.4676926439012,450.5867143378531,50.45146607601315,50.795089192607755
603.8829310192991,453.0975324844207,49.7137599016941,50.802812240140234
603.5566833691593,450.7245767795782,49.53963945118424,50.86578745826648
603.4631160334867,449.46668913919484,49.52794323485418,50.79228427948425
602.4376448015372,449.14830659196303,50.01599791093416,50.71207940705935
603.2690800771795,447.9745913226849,50.050028204223395,50.63916535447497
604.2934557825217,450.5893285659356,49.2465439463254,50.66132069738019
603.9151317110026,448.7452588397766,49.070409022137255,50.55444552987096
603.4236413560304,448.08646473579347,49.45484847231586,50.17846693867339
603.0285188263946,448.0925610482238,49.65938115833085,49.78538886178074
602.4613720140328,448.2095835148843,49.761883215251956,49.59344747978788
601.5098165785773,447.3026514743504,49.855458344356876,49.4812763950689
602.0889224535227,446.67542197589546,49.71983258251099,49.3958775752826
603.0609581119166,449.3673945087488,48.496778268782386,49.34560074153998
602.8970897687589,447.3431484092648,48.294157534653436,49.26859083098042
601.4910620819337,446.78539013680364,48.56669431356211,49.032085085673
601.7466977992489,445.67714693114976,48.636753655146315,49.10656653024487
601.5717203770209,445.5063824896687,48.62333724658863,48.961112203358645
601.7249313610753,445.47510849217,48.65967381481866,48.80540616860516
601.4894519171822,445.3726298949794,48.55356306244512,48.59611415143665
601.4195900682978,444.26523693365004,48.606882309976385,48.64661298379379
601.8175590303753,444.1229939902521,48.36788029223152,48.52550166065931
601.3270665426458,443.77602936259547,48.273255702909495,48.42797958101922
601.5502122690174,443.35605547299355,48.108713141042884,48.4715188261731
601.1839715872665,442.53742451608673,48.204986268327275,48.49575364419208
600.7977810393111,442.3862001318675,48.34855290539099,48.40118776490832
601.7454207821794,441.49679136984236,48.218015198028,48.4974660643339
602.6950254318022,443.9266448145338,47.44889792358572,48.43848940337516
601.9454836776562,442.1341628757953,47.688172295487036,48.35254053823735
600.5284242838775,441.2811432719951,48.22578992337641,48.25497955376768
600.4292470045713,440.64525810967854,48.4712049679181,48.15305259751709
600.9666048575968,440.00993883449394,48.5291138880265,48.17106532486534
600.0813306486513,439.2314914447067,48.70168609818454,48.254093522523036
601.7169354404347,441.64690307165625,47.650169936935235,48.29723505515349
600.325668133306,439.67513437916386,47.565837247344575,48.345600559416155
600.0186831556351,438.6847458415832,47.98879133330698,48.19313621955371
599.7105459514487,438.2980864802518,48.183219202897824,48.117626626481595
600.6380595211378,440.82567847432904,47.275272794911444,48.092070438314956
600.8643207476649,438.67217241201865,47.00969043072534,48.063092610848344
600.1088746844442,437.61477217624025,47.364036083663784,47.99088875463109
599.4474732140706,436.9970878190553,47.735597411976656,47.94552006894604
600.3624783311724,439.58572652008155,46.90558527042438,48.03879148738921
600.0458043276453,437.0242045585313,46.57141143118395,48.07563565005257
598.8045967940036,436.4313815124167,47.21958200879767,48.061575187868996
600.222114727184,438.7059364540981,46.459451776363196,48.33441526330755
599.7531104171667,437.18984797686386,46.54215102921802,48.232401896807296
598.9201504861808,436.16769943767895,46.608671086120864,48.44941368541273
599.301423953953,435.4298082518761,46.87292692882051,48.408559566196544
598.6609762601544,434.3016799493572,47.13104523588188,48.40149882466151
598.4549390534748,433.81126932822747,47.30196420366514,48.17955436371966
599.2760799950347,436.24335477588545,46.499110268543404,48.198367152943554
599.3190845925504,433.9826733096953,46.49310589224963,48.35830420870636
599.1188174066286,433.0562084790194,46.62706179839311,48.264258400468925
598.4083071661578,432.28795371878056,46.903269576202064,48.17130687091313
599.204392810719,435.0003110137141,46.21560246703412,48.28172516602524
599.0476924387091,432.7876897729881,46.10069782355701,48.23868828575252
598.2244143894679,432.0545348437651,46.49629404883999,48.04365981488321
597.9898344946874,431.47903199337827,46.81702936201586,47.820360028977795
597.612181791684,431.4802885367886,47.0447799579755,47.610528904408824
597.1806112463266,431.2189333350974,47.271999928046725,47.439437427908345
598.6097326552936,433.7908895996093,46.28887131261209,47.562101189015294
598.4946555902922,432.0164019537967,46.49397497200952,47.33212721992875
597.4696498528331,431.55632819408765,46.915690667699515,47.005947100720775
598.2551245960499,430.8802633780889,46.74865312946985,46.782901447378855
597.2220038182302,430.6348785401098,47.099764952023605,46.55572179253029
596.9586988269251,431.1641844572184,47.46750416310654,46.32514388241593
596.3667574048161,430.7438363018648,47.9174481941149,46.16234223493986
596.2919530678979,430.47105477240353,48.14174710559268,46.05940121547422
596.390325007214,430.3080483523485,48.380895063842175,45.99042322397061
595.1414814188711,430.4663028248015,48.38540053505312,46.056027169546596
595.5115253970074,430.3743475274257,48.20890924463964,46.04677074838809
595.1091362510615,430.43249830239586,48.24216888886083,46.131708724719644
595.5967404347007,430.47242604583687,48.062116940859596,46.299639312714305
595.6158490401476,429.73019639139244,47.55635702204563,46.68128418564439
596.3576357723118,429.9824496747614,47.3113197963875,46.65774341203913
595.6621826407215,429.9116426402103,47.10652126563815,46.69194326533824
595.4782580891488,429.5399594926953,47.013686188523835,46.70566073186187
596.1923691910556,430.06818152168506,47.052805050117094,46.51334335616375
595.7232562120686,429.4417237877274,46.906363921489785,46.60664593002082
595.2914753947184,429.12353714456253,46.652641258247165,46.660311572841685
594.481547667667,428.98505078238725,46.783821594857166,46.54307327314637
595.0969247123281,428.81304394846563,46.840010225948205,46.43261183618074
594.3044992062136,428.5698586947526,46.86819474476138,46.42790009253489
594.2973917502977,428.32971026526485,46.677266815849976,46.26636352694219
594.7215027509891,428.2754835039843,46.59408896720407,46.07925695776937
