595.5,428.5,46,46
593.4094976321,428.0473840843834,46.45697638687715,44.666927573840354
593.4523142806172,428.72620363295204,46.47810897847418,43.6604439365839
593.077504670806,428.9807973941309,46.58927978090995,43.093328612021104
593.4483194583669,428.2714261541754,46.470916425880944,43.00726087788938
592.1769063876188,428.9666105897139,46.69984328873626,42.488421168742484
592.6919668216268,428.3893430458372,46.41209803297922,42.590617894755724
592.7671405919526,429.19787439710285,46.25346761761676,42.226549133531535
592.2518257216165,429.38990950577283,46.091623946729015,42.00175319626285
592.0606565638025,428.43695774892194,45.951736465180716,42.18777147990022
591.5229211407018,428.53846043686156,45.991098459949086,42.11503968457217
592.0425316546017,428.55340263582394,45.81785388497671,42.039594565339385
591.8051338671938,427.5532853453815,45.79838649625917,42.28133798773889
591.9870143072967,428.56769968780395,45.59556013880133,42.17193955878389
591.5162726357338,426.9915411056964,45.64840689287679,42.68331295735864
591.5427041545026,427.5637163894268,45.676675812810615,42.65133872218085
591.0465674975172,428.1513347896878,45.68988388735183,42.53190629349277
591.5502290167801,427.5401918784156,45.68517641984826,42.45566010691232
590.8216721479046,428.04130609939864,45.680887979788665,42.342855929377265
591.4442027341499,426.7056719112779,45.40894803313179,42.61174979962212
590.3947154630819,426.863987910997,45.537219688686584,42.35988327587412
590.3539139203817,426.26304199072865,45.504506504331395,42.40797295996251
589.7974309233055,426.9927131464256,45.51600333935775,42.18211598964068
589.7763198955109,426.8115764524914,45.45845777706538,42.12368429747677
589.5146409494961,426.36737914294076,45.504087570464215,42.09829733326882
590.5034420149666,426.7117313672453,45.213923927529756,42.180542486786806
589.8450137755323,426.76075917954716,45.208238811893196,42.0757217727197
589.996498897792,426.3773165607313,45.03199127571824,42.19607423637984
589.7472906070444,426.1183353918676,45.15477113059549,42.06534098599535
589.4620344590226,425.560432829614,45.035113794204435,42.07885941406856
590.0817588713776,426.1682054535579,44.88317555527913,41.97199024211616
588.6778738814133,425.9701042969068,45.052208095098344,41.969573171844836
588.558902715036,426.309968785534,45.019095206295454,41.88929919356036
588.7005281786935,425.48488543248845,45.0617029315723,42.180084939187104
588.2654878413914,425.6127158066672,45.110663224821096,42.1559592232211
588.991974257562,425.79337342418864,44.90384720419404,42.155536433027194
588.1578350091045,426.09267448540066,45.0080161372817,41.93216250698569
587.8996112549376,425.20885936869877,44.99671798149579,42.11846184496561
587.5179640916468,425.35027975587343,45.110081711725655,41.85016650383956
587.7156730428915,425.25649223079654,44.77518682375202,41.643076640577426
587.4289069490909,425.03589609352235,44.63852841715665,41.60487346596425
587.5595333717869,425.78517032215524,44.75583814138294,41.549611904450394
587.5922689006621,425.1393794111945,44.69621442920454,41.52522223265091
587.7252780187154,425.6777403051702,44.5438162209977,41.47077255468494
587.6185111357267,424.6621250543818,44.45643739814027,41.600505930636004
587.1472553449725,425.11002604296147,44.53810228136463,41.60747047922208
586.9273082545998,425.27644879740666,44.49998148632382,41.66276651300488
586.440188529244,424.4416061958354,44.57329381062781,41.687313571654244
586.2104303151142,424.3544475826037,44.783382830907456,41.750520580248306
585.4000571637034,424.7979378242625,44.85698889305974,41.75939051692893
585.7715179630665,424.1009817484388,44.84297166082682,41.809502719883966
585.7361162698709,424.6197923368128,44.95773966417222,41.78648718450111
585.5421727303943,423.17709839691435,44.93823599963146,42.23533565275315
584.4429967225441,423.98774486198323,45.13940350033256,42.049893819722385
584.3236644418458,423.5288898523313,45.08912262525138,41.93510595618319
584.669484206484,424.02380354892694,45.249408349843186,41.8590553183249
583.994530436922,424.53823375032607,45.225486762609066,41.663906539672084
583.2565559089643,424.4785848777185,45.3703398846103,41.42671784518229
583.4248989608215,424.421625764562,45.19887399681252,41.224920788339844
583.6831237600983,423.20308943250427,44.79700095404746,41.5255178894061
583.4856765752918,424.5789260405842,44.69782482352508,41.53560919961342
583.8615837113798,423.47129954126984,44.63856341590061,41.64578207052601
583.3168553751229,423.9299231142789,44.671163456181716,41.38715820264892
583.1545158269322,423.68645321814137,44.61724988259928,41.34754096663042
582.7391039258519,424.03676993680483,44.80745893675878,41.40503796047864
582.3728334192821,423.85565343092077,44.742789733376185,41.239404489512104
581.7366643057029,424.25947609469495,44.964635316224516,41.23805264951257
581.9346946191895,423.9351204057841,44.870102278811025,41.23452816174127
581.9018580014896,423.3747307389952,44.94335175350609,41.251455938541184
581.6978469934653,422.70899676565773,44.999012239489076,41.25747251116223
581.3659849401959,423.229197244665,44.95042358805905,41.19422181454979
581.6618872806771,423.63374757915545,45.01373844540373,41.03455726178743
581.1463995888242,422.58695639007334,44.983528230736134,41.21760370836446
580.8783400995347,422.7490732540026,45.164907424120585,41.16661531513114
579.9512888768568,422.794398224468,45.682182710548645,41.175161338834705
579.6463599306537,423.38049955821896,45.760026173385434,41.24077524352219
580.4025791496725,422.3957738370294,45.532419616871024,41.399662525554305
579.9017158019815,423.1334416323032,45.759388628975955,41.403266468240474
580.3389059674278,423.2752190931483,45.52111347787003,41.26551531101263
580.0563783202408,422.35338076473454,45.27103019382902,41.49448843180659
579.2834336816563,422.8227761410101,45.32482876894118,41.503273784850094
580.1327189216012,421.8883116098025,45.112456833553814,41.67869601037411
579.6167394254163,422.5028256560794,45.08928677471491,41.518439041706365
579.4531089928648,423.2183399742856,45.168876020760294,41.33654530347973
579.6891353202707,422.4427424267128,45.120478458664834,41.323929692486615
579.0600553527654,422.22463294981867,45.26822508076333,41.26566538397441
578.3550108237638,422.52764151148926,45.298166204806705,41.27053096012285
578.4752129054065,422.94427983813205,45.31683148427034,41.008237061067845
577.860320454742,422.19496660325075,45.48001153292282,41.234128054336594
578.0667034790617,422.1002921241736,45.23520426540642,41.27431932446919
578.203869849526,422.0798640896922,45.142008624340164,41.19781179150903
578.4213656539171,422.4733264632117,45.094710361104774,41.285538297693336
578.6455614911117,421.5333555814554,45.02653269242414,41.48085753503723
578.7785282768299,422.31508972763567,44.695553510917506,41.61066374066249
578.4046888660943,421.4201277801617,44.670145128886055,41.794036107633445
578.2847294181676,422.2565341604038,44.857978129648316,41.591786520443314
578.6857842191464,421.44818621161437,44.772328576843,41.6565798854447
577.546458872177,422.18624443181596,45.00499428733758,41.44738854155334
577.0662088961108,422.58114565392253,45.09957721247343,41.459380387882774
576.8396606920212,422.5589890468427,45.08258597321452,41.299482501106525
577.2390650116732,421.82499833073786,44.980623282606444,41.364022384968756
577.4266673944178,422.2648472031356,44.93017689776887,41.32216060771392
577.8250343283862,422.40381166026674,44.73538586707048,41.45714093298227
576.8332098269364,421.40739327685367,44.977184374631555,41.620240036539315
577.2901403648358,422.12627222569324,44.7267483867616,41.69840897678142
577.0575676875777,422.45038851981843,44.88692666569132,41.5389034216693
576.9347519158082,421.01807481730947,44.790289086629855,41.87386392605238
576.9308902810651,421.64580515395414,44.61311739201716,41.80933707634854
575.9895355552244,421.7741958938661,44.82381713720127,41.78466334014563
576.6045551933852,421.41508794397754,44.820552314996505,41.70766834200014
576.4620759403464,421.8873626758112,44.70564197513454,41.87040652367284
576.2728981433912,421.4303963669364,44.629746220072555,41.788542103344035
575.8336679476366,421.7290905268675,44.81376481623269,41.751800436657305
575.8722898489706,422.02254118498956,44.93872790832002,41.2788908875812
575.1523723576199,422.82298643178655,44.9683781500012,41.089178148389344
575.3702957425438,422.38485457090053,44.906793266034825,40.97511731333383
575.2495663985684,422.5085477175443,44.98054232027764,41.04976677973379
575.7853087868814,422.27289458788783,44.756932304279374,40.930985804072705
575.5104736235502,422.6494818561189,44.671529982416644,40.998651030298376
575.2226224260578,423.08190445642526,44.38109242903326,40.92296727339594
575.3077193830989,422.6665311754569,44.23992314759869,40.94202964410566
575.4601890169879,422.1937384984458,44.02345423449701,40.8984604208726
575.7003756415351,422.4510331566963,43.95713555798497,41.04483559335471
574.6668780872533,422.6981871943947,44.2612443807665,41.14838076130905
575.0675840936802,422.32723940358744,44.173639414326175,41.073658079202055
574.2581455349128,423.17346206640116,44.26750761500602,41.091836256305875
574.6593385744405,422.95469689245203,44.08951940982915,41.11868976723671
574.7755906688838,422.5911582792519,43.90837965023768,41.11990538465483
573.8720429997469,422.9968237285057,44.218913461259305,41.21142255104668
574.2396071557217,422.9237137184938,44.12298899576425,41.16191385183609
573.609071444119,422.62731732737194,44.19988993442681,41.15521408418356
574.128602381074,422.0699082521635,44.00134206474739,41.3294045404705
573.0686653030623,422.8710188008987,44.211627526198214,41.47478757469864
573.9785448011605,421.9401342416624,43.97460609504244,41.53534748182179
574.1314479735616,422.6821278723121,43.829874686630006,41.55369684180681
572.8743356304543,422.4724235927996,44.09567770383846,41.388757318289464
573.4696803739713,422.3672136496833,44.07952146475221,41.26715939536943
573.1446450299989,422.3509171034965,44.22765684948578,41.030724449956544
572.6921449473018,423.47749541793763,44.21225550130338,40.90898128085216
572.6881188333739,423.4609819651381,44.36955498806083,40.60146759854914
571.993521288026,422.7956405232382,44.68819939859591,40.59421408098174
571.9988859607106,422.92519608837796,44.63763542720794,40.389246539692216
572.2568152046877,423.56358581873485,44.46062898717389,40.39772096138651
572.5086561481437,422.6775251721498,44.282688421110464,40.55570603553203
571.9540010408292,423.335149779374,44.08557389876278,40.72029924547627
571.5447161813383,422.4049851708073,44.057423041458065,40.94684130745833
571.2025745439222,422.7653461803134,44.226123635588166,41.16532100105452
571.511175564455,422.5932456966509,44.193612403772505,41.100791044249945
572.1364900054734,422.3198719994287,43.88994438818682,41.121595219032685
571.8716157311735,422.6797088029975,43.81250995720302,41.31219307767339
572.0505749138493,422.45952709815447,43.876734544531956,41.2381695950408
572.4931883131518,421.99043972459066,43.77821687573737,41.3165534805618
571.6844873179168,422.9079428949325,44.024263809444534,41.32855417608722
571.9933219233293,422.108587811952,44.12915136846762,41.39747322533365
570.9860855080576,422.7692193448686,44.3724531060239,41.323950070579976
571.1415416028494,422.80913152018576,44.32086493062715,41.13961217908163
570.2717825294777,421.66927029038897,44.64338361810383,41.397502649386816
570.7350574114178,422.01706761612195,44.40605189850481,41.503951555087994
570.7667210270561,421.9661909419764,44.37546883646343,41.535807154849124
570.6633655063848,421.95779683563273,44.40359127883919,41.52242680627157
569.9149904718058,421.74707330249595,44.629970745389485,41.65010272481719
569.6515158841661,422.0877769931879,44.661012137160654,41.722936094699726
570.0598570054153,422.59280836014443,44.55563777792482,41.72657086578396
569.6632047939518,421.535000525642,44.62887952776009,41.903992140677275
569.6171144754343,422.35358629256154,44.37851683102631,41.939694103847344
569.8086727497997,421.4372429781274,44.37081215039079,41.977630042255406
569.9958311734724,421.95329858659437,44.32536670220945,41.793452356129
569.0990404405067,422.77400553366874,44.303129619938474,41.597029573735625
569.6155546500612,421.3658939284063,44.25419981409165,41.88459081793664
569.5223639620697,422.1840309585248,44.09613402434705,41.77315901996778
568.360473917268,422.52920532152996,44.402940856885664,41.748442184254394
568.6511920510312,422.00527894630477,44.33505588416269,41.68723965401928
568.9112297098552,422.837098231736,44.021055713309124,41.66888883530836
568.8513236118511,422.0712770841573,43.88750736964265,41.63774359765931
568.8132251717425,422.6614869532685,43.64614244461144,41.793026636345864
569.1557981722603,422.1291988151658,43.415621662682604,41.63155575430993
568.7344320175494,422.24050122576585,43.36091711488095,41.536974646937026
568.9642966119699,422.1143319336052,43.35909154962096,41.57403159573548
567.9104587081491,422.40388663458725,43.48889105168228,41.36900124240489
568.2009411029547,421.8489378449557,43.3313697582982,41.57032877047487
568.1449021901676,421.5663458997098,43.30023399885336,41.404158483968395
567.4825760945021,422.3788824903945,43.389327441939365,41.357538485773205
567.5474835545208,421.6712342060059,43.53007129637308,41.43185035244
567.6061095162374,422.4837143400563,43.66392211847287,41.663411452366105
567.6480117310916,421.2654422611169,43.61698100088962,41.881242326706
567.5805843213859,421.5428450552061,43.56679768584547,42.058681170500094
567.8498963348497,420.94644008151994,43.520435098479595,42.11186497250959
567.2135655471649,421.49858989403276,43.53050590789614,42.28253015690168
567.4129579603989,421.0583889634143,43.43495327442139,42.2689620054738
567.4756781801611,421.8856910928856,43.24273607497441,42.26124063818607
566.6078392431258,421.35095325166986,43.61397374633212,42.012829372032094
566.7607704738441,422.34449873069605,43.74018612973259,41.951515372445286
566.255611109048,422.5815032646446,43.750440724726985,41.88273512797165
566.5764396525441,421.76516078168544,43.94104221985012,41.784862652178525
565.8806657816399,422.42261014246867,43.96892306960675,41.63121094561141
565.9827649755902,423.1196468825154,43.85394110772114,41.446523695033065
566.7351585829794,423.5936331098383,43.72729958767542,41.233587375107
566.4237600419408,423.3735179207181,43.560718622763005,41.266868471654966
566.7064624040536,423.0651780637636,43.394841627095076,41.38638629052725
567.1208923749173,423.0679256458165,43.181932746616525,41.352719097239216
566.5313410757636,423.7798702473483,43.15617000850554,41.51929842006214
566.5169086870428,422.74154468007384,43.06805675902065,41.60139217393474
566.4434331235246,422.9866138480438,42.96505227661633,41.69825927441521
566.1464154088598,423.70268283798515,42.94155288968092,41.91689994577005
565.9904664763427,423.20005577294785,42.971661839319225,42.039546198590244
566.6826496540285,423.94377007925607,42.84275658071121,42.32571041567799
565.4917681905888,423.2597758844447,42.81133319586883,42.297968309847846
565.7956650144462,423.7559713414853,42.87748348497884,42.49678635439254
564.6062811409496,423.61648224078897,43.398781554047034,42.528381438109335
564.9570884824185,423.89634902907386,43.49626172689459,42.601767623483354
564.5495795609517,423.9370170040599,43.66062960501887,42.55576801149498
564.4003066800414,423.99364472151115,43.65122463174716,42.570429821622895
563.8793667163478,424.2100671462577,43.73794680232885,42.70985685561738
564.1133006779775,424.65512067610524,43.892445426654106,43.09099014950661
563.316563707689,424.8487609673472,44.0689215768943,42.91523576719807
563.7108574711085,425.07065477229634,44.123878414031,42.87979245590088
563.9689513645917,425.33503219374444,44.14781385132301,42.846174827665294
562.5874406223697,425.8602866118647,44.330078671490924,42.978305351852725
562.7976158859261,425.6449727674596,44.303539519280825,43.10613476948366
562.344175959504,425.9256483542171,44.290646687550776,43.278644744326016
562.6971685395602,425.0334182418136,44.302563174529496,43.45619044886938
561.4517888690306,425.51884184221797,44.65571851740448,43.50334075134124
561.6933134812977,425.7854984893836,44.71464908260418,43.555820654165075
561.1407322023108,426.55404644856924,44.959282754259675,43.47567635398833
561.4959900506419,426.74836411464526,44.830809930503115,43.43616211558631
562.0737155835662,426.4357410549228,44.663668546069985,43.51130069633108
561.0117899913276,426.5808414956969,44.814478672960526,43.46036244035794
561.0751967282853,426.96290616166027,44.80554787546802,43.38810314217224
560.7904301820491,427.7450293478855,44.86690213779339,43.153800069015205
560.0635459038625,427.89042547753223,44.72165176277771,42.7598843162292
560.5517814199178,428.72805370564276,44.29514486059196,42.530540936408855
560.0361454239704,428.1463066055269,44.02945351840332,42.6911522983915
560.1796565784992,428.85972148058505,43.67287531580527,43.04705646551142
560.3198804366116,428.6100053047752,43.63909194484485,43.25888239899842
560.2594049810133,428.7516298395021,43.896597916785886,43.21139616409357
559.2182255886194,428.5756411671706,44.33632469397472,43.2288771596602
559.6386753878377,429.0343517357079,44.43686210153492,43.32148057016251
558.7138281150524,428.50513266790057,44.88733618049173,43.54893637831597
558.7048351507335,429.47284763355026,44.87147043716543,43.67536247843438
558.476507267096,429.89228440174224,44.837467652985936,43.48323253765062
558.6801739039032,430.0765274003473,44.82622673462282,43.44034311140912
557.3465319866087,430.74983834761315,44.779765452024364,43.213775819500356
558.5252244142957,430.3300857456191,44.473125607026375,43.295548095689234
558.0522763472526,430.77496597353934,44.190860048493334,43.43423777126508
557.9587670279104,431.49643908675694,44.112359038387126,43.488087318336085
557.4383707210036,431.1907749588862,43.98968591390447,43.67241454482456
557.3189664964076,431.28836963593164,44.10247546639746,43.66402659449459
556.8530531843088,431.1300216826876,44.36996481318251,44.015307239296874
555.5819736451859,432.18395464464373,44.584431859568056,43.89060526821195
554.9259557138241,432.6271526885406,44.789697326059056,43.439541419092365
554.3904700774597,432.8229482870546,45.16512250818513,43.31358723240038
554.4530069262469,433.8842054532736,45.301449987063336,43.37911720957848
554.6143146654515,433.43360144544397,45.371136753555774,43.370285323504234
554.1394488886633,434.45889117018595,45.333367401141516,43.29185846477195
553.4794537499129,434.1237962362561,45.38498371242542,43.66799155944594
553.3594345512142,434.9633486783118,45.126197006777986,43.7539625973469
553.7576970280688,434.9489841023793,45.005735411852584,43.834245970871685
552.5644050172783,435.47891545739293,44.90328239653789,43.86793143951731
553.0918491287282,434.98625573671444,44.65148218299563,44.214335580505036
552.6163160202992,434.4891408626818,44.71169982283104,44.40987405583475
552.4940500228206,435.1423530117566,44.783245295471204,44.75838738261641
551.3485286251189,434.7928567867643,45.087701758553514,44.76852817807148
551.6416604661788,435.2471122248774,45.25946205371342,44.95309186201068
550.4892870228042,435.67323536989227,45.44570131679014,44.888102826104586
550.5317080331156,436.45846981763606,45.56996030255593,44.990800205641406
550.1278930695106,436.38674572963595,45.742440035597795,45.2130880934866
549.712303336544,436.75360163086435,45.90105529302348,45.51094815611162
548.2538794837192,435.8370295681443,46.27134223436035,45.885167988033615
548.8667604745353,436.6543285444865,45.950403615555416,45.98909602202068
548.8104590978169,436.63560498277633,46.04733851511533,46.312566076778324
548.2890855260566,436.71997136912006,45.99975446185097,46.46759613816302
548.5614528942334,437.3936865964639,45.888883693154334,46.436858512607444
546.5677319601692,437.2399516284049,46.04764719176072,46.299113253307965
546.1505896968641,438.4875341706561,45.99751859524008,46.33682466035221
546.4488939051664,438.2341620884039,45.90228031060505,46.18452581080717
545.3468828725966,438.4614520048738,46.162461991261424,46.18946545356575
545.4505308642654,438.6880159871843,46.03762097989292,46.1445484817578
545.4365047393708,439.55608535158444,46.14396868406497,46.04182676326496
543.1874298244468,440.0737236510697,46.574354708523515,45.75752887256159
543.9532542006875,440.5549023578226,46.612719717562484,45.910033662653845
544.2803028639258,440.2695599678526,46.57504277930754,45.968031534348654
543.0433051035925,441.8869398829331,46.49075926249865,45.86126004265816
543.7822982969884,441.4521979584347,46.55209882823668,45.9580614632951
543.2217870951121,442.92350381393305,46.597391385035095,45.88947462030981
542.2135259729257,442.21594686840444,46.8599318007183,45.95431490220564
542.3150915675118,442.87117516895944,46.756001255145165,46.08135806267703
542.7665059072175,443.7732599802739,46.60614428450812,46.283810754501296
542.4780908715553,444.64364687038244,46.49720777811199,46.079907573077165
543.2930974531176,444.2311502193294,46.28407963333607,46.05149748572939
543.2457089067622,445.3979894985494,46.21320506190914,45.871032666684506
542.8796079752188,444.7353962593755,46.17260242632315,46.05931895849369
542.8592341037375,445.6747769066568,46.10787254564434,46.042124803556604
542.9226727379415,444.9053173876514,46.0170182160244,46.29289686891116
542.6420355469238,446.0584805996137,46.00782858305283,46.15043529598453
542.1305329571445,446.3652224371029,46.243747395004256,46.194168527553686
542.997615242238,446.70062502879864,46.01213843356655,46.59346484371961
542.3844773291067,447.33858163693543,46.239501746573,46.48487342863166
542.6842667585502,446.793116529599,46.25709453285075,46.5440459309403
542.5503275381469,447.09654385917503,46.56248107765382,46.52440943718588
542.316354715634,448.51634909649215,46.48200253835727,46.44398403831161
543.294845011487,448.1128133599887,46.47424296162768,46.885654571138566
542.8724895161675,447.44783992094887,46.56093760438144,46.99870431920574
543.1842491635433,448.8473547884998,46.3883230366121,47.07537410421499
543.837515414152,448.80989890725607,46.4282384800357,47.40853386803954
542.7159498272671,448.8544759548352,46.72227058993242,47.538577269653075
542.9535097456371,448.75387960650386,46.937883828334215,47.380764425706374
543.5308550398873,449.9027211596188,46.82582999196242,47.44000799908773
543.3096800322578,449.27239629985377,47.0125173573514,47.43347203059901
543.9277386099378,450.7664726840653,46.728076511100255,47.23002943101433
542.9293073977268,450.4400227652545,46.90048009801304,47.30736810282637
543.9203386590965,450.69451596038374,46.6753681921102,47.58474489701996
543.9827441268754,451.5118951320784,46.660446830901186,47.5513312582586
544.4043110768961,451.37209122565866,46.66829792145671,47.541232006469535
544.4054070320677,451.5393276568304,46.40805211230217,47.41792284375295
544.961950443735,451.0309107577318,46.4717225054212,47.63123179015107
545.1740527088486,452.01489668595025,46.35031126938509,47.51855225396575
545.3036194732236,452.4209493937132,46.16096276933135,47.69444872146972
545.16926574881,451.6707248725297,46.415520048480666,48.11629091988829
545.4321857685602,452.456864890021,46.59913776406882,48.12111581101511
546.410461169964,452.28593054971583,46.720039859286885,48.48212009158132
546.3451314738863,451.7534885075276,47.23702851489096,48.66963208990967
547.6910223907347,453.08107037474883,47.026034912090196,48.66098134069673
548.5416573644786,452.9972387870476,46.966608998797184,48.917104737985795
550.3579437490857,453.90788662173526,46.7553375944816,48.71714588635184
551.5289874877132,453.18967241360156,46.99121871463896,48.66694660467466
551.7254989971275,454.06190721855,47.16878195994373,48.516957151676195
552.7036454324467,453.95626995689935,47.495787343318355,48.652221939512486
554.3212336753417,455.0414207309239,47.34995178274522,48.78715124740517
555.2134056929447,455.1362166717857,47.612151107295574,49.02216765587712
555.4699506232956,454.6587933482301,48.009522851188805,49.221141278524506
556.4731974717018,455.2809776143569,48.25168375833465,49.46517618579276
556.4142823194376,455.330162901694,48.71928407238077,49.46287023083861
557.7033985092648,454.98043501272235,48.80329219794487,49.36275509069867
558.558722911396,455.3746952664851,48.958499921964645,49.66043994644683
558.8349813418492,455.7620036574682,49.39191475556565,49.67095199634397
559.564277099128,455.8301034639167,49.47743282390908,49.626988388216816
560.899777199174,456.38275049693027,49.60954274649792,49.6492337184757
561.901668484312,456.61620064641903,49.707991917173324,49.69340045231222
563.1692341476588,457.42708414712985,49.667586533091416,49.67543589344118
563.7248855000188,457.1711156027784,49.75201236879211,49.80010205471487
565.2607463288119,457.29328790727686,49.841790449898966,49.80200713636985
566.6851796389649,458.4933587147043,49.62849483255336,49.84992651089489
567.2281522332066,458.48300745490303,49.686945710735394,49.69141893389973
567.142543309644,458.926332396506,49.588906697842994,49.68673093280825
568.0627870010331,459.87376796966544,49.643915206635725,49.76987342117104
569.3918079035445,460.0539261482218,49.625763595552144,49.88424234557343
569.5768899790327,460.8037112612629,49.68714213914443,49.68013556229364
570.7793353584296,460.56642682276936,49.3391037210488,49.61124401056597
571.4265755676433,461.7586485168759,49.15874473969404,49.61558193148068
571.8374903844963,460.4512344588716,49.09536263387382,50.02216930003753
571.8405686233286,461.72976934684164,49.259194505289145,49.87295312746051
572.3696092295204,461.9588959919955,49.331863233777696,49.907200619165664
572.3372062807367,462.53931737745654,49.4301766423649,49.8978719015884
572.5686060020183,462.47694968305376,49.712327553900806,49.80479040110792
573.3145249281176,463.10563166369565,49.65998681493019,49.819512344899145
573.4202004987787,462.6913202390204,50.05434302100088,49.89998681253962
573.9691339163103,463.32425280348843,50.03818425955383,50.03828397131565
574.5167191963446,463.98271643426716,49.99355200095302,50.09811468915118
574.8507351239643,463.89493942625626,49.954826104461524,50.2895337498413
575.6147996168042,464.17867349711406,49.68927501013147,50.6210250063954
575.8834451004832,465.54583837739335,49.6770602532724,50.42152080926755
576.6326205296871,466.0381578251686,49.49026835673297,50.50559915500429
577.5709012781937,466.29179244860563,49.40933159269083,50.85038194107777
577.8076746328827,466.6442064402564,49.62869042854755,51.080102037743686
578.5216673478731,467.0020023813503,49.71558291394922,51.21396843278146
579.851814910114,466.847841005941,49.92708606636866,51.57941744861923
580.6790677196316,467.48082898184384,50.04053908838575,51.474781375849496
581.9069991953957,468.55677719757057,49.99432622421398,51.41143789620874
583.716479376508,468.0488743305043,50.39046967897548,51.72391436522372
585.1631911147482,469.3854138109558,50.48138090975529,51.68867043010806
585.853770719234,468.39156888404966,50.588444776650235,52.31888619525147
586.9187451256606,470.0091013910838,50.81996737836312,51.908171299820324
588.2700923172057,469.88452723486853,50.92731394604817,52.10828633551412
589.8511528891306,471.5909882406144,50.96900993133335,51.95198854582409
590.7995237516809,471.1615611801961,51.018759686106556,52.3429900145878
592.0295564290451,472.41634717606746,51.02254673692623,52.08654488251004
593.0930159016045,471.90659171787206,51.00875716917243,52.5764424828417
593.4891919261918,473.05177385916284,51.187153484923265,52.195066556850364
595.0935762665181,473.6657127557875,51.25569112255382,52.210648703557695
596.1862140503279,473.74704313471995,51.179272232943376,52.41433040084155
596.9437232624879,474.38451876902144,51.03074810660446,52.42743192955605
598.4634686415868,474.2678755514039,50.88143078361775,52.57667288757969
598.6492311155152,475.2371337790471,51.07258542455564,52.39378418364366
599.3415906559369,476.80843151849945,51.16501785681213,52.24673313833277
599.5643979783205,476.2993727316041,51.449905519459854,52.83781618506008
600.3759642540646,476.4923413451283,51.51003817716961,53.05028700139624
600.8408815907615,477.4853473845137,51.71825978200459,52.91357006193812
600.5670188754855,477.36271498419296,52.08209367775131,53.18195310520106
601.0814154416657,478.0118978668751,52.097285912212,53.218730786759146
602.0352697278724,478.1102133768325,51.86338746419587,53.51425078880166
602.5972760740519,478.5879711424507,51.91461111617457,53.588540202557255
602.8939603820031,479.4821977507002,51.850071180787296,53.67642260693842
603.6632636611967,479.66886333549786,51.97663004674721,53.94025930834154
604.49153827844,480.49755845293964,52.03956025390326,53.86774346501372
604.6989598569853,480.3038824834481,52.096522430903825,54.23000671750081
604.7590470919538,481.3841537165631,51.96281362089085,53.981665655842306
605.4687675954697,481.13742245754054,52.12612937159531,54.26878118520955
605.2717212975011,482.4147507331828,52.24427535040586,54.14802570547346
606.3917087134184,482.4799303031457,52.18271510177727,54.44966052688182
606.602024268217,482.50308084364565,52.696169420895046,54.684940639090634
606.2731825159143,482.29569150988584,53.102459517917254,54.96091349997343
606.4539443082185,483.04626522610755,53.30783380241884,54.802617467905385
606.8814517442646,484.14919112357774,53.271914363085,54.736035740179986
607.5620530632161,483.9112434488467,53.02869590086411,55.15674145776276
608.3370675531716,484.8099178373302,52.87451316862615,55.21258167234239
608.3504091141476,485.5374645906452,52.76893716003546,54.957431708192836
609.0115191796558,483.95049925709515,52.832557325764384,55.791208442721555
609.3170535967197,486.1306833520006,52.75060208235389,55.7466638079034
609.4409828587776,486.5128015118545,52.807608680079596,55.66509867750369
609.8232860492801,487.4698119117292,52.89503877520979,55.734415756935206
610.2619851725999,487.0756866889954,52.928620276342414,56.075850026226675
610.6875744191994,488.1026044110125,53.03257522125361,56.20181390050611
611.4529620712614,488.52968695915496,53.04003248205592,56.38309532884129
611.6139638720736,488.3249766017451,53.439885534121885,56.68893005537783
612.6125685232928,489.22394583422187,53.56867997390153,56.56221809188907
613.1022422595394,489.13093997253236,53.53805218171762,56.74057580914085
613.4157327382493,489.9197899908945,53.38123871215744,56.615483165681354
614.2840584554925,491.27037618308657,53.23302543093793,56.55256280117945
615.1623257051829,491.423634695486,53.30372376923418,56.84063912249955
615.1421041250893,491.5136489767466,53.632607752976355,57.05133572558384
615.8995178375027,492.0241362243967,53.52158331906307,56.952432150750994
616.033177206629,492.9314221026389,53.52467395623937,56.85295090749594
616.8391137930478,492.8488637991137,53.35851215768484,57.08396376485391
617.3291508769157,493.6317635433775,53.17651593088966,57.061125635350436
617.3581349331926,493.60714374023394,53.31345160928676,57.56455916153462
617.9912293646925,494.18495667964055,53.1760782780178,57.869889260161244
618.1669779892707,494.3532180306271,53.3319852370445,58.11708301030994
619.120852276725,494.44597133338505,53.53822386954856,58.153487492426116
619.182788484572,495.24880092579997,53.940616777016686,58.561324229684914
618.8468939297305,495.38643908962445,54.084887554695044,58.98403390877271
619.0937837569935,495.7636822309905,54.07466446879177,59.2034415068847
618.9921451369526,496.7020763558,54.16004694015865,59.1539983900935
619.1125783709947,497.00261174959627,54.224442709861805,59.283995736808805
619.5767899644065,498.1949121101365,53.83981123436844,59.34478237916224
620.8974697282679,498.47320019295086,53.73241920161043,59.349752718031
621.1651993352973,499.07698445289356,53.50564716783225,59.56587427878836
621.778591882098,499.0336432437953,53.24920429310666,59.7964379732347
622.3831865153771,499.31516985183123,53.1269160952359,60.1042327572124
622.3602234043575,499.8318634147224,53.38860399370587,60.52767756349791
622.3030554834342,500.4482757335134,53.57470557129794,60.59114034332774
622.9340461378645,500.41050231760346,53.71413603421169,60.76679303448685
623.3729550136502,501.34416948126363,53.695132462537416,60.78829592545112
623.1636843279159,501.9201598251021,54.206368630627836,60.641127001537754
623.646034721441,501.89280775398464,54.061641789195484,61.21550312033885
624.2001893507041,502.01546923164307,53.82808117788207,61.64827639982052
624.1368829190474,502.074455595027,53.6948067929178,62.079349891447805
624.710948744075,502.55798041620466,53.388819751360074,62.15333554362534
624.821448502981,503.27366192009987,53.245566781306835,62.267348955855894
624.8496596592202,503.07463648060667,53.187521906531884,62.591809004873866
625.4339940977119,504.2094975579585,53.50406118327297,62.70554117298516
624.4802317032174,503.93593821854944,53.79262380356852,63.00026508618782
624.8122138711063,505.4962755727296,54.128190498445534,62.82540999414525
624.2383131947186,504.6195878215038,54.228102737794856,63.109769302253284
624.0013402409234,505.8185931649045,54.29980836904856,62.97273492999662
623.9183739363697,506.0248941158554,54.053256868754225,63.13768361813314
624.8800298440009,506.8342642838919,54.00159288826961,63.22347340195596
625.0252940631113,506.69868227073675,54.14185633470957,63.362329392177344
625.3611250919366,507.9664787159413,54.42334544349785,63.19742422492796
624.252066189454,507.3859207844595,54.58325239870122,63.219489961815924
624.3669473770934,509.2319558788136,54.99197891216302,63.04800006485575
624.8317067596456,509.1228224214315,54.930233203088875,63.13865136389437
624.870470154846,509.41139417777873,55.054341087952494,63.10264655979138
625.2041871860623,510.38801707022554,54.871274038497376,63.164995495738204
625.6670281383275,511.07470813453017,54.79276028153093,63.19222357564034
624.6697845279699,510.2692141919795,54.66230901423954,63.61226559701797
625.0515697223321,510.94298294369435,54.674755099285136,63.74326040788877
625.7457856831121,511.16306856059725,54.82365726223609,63.950379165461754
625.5368220660166,511.8001155231646,55.07504466347737,64.30713174072376
625.3288944023894,511.68359923715633,55.05399335497051,64.88450258078198
625.5459966148611,511.9614761084105,55.108104065267796,65.01056756195217
624.8261443170912,512.8565941413789,55.21721579009513,65.00782472492772
625.0454512966288,513.1397687645726,55.49389386755335,64.92442625535578
624.9554707381404,512.9013814972109,55.142003037222686,65.18825039652177
624.6687603914586,514.3258739523192,54.94861092922518,65.19129242569704
625.0219017231764,514.9686239829093,55.143612483624054,65.41376675073212
624.8647366621526,514.192043657357,54.95267295902697,65.64795910578582
625.9180876913439,515.3832232065877,55.01582077323353,65.93022994354253
625.1798860798098,515.3853606583992,54.99128176607714,65.82997115469084
625.7701826749449,516.1214473553076,55.06885882288492,65.8351884078085
624.8917582568098,515.841557091792,55.14988933506601,66.17129599351273
625.2565749534788,516.8782270720043,55.628220719674665,66.10133418593549
624.7180068713956,517.6329017938644,55.621344256239304,66.46651291184719
624.4087886454369,518.132094359619,55.956531031929146,66.57671635665469
624.3730797119771,518.8302284775629,56.356232357797,66.7405855118574
624.379209388656,518.5485609143427,56.3758961457695,67.05341918442126
623.9581810916522,519.143954860882,56.4804672117847,67.62048599143132
624.8506685338367,519.5892298780223,56.40133959075213,67.83838076706422
625.0714552731507,518.7789622015132,56.33222680524507,68.41700213387634
624.5828481027238,520.2767103932713,56.35753029271282,68.46101766938187
624.9193293025426,520.3250317140848,56.10371744089072,68.66500842843345
625.0620558529967,521.1645721701724,55.94201667320635,68.79879456166074
624.4189420920595,521.4884539143692,55.87948537836165,68.83952569597457
623.7853471198267,522.4439148877376,56.03613231020821,68.52244196411208
623.4926905899828,522.5893909268431,56.179785055097604,68.4819807301507
623.6824523722548,523.8333287946915,55.987155654042866,68.22289265505275
623.104519410482,524.5291634707464,56.365747922650826,68.05854707346587
623.3578208664223,524.4866370043596,56.437811995805106,68.10727967380181
622.6941020287071,525.3761089180636,56.83534717728178,67.83499714228476
622.751094056003,526.0692637282904,56.431130464303806,67.8282802981295
623.2010049342448,527.815159852169,56.38761836014878,67.23915819540701
623.0389128373453,526.6941161651038,56.334364008720755,67.82510655338612
624.0367065072672,528.306005219014,56.23300631937426,67.54183895696411
623.9468884886877,528.1136100799387,56.09221273340626,67.575765718784
624.270240714937,529.9761945778951,55.888254234706096,67.50707369735855
624.2182228335488,528.787793068419,56.102757796490394,68.17633989971375
624.0785715734592,529.7165481287965,55.82061144458015,68.59207129888657
623.5567157666122,529.3867476022646,55.913798132088516,69.37986476182347
623.1067677049776,529.7554876289332,56.01581509590707,69.7165243035179
622.8588744288004,530.7089924113836,56.09537254922624,69.727922298012
623.3765609182715,530.0379827244617,55.99658386412639,70.29244014836098
623.1329375771078,530.5320249260097,56.10108429701657,70.99026239390085
623.1101166123987,530.3987056042652,55.80717436038033,71.33978781520807
622.7997798350361,530.9245044842538,56.07094364684042,71.8161080363786
623.1558176752848,531.7831023926265,56.659000240971004,72.22926352464124
623.1746487161997,532.2488829626515,57.174440115985476,71.80281109869505
622.3050047845948,533.2774071410845,57.66390452815324,71.53883389260854
622.4517498514225,534.1458040297074,57.870941359162025,71.22493566609066
622.65390127074,534.3709230863352,58.19070549325963,71.09654552808917
621.8864542471692,535.8361369582177,58.3709447514303,71.08197223836474
620.5907953797695,535.1276100342865,58.810622547875155,71.48849084605376
621.497521597065,536.5406169314703,58.77437522288052,71.32480553336032
621.2389552385985,536.2957269563188,58.809619913814565,71.69841338603982
620.9919231713621,535.7102199947245,58.93033411347071,71.80042897243653
621.3200763718651,536.8292276564849,58.89948052895117,71.67708845551054
621.2572214556225,537.134604033721,59.03415735683972,71.91753038077563
620.5144035360903,536.5674778077281,59.551228208721284,72.37635664763016
620.4587061232805,536.9552682683072,59.681184183356926,72.20568830553148
620.3775216724899,537.5933575768697,59.59716552874293,72.01054661372248
620.0602595297105,537.0108258758987,59.381133798333494,71.8750107982495
620.9584818749165,538.2618589360563,58.87884768584027,71.94303234921429
620.9549821041863,538.2049551320106,58.750709728921976,72.14994309044778
621.0751422821534,537.673197043219,58.50407522665556,72.92240773123231
620.6686813000417,536.4500123369398,58.16121043817786,73.5110286353375
621.2861886964498,537.8150357617367,58.16501631739703,73.59902692505642
620.6434201712507,537.7397605188029,58.375195573033686,73.33465907763205
620.2399137737817,539.0133644708717,58.53597260394493,73.02646436853239
620.199805119219,537.5611133799146,58.16428999713666,73.94396978054148
620.2526361119873,537.9499772950429,58.622968841449385,73.97546488691495
619.9677332843255,539.1515653234328,58.710056595304735,74.26400216326499
620.0045129162254,539.7979031602056,58.78523370409488,74.17500962761324
619.4000821471924,539.1329889508514,58.77797094597262,74.34545319963414
619.3771466639919,540.1944818806325,58.80303872346849,74.37538091047612
618.9441528672044,540.6698395776011,58.9795495886043,74.04582453362492
619.1502447674791,541.4772985144598,59.14123018844148,74.36434996778422
618.6996558926137,541.683598928257,59.23964155547799,74.81926947252627
617.319697758157,540.1016067536593,58.86811503912854,75.04174838959258
617.2893281765326,542.7883098284572,59.319512729989846,75.5941854788276
616.1583430954591,541.886393653612,59.13221335897937,75.5089920211372
616.0934166560647,543.2310940128302,59.46932206316862,75.86842872602536
616.157340602212,543.5729358448502,60.074760134409345,76.19454096614479
615.3882316126706,544.3217287032637,60.31134857018782,76.79073266745434
615.1165315883867,545.2141864026754,60.71314564064525,76.92013249232487
614.6080433594477,543.7180989714966,60.69463110883818,77.96492240118364
613.5160933301644,545.7054813021743,61.17697818030618,78.21926750392721
613.6218157367756,546.5909890453656,61.245534351752454,78.79042917017834
612.8494767335037,547.9927062450398,61.37680980092318,78.92968991166859
611.8921275362471,548.0232847107895,61.31386720899366,79.13389360376739
611.2453807018207,546.7618344630635,61.37374655232321,79.56391337335887
611.7036765778539,548.1037987061702,61.66661970790291,79.98947981169061
610.9302487862001,546.9110715863429,61.7086367053572,80.3547142484887
610.8630208703756,546.0315644282789,61.83855355576198,80.73017374837086
611.0911687685897,546.0233480007092,61.74618497467175,81.46237291420192
610.4112676637309,545.9595105443417,61.538194053514644,81.42282251077017
609.2651150671005,545.6350094842284,61.42256172007255,81.58753713061529
609.6225090430609,545.0452535601999,61.329875313485665,81.58516123281518
608.4712367900901,544.1452648912256,61.49135970552045,81.61098331163129
608.8068055427486,543.9833860828534,61.45366770153066,81.527659622395
607.9297392713955,543.8083792527259,61.733737086201785,81.07775701525502
607.8178452693392,542.845514459558,61.720656500197876,81.53143128561936
606.6958975873138,541.9291662735646,61.84223192749637,81.4575689055462
606.8050268847983,541.5825863500129,61.74161082524371,81.91271836105662
606.9588556399204,541.6428113806563,61.71260049937133,82.38178464145608
605.6470232766205,540.7888302054547,61.94853510435855,82.41964499162285
605.2098032062728,540.4306346326205,62.00859257274413,83.15502063574732
605.2852963475626,540.5434740442495,62.200709728780254,83.45198984896925
604.5814445106159,539.8023445257519,62.20436758243749,83.36213930592449
604.3688491322507,539.9973081952166,62.37925614361903,83.71909357118977
603.8897607712898,539.9276236121923,62.640943829457385,83.82383041951663
603.354147185307,540.0553781937342,62.70634369372195,84.13115420797843
603.6296539386244,539.5012635543035,62.613443559413106,84.11877515706696
603.9441329170309,540.2133569558023,62.71186677239629,84.52653234286937
603.6729108598383,539.8535284283016,62.478617052953304,84.74964375525626
603.2825373697743,539.6650308123558,62.30316087041125,84.95039064534913
602.8021377302694,539.2524213914373,62.36588367475451,85.45888646830147
602.3177264836055,539.1387322989389,62.62982277145662,85.87415801415163
601.7117520803603,538.2328636992615,62.58526465808637,86.34088099899063
601.0811627679058,539.9042517203347,62.80461918059366,86.3600224525717
601.1301966575492,540.6817990325742,63.26304432599703,86.70160007693303
599.6199110056539,540.8398449693138,63.59672693502445,87.02983983749849
599.0062964016965,540.91568765272,63.7380756249796,87.62525959229869
599.0152542901302,542.4394872186606,63.96155360795879,88.03142609113945
597.9015896586099,543.1546896576064,64.30876700433848,88.3718133399037
596.6812083455239,543.0460907942861,64.55289247688481,88.67939104228032
596.2172654604552,543.8079386790114,65.00135520091027,89.28197391166931
594.8989896062869,544.5764940656508,65.4134877922728,89.54574941177474
594.1271629752353,546.1147571375662,65.9842628962839,89.74858666172729
592.90736378044,546.4520413539336,66.64354242963493,89.9097334632722
592.9081828134415,548.213656289629,67.07215104460684,90.61148776088804
591.089149178094,549.5486224540045,67.7416135122167,90.45300858383959
589.8505635616921,549.5123157273857,68.17313235549412,90.74732790591744
590.4503471383799,551.808775937114,68.46193800485284,90.64927528812723
588.2116481412218,553.2473673870383,69.12482231585001,90.52736406148112
588.6121292030965,552.6590251889314,69.07319941500849,90.64566642339305
586.8877343350409,555.5551336194021,69.61844234096952,91.35251639213305
585.1132480773928,556.282542274052,70.25038285286314,91.08370193336587
584.4743308505576,557.6023025447856,70.7104122547299,90.42509252757208
583.3898075298705,556.9901236186514,70.88711296695817,90.61438818596994
583.4942660334515,558.7305780089072,71.23726344751303,90.31219868760869
581.1384156783924,560.1242963877804,71.91832880072789,90.57231809174283
579.9519718791364,559.2282668606354,72.42842164235083,90.41207373645656
579.0101820029123,559.4050722986105,73.0200255389715,90.46048549048244
578.0000730521851,558.7852666495066,73.42720251635356,90.96369844941876
576.8285922687276,557.0524966197744,73.93002719762582,91.13374299878183
575.4645579444573,556.1217688659491,74.45967746733636,91.23620631130304
573.210526190444,554.1352546945564,75.52684947107505,90.9403142324881
572.5981885668259,552.8097626193269,76.33990737965395,90.71745423621854
570.9179760897732,550.6174435853027,77.02927415581154,90.89405397418894
569.2393542841544,549.0364855132448,78.04820895586133,90.80558769490369
567.156681769477,546.7333761883075,78.66346534118833,90.5725805757354
567.0915430241216,544.5351506420989,79.36770307655482,90.66166291281202
565.0657537167854,542.9522813417796,80.01828214517631,90.73809420525379
563.5259625710627,541.2956112787398,80.91169266652585,90.53524880925374
563.244484057161,538.3794882770924,81.69713933444596,90.5855619817379
559.9343345656088,535.6015426150809,82.29045887113917,90.92090276865147
558.7623524110084,534.130040444681,83.41585235190226,91.12644697303796
557.0908020508795,532.5217396762298,84.17154238375983,91.14509051738648
554.5243335785066,529.5797212786938,85.3284375346823,91.55149765089857
553.3350763474872,528.0463600765204,86.44642355147718,91.90033336892023
550.9569237596372,524.2733172154171,87.00242707999078,92.53044971933105
549.9446426341979,522.3244697147526,88.02362131081202,92.49953725682349
547.4802966638362,520.2497201786111,88.59501916889374,92.3740066698351
545.6802032850824,518.2460367118573,89.55981659839829,92.29834528684509
543.2051643977359,516.5300474702689,90.66566348281737,92.0191440367454
540.6641735612549,514.711900811205,91.78518535315175,92.08119023306216
538.3217396905877,512.9426292930873,93.00763120041246,92.16203611620628
535.4866213305048,510.7254379508453,94.38820603627042,92.06344217334043
533.9114934116493,509.3279507156775,95.57543177411276,91.72358616882252
531.5209002825669,507.63294498331527,96.69422827702851,91.71482920855915
528.9688668543149,505.6877426544438,97.73053943437478,91.88089891108665
526.279813904763,503.76246129947225,98.80160035056832,91.9746194846467
523.9153947094683,502.9695099672121,99.86401351303904,91.96500332172866
521.9406232035653,501.78591007256125,101.01186475429122,92.15079089102915
519.7182989938992,500.70672479834644,102.24119282488402,92.5584726481837
517.3899920646669,499.3000716631517,103.46536830978286,93.18989868290129
514.6890407938016,497.45959861851713,104.77389516868256,93.23783676893552
512.3767694819278,495.8414958967309,105.58673339522886,93.47870520307802
510.54676674110294,495.049732652607,106.69313403564615,94.13970479532587
508.58722733835145,493.2971899703083,107.56620473110272,94.69230817483111
504.74061007607196,491.9423071132326,109.35588004774543,94.89281514188178
501.87278852462936,491.6606034924248,110.76527879638259,94.94779828023727
499.84642978629034,489.9327160963498,111.85368824960787,95.4337141875759
497.4256824108658,489.8051710154818,112.92383666981428,95.59117808789884
494.08084936771013,487.9396229686005,114.44829918480602,96.05170151930798
491.05233733678045,487.2394390475911,115.85732872838533,96.39586838018657
488.5654112025115,485.5387778486248,116.78792709830267,96.61562167869288
486.0355750888723,484.2711902724575,117.61719447176026,96.76029175557281
483.2819205705536,483.91267520035797,118.53236474115525,97.25830238246931
480.6238804777752,482.5581708163706,119.4960102915498,97.64822650612646
476.9531460104645,481.41815870638686,120.9128795786492,97.98598724209278
473.67906151028666,480.0250281335134,122.07277867772915,98.65389931252236
471.40338345008666,479.39426729190006,123.15146948822316,98.95016317228166
468.23725158899526,478.11551984411494,124.47484734996287,99.13174921622841
464.5089205424586,476.87668564307023,126.16362328123195,99.26375907759213
460.02859077943674,474.88304717895585,128.1350726784915,100.22089584430657
456.5440824775173,474.43612788682435,129.90201618510136,101.01725679133823
454.52596733967596,472.43979807563846,130.6574191769248,101.3371556886887
451.18396730056264,471.3071071103195,132.24402097405402,101.85535751507086
447.0325501224261,469.6749822314297,134.0454763172656,102.32384926389365
443.30570577455745,468.94971299025525,135.3102011229272,102.51268854656595
440.803268936823,467.6497878277452,136.48936617069532,103.20640128594623
436.6087923445032,466.33625102212017,137.68384418138476,103.37798573856584
434.190833246798,465.2043052518994,138.8770278492072,103.52355681391947
431.3157215695199,464.6979108839943,139.75424009155032,104.30645064344719
428.0909773614169,462.3657207235848,140.85188515067014,104.61011128348011
426.4478414376949,460.9448247166234,141.9815379261537,104.98660559842838
425.171329654915,458.94460808704656,143.06624088357444,105.12294102394853
424.24888755372797,458.00090253608806,144.13900282204003,105.2405704171482
423.80004895684465,455.4024145645318,145.12108850765668,105.49870883203201
423.1451258303438,453.89333510986495,146.2860266006872,105.70503412129423
421.69261448262046,451.4909760878464,147.53519542860292,105.90447271968324
421.72765881828263,447.5765616569944,148.43916663705846,106.10678476238698
420.9079625814869,444.4541867498342,149.54353083182215,106.01818534880199
420.53267058188567,442.97689546313103,150.48584543460038,105.85834273986586
420.0034107766753,438.2075720584953,151.40316499430944,106.18133899066558
420.5701924321129,436.03202107423795,151.9633118913735,106.33692103501659
418.93559148862107,433.3060440080193,153.2626779009385,106.34194142111602
419.0408188162223,428.94913433303594,153.78398225748157,106.02018490438338
418.32385374677887,427.58903990933595,154.5605582799286,106.02519979205132
416.64885923582665,422.7395456220336,155.4158909774465,105.46237329555018
415.20451928250526,418.43915491182565,156.51578888354751,105.3752093500602
413.8941391640009,415.04697173878185,157.62998450339927,105.64900612369915
412.3434095787541,411.4995255028965,158.69077733211122,105.628161634105
410.6354402060013,408.5163416926331,159.85627595691983,105.46383677263728
408.2858606928751,403.71563253338877,160.7217097691678,105.14280502551313
407.9931830120813,400.00326249642035,161.65117716936766,105.23551575679855
406.59773489043073,397.71394732115505,162.38089615894563,105.22050864089853
404.6634944896631,393.22086742804555,163.3631903607495,104.8185582662899
404.477013100474,389.1917573372092,164.25365318204314,104.7308672312268
402.3656540033762,384.9660950421445,165.16885670872765,104.38463399054558
402.84832713383526,381.31719319870723,165.69434349186162,104.19275786403509
402.6451957527497,378.0656205335747,166.79109900324687,104.1399349096933
401.165400326129,374.53264325034365,167.64018594451636,104.00965858778858
402.48344203688373,370.80630867974423,167.66675430027436,103.98844743800237
400.8654670533502,365.8544723033867,168.60417249663521,104.00480634794401
402.40527718482093,361.7475504938276,168.69451487827075,103.88318453584884
403.76590158545537,357.2390427702672,168.88147468562917,103.91494664892423
403.59178076812486,352.45659350987967,169.1969539194842,104.19002068392052
406.4203957749836,347.8768788022828,168.89038613721203,104.64458655083538
408.47589184750524,342.68876282682817,168.92262824509854,104.82417276505028
409.96807321620815,338.808229496439,169.4004868917412,104.73207141511693
409.96705368954133,335.42326183416947,169.91726975000648,104.9299695196548
413.4888549558897,331.16514612005375,170.18862626653458,105.45708094132502
414.70613523540146,328.21702187730097,170.72279877979196,105.55556846339061
417.3758132421177,322.7235825421593,170.69722259729207,105.92672924579547
419.5555278954426,319.4073792694874,171.36997073891493,106.14507281430215
420.22771396330484,315.8792467216191,172.33828600019365,106.08945903812099
423.19476319281097,312.2912127382025,172.30658183592016,106.36564278101622
424.37528058615385,308.4713419670427,172.49940294523043,106.84555518362643
427.5738269812735,303.8015765128183,172.18120906169895,107.29596217544915
429.306668686609,300.08905542823567,172.60317971711376,107.30877432981343
430.34519313193624,296.43526852675546,172.90432110546624,107.43008027999063
432.7272287092105,292.3238737099118,172.9177601170859,107.78055116901848
434.303537685508,289.43021957204434,172.86511393573124,108.10144117845708
435.710678462762,285.2585138031137,173.02493130204527,108.06893146692875
437.8248997750951,282.0434424610054,173.32961550843385,107.96601264678132
439.49652978024756,278.7600700529804,173.60114856033897,108.16241711554127
441.1138090508008,276.71774734497023,173.33082317925147,108.67121180638767
443.44436800816965,274.8223095951076,173.3451079058101,109.01640048894376
445.6048421149384,273.88852575031785,173.02471234653905,109.32634360004728
447.57112560713176,270.735106530625,172.69706598783884,109.98178910272648
449.35905612382794,269.29604651683644,172.69495902663584,110.30743963834496
451.4308770372755,267.82205365853736,172.40077589419877,110.56796445559013
453.272215480022,266.9291758868635,172.08732594123137,110.48746483479135
457.13558427238183,265.5849672952266,171.99283771182792,110.78004208848452
458.85283942370154,266.2135529602709,171.9274751867458,111.36231134257869
460.9711990066968,264.370268262937,171.60184520265534,111.59178582948581
464.48620924515535,264.38655073446864,171.33961313592494,112.50064114351406
466.3439394684634,264.1871472012485,171.45806792292097,113.41295867557626
469.8308541358972,263.2867187000263,170.97502943201704,113.84529267634983
473.28010372528433,263.69960885588046,170.81568506891648,114.34724135138157
475.6501885237536,263.6173208759368,170.66962548403234,115.1230947127162
477.1272745595096,263.0733104770021,171.02203562496857,115.7215304089811
479.01797398925646,262.9948302509915,171.1243869657464,116.07797506028788
482.66086952664693,262.10983683309814,170.84637787338744,116.88855045379482
485.00109867195926,262.2666074275033,170.9531400608206,117.46665821317706
487.79535656884184,263.1757668865648,170.72090173287575,117.73662331070958
489.36990815068316,263.4346683185326,170.57613707207707,118.36552094821594
491.52102115582284,263.73451507167556,170.60281473687704,118.993654275655
493.86298807590794,264.0658060077137,170.78421302332427,119.65092070260522
496.2628441400479,263.7339056770904,170.74639130642126,120.17360559410793
497.93535889372504,264.3019022594839,170.37629852277604,120.6694319159389
499.20022433088525,263.75865336587486,169.76487697939586,121.21499984924081
501.1803455862939,264.555937277256,169.89632548572945,121.3798114133804
503.55927952289784,264.9063656358868,169.6132677359652,121.64706633037332
505.2980377775338,264.9493205575304,169.58832905605425,122.03199744782708
506.1277887084547,265.6204768416289,168.79568657064294,121.96567774996096
508.58323459784,265.73010608076413,168.64225538604967,122.2114787905045
509.51799908767657,265.876947437417,168.17530809811836,122.34758648461798
511.804949392549,265.8715543423793,167.61998124935985,122.64376454185424
513.524572956642,266.0540406049804,166.84614988502892,122.81682812466894
515.8976274366025,266.56997194367017,166.82404280956834,122.6471348918504
516.9091207084281,267.1377024327291,166.25206899651567,122.46239631010634
517.7090528685379,266.9999245096807,165.87451247754257,122.6795320829622
521.2581679058462,266.00128193889697,165.78727063839963,123.3970551948818
522.8795601055286,265.943985826544,165.47988028772565,123.4853036511251
523.9083671461764,265.75288413552977,165.11088510482176,123.76770827929606
525.7248239706308,265.63787362509106,164.52759351478133,123.93174511811367
528.0865884296289,266.55306017190765,164.46585019935472,123.81580915159381
529.9922370524124,266.61592841087713,163.9547846489629,124.13217775831254
531.802434196666,266.6855611316498,163.60202570591474,124.18124049350398
533.8641383031807,267.1673601997293,163.48581582662572,124.2138169908481
536.0822350677496,266.78814479079483,163.5154449941735,124.60314938380546
538.0955272618689,267.5173327235648,163.10403132317427,124.65825191658857
540.6153414103945,267.34923239603336,162.61895748855588,124.9403011893542
543.9559222028388,267.77357342309364,162.29902961490995,125.25503981241866
545.7391090038856,268.025910828331,162.18453050736912,125.3392112086089
548.9956160933546,268.21767593438926,161.86214485702612,125.22258612544829
551.3139453422434,268.6098947081977,161.4437118383743,124.96763302864852
554.9494907771881,269.04659899040416,160.61125441041014,124.89581586056735
557.9171798205618,269.72017581635686,160.05050534435344,124.78335931216239
561.4871284400392,270.4433546798978,159.47245913002638,124.67455544383742
564.6781770864546,270.79048005656256,159.15987706546707,124.66397235026751
567.9414612773778,271.5596110530971,158.64956263183228,124.79397236205062
571.9718364031972,272.31684949365757,157.85923102414498,124.91835558739801
575.7404977737106,272.4614163952144,157.3458426474371,125.12413273971337
578.651391695999,270.7095282208844,157.03636864563373,126.22972526574151
581.825228803104,271.4779921983807,156.0952119370696,126.87701357165898
585.2998117423023,271.25268048246073,156.06614770128155,127.39923579408497
589.2549257532484,272.3098833815602,155.63650430081887,127.65550174500098
592.2990040605916,271.2589349732598,155.35365221341505,128.40512020981805
595.7850700848986,272.3299411886005,154.73528660614616,128.431434872261
598.8923827475085,271.4390601771013,154.37255279856575,129.12966849579192
601.747518753689,271.07850379238573,154.07721732871568,129.37371108266126
606.2697209111731,272.0786683077879,152.99652713651966,129.25573035088334
609.5681018572985,272.18251762804505,152.31865858151855,129.55895998357
612.0356897629904,271.9085600428019,151.41318066518494,129.96208057073574
615.3344545228879,272.63656681722455,150.4613563684733,129.93200908522203
618.194491560793,272.6510734890678,149.87794716006417,129.99769008027437
622.0331802896884,272.14104017628614,149.04173667538748,130.28132248457004
624.6765161303726,272.29870864323794,148.4037695228277,130.53447468497814
627.5261711824419,271.4963584013258,147.89814161244513,130.8898419063589
631.1169907718346,272.40650488122776,147.26796556079594,130.94970999353677
633.1462450228278,272.1995776827805,146.9678574990258,130.92588876534543
636.2774547193574,272.1202547675706,146.4973115610142,131.06704221204672
639.1225311998622,273.14727331199254,146.08426488509969,131.49955068594699
641.3968117993529,272.6170254218158,145.55983689153214,131.95006486983056
644.1935333007403,272.87058584985436,144.9056243308043,132.28808238474426
646.8805206522912,272.20471670344887,144.3875918770006,132.52852317026924
651.4035796333918,273.54521222791584,143.75869116943826,132.70241507688644
652.7213666083377,273.02376396872074,143.53127766762074,132.09833583958508
656.5196217688979,273.35750579718615,143.12913332474142,131.64967922165764
658.7373688596886,273.6341088198511,142.51899944131668,131.24852773949237
663.5664355196278,273.9556765282505,141.80197768607445,130.9265493311031
667.3676566075711,274.4558105832937,141.0902153464611,130.55336857567673
671.2377981425053,275.50409054074976,140.56255444227264,129.98886761500353
673.5215926311618,276.4947316376759,139.77382865656432,129.15425409371292
677.920735950237,276.14627275944423,139.10968775510798,128.55109918019332
681.5052704703425,277.057430897533,138.88695116957865,128.08639992462275
687.0415556078013,274.9780730050127,138.58129430866234,128.39164013898466
688.9779201690044,276.80875612385745,137.24001879572273,127.94654291756103
692.3219575810313,277.92880931645215,137.13668604091345,127.42542554699722
696.1692406815317,277.8464346433006,136.90949940991982,127.36854443923686
699.1916836334976,278.01367852199553,136.18323275723924,127.2950154428238
703.7845949327553,278.18812690644495,135.32572017154126,127.13322076821763
706.5891388809449,278.2810413106826,134.516370682297,127.0332207334196
711.5639573473516,278.2788364685874,133.4730323868738,126.94730558362096
713.8924383658799,278.8664414035155,132.59292724907877,126.61747292056701
718.1209391452913,278.92712858769306,131.72146073969427,126.36962502108493
722.4752719689521,278.90183023152196,130.69799482992156,126.29812602934848
726.3803867157064,278.90332304472213,129.88520853557054,126.02585552874737
729.214101442682,280.44647963254295,129.02761356190513,125.73328310246481
732.7200947838345,279.93708553161827,128.14392134752615,125.538656516068
735.8750574502931,278.21441096162664,127.62131376744729,126.46443315963708
739.684915058989,279.89682872800347,126.47541923639574,126.11783545609188
741.983518529492,281.1972038855171,125.59998425087977,125.56498271835031
744.9541377905225,281.9263784456859,124.47602125295819,124.82841729561787
747.1058000653783,281.8708903755582,123.60252272444114,124.5832324375289
750.2313792978337,281.8332384572337,122.71362030964008,124.26923497412909
752.0078332316714,282.28868483841177,121.80597921328138,124.41391031079485
754.5647957467555,283.0988552641274,121.00817099295797,124.53206433241044
756.2618310212549,279.66027899890844,120.89480613434313,125.65609405629922
757.8732043527838,282.3535135311164,119.8414866277337,125.26168613003648
759.7595569943466,282.429128543199,118.88524648399712,124.78969901482583
760.4698313204591,280.3444028190444,118.99922930588569,125.6417411861728
761.5546239648248,282.05844366460195,118.25037234299793,125.14322492474511
761.6670041725462,279.63572777513286,118.2130459750158,126.16352695629254
760.5440843217318,281.8024015146165,117.3708994457943,125.45723464547712
760.6781895237011,279.6694065803947,117.24832653916152,126.3259400061693
757.6293444135888,282.5905996583035,116.51513325642591,125.61234708994517
757.5238296213134,280.29717754811224,116.1954563161278,125.86073324910944
754.4257094074311,281.94338131757917,115.3978899049032,125.4094120978099
752.407347227885,280.9753544502183,115.38899620674435,125.91452043610828
749.8090434592226,280.3288364049663,115.36608222154732,126.49513594384092
745.7994331607998,280.70429021281484,115.00503090677167,126.08631625262431
744.267999851977,283.6776186343249,113.7643067498812,125.34311056622039
742.0172500500851,282.4159353987504,113.27793089208672,125.49092962831182
739.2377209729689,284.6793489244167,112.16540300963692,124.9754484403215
737.6313730297458,282.9981855881108,111.66705792241981,125.35870039636524
733.9064256241819,286.7943368299531,110.7051533027005,123.96970506447508
733.0028641154537,287.15773198573197,109.45345774143685,123.68025271769052
729.4296564923823,288.6298781725607,109.07076875479152,122.7798894440697
728.7036305998801,289.2960189088453,107.92714197190958,122.77033290989314
725.6279720276838,290.6295691076598,107.48227057107519,121.91129327753058
722.1814440636842,288.64996903370513,107.5527433005268,122.06703354270373
721.0159188225009,291.10861501574516,106.28032250374912,121.79291861109438
717.4344404166562,288.9016526665478,106.40388922831087,121.97106879242973
715.7793859809274,291.695137052011,105.08668543955125,121.03059536375798
714.2126609451484,292.1876539366683,104.43311697358784,120.5248314566183
711.1766372587924,292.1204953388766,103.81217308958605,120.12229939187165
708.6477523434266,292.0126466045632,103.42271591912734,119.74594928836243
706.8566042027783,292.5908224185234,103.0103558760375,119.43263204707696
704.7117598764033,291.98628716041065,102.34342765027775,119.57173255159124
702.9806347976671,291.638754095009,101.73803893369629,119.64406890410476
700.6280196362814,291.64240424071335,100.93696880709643,119.64876805866344
697.9766240211999,291.4274301689084,100.27979051669064,119.58441810180179
696.4163711651712,291.9633474808147,99.88564349971352,118.89235319067579
693.8246689081824,291.15701269728095,99.30098542213838,118.73808323690747
692.7974975695072,290.1649872453006,98.7559712097642,118.85035136117445
689.2550140751364,291.02284994231496,97.88347159618027,118.77067762196148
687.3489473491617,290.270166470604,97.15918804068338,118.77156372660777
686.0642854701672,290.90950809872015,96.60598443775616,118.62907052717627
683.9236798062683,290.6313893723975,96.01931208330302,118.57694643759675
681.2597339801107,290.1152018501532,95.5924143832012,118.75672627200996
679.0403306248282,291.08552775871175,94.91477841340726,118.85294755708095
678.0922686476993,290.3794914488801,94.76496101482097,118.45404677090623
674.9450731930058,290.9328876078134,94.11253071143926,118.42739921603243
673.3002431481452,291.49983341917334,93.66059720184113,118.32443203274289
671.019105647777,292.2347329778621,93.0631117274188,118.19626492391782
669.2503287634133,292.3190325673875,92.67124764755904,118.22785681053611
666.9295521559477,293.1833880130817,92.1238655826442,117.97158270484567
665.8075912009492,293.9153479070902,91.89520801342354,118.01794853274961
663.4991132265176,294.3122831009175,91.68346103565109,117.74749353177182
661.6866999069712,295.13823319159036,91.54238730128516,117.22287620832103
660.1412962066987,295.7058507621319,91.16329933897595,117.2177813718034
657.968442405017,296.01034516464057,90.74133774144238,117.2747555012801
656.665658210435,296.9561632335582,90.53519243508006,117.09755804027901
655.3265101765005,297.82635327917694,89.9037820534403,117.06299695977602
653.5824948454512,298.94958843236515,89.54949036599078,117.03021049701226
651.2043864300351,299.8883540755266,89.2873375221402,117.09500480273036
649.7475169905565,300.4578413447117,89.14493120990494,117.29536534832161
648.9831634361532,300.4728155944533,89.09561679237476,117.64189113992464
647.0560166628173,301.03012691439386,88.77566021316154,117.59071299524463
646.1585626576867,301.2411417456432,88.52059306663861,117.83483169728987
643.5983333890218,302.4790095507781,88.48812086742672,118.11031535963366
642.4717221933128,302.2895339134373,88.2403812398781,118.57803207668658
640.596396312577,302.9156332316858,88.04581300775834,118.83264625108743
639.5081266123375,303.1018557204933,87.89354052431096,119.36682731917637
638.2623435110684,304.0295878793696,87.7427760803343,119.50353810365758
635.4405112318592,305.5949290012905,87.99746168062288,119.37097807508674
634.7820181300666,306.2896569468772,87.84039593184598,119.8255684189979
632.7574107024731,306.9712600081493,87.69078352033998,119.95044589745166
631.5742797821302,309.08188175449857,87.49649371765403,119.55307950092924
629.7994973464848,310.1471428166159,87.430483036958,119.70422937757967
627.5877522199778,311.56210557959105,87.53627099657612,119.81766584923369
627.3075762667561,312.40115130813376,87.40213378158249,120.15698014051551
625.1973142882237,314.067152540324,87.2075070962523,119.98388175175766
624.1535420240461,314.96723944183276,87.02872114403169,120.14100932699026
622.7734616082425,316.6047732294164,86.9811393799664,120.00434278331709
621.1285505276596,318.18700439281486,86.88407256026682,119.9982399841081
620.1107534549236,318.6022713061104,86.72312086642901,120.3133336561437
618.9237234657321,320.4833694505775,86.63572955277411,120.25685111614135
617.4241365939208,321.66404652770893,86.45266328708882,120.32686817388407
616.5008877074214,323.0942631749365,86.4984763696122,120.11313859952179
614.6002838336917,324.4235920994182,86.57754142069095,120.25485025167221
614.0417071536546,324.8814906615525,86.39303138202267,120.56254265033758
612.4234469865788,325.96462867135114,86.35935170205968,120.73795383319393
611.687798570717,326.5643049571248,86.23976670928995,120.89794932034721
610.972806419605,326.8624286165253,86.10497172989776,121.16211066529596
609.0658951126773,328.87023049732954,86.0887188413576,121.51914226821992
608.7430279979861,329.2935563923969,86.05439357815182,121.67116445355282
607.6310640732918,330.8611088883838,86.3381896440552,121.77347096060248
606.5440941968844,332.856571833448,86.32757529683326,122.21323297483193
605.2809907203415,333.92526943889766,86.23519332551112,122.42262521663042
604.4606921129962,335.97476890648767,86.11661249778979,122.63311505479632
603.6857801201752,338.1488142708376,85.95304613309,122.8200966527567
603.0308223439113,339.86819709187614,85.95569437738281,122.98297552667074
601.4463035896332,342.1313173033168,85.97870503619228,123.1071166688835
600.8703909812396,344.00378606010884,85.96993400149165,123.10190116877288
599.8140985939972,345.86814517418463,85.92441054157092,123.50518100275511
598.1758082295327,347.473480933929,85.68726575131967,123.98688585846469
596.851353569498,349.46693504923417,85.61998926320744,124.24786523924348
596.370251559217,352.10166811053136,85.76144435856025,124.24008305753665
595.3340859541222,353.9118918116949,85.66516475751627,124.53428991012285
594.3122548032118,356.6349688093305,85.77383307702209,124.47847147469668
593.6945376814347,358.6882149157141,85.63526605600414,124.4815192475861
592.7483239006837,361.02623043529286,85.54617153422365,124.46910105098841
592.0398500143788,362.5785502908941,85.45816246536458,124.71779958136315
590.9962100565148,364.37228520779297,85.23642305392903,124.816838641532
589.9964079087076,367.09929924895016,85.32056616694896,124.89205879682757
588.7697122073829,368.4985048612755,85.20885785341201,125.13190064110088
588.6648990049853,370.9176807241985,85.38321281105516,125.19900927292088
587.7025720916525,372.60483575293085,85.39885586978397,125.37879138426405
586.5146367544912,374.9565905917153,85.31132832595179,125.3034297856136
585.3927829920818,376.72944043952464,85.38057472444305,125.37529905972158
584.0656742199343,379.0019829227433,85.33225282476828,125.54818303401913
583.5411946234296,380.61080695012924,85.33113767886474,125.68554310455235
582.4103775866438,382.0058801361263,85.25877641018181,125.96873357223416
581.6386289954719,383.16910401487905,85.3444271894037,125.79786037489407
580.8744455920603,384.7367355162865,85.26636978377098,126.06677742197542
580.2342163037997,386.12557766528295,85.13421902153186,126.16280995518983
579.7793323800473,387.012535229008,85.0431336881513,126.6885428742332
579.264934806519,387.89935236246083,84.9601851466245,126.96170421394066
578.9401878106155,389.1005600982236,84.83438709951406,127.11033487545657
577.5632080072708,390.4346217968681,84.76415537434025,127.05867108624554
577.0410284520298,391.4961590696909,84.74866128867805,127.35929210486998
575.882828206639,392.6173919708815,84.77133819623809,127.66380644508212
575.2576395283818,393.8741407028496,84.75028827900219,127.87150658627897
574.0425719907929,394.3282834000673,84.70789537337558,128.2590692038142
572.855785505018,395.7462345789791,84.65609312176537,128.69618615980278
572.2972250294162,396.91789240783726,84.58222636678495,129.38081745109164
571.2873460996218,398.2230760448232,84.61185630526907,129.4986577653156
570.2639830658303,399.9981724724631,84.6082727148017,129.81652621412806
568.8257253939562,400.5384211259821,84.68740737274365,130.0798814270792
