451.5,428.5,156,134
448.71313685134567,425.6505950665659,154.0510283717411,134.46483588691817
450.06559892749954,426.71106787053156,152.90935583400397,133.98235532586952
453.4816598572043,426.0934492885738,151.78810328688076,133.3992117763222
456.4271138351451,425.4840659232443,151.07805966510557,132.59394209951057
459.51361061803135,424.465079027369,150.38555249230794,132.2351153732253
461.6353035301079,424.1634786145588,150.1780138551971,131.97258877422402
464.30628743833626,423.4602418377806,149.7448776351149,131.23336807195165
465.5349146741238,422.9401991690711,149.76189994462203,130.86999052256039
467.39248271084796,422.9234672057001,149.40112874315247,130.59503551972546
468.23886201812115,422.4215948697847,149.03383294675177,130.33869532407877
468.4421313955952,421.50189171488023,148.44128313073136,130.283739303451
468.41731111192365,421.32340034683114,148.09033238423544,130.01610035022964
467.6232084176905,421.7488540186578,147.92411475043164,130.0549155922544
465.4091234234585,419.5485594995537,147.5684445594522,130.53380057658393
463.80181147176233,419.26029468929653,147.11500315332,130.5165434210324
460.4392991628431,419.23557510329255,146.61293025986703,130.62889469210367
456.98235495415645,418.492541517712,146.1549834454593,130.63932871888608
453.1005659541644,418.5319549598908,145.53333328839997,130.38523536004314
448.03876087724524,417.7676696635638,144.36319554032173,130.22554146352323
442.9827877262684,418.25847810026926,143.64524777641847,130.2606012544648
438.88216661014906,417.50270515402565,142.940679652517,130.31842133213263
434.2305130055282,417.1899180683023,141.91764618640468,130.00450959602475
427.902400365855,417.0819469132884,140.9736269436564,130.20629247437148
421.8201056539445,416.8857521090991,139.82526527952575,130.26729772195986
416.02648406646074,416.8261667092738,138.9955629970347,130.08634316112145
409.84860178993966,416.68478242108904,138.37901557650514,129.57502683091292
403.2039455850516,417.27022339479606,137.96610325483593,129.3763809207532
397.85341476740024,416.98107696775827,137.37650307831004,129.2673243957662
389.8166594067488,416.7604378300075,137.26826064104367,129.04430622303695
383.97749634854534,417.48357285364034,137.24028983667418,129.06843877415236
379.0033995989109,416.9672467406297,136.71910677191718,128.14243921909144
374.05932832662074,417.66769354297435,136.49102693490565,127.68404632488961
369.36855063930614,417.5190165697834,136.0916527441052,127.26221021017909
364.1560586881989,417.0454510157303,135.65827921681526,127.56705525604471
359.7606827288315,417.2387705720164,134.87912299346027,127.22779812940513
356.27665924027247,417.120416870943,134.3602119436923,127.10453183269732
353.5466015600626,416.60007353406957,133.84613277743975,126.92542244492853
352.38438397926797,415.5043057541395,132.95037979815982,126.38036690409575
349.3590888108651,415.2835499668442,131.95631338142553,125.94863109366145
349.7018127923235,414.3199014820453,130.7456679125578,125.81339635358825
349.6816851787614,413.57356500570484,129.7708820267821,125.47484963311237
349.54874917186373,413.1997018927706,128.67400720582262,125.0080731667583
350.86002886744103,412.155335169354,127.34694010611851,124.36487397351578
352.04878639318144,411.4409170844858,125.98148915394955,124.07597997872426
353.6783664140238,410.6882321759899,125.05608412859164,123.42193455065984
356.6531177044462,409.5990639976116,124.0569733171561,122.71799771024243
358.93584173610816,409.01003535977424,123.23305304962372,122.12044537345228
361.9592829532978,407.9656763332638,122.08384469895415,121.53020691783667
366.2321776729603,407.5724698894908,121.00225194160552,120.55168919949443
370.0001218204116,405.4001262163397,120.1484558364917,119.60495894707219
374.16475441268733,404.5242717493457,119.26201692299739,118.66320813183839
379.38605622736094,404.62954176781415,118.89254485492947,118.07593765285439
383.37335401335025,403.80824369858925,118.00609406215617,117.6127303016191
388.5118592256781,402.3811632812795,116.96552811076704,116.81034883506062
392.2104024237291,401.10257642885404,115.59799465121914,116.5523389003852
395.8569624405086,400.305086826125,114.7450067587734,116.18385181918407
399.94591839428676,399.3105622706544,113.7211347109887,115.7594905049391
403.67122325002777,397.62103594674306,112.7889414042308,115.43271186347036
407.879606283047,396.4358983762178,111.68347656957664,114.88493003964659
411.0055010649102,394.81139613899506,110.80895007500303,114.53195335106716
414.8820120344824,393.818197519544,110.08440961931817,113.80676459143413
418.09155795370066,393.06359376475007,109.58952928295682,113.09980298214083
421.1145116455566,391.75358766354816,108.98384988462699,112.52504031844042
425.5148112977972,390.6344229971166,107.88183942825982,111.84851226376085
429.83708335893806,389.31388293357213,107.09505525852327,111.14182026942038
432.1340422335324,388.81555983127004,106.78325773714838,110.60993349215201
435.3925377438019,387.0593629140969,106.08247364867725,110.12351894255664
438.68821294298766,386.56459167395246,105.72258143740899,109.45732008888393
441.95454757808943,385.4631508874642,105.06377920211747,108.86262404230784
445.7710657451933,384.79561865163066,104.41607249590054,108.12991397974946
449.9836764871778,383.6953600206849,103.38973769253461,107.56002857173442
453.16042666817265,382.1097662773574,102.69730100165688,107.17370592083148
455.84292461266574,381.33375607017285,102.33391014654524,106.57357689634247
459.27640884166226,380.2019074501606,101.66772732545408,105.97300964814681
462.76814834954007,379.4137476342442,101.31724916037598,105.27155113132842
466.7411864444066,378.3565798418132,100.56614930044628,104.68541197711579
468.8596618007075,377.04083322852364,99.72058128208889,104.59515518271405
472.5823543868527,375.90500595440625,99.05587581255722,104.16341078800146
476.00552260319176,375.14948693076525,98.62955137710208,103.6875427836477
479.35177734787635,374.3196273398433,97.85039962241306,103.17136293671354
481.6102293202341,372.44080370846564,97.36037880300279,103.03990130321331
482.05685081282826,371.7791884170566,97.1206528852468,102.80204654267044
483.1040610829355,370.709092548151,96.69693992845973,102.56514687270592
484.05748595290794,369.1286239849031,96.32873867465229,102.40996337465951
483.2117833606352,368.2566394458205,95.38591276865219,102.24706387582115
483.0718791156394,367.0871560132672,94.72034486246463,102.00742389697942
481.89036043109803,365.81366123197336,94.03160272295656,101.81752362039475
480.4970403695064,365.2105397083071,93.51416450560947,101.45013311612952
478.8487601729949,364.43829846511414,92.77089850550502,101.037026691459
477.5354222364276,362.99391707397933,92.19091267743715,100.83526170082517
476.2042548339911,362.34339823080904,91.61575611306276,100.35805226916955
474.0078521919937,361.70341749678715,90.60504319713692,99.71402825595116
472.4203864265981,360.62244233681855,89.92962530165855,99.3321293460757
470.3327877520869,359.1514396136061,89.44040824485819,99.08951393526186
467.76759231514376,359.0675448532785,88.70639968560852,98.46895037039921
466.6403582083781,358.35390960538194,88.33117105313153,97.7026066217312
464.06997295262175,357.6991691288258,87.96963176544988,97.38087319457921
462.1507311837431,357.33146334586957,87.34949332444742,96.67145005132414
458.7503230804381,355.1757878469636,87.36654898341948,96.67278250970743
457.11032344041587,354.6723122812109,86.69874691191671,95.86913967854338
455.0921688550237,353.97803510609907,86.07870737740922,95.33874847784855
452.6028097637823,353.26507377256536,85.42527347935615,95.24398582978378
450.0177311702036,352.8802907365285,84.7818387094213,95.0774396768019
446.65864314100105,351.72787638685804,84.8143052913555,94.82031340101457
443.9193878430939,351.64816930516423,84.28294106646055,94.43204092795432
441.391168181465,350.2279650178284,84.5988966288846,94.19467950789017
438.34867883844294,350.3583353790058,83.85306190703075,93.72713932309779
436.538393515134,350.081997595557,83.8365857396839,93.12896423634699
433.2203934425075,347.80245226651067,83.94505235374793,93.46887669467162
430.37247539196386,348.32715972703176,83.39494538537716,92.91138379454165
428.03733639838686,347.8040579749637,83.55330387408753,92.31070238046485
426.2405055514851,347.3174458007461,83.63753921252908,91.80617237442311
423.88858650077026,346.26583689255074,83.8710079749695,91.56867359039576
423.83543117542575,345.5792212455823,83.64966295263153,91.1213685092869
422.27489969848546,345.73575469732003,82.85751956762967,90.79312849470043
422.5587516703167,344.16186372510515,82.70495619317714,90.58986721479548
423.2492264788189,344.76988497733686,82.09561850511263,90.11933123537172
422.29110254807756,343.3155961667411,82.26340869638352,90.34268313138932
422.6819609711291,342.51003765188256,82.16789127693136,90.19163902543286
423.45162283488344,342.0961026932812,81.63011035604808,89.91771934893907
423.52214704414996,340.51701195341013,81.69885024506266,90.0313005803444
424.46453245305486,340.7632140746598,81.1689864630805,89.83849249849527
425.2266066274832,338.8827405382987,81.05852462812456,89.85505313666238
425.8812250245172,338.8291854087166,80.83799635399208,89.51138139480805
426.17847851222245,337.32649479552526,80.81900470841947,89.40525854327934
426.23562442670743,337.92147559107434,80.64453128778976,89.01006302063985
426.53531088991605,336.18086004794395,80.77167317765668,89.02120729392752
427.41543227347944,336.74603453521985,80.52582803168472,88.68363871869825
425.5610710241106,335.3349793776253,81.19684057902154,88.51999287505862
426.06791341369075,334.90157524714004,81.08804615830937,87.92634619523321
425.3478309582578,334.14320646638447,81.31540114886425,87.58195673781589
425.533112844219,334.4943732914206,80.87601394997995,87.28692326197998
425.72829974002997,333.2749309949989,80.84350927681012,87.10348911016388
425.20162872757777,332.9315904656668,80.89417231135042,86.875527298402
425.2837482079342,331.71309437894683,80.80671498115358,86.81284896631811
425.3513340683326,330.8165965399975,80.7476117138475,86.85772505155019
424.7743200177668,330.72642893243005,80.50427090705068,86.8733231315132
424.04662054189447,330.51995713508745,80.46606591401685,86.99070717090622
423.0412586966249,329.7673806627171,80.81959725512218,86.89894463217229
422.3126640352355,328.9031114355997,80.77180410643486,86.90500338536478
421.7829841370334,328.549222070313,80.45424224909155,86.78368532180981
420.91766712718476,328.28421477429384,80.13332158891818,86.7284720071442
420.59778117050286,328.30717056563844,79.9975162551392,86.57919255191877
418.9153033576609,327.1214715316361,80.25393206110571,86.61793638217634
418.0096939433929,327.43944638950256,79.84280816007319,86.23642631840951
418.1461566643752,327.3849726263429,79.85608091690396,86.22649949602874
416.60100595396705,326.9785569658002,80.19441991439572,86.14091590727463
416.0840929133906,327.18783791481366,80.08362426569782,85.7596447760828
414.7692435077169,326.4997091615614,80.80480011352128,85.78982257544166
414.69802865292195,327.296329631106,80.24447413349024,85.61752120105737
413.8976905659715,326.598779910576,80.79348714706707,85.38428755038154
413.4001209856266,326.67347274146914,80.57710015228514,85.1550408437115
412.4828536892792,326.10386159121634,80.9350214618225,85.17602099963248
411.5758317116305,326.1540109438828,80.76102139360611,85.14687139764304
411.1307161678776,325.9904841089851,80.59342214740224,85.0857143535751
409.89483777039186,325.69504841470126,80.49258882968758,84.99485767712883
409.71339752032407,325.6033340404903,80.2499644594084,84.84298109241323
409.2332687717829,324.94871502496113,80.6170021994106,84.56963438474017
408.5618893770224,324.9702760747963,80.42450722573277,84.42705202598998
408.24022243082857,324.9480555640314,80.08472502782273,84.1736785591088
407.099469958471,324.4903900782392,80.35822912186045,84.24185807242975
407.8070085661676,324.6781190149377,80.22518892619672,84.26813398490044
406.8723148712434,324.5257228054612,80.33102400796263,84.366235213253
406.4734031979184,324.25174058145524,80.24429201479944,84.54102529192977
407.3071880783443,324.48094411583554,79.73719631591348,84.52979631874834
406.75484014850736,324.47857450519484,79.69954352846979,84.58001803396675
406.72747572740514,323.9044055573126,79.62514679048269,84.60353104817764
406.94205153635744,323.6017465891865,79.6841491666614,84.56045964498279
407.95210258168953,324.28988715199614,79.3598738448724,84.66169624340063
407.46293181161064,323.8432863601572,79.59413740451181,84.50343315022151
406.98545566392454,323.580252489216,79.88959226002274,84.29665093654528
408.0520466884027,323.6759832837478,79.8695915636818,84.26585821232774
407.6788973122984,323.82085877223494,80.15412112247957,84.11248224536715
407.21539911001076,323.6320766225653,80.52659256892105,84.13747830573274
407.7693477575299,322.9796368617681,80.4408805995053,84.07447450270412
407.53473745317314,322.87260997049754,80.5880383284181,84.09172347865515
407.1941229123752,322.7572726306398,80.80336469409258,83.92963990813409
408.0871177277548,322.96551119004283,80.58649749699575,83.73489621041526
408.45942406603797,322.31968747993164,80.57839366671233,83.76980174926717
408.3093117056323,322.5720222397438,80.58482757026297,83.9753658583927
407.797397632995,321.8265305421491,80.85317471082257,83.95873595230486
408.71301736173024,322.32684583905916,80.557980327815,83.91072830856177
408.87728294483884,322.09516517772715,80.74493879944953,83.93560543933135
409.39613297515984,321.55853417003385,80.85587519911178,84.01014025230245
409.828136704814,321.5145385785043,80.90655644620145,84.06867286972405
409.4672471805829,321.3216255020894,81.12408896174671,84.16377650339464
410.39016715302364,321.43900594239136,80.72647475348319,84.28269936269122
410.98254414078804,320.71022517542417,80.54194405695375,84.27913599962238
411.52540926696963,320.89458382542773,80.4567165101646,84.5026561125449
412.0146046261518,320.09012006968163,80.65245790048861,84.32801214233237
412.21921285815995,320.157779253602,80.68078390478178,84.43532556751379
412.8902923436912,320.0502895581043,80.62008784151034,84.48416942386504
412.59816926827216,319.97620291347835,80.85629892502861,84.59408980065515
413.3824060305703,320.3633857161525,80.58784764488577,84.73194115669072
413.1467428031562,319.4100061445245,80.81338589802422,84.77807396003428
414.0903929665163,319.45520391267553,80.43386791135379,84.93675689122051
415.2682862424227,319.42570003504323,80.09804891554072,85.10815779472856
415.0295854374363,319.9075532031976,80.11202530645446,85.54006596323396
415.19937134851057,318.22971318577913,80.30182814336746,85.78125286643332
415.6557680988018,318.1744271605077,80.25120039185802,86.03388691045586
415.98809144142064,318.8533927157498,80.09242565820031,85.97730877772433
416.09327037051884,318.8385605691401,80.23171308680244,86.10217354252379
416.14347174892544,317.8001065844506,80.50422124679446,85.93012673895362
417.1984978586946,317.54588693329697,80.10322361652764,85.88869364288439
417.05538614127147,318.10121861822563,79.98919017919688,86.01043653161013
416.3107408528331,317.3770722053845,80.16030281761236,86.03774687724326
417.6287572133516,317.99858530004946,79.62631467894215,86.08648125176376
417.17208944445326,317.04747049941534,79.90125115219803,85.72041389601603
418.223965155377,317.13926943145776,79.69889385914993,85.87604835748508
418.61187585708666,317.2531229180452,79.47893160423305,85.8144181487745
419.14805867317875,317.09835430878127,79.2559465248176,85.75333797762349
419.5724411257182,317.58445117486957,78.90789967689426,85.55505709248897
419.5596171903104,317.426669104481,78.9753336446999,85.60081061629597
419.8002598022281,317.45739703201855,78.9595800978723,85.63650198010399
420.3263111674863,317.50364679958153,78.66196231885198,85.62155737870475
420.2139015405593,317.1606821037715,78.88796313991014,85.5868639923861
420.44071494109807,317.2980297123846,78.7358166321065,85.4865657072848
420.62363170591317,316.63390539434306,78.84780841628285,85.75383235446108
420.89649092665707,316.48681756238443,78.62236000648572,85.89327574634947
421.7066227875536,316.8935273375646,78.20105682737139,85.72379586988973
422.0287513535588,316.73066558462466,78.28883878933233,85.74696208616922
421.6183811070262,316.36566668130945,78.61273409664082,85.90306676297405
421.97510719250846,316.22749992218246,78.46590501737394,86.03854608646765
422.5165051180594,315.39546048627614,78.53251977170274,86.44472162080172
422.51021167487414,315.2027835539426,78.85355717811183,86.6180049160728
422.3080330090288,313.95088325133406,79.36291728559081,86.52144155148693
423.0492390985356,313.86497249295354,79.32470597995207,86.71726894696471
422.9008653165894,313.3900748810403,79.2478801214126,86.88133935208475
423.1010147763209,313.40199404324943,79.21886300460392,86.9695722661246
422.48158827321527,312.6723974619922,79.33428754687927,86.67924107370433
422.4708650443824,312.05755757396764,79.17742633717043,86.92227497239222
422.95146718465054,311.9483330949473,79.09603376079289,87.06707439733987
423.24823245714856,311.38527698115684,79.18468177271592,87.23345641700075
423.1141135067146,310.68358106309927,79.22661727335259,87.03963617692872
423.60090917569073,310.45709212037923,78.95632837842771,87.1294308322071
423.28760649764877,309.20464952461987,79.24093113408027,87.20118313683932
423.91179678604203,309.0038584538422,79.04736632648934,87.22551201420583
424.62488515862606,308.25354419472217,78.86001943247172,87.36364332194327
424.47560926552154,307.8747616735346,78.78814250750486,87.2460470741497
424.96779886353085,307.8037325515413,78.59817812977317,87.30710011739255
424.70276044636455,307.06292070770746,78.86034072851386,87.47132060777179
424.85085616874875,306.15024446273986,78.90293630299823,87.40555802831764
425.053293010379,306.02177404491323,78.85084773021134,87.27770364526474
425.2611929538908,305.1628283450207,78.85933835121956,87.46495575424015
425.197279373913,304.25760879942857,79.06566198222265,87.37884407085015
425.059693779792,303.26803594595975,79.07448337798421,87.57697664664617
424.841848021854,303.04138399794135,79.11326136541774,87.42407645018034
426.0405268088644,301.6198459547986,79.24323895832809,87.59283613021583
425.3234043585808,301.144521610136,79.6294154546977,87.51222146810059
425.4280814007409,300.32663999504155,79.9412831273126,87.48919863986366
425.5801522354917,299.71992500150174,80.30893742205188,87.3922706986672
425.7053947233403,298.54179948010324,80.63368763436212,87.41189497335199
424.948738268955,298.48460361676524,80.86261164332954,87.36715868975503
426.1245358150987,296.8309754817251,80.69765657522733,87.43797406284739
426.2873839814695,295.7991489498636,80.9356762368439,87.37081877314628
425.3544327755752,295.94087634505814,81.10637141043507,87.23144745286338
425.7799378544996,294.00392975279175,81.03110610799008,87.22562281055285
426.7389340782093,292.89068555981373,80.97397436594645,87.34705848692948
427.1762364644734,291.6812639877014,80.95300919607945,87.47999746207145
425.97692760506436,291.99683343657716,81.26444820777465,87.45710542720832
427.1338914812805,290.04614387903683,80.97197812746151,87.61877039662855
427.1140735309969,290.07964515913676,81.17285962741775,87.14020375452137
426.5807631004797,288.30231465402085,81.47784256235052,87.25670839840495
426.9184725294523,288.1677359094446,81.42451422287995,86.84892437354222
426.9865556391435,286.39207979888516,81.43433122264426,87.17060946224538
427.545884449804,286.56033327736867,81.29888792007549,86.65817099196883
427.46466293585587,285.4087895122346,81.56092524299666,86.73958026524852
427.94083246730145,283.3327151480537,81.42812298525843,87.28030907745729
428.29038493457375,283.17993458282393,81.41362198023343,86.90715128339448
428.39948121749387,281.37885377660507,81.53518524754209,86.94232776552212
429.1163225734981,280.80298725518213,81.4009115674016,86.6833339034989
428.97534911264194,280.2806591647569,81.53839137371176,86.54339294975915
428.819336948176,278.27615108899556,81.66730054813888,86.75376646593648
428.91726391354496,277.139062899402,81.71881696478152,86.73588246990988
428.74843616936266,275.99328310457474,81.83973159161107,86.72294386391623
429.83350212907465,275.29950016271385,81.5588014324792,86.52456688322
429.4817458188912,274.3655575020317,81.84530517604547,86.34606167113697
430.2584364607243,273.55341903965274,81.70398749101217,85.99317265847131
430.02064120119803,273.0349714993924,81.79875776551397,85.68838506649136
430.1684063204786,271.9898637026346,81.66978387038914,85.5815305382418
430.7694666944276,271.18166175670774,81.46421415932576,85.37473062798671
430.9754070596489,270.9047112805917,81.37174175622428,85.22638074193912
430.81331852910813,269.0123829610245,81.39308809139752,85.58699944772391
431.5298458583535,268.70495391241184,81.14072288698551,85.34896550374287
431.70449695520335,268.07229038439215,81.09015503037719,85.19799285904529
431.64833846708075,266.8442752998832,80.9736004971897,85.26690063540877
431.7674868233646,266.78493032325844,81.05494978548401,85.04115710219664
431.6212681819101,265.44037466279315,81.125625841739,85.24664563374432
432.1479454586152,264.4253839976013,81.06320160716122,85.35450222066643
431.49962268250084,263.70004741537514,81.3379782152218,85.3071236225378
431.98354685192623,262.80145155426914,81.33242224955139,85.39052302068362
432.250518892302,261.9997918656934,81.62074707205528,85.72432008853185
432.33947000432255,261.5932002770832,81.71960047898423,85.68095954598368
432.63913564675585,261.15060650067113,81.91582186507333,85.85565067317916
432.46680149158135,260.08167538981957,82.0144634210431,85.91611626364144
432.0190341115892,259.31453315776486,82.3015080119791,85.98289539194313
432.4364100513,259.13673665514784,82.54546001286744,86.04916134196134
432.2303130199827,258.2562978741403,82.52053664791454,86.00411270024865
431.9615471633556,257.5604961639964,82.57634362209407,85.97948734932677
431.2142459403397,257.2211513329131,82.89833983834372,85.85740988779409
431.1903301842634,256.3566918064844,83.15354279400636,85.90535660292886
430.89248815948866,256.32792559743393,83.19831547661639,85.7939590418246
431.4256004313783,255.7521435682176,83.20978928278977,85.90682526147395
430.35391286026197,254.94294777026028,83.6693279649089,85.93318633218107
428.9307525324668,254.88594461746845,84.11357166088933,86.00806382014683
429.00020674326964,253.72887289654673,83.99666630507826,86.39218430704949
428.9371805510787,253.711206320666,83.9087775772995,86.41195922160105
427.3809524964713,253.32800315021788,84.55641592413942,86.48365751319994
426.3319538910095,252.77112422101357,84.75048044444256,86.43125609941467
425.63129313782616,252.79166941772115,84.78846419560605,86.39215041051816
424.98648047808814,252.58905311673138,84.91882280480066,86.46929669591219
424.1386721078253,252.7500158882155,85.10432261055001,86.56885791809017
423.93819427653943,251.66189456584655,85.1709876494569,86.6788118531876
421.9364077040491,251.7140574257703,85.87577558478189,86.7740877835781
422.70313192171346,250.98764067283133,85.47915676409241,87.12865897942797
420.7307685326008,251.77933960276542,86.33138976981098,86.91935858602864
421.24020455475716,251.4955780767953,86.0699747433969,86.82392528096659
420.20658717931843,251.63455679490914,86.47730203406161,86.75004239143371
418.865135259681,251.01374277799346,86.87361958869903,87.02795493158598
418.63100573393405,251.05857709480196,86.72527830554858,87.06386917179027
417.2340163237092,251.3025200658717,87.15400129332617,86.97069064117838
416.7523464286919,251.64414435297,87.45498583920102,86.81156102688553
415.68640669000865,251.01156783416815,87.71785868280907,86.89736750305735
414.3282950912039,251.8680536422201,87.80234011825725,86.8006828799802
414.1292619320661,251.5508231753074,87.58351374110596,87.00640110702992
413.35180113141513,251.3004977487724,87.62092314014504,87.04372362839106
412.59231379316236,250.92746534078947,87.64644145297257,87.15102966578479
412.1404204452283,250.47330789324977,87.73211070909387,87.38049355244895
410.3070214050127,250.7326059336186,88.33457415855892,87.26460227684704
409.8715488702314,251.17484494171276,88.79157018556285,87.21466546225017
408.4453351314002,251.36634640656578,89.03780125972175,87.23695781514647
407.9253926874171,251.6445376547423,89.44587566137119,87.17751143143575
406.2005896554237,251.2516958522978,89.95731248440654,87.28743351546217
404.6539293798259,251.23083260122786,90.28991612047146,87.59649197541907
404.04808499298997,250.79208614657892,90.19659397934089,87.46694080779739
402.9453906092436,250.7491343226855,90.35324140619642,87.16031276260253
401.70232938351586,251.4043978049358,90.62832455291857,87.23297941020064
400.38785801496044,250.34608381299944,90.75739150610907,87.74119632038864
398.8197558775205,250.7643150587211,90.94140919651633,88.09655266229645
397.98154805930466,251.07488425457421,91.30721990302402,88.28692501230091
396.5934568049524,250.83026091449824,91.37264658668587,88.69481791629596
395.59015758401995,250.29537351813835,91.80783854490046,88.77549076266185
395.0807740281834,250.2379622560444,91.9078147201036,89.2622333956449
393.03109648315785,251.1002185744507,92.14998158536213,89.15687223187763
390.7662769663731,250.8445177993556,92.98070656787579,89.14316151075894
389.79950936171355,251.81670440645232,92.94040428234474,89.27851689992853
388.34886547127337,251.85640714308548,93.22418484391054,89.3524000741947
386.892856359901,251.58053144591207,93.35553981477841,89.6159616103433
384.7620174254779,251.26531401783672,94.12320604307598,90.10171587705655
383.10428047259404,252.02223944859,94.4186005745303,90.45771004824195
381.7916521579963,251.1758952987562,94.79900108456988,90.99628875070348
379.80600316707853,251.70440135333277,95.34204040894991,91.163237041178
378.715174347221,251.31370287038982,95.46130438335129,91.35107456311323
377.1450036809238,251.68023432747847,95.88831234764424,91.26230197696174
375.688769739788,252.2999791582145,96.55757515942034,91.2511746373433
374.02082167751246,252.25165052435943,97.05847696787032,91.40471782179316
372.30474387221136,252.7430789515538,97.70162801418721,91.59902456832609
370.3504170119488,252.74489500203077,98.04009488130349,91.94055167018618
370.3645253327412,251.79802747433513,97.92062680682307,92.58506122833171
367.5844274331257,251.94134833826405,98.4769201707513,92.71445250022785
367.2306178873581,252.1546043448317,98.71984920286305,92.81502197665549
365.5908171313451,252.12293155663562,98.96779921800194,93.16736758737996
363.7061315664783,252.7400128770419,99.07355249838552,93.42584389214693
362.2549909473111,253.3661340751621,99.30297478324397,93.35107206074875
362.1399483516813,252.6812539546287,99.04145347077846,93.88045675917488
360.8852116254094,252.96051421098795,99.35043549494702,93.98893254667682
359.8370372167808,252.61139333116586,99.6056654996433,94.47846144537917
357.896219339264,253.10545664747548,100.45230236093903,94.63775331175283
356.85891836323907,252.5519954790392,100.91835984410922,95.20761234801583
355.27528456972664,252.5849081189747,101.42262064860228,95.36068938781449
353.9920335997882,253.29795035007658,102.09322913392744,95.29662935207102
352.3246831104993,253.58777965268567,102.49223136487049,95.3645405224342
351.1528505236207,253.36895353479161,102.78360514534756,95.23650003542491
349.2803577002446,253.87697902638072,103.27083646623299,95.67721851864684
348.0222442618453,254.2833469551951,103.86107323835644,95.77085240674941
347.3119310635623,254.11460286463256,103.99664781226,95.65146824385752
345.7946099688979,254.4848323859535,104.91789407225238,95.99454618375194
345.0805361781164,255.33674222312516,105.44541839188679,96.15540429623573
343.38369588553064,254.7136726921259,106.0404115190199,96.24666414585474
341.7030241077568,255.30462818138915,106.40674803645118,96.8193854019016
341.4269068067317,255.07000088747571,107.10684867896947,97.31491779261307
339.5670934797263,255.26775333822513,107.73380036235355,97.56591163083365
337.78820368626657,254.41372284431827,108.16424940766225,97.92307864434315
336.46654043840806,255.10062070366905,109.2506907801264,97.93645312122109
334.5235974799515,254.57561155071983,109.68095330874922,98.39317561451274
334.204774373587,255.52338259648934,109.98670095141748,98.56001336000989
333.91223208774164,254.78515709363106,110.32101441781865,98.77964392543407
331.6208172930035,254.69663675681502,110.65312970523206,98.95649938741138
331.47083424755084,255.51297348637203,111.12436327579543,98.95418057116542
329.91828624425295,255.25405585176173,110.84171867036115,99.3472129156934
329.3062691858617,255.15545449734398,111.33595196679298,99.55876702321297
328.7995083399542,254.763734033775,111.5596239004599,99.77289823889461
327.7434040348344,253.54206347388444,111.40944547342221,99.89967265297201
327.03664012792103,254.84156687085627,111.43955460801155,99.82074690227176
326.192115448503,253.36758035799073,111.6852416116154,99.96041013453055
325.18964255613577,254.44667283189597,111.94503086978435,99.7957670234587
324.4545267224861,253.5074218186737,112.03194137104511,99.8698279555047
323.1599172581992,253.51244251542755,112.67791333897902,99.7562406280351
322.6878766453681,253.79551333801754,113.058389673341,99.9400861082519
321.98148195821886,252.8825239102286,113.24603168111574,100.04816003848342
321.5171162401253,252.85045693421347,113.30446902321715,100.02000782098469
320.8281914953259,252.4822600803189,113.37734681786972,100.22550546115451
320.3625358877737,253.00460468215056,113.80837139423741,100.19186183263311
319.4224227531426,251.91620984944734,114.69959710464634,100.07196103401975
318.7781849050083,253.6811196114981,115.1400852682994,100.15500671949769
317.52336571014376,252.12937286515492,116.06367672390056,100.11139833306419
316.09684003135635,253.54240069725245,116.63127261615864,100.12849638400277
315.4112798915016,252.39385016242062,117.23354858939922,100.1342075114973
314.47688783278744,253.51049495899434,117.98811494864879,100.231676251556
313.35330974267157,252.13684187160436,118.49090770171838,100.39380166690606
312.13514377812277,252.3378722263799,118.77022406875847,100.45234729394863
311.1757752937265,251.21563926753655,119.02298463240734,100.53763948459977
311.08011522513925,251.3963698359147,119.14100770110514,100.7093216297801
310.01056896301657,250.2583999452813,119.51878130330755,100.69754073081008
309.28968146942225,249.6962215962391,119.96544106994949,100.71085755195662
308.0969638665212,249.37850967472488,120.46489733860254,100.70036111834321
307.1191275999454,248.86246847167624,120.81225321182686,100.61669476135609
306.0602280243966,248.24273925632187,121.367164813524,100.63189417316681
304.6926407331229,247.67085210202487,122.09233749825955,100.48471806424217
303.75387729930213,247.98806115126257,122.29869234308163,100.67854053917299
303.07644238733,247.04597096919264,122.3866957214844,100.84595621482103
302.7935354241058,246.72382234898333,122.61373368534166,100.5194646783651
301.9023730425533,246.69763985960307,122.90420688022468,100.41403798298855
301.4812010342562,246.2036747728546,123.19965372389107,100.58173630156983
301.1599833636591,246.0840299924741,123.39571292019929,100.48995779358812
300.1200251865368,245.56180273844024,123.67165214260027,100.27229932653526
299.66352303243116,244.51723686846896,123.83109006649602,100.03941864200885
298.6869271510102,243.7537473369585,124.53042278621658,100.02451995844774
298.74951215352763,243.42551219887815,125.0532786515049,99.89570029139023
297.7522357253255,242.7464790663655,125.86007222770449,99.91798855844493
296.6279034811737,240.9519419947103,126.44867309162598,99.83627489047606
297.1710232887781,240.85688570564326,126.48640148159761,99.88224360409765
295.99361052665176,240.14191999674682,127.19499678505554,100.1314881904162
295.7483650943706,238.626611238997,127.39805974739613,99.92832556027076
296.1590622464365,238.19849443267276,127.48747126468308,100.23582856111805
295.1097481230853,238.2257270720846,128.0100914299494,100.1279386445297
295.0887935037498,236.53287718860796,128.01703574953012,99.92482677551193
295.1477447475322,236.41527151646105,127.82925209842773,100.26456259812205
293.82796448127164,235.58373636293064,128.3167936070537,99.91914520376685
294.5355470731596,234.8979515642813,128.23548214489648,100.19078701805313
293.8409712309733,234.49544831948063,128.61057225910147,100.34789668138723
292.8765685066629,234.31054492920254,129.20623018193487,100.30704432755542
292.384819266425,233.5911503768806,129.95468688015086,100.83684745979482
291.8266987465971,232.47187681717745,130.43426907247456,100.8113581621937
290.2415699556899,232.80039792908886,130.5824343119122,101.23515223445241
290.5616287838672,231.3093257474789,130.58184582416345,101.2498860332497
291.16634096832047,231.50849080648908,130.19000465857272,101.7248226121593
290.37426178970986,230.82192095442014,130.49837685437112,101.39405184628836
289.6917934411713,230.4738928963917,130.61496924927087,101.47749291345984
289.78351993192166,229.3411728096355,130.82723728608454,101.5795860811281
289.7476091084021,229.7448857753276,130.42121558891202,101.92455563657563
289.0978449797309,228.92902543934633,130.90863932307255,101.5644768347756
287.77037800460806,228.60988444550816,131.3933621965817,102.21415989552781
287.46463339435905,228.05349775053432,131.93199745698294,102.68452914643359
286.8464651551098,227.2339079113078,132.6812027571024,102.60785489536697
286.88851088281285,226.44051334708416,133.31933815983524,102.84642403308395
285.4775077293217,226.76758624460084,133.83640972675113,103.15981570076195
286.6886319432748,226.74792202573184,133.91064581689605,103.10261868546885
285.0476476229609,226.0582767788953,134.10788073292974,103.19252338354869
286.3443203705581,224.92606768576655,133.99907665390361,103.11171933508024
287.3270183090107,225.78506136057598,133.9248883527963,103.25499084986419
285.7905706429875,225.3719753299498,134.2562670947243,103.50074849671068
286.50692819213634,223.53805423162743,134.2852860528995,103.43324819076147
286.2198749887514,224.04119160545454,134.75519209651011,103.83345387466392
285.90334587831245,224.27426437205725,135.31265979629086,104.20498647589991
286.2764677146571,223.0342216983942,135.83277724096456,103.9900673600302
285.3670687023672,222.97398619383404,136.59019452156394,104.58813706609759
284.7508883222851,222.24445809486892,137.41787839731535,104.55909762289166
285.22707700196645,221.39507832837808,138.0695010102961,104.7539640188952
285.19591958929396,221.66765802504034,138.5722479967338,105.16263409286728
285.62333132867775,221.55013934243382,139.158882504798,105.1455207734852
286.4640994985799,220.44175864207008,138.98561249475898,105.29390897093509
288.41093833737864,220.37738569577806,138.84979357036588,105.13794895641277
288.9508846431834,219.86747037901395,138.79522351525208,105.41804875498002
290.53795104668546,219.69671196534074,138.73852544831436,105.43314822559697
293.05881963182026,219.22663526924202,138.66967531722932,105.25667118280444
293.5186687033172,218.3468619997087,139.07181006951436,105.64093328850623
293.7477170963268,218.31141427416384,139.70534326548974,106.05006095881515
294.58340528806303,217.88533919994006,140.04961024024797,106.02186391497524
295.60724124989054,217.64109708885022,140.38002845979668,105.85005342556514
296.5211030019854,216.7586927088314,140.68937513459252,105.96730206597385
296.03850625448086,216.61755572791765,140.98511959824864,105.91988440912044
296.9752316425257,216.23266440647535,141.13198709188856,106.08646989462203
297.39694267472385,215.35811127790632,141.2693508742025,106.28173134222794
298.1089160390844,215.9121825236586,141.68658017850137,107.12418935559856
300.0448287460648,214.69415022066624,140.89566401670726,107.08285079767333
299.942983906987,214.06461187273595,140.32849338049368,107.20022448392851
300.4561875187121,213.4678275311053,140.3954176132279,107.23594063671038
300.621913962026,213.39218373204773,140.74716484752602,107.62970052581827
301.6278641108006,212.525885213531,140.94357777667665,107.69332054068072
301.9572390540006,212.6458630457563,141.3970297001598,107.98330327602187
301.43714408623055,211.06426408639,141.08677782223089,108.15478576354104
302.0241026467487,208.8157538853383,140.6578623152884,107.82089309878045
301.9599850181602,209.49611637106636,142.0903182488875,108.32724392821999
301.43171620509906,207.20524152493425,142.16190437888557,108.02598466357504
303.16762305788757,208.45662833011386,141.67304398332132,108.38207893689811
302.8835897044413,208.71228708382688,142.40877188024677,108.21479961792956
303.95028823030975,206.20232064159524,141.45178013914068,108.21777331202415
306.9477855389897,206.69904941350347,141.40242799309425,108.6950614509241
305.6851049144912,206.56787732077396,142.02047470313565,108.39745468862154
306.81487057805526,205.0421914237075,142.12560292381326,108.47498123930049
308.38266058975023,205.11124827444928,142.61402869494847,108.79379427107233
307.784271260267,204.021014440716,142.6796180076015,108.56262987753428
309.4142084696475,204.47456137563032,142.9215865644569,109.29340739232627
309.56583735226076,203.28952691564643,142.82876171611005,108.97243841899879
311.45926640348097,201.13983643261793,143.0785676227639,109.08868673658776
311.1864896222995,200.52202351621992,143.32208564478452,109.0436711328069
312.0514054825564,202.2547695795055,143.2918810852967,109.57809389080302
314.222805132233,200.31894986273784,143.6767443492674,109.67367584257258
315.4746376450099,198.79245959111947,142.87410111421806,109.5625841106476
316.00821151114167,197.72810193429757,143.11706728881495,109.72362051975799
316.3264946510454,198.43586237679227,143.47439290382488,109.92971468699183
317.31601976397025,196.8231289901543,143.70222587003752,109.63263493049789
318.6393024551619,197.64773167446606,144.3228771700883,110.33745730998223
319.988525917289,196.9149511823858,144.40385682054117,110.19730671481994
320.2961178979366,195.46175375988088,144.04479500132248,110.00779554061899
321.1988096931683,195.46450539090344,144.31616812663358,110.12564779387509
321.5298396318291,195.7326014019211,144.57875611699154,110.11279051343215
323.37069790669455,194.93773717331302,144.9096070874023,109.8270126887956
324.71579873295855,195.1024736340697,144.7329938633716,109.98908604051378
325.1063571189867,193.1001923352486,144.07368117221887,109.84671842041305
326.8942336648947,191.8316170500807,144.46746223910944,109.44642931064934
327.26525322432633,192.51818093139835,143.84592893748072,109.76599811936416
328.22022663100194,190.79758594110044,143.49029685668106,109.20664832029689
330.82964402639385,191.05788362537515,143.95029793473267,109.54704669469027
329.5995791879312,189.5768305381062,144.24969271976641,109.5986497201956
331.2818926680188,190.42830823218827,144.6699657096187,109.71480079164905
330.5190080898303,189.90124720555244,145.28987563404684,109.59713117221412
332.04038023286273,188.96811529320894,145.63852787050402,109.6631886933046
331.35578361700857,187.83018730543918,146.5192433655008,109.24624390857497
333.68190356516686,187.2210788824113,146.35022500009862,109.37914958023805
334.5492235068108,189.6588514854119,145.4058655185175,110.00895973236061
334.67009285353106,187.91931961725453,145.1906613414412,109.41927261036847
337.5089040887649,187.74015353314982,145.24416899411193,109.7651545398881
337.9806497924945,187.09696261889147,145.7557522545834,110.0816444626202
338.8360900436787,187.50891772395465,146.26031226391848,110.41975195555017
339.96479650702213,187.16940542061892,146.8103214983339,110.8791000080186
339.40714702848487,185.44592255343008,146.72391893353497,110.84088584127323
342.1440007269615,185.37182986244204,146.5639021989657,111.03542359854808
342.1881403884081,185.74577420442512,147.43482754983955,110.92076256093276
343.988041267772,184.73694907715392,147.13246155160985,111.00457337512938
344.4202910601663,187.0465621892131,146.58204292041938,111.79346539899691
346.98424229151965,186.23196855990776,145.96718815287255,111.89028209028577
347.89676347146656,186.29515359307527,146.2598640127357,111.73896496181604
348.8108649290617,186.41839148756375,146.56125637723903,111.95144612970245
348.64796713802707,186.09793821174736,146.16945292499892,112.23863553303121
349.89220780791476,185.50033967866273,145.9752735719179,112.61376304773263
349.8282947068026,184.48599216380308,145.8526553321085,112.64042555906511
351.6572213331087,185.01962949035067,144.705232892332,114.4684715598853
351.8107336584466,183.7789688789992,144.57868673999576,114.10709134749915
352.6816717910874,183.83935206207576,144.46601009877583,115.62036474098196
352.91605356945445,183.4365669270817,144.73224286085886,115.76332060581485
354.1991417906393,184.5198229908557,143.97844089110723,116.93629150095671
352.44234597615105,185.2254781173874,144.3536672513764,116.31211029242607
353.98221748270385,185.7178650153933,144.0072418518726,117.16884238153848
354.1167086072793,186.23207120369347,144.25744943731632,117.46259775911139
353.55040768517404,185.85304259212592,144.87115678794706,116.85310544363413
355.91887460835113,185.3079287837506,145.176806407169,117.11805585110282
355.11554678660485,187.9086522969917,144.7363040478082,117.64940930832427
356.2879880134328,186.93582304238356,144.67321304274532,117.30016763863125
355.8536139639849,188.84481331625784,144.88119334798574,118.33150321103041
356.1232828972596,188.5647868381502,144.72509838657626,118.13375993931365
355.1845309054934,189.56245919460898,144.6248619631188,118.02756739562375
355.7691037554244,190.7102027396999,144.15512640377108,119.10272153697876
353.4990208322885,191.1680867038032,144.80726362836927,118.95753282763661
354.3382913180115,190.86721526268843,144.92757092829322,119.15967189597951
352.90904121668484,194.0581556046364,145.65112430782645,119.25171203422711
352.71975072849705,192.49256398584683,145.4751080852389,118.37140492680504
351.28388953096425,195.17496279415417,145.74473249217576,118.9842546147253
350.11390791275915,195.69559934834442,146.01033678846153,119.11837878322315
350.7677950235123,196.4496920249628,146.2643835508419,119.20762187103405
349.77587066637085,195.10525461444192,146.16381086886932,118.59397212542541
349.0738094776469,197.40764815082503,146.28961496037516,119.11185331895558
347.7798713791982,197.8446064259798,146.05752198002648,119.10285970937706
347.15498052864183,200.66115655975912,146.5152120730917,119.36262509962484
348.44964340979817,201.21879899926324,145.62860540314804,119.80936302583054
346.66080406533126,201.7142747294524,146.20437102140323,119.6040687328869
347.04175539092614,202.5267704157091,146.02094825626835,119.6817515108404
344.7946189275793,205.9732653328071,146.83751565661018,119.72201544175061
346.2183031340009,207.50998211691837,145.7281230795671,119.82408131276762
343.5989135788302,207.75757395056846,146.53410618847417,119.24685855000602
345.0426427804064,208.2549862898267,146.85485992254405,119.22471140034776
345.00019373382935,209.75469307102256,146.01542646986843,119.05658903668649
344.90162035708227,211.93409156175076,145.17717128301686,118.96048784456724
345.15664873100206,214.54455286978646,145.40397087653926,118.79223618415384
344.2793685597066,214.4591496020492,145.49966624415455,118.44237921979618
344.96497266129063,215.80097932773165,144.41285039785907,118.60195073118456
345.53741904661524,216.95595404007264,143.55943056884684,118.9002063865349
345.6839242152116,218.86272249265832,143.7714385851163,119.36260703858404
343.7499466649865,218.85173394207567,144.6559847576491,119.59028692142658
344.69070397733026,221.51906587924006,144.71005217470196,119.59169787619936
345.1910667267364,222.96884280036517,143.6849661458114,119.82965266470171
345.0691712966599,225.87331443976024,144.077038341795,119.3172620439926
345.1173783283974,226.46078388599517,144.3373183806073,119.16010452836144
344.43371468918497,227.15411530847285,144.37002494484457,119.02988363420413
344.75665681482667,227.6564600763071,144.29205178202784,119.01236872870075
346.3190242797819,228.44096814007167,143.38646811058592,119.17049934589963
346.0125773242132,228.9247088076561,142.66796711091087,119.01529014217382
347.95047786640293,229.42355196758746,141.73994782775526,119.06956750925414
349.33651701772953,230.79768632194452,140.9788961459669,119.14547463519582
347.5666227678359,230.93642737345985,141.49861957655563,119.10423578015099
347.70029748250994,231.19894353992518,142.0605867632659,119.00185822498558
347.51447170593264,231.78620937476396,142.48734965014833,118.63268842225905
348.6193094102039,233.39865031000306,142.00812844807243,118.02587262424478
348.15018440000097,233.87454686390592,142.48834276100453,118.04116261294331
348.46690528371124,234.4780807506395,143.07263378071627,117.75311251201491
347.9848676542276,235.38910058720006,142.44745299148104,117.4247207719001
348.5566381585334,236.14064194392103,142.6672785867207,116.89907454136451
349.28892836938286,236.65929198634785,142.3941606818065,116.53079284430532
350.73628719060275,237.77492699062327,141.99686478085238,116.19840284063731
351.27464969513113,238.43829816246839,141.53950331816705,116.0120091698139
351.7644676979721,239.2859305153656,141.16014419990188,115.53306807813993
352.2589343017114,239.76001196607507,140.7724183679498,115.04290303524532
351.75348666525434,240.78957763444078,140.78339625290153,114.34230818037122
351.65055803591997,242.03927771586228,141.04687228231862,113.6629731582524
354.2350937762247,242.0716118197938,140.2396310362368,112.8478005758853
354.297839768819,243.15775156862134,140.0863110133093,112.30355614674214
354.3415486989931,243.58522896890102,139.79901189733448,111.44867325680747
355.0911716891087,244.3896306493225,140.30704102162605,111.02873293498124
355.4208429049278,245.03223202780953,140.15181107205882,110.60186442130474
356.1005390406259,245.2830725043649,139.9147649634586,110.01937517884492
355.53843288915596,246.10257523088814,139.6110204468642,109.43497640190012
356.8818607771154,246.7812839913154,139.41782369041553,109.32947338223579
357.8164484737516,246.9334282711646,138.8943070762873,109.03047623232797
357.74460662861765,247.78652839837866,138.4476156411471,108.69043732433536
359.0930324707901,248.7938467560239,137.87320977856425,108.22764973586067
360.25367975455316,251.0590286355806,137.60877422745656,108.08641037021042
360.478176180276,252.79738175489143,137.3133899812765,107.62652337025143
360.7261468855379,254.51450798580706,137.0577282452827,107.10745111471903
361.36782013475266,255.48207442200362,136.17478825649107,106.52483489347946
362.5720066321446,256.9448707491185,135.85715141244867,106.08654692674978
362.8854682910042,258.12340173912776,135.24126790964132,105.8447701048886
363.3491649680583,259.1771544441551,134.71145222873,105.89671021904951
364.4623869337516,260.72205451004254,134.47576743163594,106.07423215072072
365.50151465291225,262.07478276183423,134.7657108649272,106.41002206132191
365.9425029778159,263.43484172126506,134.66050891957627,106.44089763267937
366.7218235264934,265.23676055570263,133.9436763797317,106.57582067356682
367.2997391164535,266.86282732557896,133.56261307548277,106.59046655657417
366.78258098034723,270.5175482537842,133.5332163931742,105.79745603179828
366.78026324325276,275.2288634585606,134.02369963853081,104.77067771117355
368.4937202402026,278.1284189393218,133.96936092768175,104.26186473472805
368.32723705057595,283.08477940503803,134.49098576790965,103.46608048695049
368.5435559416071,285.54810086168027,133.47376255760943,103.72839574169569
370.8490309585937,287.34494399359636,132.9314169929356,104.26763832613017
371.2126173450751,290.7046157589481,131.8998551604292,103.96579338398874
371.80121176422955,292.99659805599526,131.23845338714943,103.36567211646295
371.7825249507948,295.8656018631923,130.86449303584283,102.82989114086283
372.1291968811141,298.1556770768719,130.53058586601145,102.32902967300681
373.472395842242,301.1666547643458,130.06233617526212,102.16467069545894
373.1318910478681,303.8999606771843,129.86384603056183,101.69579293960614
374.35826799257734,305.6097847546857,129.6852601556697,101.56489662519482
374.7956313832648,308.93792911029175,128.86841872309176,100.93555493546702
375.33401706489934,311.5208037736247,128.53089480111444,100.35174482922952
375.3756037814593,313.75331419217684,128.0838001429236,99.92747068096807
376.8631262827262,315.2460093413805,127.26803114899568,99.77796805307771
377.36914691735,315.5754672089679,127.40858992972068,99.7266283305143
377.2576446757315,316.73818181371473,127.13608770910403,99.36646034195275
378.83859577644444,316.94949255159713,127.15407470979608,99.27267313165842
378.1356049809229,318.5107267201515,127.04131564684748,99.01802672638865
378.4988625306723,319.01213921281726,126.59367086170836,98.73645650704458
379.767499636338,319.91962423920165,125.64148597628176,98.29711099174375
379.8021428014598,320.9858741559184,125.31900531391531,98.25613981240866
380.25923425222993,320.92100512401424,125.35467434251655,97.95162701481067
380.73796612150164,323.6810743711939,124.43229810746591,97.33415508920743
381.8917493840553,324.059777314195,124.12010840769136,96.87379216909426
382.7913567042532,325.1160495393638,123.14078289550372,96.95765289110466
383.60950343878227,324.6535530971515,122.54872394068197,96.94703726932661
384.56216918399656,325.8729393647773,121.59244418803873,96.99961276225791
385.281411318918,327.0232713624895,121.04121385830123,96.76260104382644
385.8657360650934,328.0973396153717,120.76305901059234,96.62613798853188
386.2511735609609,329.43871728908925,120.68698928333023,96.53378810526914
385.1106905920515,329.5848609063684,120.8062397136417,96.29366626349716
386.04204603068507,330.0170614098877,120.46146208584824,96.22593813710824
386.6522550091023,331.08175379561703,120.04076948273158,95.95787219232488
387.3124117364515,331.74009592267373,119.42700901036343,95.77671447610663
387.736032828803,332.9169302450232,119.14408607862828,95.32373543330601
388.3896446680459,333.42938542250664,119.04634697732153,94.9101183942265
388.2501058973823,335.4534572201237,118.55310454613358,94.32478412325685
388.8691416085244,336.29013337342656,117.97272907292694,94.32188703401266
389.81478818799707,337.25623674425395,117.33063840383451,94.11488309120128
390.0878311485749,338.49059403397575,116.6631106788063,93.9132841047142
390.7049716647557,339.4565147410069,116.20035431418458,93.85700237826629
391.25975722043404,338.5223869797049,116.907568657578,93.44104650369934
390.89822959876267,340.4492598221082,115.93839522603201,93.12959746691817
391.08736668454964,342.17756125597805,115.38936490814638,92.79389046175783
392.3915761744005,343.5526968914306,114.73671749388197,92.58397105852846
392.5666569491458,344.50650895185515,114.38367060926632,92.50522045280857
392.5842857471817,344.8889288702337,113.86001163003301,92.8174166391914
393.8836881363871,345.3649855258994,113.69461892666496,92.95072298270625
393.4775928988531,348.20761357376955,112.81758861563826,92.42921324393
395.0019258956436,348.0556216296265,113.00505405172947,92.8689705823523
394.65679538748964,350.3628798729959,112.11149758604284,92.66570230270581
395.53125337437234,351.0255515694003,111.49058056037455,92.66317647390755
395.3934137847686,353.1170302209362,110.71507520455557,92.06274823882895
396.61342649634173,352.4333925072823,111.7279954906378,92.202157374137
396.39433646183204,353.7474914267159,111.26749534954362,91.87550873151298
396.7936304885216,353.0053602916854,111.93649214456846,91.87541614794394
396.4449044476982,352.92152639437654,112.09338773579395,91.89545906248625
397.5639474964007,351.3867751300674,112.3157010276559,91.06240660224339
397.65923808286925,350.95738761246866,111.75221334865734,91.45964978972549
397.6372934275982,349.7240134543182,111.51475422212857,91.42393571894148
397.93340256937904,350.76363387396805,111.56239299232354,91.62009361087354
398.261459673757,348.3794102222158,110.75685645092321,90.84402625831103
397.91691263901384,348.9740516795259,110.25542570389638,90.69559302935978
398.39464921074773,348.6151578164649,109.26660721129562,89.8257658615686
398.20185274373404,348.1871452690997,108.65310190399384,89.3001905763551
398.75062757537665,347.82692391587614,108.40263467679338,88.69999593748825
398.6847184430929,345.0981290177981,108.18012415999453,88.21587621521167
398.3458772391241,346.2858121382035,107.64750588395694,87.78466125671144
398.88379076837873,343.547603197645,107.41951758486994,87.17646247675653
399.2692483695058,344.46047996197154,106.97040526695608,86.83688317391065
399.57377783925233,344.7437932142911,107.09063019672959,87.1634820411092
399.67665874439916,341.4759281053401,106.76740514044795,86.83479136820317
399.4661580627838,342.93199344551914,106.4145492081656,86.75626097051409
400.468382286965,341.83874076480527,105.6391677277674,86.05601468017787
400.94079460819427,341.4198078925544,105.53878211500238,86.41638779419797
400.70688997970313,340.6759239915425,104.95260088870064,86.15689609857913
401.3392195098402,340.01865566538015,104.98178295200755,85.91647786446748
401.04891912295324,339.3525886412671,104.64140243782515,85.82256780621006
400.4233533194638,338.97323844642193,104.84440186363649,85.4970694825978
400.23169601877714,338.7266988591892,105.71720298053174,85.51824861119155
400.31888191430875,337.84840134955635,105.76126267714798,85.62924521889718
399.2800080936459,337.49506077103695,106.10190173025498,85.32370766217564
398.6958395287361,335.9001358435937,106.51175163549576,84.76544197751133
399.5668972909668,337.10334077454104,107.08109517551806,84.4242748829506
398.1085229145848,335.79125527059307,106.83149022573683,83.90866989940669
399.922712528262,336.0268893863314,108.12910301040628,84.24009312758582
398.9777187129576,334.7621512134738,107.11615799712482,84.0028541851387
398.2327000069355,334.1591667799156,106.42693920837866,84.02954992374562
398.50300649826147,333.4111143618728,106.97774210783717,83.89068957848049
399.26446472147677,334.1935787222329,107.27461805127626,84.18071879595459
398.4878786155838,331.1349312614191,107.66359985149458,84.11918690865276
397.70580929199105,332.6385221936752,107.09480154418185,84.06844191662287
398.0072095210963,331.5590609999203,106.70608572611664,84.17467475182559
399.717327447173,331.3397900660811,106.15037566894614,84.38643198789404
399.45811245186195,331.80769649666337,106.30703580454579,84.24711849825815
399.0207401839364,331.51999694701925,106.00074935170358,84.28534873711088
399.6622520140459,328.14799694985,105.83204787700092,84.65067422430829
398.2326318821702,329.0271195264251,105.84160509441142,84.6082200581728
399.183834481066,327.5846547187665,106.37460467414662,85.07132426455445
397.96143434524737,326.54657790353156,107.10903702776946,85.56795409322083
395.8138818718332,328.8469434399731,107.04216487422549,85.44091114594808
397.13482371623763,327.68189290675343,108.36910175731596,85.83611562406192
396.6369113923219,327.01168939252534,108.54439897079837,86.26922772349056
395.03853640052716,326.79629932416225,109.10836792564037,86.35862806871855
394.1079690399796,326.94035864401394,109.27879615526514,86.38696923378852
393.35130912115073,326.5228541470028,109.54743618430615,86.44404165001379
393.46593861635165,326.08992184431366,109.78958731939832,86.63161362328916
392.4522311359062,326.68790586184593,109.98085377984678,86.97820437747777
391.92647159702693,326.4143683747038,110.40963062194477,86.96699477105452
389.69316406157844,327.9318366569028,111.43065376626703,86.68123947725584
389.89818548392066,327.46538778746316,112.20879780550905,86.97329740099542
388.69987678195344,328.13887075178076,112.30274711480848,86.72431924339448
389.72040669896313,328.2963703560755,112.60542440618579,86.79509071332518
389.24140405589355,328.2793678404704,113.41590350264005,86.99325246457758
388.8794627174187,328.4065250981043,113.8980748759981,87.09213462985562
387.9705451464073,328.30211646375597,114.25068658643357,87.30600879666191
387.2937329831326,328.60636503691785,114.66396210898594,87.44476912142275
387.34906583167134,328.67383813006614,115.79841920224513,87.86905886556895
386.0788474740738,328.95943819415885,116.0162374329431,88.32207884636946
386.15323425423355,328.8991409849676,116.51039271135349,89.09282797456797
385.7490654500793,328.51047097558666,117.35312636829724,89.43461000206355
384.99166517965017,328.55681406336345,117.89817799491368,89.51390608506827
384.9539677543702,329.0127550780939,118.07666201414149,89.81935689557318
384.31777609582946,329.44673588866056,118.22971468661537,90.1304167521391
383.99045803710067,329.79220979292995,118.66312269626297,90.16470613432372
384.3671624016474,329.5175134064125,118.87369941028462,90.36016864264731
383.3167528361735,329.5607821508163,118.94201231373913,90.83169001175749
382.8754768842092,330.160964602572,118.83486926470299,90.96460996313502
383.41153452155737,330.39134030884446,119.08986285002253,91.15864150146824
383.6508258795099,333.2880884574326,119.31094323674427,91.46439122937741
382.8651450585975,331.5088300143115,119.18547853980115,91.1292594911994
383.11407059766134,331.20494061729534,119.39238926482358,91.0359039611579
382.60386521285074,331.99134709389773,118.764183958929,91.33728861022517
382.7959230134989,331.9827635096967,119.89312833134944,91.46213115963201
381.85413925167575,332.48929036118665,119.94992256913,91.77163740938806
382.6288208275799,332.69032552921897,119.94535504968408,91.9427231321117
381.6308387609939,332.3904429757946,120.27560301159131,91.19372584596269
381.38324837636895,332.9215683696,120.03717100503869,91.91375371531154
381.9477037145664,332.8602380799665,120.77248821961211,91.57469120536027
381.1308095879774,332.67807280691244,121.4369099819492,91.86803413945935
380.8925167007267,332.44180372439234,121.77020820206741,92.53330550290394
380.3330946258551,332.4422004214032,122.20479704985809,92.96001432379074
379.80828640501886,334.8178435332068,122.96410692338492,93.2338726772099
378.6599021885726,334.24439836811365,124.191535961708,92.74635965942717
380.18601218210466,334.7609217177668,125.2433132051736,92.57675383135964
377.4461172051135,333.3603336912309,124.98837577649604,91.8210813584304
378.4811326770126,334.4872892210781,125.5211471093092,92.52107087437386
377.7390898220443,334.966224505475,126.29789573781343,92.14597369301217
376.2600752806256,333.5137654444921,126.24133264993552,91.54042523935541
378.5469476029193,334.26624133765387,126.7550952532729,92.26042925022725
376.35963631857305,332.997567386119,126.54788875092049,91.7393147719341
376.1486922531358,334.3636734877337,126.80412661836641,92.52281292255604
374.77777882598286,333.94663994451975,126.96640225273194,92.32821923475294
375.89146735443694,333.24964214491706,127.84369905828109,92.51016058133386
376.55930239595443,332.5284242286635,128.56166624140513,93.24257456039405
377.20663769330207,331.5348618025567,128.47266886448335,93.93138829829635
377.451942849092,330.92119652064355,128.07704596768082,94.3353780289356
376.3068182363104,331.32841300564684,128.0385798688422,94.40132258998061
376.7143597996935,330.79809444215414,127.338141574985,94.47439717977275
377.00799353612973,330.4117715974679,128.0891702771156,94.66775194268871
374.77713591343434,331.2100903832172,128.4437120796659,94.60461146629817
376.3355115215182,330.47040977055343,128.01402336540548,94.39073944005403
378.27824349184266,330.1344875849173,128.33407671677926,94.6967909408048
376.472073507707,330.25354435038565,128.71178538507795,95.33456879733072
376.4754197055142,328.8798625215543,129.43954958822235,95.72996130554883
375.9066107427425,329.3983305328172,130.0393794206757,95.57423686186888
376.3187993260119,329.13038926365545,130.3872125898683,95.73252039926172
373.86403551446074,328.77433704176246,131.3551675468025,96.212941708015
375.2875273973391,329.32047844663197,131.61420590056792,96.34098293773522
374.1846158835999,328.98742367237054,131.9823726685094,96.33793229901372
373.0228355020042,327.943363686046,132.4712925711433,96.27901953393082
374.74447956870193,328.7722315155716,132.90543583041756,96.10806010759906
373.91415352283013,327.74581873456856,133.4563613739663,96.25191137971107
373.553027273354,328.1919762562538,133.35668561020788,96.01025428817239
373.5164160915018,326.9752616863265,133.90630733599966,96.4867785398739
375.26538607996395,327.136963176067,133.86769076529487,96.7712829748292
373.5277811235609,326.2276868102658,134.1726886476902,96.3742035061905
374.27642341662863,327.1071188952421,134.47521721291423,98.20885425551899
372.3541823124782,324.7139348393739,135.15845240621576,97.9724734201118
373.6210147783796,327.4703327779611,135.0817708022784,98.59340366293247
372.6919631713023,327.6479941654295,135.20277234235328,98.44777065416426
372.881546128027,325.8136007746316,135.0621352318947,97.73748333908043
371.53168766119995,326.9588190349473,135.36881651529552,97.77091461630066
372.96135656002957,325.9913009129024,135.93233719427502,98.78432399452669
370.5735672963807,327.5577553261693,136.8437692505492,98.19203168029136
370.7413043203388,326.5228477118876,136.45647608675583,98.97241283349928
371.2292328410875,326.1829865266669,136.60525152301886,99.46597821579667
372.00511426766246,325.6104864865322,137.28125852155347,100.00458358790956
371.95275851653696,324.73063010139015,137.76518863194536,100.35121661957666
371.19931790751605,323.9193789226708,138.25192455293683,100.76336870197574
371.83461016771304,322.8312186729164,138.35800371738773,101.52574376500684
371.3990928159045,321.25989800480863,138.40086025366168,103.03502149667676
371.67179368283814,320.72565835831415,137.7651965538044,104.14910550292687
370.8697421825366,319.9671485210896,137.54630913692694,104.66859733962272
373.42706662082924,320.20603090626065,137.57982214846425,105.16524930206867
371.6621130578176,318.36555809617755,137.21192668316368,106.1275848739408
371.05144527341685,320.294449207966,137.1773581734816,105.99232347861091
371.5500376180984,320.5999505673164,137.7917467034178,105.63483037080151
372.53641353650363,319.59622317708715,138.2663968670346,105.98959283329737
371.7247156325949,319.0833381863182,138.68403970606386,106.53010042088381
371.53627720436464,319.08632423846467,139.33753519221835,106.7321747529007
371.9674440573117,318.7229207231648,139.99611604092019,107.08449271451549
372.4261512683838,318.7048095754644,140.89785552369088,107.29176491771973
372.09987234786377,318.474853437905,141.08871417697537,107.78753837207123
371.98030176346754,319.6794790537136,141.29813225471682,107.45805317553399
370.4979763829306,319.04007050474553,141.6506006370218,108.10095719945353
370.7769071526545,318.56777333090474,141.97734283635882,108.40023077401042
370.690371945945,320.3611463557831,141.93739930276774,107.82225042173293
370.15607185076976,319.53052633885784,141.882671761032,108.32400499625574
370.3579408469298,319.106042665313,142.07291527315223,108.49056436814865
370.1100531002292,320.84814338329306,142.75598656104046,107.78104712293859
370.30401267523445,320.0993579085633,142.62338125451868,108.38253471744821
368.5211032125191,319.8169432491867,142.45722295559938,108.65950832164188
366.8441187325248,320.4871012296593,142.68921148689228,108.29550785904874
366.4183429984171,322.2360827063868,144.1236488165045,107.78548545544416
366.8076787186071,323.8084610804402,144.55655419554438,107.03896998884667
364.6495765663216,325.71323008597835,145.02969800664604,105.6870716719843
367.29119943688755,324.76353188437605,144.85188620640164,105.83410594311644
365.9506963393498,325.90220878528476,144.47036021496896,105.07385998565175
367.2484830548023,326.59460006908677,144.48210971535366,105.13640634318054
366.2812417647202,327.22831788204144,144.4758171394967,104.46403541692094
365.24656708074247,329.0454845712253,144.45752765247178,103.8720981071262
364.1831769638844,328.71236903149406,144.83253762823807,103.99337792649887
365.12565266416647,328.6103631146067,144.63903086306513,104.13244019563783
365.47917639850726,328.15351512694446,144.7945724556438,104.0305522981672
364.2643831401514,324.97635516033523,143.8247539697616,102.91263082971328
363.5476306823615,330.1443484463899,141.85595447440681,102.78596909433483
367.8970507561865,330.20900364008526,142.3583233950552,103.21862053660655
366.084850230292,331.05400140829835,143.1187424846403,103.14254223174005
364.20985365005583,326.82995999162085,142.37830481320339,102.7056143457958
364.81712653286866,326.13620872669225,142.05022340495378,103.68225743985627
364.5519757342275,328.44308584307663,139.9636381480644,104.74215919387336
366.59727190488627,327.0664855814989,140.2102807806544,106.2419832331116
364.59414610378406,325.9815309419894,140.26903525341845,105.9366820838927
364.34754718996294,325.8804343515567,140.57188447077877,106.19102526464485
366.84466615860515,326.357211459616,140.65721062803775,106.74299806802702
364.24858484442007,326.4888465725199,140.24873057528606,107.36888394535335
367.0168336587891,327.16297954517347,140.6227153531642,107.58403221608768
363.83992040708586,327.78886887542313,140.30140719775733,108.03670654707403
365.87366537214285,327.959991261713,141.06337407382614,108.04360998835764
363.66093764103584,328.42438912915065,140.10739461859015,108.40112647596315
365.49068902844067,329.4103591229324,138.8422871951904,109.17774858594902
366.96460428082105,331.110926410473,138.43933326589973,109.42402869516353
365.0492883132325,331.84990883084225,139.24606516903333,109.63399968358762
366.5572731565288,330.7800731231396,139.212684250446,110.30674881582031
363.66165170209337,332.0135634578751,140.3487543344573,110.41920635588309
366.1468366239662,330.2645496686084,140.30961837361576,111.24226473809676
362.9186671844375,332.5821840270478,140.92705287187488,110.60191412920446
364.15442552826437,332.139934134127,141.48517113676627,111.6158965419611
364.97048457035896,331.004406378094,142.9764957024183,111.06144036007248
362.8397230452306,332.83586618024947,142.60985732231615,111.03322987555839
363.43320745655734,332.0483591632758,143.75298188345172,111.04308768811597
362.5795470560039,333.1130398963627,142.90556630874988,111.69695056619568
361.7589871660275,334.5352759962111,142.84140220846888,112.10847554743754
365.04366489815055,333.26430891741893,144.26151341139814,111.8181114262133
363.17991540679117,333.6360587832936,144.71636620538092,112.27788546765731
359.56880425794304,335.9584020385744,145.69886386699932,112.2408816620214
362.16148885460257,334.9122250790372,146.6742154988756,112.38092048900891
360.99729871535646,334.9418314238126,147.3034378241054,112.80210818293058
361.15650344746905,334.8014683734044,147.06171352772938,113.47246931020189
358.5648135455317,337.16873567291333,146.72908209350587,113.52910578509761
361.5646611038988,336.15492826351783,146.79333989959272,113.72863315481483
359.5370885782216,337.68167972808936,145.8540372428173,114.02583727980996
359.89454867550444,336.7172173750408,145.99014376209965,114.4132689277025
359.5537055844425,337.0436781081196,145.61487174567614,114.22364697440798
360.5326048804187,337.1465797696461,145.70272196697144,113.81191310542889
359.3472281826803,337.5777571546224,145.1748199478671,113.56782837503467
358.0478702313617,338.91846282169513,145.25510800168828,113.37418402201413
361.6177293669896,339.0832910116142,144.59970274160202,113.90281682436208
359.39032671851464,342.52487076554075,143.85699255088088,113.75025433570448
361.6886581168876,341.76837460562376,144.14634564616375,114.3425568938999
360.6944342047244,340.83741475027335,144.64985866366652,115.08939958586295
357.81399862782234,343.877103202966,143.97586958797837,115.03974632473424
358.92116303107355,342.4085366854818,145.2743879666109,116.20350229881237
357.1363716804351,341.068522695822,145.69707001404868,117.87706233970874
360.9489050620387,342.2959337233507,147.2363632972282,117.02158429977293
359.27218246450286,344.2137085264605,147.23268416368666,117.24515344126448
357.682198665771,345.52060267258827,148.03841279325476,118.04155620812146
355.4797692659583,343.4653738656794,149.20005412461856,117.61270479712849
356.5993909776565,343.450529120533,149.69739870247327,117.95265798075388
354.916476343171,344.2384015452331,151.0383847555019,117.80872243749842
355.2967749973857,344.5121225620711,152.37761449823523,117.94163845607608
354.7059893835668,345.5050584749472,153.21775401872927,118.0212518693529
354.2758440718572,345.8648364901738,154.0054759349804,118.75651706788076
354.62566610388535,346.33839067405637,154.93318947304346,119.34280148709529
355.7930363442413,345.4362768704426,157.4783422952492,120.23411261282783
355.0535052164559,346.05388015678636,159.5999966829114,120.71525659556022
354.9353769579732,347.42869468964057,160.62608793765455,120.8841095950527
355.22484236878074,346.78491833204055,161.88057500849547,120.56729517329751
355.0418808949247,347.00205048528545,162.02446856825665,120.65918830556268
354.79988135534626,347.35212578532065,162.56883750034385,120.42865909559654
354.87112492021487,347.5775581580095,163.0724096452801,120.36665904624479
355.0914652139516,347.58102721608884,163.68676548339715,120.22551102899156
355.628492657267,347.799835377935,164.15987265273571,120.1958743426838
356.5113771981124,347.53001763384975,165.53369741069014,120.44383670701762
357.2614265464049,347.4427407178328,165.93474214576872,120.97894276058818
358.0782413996922,347.04329775104935,165.97159018711122,121.49917087035409
359.25679104178744,347.0866871227359,166.61901751806366,121.3081299240029
359.1510355272301,346.7333833551539,166.8970618146763,121.7169413885912
359.4225294000242,346.4749018525906,166.93681187254728,121.56633618693061
360.4207581277658,346.1623144945914,167.04631907770863,121.51795481352778
362.1378140257042,345.6724784323497,166.91139994883926,121.9467462078591
362.8000537776487,344.8805556895318,165.4272567528335,121.72655114230932
363.9227944248142,344.87934804550343,165.0817550498722,121.8259641011953
365.3195270843989,344.66061677854975,164.75340456262725,122.25006831499314
365.9326259885127,344.0732613276083,164.40724412174345,122.10636083327772
366.3890783765411,343.57066346321517,163.88020965337063,122.16683092939638
368.78852967858666,343.30929295371874,164.67259895372896,122.31850755367677
367.4490091534751,344.0088960024083,162.83727194670115,122.46423227199446
369.53748364789175,343.72482612043257,163.4619043406193,122.39061764713665
368.71173723216225,343.0760961332142,162.22710185347472,122.78734564077271
371.6528111116243,342.96947495258047,162.99488028015855,122.69878524763803
371.56879877039694,342.525024451653,162.46142069967004,122.85504783081853
372.2900945373958,341.78493230092204,161.69785505411528,123.20998417695813
375.11964236238725,341.7065189839952,161.49636142821072,123.53200420463835
375.01125851999876,342.9231244676423,160.1722022989085,123.21901771320472
377.26000799548035,342.4410762890883,160.72082303788676,122.18664218844629
375.4185908996018,342.63021835672475,159.26837137530424,122.00327054640233
377.87682116501014,342.6730186683103,159.899387136144,121.35615214817241
377.35041095345343,341.8842102065924,158.2899622856674,121.83072241595335
379.87315680301606,341.8886535809689,159.10032032943153,121.8197198385168
379.3978381171324,340.65445316170064,157.43411710023145,122.4842737217539
381.6942698716673,340.5839500496009,157.87830479202827,122.72719896368551
381.7299685879342,340.06957191138724,157.38015845788888,122.89189197717343
382.46540463253285,339.4251457903443,157.65695546945298,122.67304008050348
383.94785861289535,339.3716055214228,158.10954442835998,122.40895573020299
384.38173633778297,338.7477542553526,158.31697022438854,122.50991341504559
384.88631785375594,337.9763995964777,158.6494986864306,122.39442580667856
386.13365267219433,338.51703349462997,159.10338547274108,122.15479216469373
386.2631519970571,337.84233502998325,159.27842573030514,122.05752058831854
387.0314314437113,338.4588867719963,159.25314653918323,121.81151043372213
388.3240725060986,338.35535365468746,159.50380835171032,121.45639906986335
389.26025636098757,337.8433806229236,159.43142366652955,121.55842841013978
390.7419642640218,338.0592295404654,159.47995334652973,121.85318060109134
391.7875249049716,337.2980279102299,159.80295130825206,122.00381097623986
392.61368222725514,336.744394500164,160.0804489758111,122.13781053915802
392.8242470089152,336.7517858080031,159.5539350850197,122.20478958167155
393.86090960440436,336.9027405515943,159.22378945374908,122.12912289007568
394.02163228118354,336.47856906655045,158.97769790889174,121.95127617529556
394.6891792434293,336.3465363858903,158.66175912909173,121.65881451806872
395.4813824386806,337.64193690588843,158.02359429618718,120.67515628412566
396.0922365026777,336.25574235808335,157.5436345011703,120.20887169275471
397.6881228763203,337.6103693319503,156.98151663822355,119.48589532528194
397.70561899903953,336.296223771804,155.26774121445555,119.39375487933614
400.56791770677086,335.87945004134434,155.6824751397827,118.97396173833444
400.4464281686956,337.739623576037,154.62480087750086,118.30337262640762
400.2392491682885,335.9660976999031,153.68471973894898,117.80110225037947
401.5894989740874,336.0487774103467,153.17335806298962,118.38557230060366
402.3387429933491,335.03367013022626,152.66522259547668,118.12651645984351
402.4632421742303,335.5076899451636,151.20804237565167,118.41760553880832
404.88202321362905,335.8959404522215,152.63483309531597,118.11862406667126
402.9310796159735,334.7885515125577,150.7073373942038,118.2132423199918
405.82130080076786,335.9239508043871,151.33769023640707,117.86769319369225
406.7038135223283,334.53449873594667,151.15763419464577,118.44277137995061
406.1169880083911,335.7323778875567,149.40497325276306,118.39116242785056
407.9749888511854,336.05521412224607,149.4070528030601,118.35028332824183
409.4662120744746,335.43194731931493,150.86412957654392,118.16641501283185
403.25739467886393,333.94909898151786,148.77020869607335,118.60801138477603
406.35463484404346,334.7353173750062,148.37848038368915,118.06817464300357
408.07106567992093,336.1210102938652,148.24176844261655,117.31178604916678
410.56002672686935,336.5790224490696,147.6308073510696,117.24396492097839
412.6830432952746,336.35831321585715,147.1746289791975,117.6491437224017
414.0471138191945,336.3034954722294,147.43524196539997,117.72388939241947
410.6973162195188,335.48215616111315,146.6274294994987,117.75009481671492
412.40257608454,337.5130994124252,145.80703962175124,117.745630475193
413.4079910339508,337.0001626478025,144.77222892659256,117.8664093808728
413.01738391758136,338.86437950704817,143.87561842368996,117.39105078521476
412.93449893532267,340.65352767138734,143.65469020180976,118.02195245458327
413.9905061011988,339.910350351459,144.94848551094194,117.69075285898158
413.44427964956014,342.02202580937063,144.15852204668846,118.45538612360872
415.42874398689776,340.5363605685459,145.5228129002114,118.45342115504769
412.97567503870215,341.93370905321495,145.44468546914902,119.28347694564295
413.14560814087315,344.21421212371195,145.9751984743255,118.49084190984306
415.3398217865831,341.0664295374485,147.0693127440323,118.39492234497372
412.1445969847428,343.4570413999901,147.51875616408861,118.55073894887008
415.3072329536883,341.3376180981426,146.21956721875137,119.23095866238245
413.6760363957149,344.46650266147145,146.94054512015956,118.98649949132178
414.7228736531345,345.7443349275501,146.80949873146474,118.92711396040039
414.7540475687962,347.2874757485682,147.16629454709687,118.80385192781549
416.4595440206488,346.55264146552486,147.31078021623705,119.60554196874048
418.7904477377393,343.44724001522695,145.99619415656773,120.38156999369545
416.10006792824004,345.740452145095,147.01659553734606,120.68235228837216
416.59023963859835,347.6966530812263,147.55164740032853,120.67817094566578
419.6921804324857,344.13695759595834,146.72804678408087,121.74767044433892
417.0509651661408,345.6267053244787,147.54589439669618,122.39984260128139
418.46253555522867,346.6964275060952,147.5277191145838,123.02181252752294
419.45111829358115,349.8492609178276,146.75765009536022,122.48077792909467
420.65353686760784,347.87661219331983,146.96666449454798,123.61334601943713
420.705755167986,348.70387872721267,146.7463984260183,124.25852942427713
419.06813274776783,350.46753173993244,148.14928363300888,123.92770248094516
419.96299218942613,351.2802035163214,148.26151367852526,123.9646088509196
419.7178284647087,351.429095123118,148.71799817690078,124.31832079599883
419.43855736452065,352.8106455256325,149.17700365288835,124.1442481110107
420.1788931749026,352.3601772434967,149.103457981984,124.89119609040617
420.7478380539409,355.257282933766,149.29498950572207,124.2066839591351
421.51833836227627,354.09915178256205,149.7627727063425,125.23510923303971
418.85952299539167,355.21032441883165,149.1277133156,125.53038643135619
420.03782149511966,357.35481005231736,149.9734669325991,124.92514838925358
420.1027707890577,357.37170805558446,151.12290229381207,125.36547502619015
419.9223184806626,357.904893781631,151.8530391777435,125.691858724892
420.5900227483784,358.5304284406693,152.0242312606744,126.34198552898484
419.99657144507046,360.6803491211594,152.69521561243806,125.94191681204765
419.6541909520573,363.4587208169805,152.83417561455855,125.55377636382593
420.3046332901572,360.69690924430074,154.21077378175772,127.25019933485379
417.862577959069,360.0749699249137,153.04554705684927,128.6449354073045
420.89503333368174,362.1182038024294,153.41220636072433,128.94541719145775
421.0817969980951,363.49247575034065,153.73835417466256,129.26015411648171
420.54335320856734,365.6623842182689,154.4985235926121,129.10650442076798
417.9655746729778,365.24184068786246,154.63114718066734,129.9548208115991
420.706519388444,365.9935450497458,155.93327388208968,130.28494322911354
421.26738207582736,363.9778867814546,156.6164044500491,132.13841404921956
420.0453669911859,367.3214933368306,155.1089356340415,131.758870578055
421.88657396899544,367.99818088701744,156.16758670375202,132.2312142381717
422.80851188857037,367.80417101736634,156.16210336071114,133.4191359993588
423.912587294074,366.3975237987721,156.7894041526397,135.03557155364322
422.1081906422623,369.2574644649485,156.42168645467618,135.7379629034803
422.5493957448215,369.2813020727942,156.09729988113054,136.1309236073599
424.70077733428536,370.33755819555427,156.38821136193172,136.74094911780597
422.85633586137897,368.6264886999662,156.55098198970558,138.1477029580726
425.9729490450993,368.22254183001303,156.8695215409967,139.1240318245221
424.7057939827352,371.20888784703317,156.64162248870764,138.9565527650301
427.58342032537684,368.8757192230686,157.30641374873687,140.73052312682034
425.96476093652734,371.17180885348074,156.74676740421302,140.7250872207934
427.62399864113115,368.11612215610086,157.23794241614794,142.22249987260273
427.61486193208407,369.31341512860564,156.55475404224995,143.31353394941326
427.80089006764774,370.8016733046599,157.35037779622323,143.81152564440856
427.6766443151321,370.39494697832737,157.071711398537,144.82876925976973
428.61125301615965,371.34578609165186,157.28247007833,146.02957978930053
428.6464167416167,370.9674158087319,157.66778452294847,146.43412041326692
429.9226595013653,369.0609905286627,157.61434723648355,148.20581587353647
430.51384482062355,369.8970863974922,157.78093413657174,148.763521634962
430.60372848854786,368.15528961644014,158.50172700093754,150.3574864290989
433.07070792435326,366.255224007745,158.1371479358453,152.89480360153672
432.7292677022911,364.9214160493704,158.63893117051603,155.03404729014036
435.0929989716153,363.0669925069948,158.34706605160636,157.14664324478764
434.8199628346967,366.24242274249866,159.42400977634466,157.9174396684636
435.40529344980473,365.1879122887822,160.1554357577375,159.07623909695752
437.86127960027346,364.371043867866,160.11941665427926,159.93502805709133
436.3261849520556,364.7870676984762,160.91649603784265,160.4829460588271
438.749208923585,364.51090055543824,160.99439876693353,161.28003486794194
436.9879422805251,364.38948250876985,161.87821940847633,162.40115112409
439.1261316262901,364.2085887412492,161.72919200097334,163.03605867499093
438.17198176211946,364.50889578854276,162.26426794772902,163.247436808435
438.9537487343462,369.04847634176826,162.63440643140657,162.7233065247379
438.68783428298383,366.83606794900965,162.97164004192078,163.42613153283506
440.2180294344405,366.35034036597574,162.65588508255905,164.180222149266
438.68085335309445,369.8303235005186,163.4674394127621,164.38641837102494
440.58693684309253,367.3955293543843,163.054389664135,164.89313120171528
439.16585165676196,371.35739420077937,164.1024804946361,165.19118419325133
442.3653754518749,368.5425091376436,163.62985836141087,166.08739041952887
441.2271343723575,370.0160947540373,164.10469941384022,165.56106588740988
442.43711996776767,371.93076095717845,163.9553387939274,165.24891487761198
441.870930544074,371.4183927366687,164.50761644931737,165.97539098747757
441.2641767477246,373.7736832593553,165.0694170484362,166.3711484430809
442.53243637890546,373.35537783966095,164.96167071240504,166.77658348429185
441.2378848329039,375.4680330205516,165.6486133982956,167.2335255295846
443.2223149536789,372.59658276942196,165.97954449280508,168.4692205455462
442.0558860799518,375.3267791422447,167.1258218207189,168.66796790991668
442.2646615611409,375.05631017079236,167.12921367149877,168.90484199621957
443.14266033883683,375.60918232289555,166.75337966648374,169.20851198339508
441.63204913139833,378.15428642968163,167.65668811995022,169.91776561140614
443.9828165092454,375.44299167482336,168.20498408706484,171.169252597319
441.73154081546386,379.8276446238135,169.85575100693092,170.2392859556253
443.7459292714091,379.51127619635724,169.20913905017946,170.48471507724048
443.59249033916467,379.7595263583389,169.23111863357101,170.6504333239863
443.267117429443,380.811702488857,169.5448655433025,171.50649571100615
442.85429273496646,381.8040067914857,169.79584074316483,171.01580647830752
443.0019437420824,382.77159857936044,170.14493354390112,172.02819584910634
443.7930729668404,382.1044916007248,170.31012902237885,172.59025845540265
444.58075989009205,382.3762801792915,170.59896900014775,174.14801324750334
444.3631190840106,384.2992905464359,171.03930386382666,173.75752601770054
446.180111745416,382.8409706388656,171.31342462965415,173.97908936723445
444.7304882892879,384.8607021695559,172.47122397397058,174.1347299511785
445.13569930144104,385.6510469073498,172.75606185452577,175.15542916844663
445.62838707212586,384.5522612254116,172.50177888536837,175.92025352590665
445.20359766449235,386.34052839930604,173.34783085352427,176.27128737536813
446.5149193813072,386.00655352300066,173.22092163467727,176.18028951712375
445.35820145832895,386.7418783301954,174.1020548864489,177.08737766327812
447.24914945576273,386.4890224926013,173.8017167376507,176.73859655491998
447.15483043718575,387.8979182339815,174.27660366735046,176.83088550505138
447.0183267819851,388.5085272614897,174.69898652075005,177.51426890476978
448.32345467425654,386.03467559890396,174.18183724446212,177.77936553285878
448.6088626567122,388.8771836939061,174.58458119557025,177.32303567555715
448.2232528918339,387.74755780359243,174.84778276811628,178.95480021396259
449.0615942187786,389.1946213900713,175.693175767303,178.04046968903037
449.2759446672874,389.9483483230936,176.38442790659377,178.10106894932085
449.26573835264924,388.80107771465015,176.49829491173313,179.54344720901634
450.8968310127388,389.16581134352447,176.72739968402232,178.9876022912316
451.513366312365,389.4119575055227,177.50951587142154,178.75801106138567
450.4099739697083,392.47831402111626,177.8680933213987,178.55884886485438
451.7653624280679,390.7210862678728,177.2468411506207,180.4029671711765
452.69496944499423,389.97430043353677,177.48339366111,180.76515852025312
453.09142183864896,390.30165297879165,178.3313018668501,180.0535621672121
453.5529477874415,392.34785956648795,178.12143754460533,180.45886398815747
453.74076011925195,389.8869406502021,178.1779568672095,182.34717969167028
455.0277346047332,390.6358206923028,178.60469263440618,181.4055922764028
455.6831471605585,390.2177020579845,179.20568018583384,181.10724559499664
456.0891087585363,391.795454338721,179.21001404945247,180.58450871083068
457.23565312555047,390.99620328289217,179.56853402094475,180.75241244430697
456.8810627810901,392.91616306876745,179.50132564746076,180.95255625375148
457.6616913757432,390.72694710203524,179.3443966851978,182.56083228053865
459.0836593376463,390.6252642684075,179.4795524056787,182.98736797493095
460.2964203111335,390.5378341359997,180.256356994883,183.04552741167117
460.9733937152355,391.5379922637742,180.61495522394847,182.5298231441898
461.93090051494073,391.072211109916,180.42299865616945,182.62997051393316
463.2934733374166,390.5724372886188,180.08194581898766,181.50774419832135
463.46675909760324,390.819662658623,180.33626696161627,182.00158323177723
465.4062275422996,386.2981711222934,180.70478233128733,181.86655345653594
465.6490119097422,388.3380478716923,179.8289838944062,181.48093514679454
467.08022229820733,389.2723638682581,179.54295099970858,181.21202470460446
468.78990872684585,386.2733023373328,180.26771123340447,180.3363436740478
467.82533027948244,386.30694603506976,180.03625745231955,181.2752338231677
469.24315999872476,382.9558671726205,178.97650553031445,180.9651301573801
470.2891443382088,386.53572168607843,178.88402484744768,179.01763321618813
471.9615765685775,382.73263453507866,178.44229687848576,178.8330746576226
470.9285906412028,385.67255226767895,178.36056270143592,179.12296747153573
472.69939698809975,385.55013895681986,177.96293885537455,178.46459597027564
473.7385130721987,382.19225324179826,177.304885219777,178.88277285304721
474.33662521800625,381.67595598113263,177.0303552664837,178.88150168414708
473.56209560358786,384.9690662392794,177.06154228100309,179.06312679849924
475.8884262570475,379.96485615750464,176.34113028171623,179.34759562232722
474.73393043105955,382.89853109199845,176.35524225878063,179.2862292967355
475.5723971018132,383.06336782170774,176.68494839786422,179.65266841046383
476.29162002438136,382.6578017222256,176.9244991881649,180.00980231197508
476.88558482313755,381.7852211089829,176.53673047550967,181.12451817732307
476.70920493906397,381.4938632281194,176.3898619978263,181.48178458559363
477.2950989674348,381.4995289394269,176.38661549172093,181.47849350080196
477.0143531783936,381.18607087687934,176.363043493105,181.5588057078215
476.7129743256088,382.507870577207,176.48418997664584,181.08780776857685
476.6044650080427,382.5863030981827,176.56436820869808,180.49792621780762
476.9402247917167,383.1556055908509,176.77052721448177,179.96982079330434
476.5771856833146,383.6908615037048,177.21807200237845,179.69604490996022
476.7623114162809,383.3445602083828,176.98680187876158,180.07578939589834
476.66110448344983,382.64949533703134,177.20168890016805,180.30243003528403
476.4827071038704,385.8579575332662,176.99651908785097,180.05523964397403
477.5449757609181,384.01525093630215,177.41317382850406,181.092412510067
476.46054600510115,382.7353908548214,178.12590271632055,180.9569923112427
475.89095933805436,383.8138433207213,177.85236180747899,181.2470463981501
475.9043937166791,384.57253417645154,177.9066048538803,181.47763479090708
475.44304491912123,383.3893209309561,179.01665501690712,180.9177998568797
475.1135652005818,387.4916222156744,179.7158000880329,179.93352943313397
472.8032379141715,386.0751230940631,180.7979116749372,181.26090075947127
472.77768327521665,384.7504814749781,181.17282321539165,181.77415713835785
471.9661437157658,385.043268668217,181.12978657349012,182.7750279642441
471.39013635740014,386.84483404603446,181.01506776303796,183.15154508344142
470.060308846515,385.4596062709039,182.22647582893654,184.00273440979504
469.33080704616344,386.61612071863124,182.39570036260025,184.86986293735987
467.60562686046694,385.0607973272996,183.69434140225192,186.25618883150378
466.9956990210479,388.85178073207203,184.10472267246342,185.54466488923794
465.05783084823025,385.29490558406997,185.31854395424068,187.72179590347335
463.3091290421692,388.96129203719136,186.1021817067589,187.1511203559341
461.3825276715653,386.87874144014404,187.18713445941086,188.926849439662
458.9982078956499,385.7368101779545,188.16104454003494,190.223847576052
457.37968587810803,389.2429772949485,188.7720443017422,190.32578212181863
454.36249623831884,387.8299865609407,190.26922074623752,191.76338914201162
454.2053639106722,386.0172005230397,190.51898393716397,192.4998213271429
450.8084603556049,388.4794216966511,192.08543270608158,194.53436049389705
446.19666929145194,388.0034198262905,193.58816341303122,196.06348728053968
445.6492129199035,387.51173568553656,194.1118379363901,196.94376758547259
442.33972631682,388.2909255941144,195.7856459852389,199.0132390161044
439.01802299888817,388.04830217657803,197.1199267208341,201.35980312813183
435.7988885224671,387.36329191071866,198.61277064010687,203.46253950495858
432.1324846937662,388.3467152076545,200.88962193383077,204.78743595117174
429.1353125536048,388.2604344669572,203.3811914987299,206.4210364988811
426.73765792540325,388.668760372911,206.22851784783774,207.27381172421258
422.7498191208425,390.31613641864055,208.3682560496106,207.77685635898018
422.14567647492015,388.79506231781045,211.30903068891323,209.77290108316248
416.0160436477552,388.855742931277,214.02307024613617,211.7171624243598
411.8488428336128,388.6620264050407,217.8316144258431,212.88390325948242
409.7556979373942,389.4755522939606,220.83001201971769,212.94384722634777
405.2601859041366,395.27680833034617,223.49333785548953,212.68653759956055
404.1809625206877,390.352299896303,222.3410989877744,213.92727905413366
401.8178748403743,395.491257255061,225.83179034438038,214.24519334662745
397.6575750262143,390.515566395366,226.1467508964675,215.88690175669126
396.123005896544,399.63852716197056,227.26654571289117,215.0689415729695
395.3060983552711,394.67197519020795,227.90706905978786,217.74948966932675
388.4632126115772,399.4040181485059,225.47181355437777,218.4152856115565
