527.5,312.5,15,81
525.9177263903423,313.8134558601512,17.755734338799456,79.8389851245615
524.4825217879126,313.3568154160046,19.822847275672427,78.86834653539188
524.4934158879978,313.72374166066425,20.960191317704894,79.21091399560414
523.4965508442427,314.1602686299419,21.6226968444774,80.08109457223894
523.0641935504295,313.6270429875891,22.172561042146256,81.25152699422024
523.0528936186621,314.49937401552154,22.611681769452566,82.72475734672639
523.0583282234321,313.42304363516746,22.947022324393117,83.90785521928908
521.9437351175246,312.59562624935865,23.164849083006942,84.50693044176576
522.567201021094,312.78614631908465,23.18479957624514,84.98783932889839
522.6138548607448,312.7933314118585,23.387886572913423,84.76616912110623
522.4546204987937,312.7503800044303,23.509846591199715,84.68786598248374
522.291342942555,313.1918017347793,23.33738416703672,84.53435455160536
521.8132100641702,314.03630934326986,22.957257521157516,84.57594803633017
521.5959042302442,314.0082362140026,22.79593199656953,84.3009109805413
521.6274082772886,313.8388076692347,22.586355887262904,83.98440188774981
521.860453926658,314.1562205357408,22.373607246805427,83.8577420506765
520.9533996634426,313.63475456377,22.52193308318813,84.10807014425335
520.22109910826,313.1783376421967,22.727712944545168,83.9728997178
519.9965218139284,312.41343161223466,22.806409317733163,83.71363175395854
519.0211477773037,312.65201607255636,22.8525056299277,83.8518661874831
518.7739118384852,312.5297030058414,22.786917364093842,83.96266396405096
517.6073385266808,312.5057425368466,22.99150582882814,84.1714678667708
517.3410044666467,311.1880334700737,23.23254749549665,83.48035244433214
516.6170640775342,312.0018073268283,23.375117070718755,83.45987052767501
515.3869769581984,311.28748466455477,23.436386985812465,83.58653821779211
514.2428876009235,311.87996443296095,23.44433946974084,83.25767417381968
512.7312534178037,311.53515234943336,23.512495617123612,82.88565736301531
511.96028234003455,312.73817094732027,23.65639664354977,82.38956112526454
510.4655760811871,312.417806648113,23.83488486963396,82.68736244659092
509.96884585979547,312.7368477375421,24.18994803601572,82.41503287531667
509.1416238660912,313.40935488804985,24.352130732874038,82.99561206967016
507.59181399538676,313.7448814946792,24.42383285076304,83.4631097339826
506.8407650754165,312.9621202271888,24.4310243844367,83.95206211572702
505.92697663145304,312.51301657678596,24.61203881527901,83.97146246787082
505.94003114585104,312.5207640356798,24.5816669549553,84.1005006776295
505.3033134090879,312.021823827447,24.564489730880265,84.10909967815572
503.4232536287379,311.72325232317655,24.380347025421255,84.6175437556583
503.48520099754575,311.25721930967035,24.34311307526871,84.22612762687086
502.1424894700434,313.121620387625,24.212401439034892,82.41294031433006
502.4921126684589,314.1500472343305,24.296245872053227,81.6528521867913
501.7868775918246,314.69928804260707,24.177742922752223,81.83864932065774
501.6965137598247,314.63296291544344,24.249976930832,81.6831844014067
453.85042922785107,331.4888713421631,25.97796600210346,81.49710531041849
453.2326283740005,330.5827361951516,26.927347129465126,81.11285050754823
451.34809908866674,331.7862428474201,27.84388404218901,81.27882237528301
450.78442398076356,331.6052238567446,28.15859275656867,82.10193095380578
450.5328002211869,332.20208502632295,28.281804875331325,83.08459091788706
449.29562458885835,331.75663411838406,28.697812491077904,83.59098162059796
448.6485537918652,330.77279689035737,28.71851551218061,84.54788194106172
447.43716096221203,328.84408354288564,28.959521548455285,84.50970378714356
447.5762219555604,329.30586367959114,28.741209309841963,82.72498758655125
446.5324981114272,327.46913680712237,28.595633116196176,82.21151735077598
445.99878401550103,327.36073233661875,28.202666567943723,82.19093350861822
444.46225688206056,327.38934688909455,28.1140980721447,82.14844944632587
444.16954636787875,327.86844673760754,27.87907940419626,82.17302287447157
443.7175215542427,328.8657276442858,27.611045296002434,82.03350614129998
442.7814259569691,328.08121735843804,27.325322567286065,82.41028051434135
443.17809135950637,328.06481899280317,27.08867071299808,83.37567237939253
442.61673098084754,327.5863393825983,27.13353540647301,83.72351593961176
442.01621005005507,327.3002687180159,27.014717286521137,83.90744083286721
440.5150675158957,326.9872289742759,27.015454779842955,84.18322123020016
439.9982534937486,326.2275242450397,26.741914101984342,84.14985971642065
439.7942652579339,328.0576826388992,26.443650456063843,85.21570011711715
439.1524864293067,326.45892555644804,26.123021101599583,85.75049384020134
438.68166055152653,325.6692510988049,25.831057816380696,86.26222700803575
438.72023493817915,324.92790025664164,25.70996919185106,85.79842445709471
437.52455690597566,323.9044917463322,25.728070957094282,84.4630438592291
437.5167792641084,326.55143229193715,25.928314496019645,84.61141015876623
437.31284451058673,323.83833801716537,26.051518805928936,84.10074959103078
436.85126536728836,326.3952748713018,25.992561108562686,84.58546625675079
436.03265192356736,324.2553304135921,25.84481711644991,84.86121956349714
434.97879656613367,321.7858526591281,26.121651361705148,83.21910464929884
433.8858188811555,323.31894048823335,26.358104501970928,81.72322492099718
433.0873190608246,323.4311778546132,26.379852801766717,81.11858887303468
432.19954839666343,323.62034074320485,26.361216955520852,80.60577917730386
432.14786029704806,323.247007797039,26.40116730835375,80.3832938111669
430.98133583548037,324.15674612095165,26.56930186190595,80.52304651343161
431.01123544435404,324.9980780389607,26.605954284287655,80.65775523791459
430.4617225614554,323.6417517173319,26.61639038181105,81.49654120388801
429.9088849084265,323.9823231597026,26.55086219379689,81.66391174354303
429.7007970358987,322.504598064591,26.546225779075847,81.97718602090924
429.71590015603635,322.3173502322135,26.354889795939712,81.84743503353789
428.83730087035354,322.2546970146759,26.448322698436332,81.61005125827064
428.36537027540817,320.674886240518,26.510382879148892,80.65693562778408
427.79643885796065,319.4321795043138,26.492429516648578,80.08611903198566
426.980807512856,318.9248441504607,26.26033347081965,80.10689373215406
426.3710380550535,319.69541932236416,25.962154428928066,80.24031192224444
426.8707382672768,319.4622679039341,25.678303354266248,81.70608451618463
426.30053456290244,321.55460228386346,25.809912521399745,83.54934315500759
427.0141225412726,319.99527624742984,25.948832751297207,85.36263228804023
427.03302157898867,317.8813989683931,26.206194731025676,86.48066852335977
426.20705738548105,318.66127037082373,26.533939534781307,87.03899250621828
426.2349608550837,317.9983763848082,26.71500999227868,87.6581302211388
426.0837021438809,318.6405694832931,26.86151262951391,88.80912305248923
426.41550844755363,317.8817623100428,26.9482944261029,90.25768147666045
425.9743502796953,317.7509003821946,26.816197762666484,90.72160015717165
426.6216382882618,315.34682470738807,26.51610950798458,90.27475043866949
426.7366327010314,316.07793744218236,26.537300675597955,90.12202566335579
425.58432847631815,315.3359534052044,26.701945975000015,89.21934913548974
425.97260196972246,316.3841943535142,26.787004692022183,88.58698142801808
426.0574421870393,315.52555829866157,27.11902757932216,87.75250097043217
425.8194654346591,315.7468293115653,27.128733912919046,87.40185668558485
426.1616753743335,315.94533739290637,26.843681693854286,87.82687136520693
426.5832884918295,316.3987110390461,26.740187903148644,86.90716139820537
426.8195312866469,314.46068833552204,26.380170980842237,85.77738271620314
426.3262553143892,314.131447098948,26.360060675792532,84.66175642184177
425.871099293278,314.3383706676184,26.475599258580363,83.78573343840121
426.4501282506844,315.00645611892764,26.273749095995445,83.8333861689766
425.89838534630246,315.19994895731514,26.297491281025685,84.49347564459875
425.5821559440586,315.8745577591817,26.323257175318957,85.30820300050621
426.65565199672477,314.60836381928436,26.06130511477126,86.01829080381613
426.79704715810794,315.180219946922,26.282850255051905,86.32116432296255
426.7771078966287,313.92724018395245,26.58052417147737,86.83098849485961
426.63921978598177,313.8148462058969,26.52174437942555,86.71251249704657
426.67730066598995,312.7188603833043,26.369666552643316,86.44208609001619
427.3371962449621,312.13320421074036,25.96886016547382,85.97280943634945
427.6086171126789,309.87933325061067,25.795208646104655,85.07127725535159
428.40820724649717,309.07286238156127,25.520642903309493,84.09748326804755
429.2200612587811,309.2976332811041,25.160266172801492,83.4364203649837
429.03431110073313,308.831267394335,25.22199080859375,83.69017500667833
429.5355178348903,310.7324951796338,25.139850703869712,84.68668489018229
430.41193500399817,310.49622966831646,24.992505738861016,86.78172741889765
431.53086157772685,309.1112628211062,25.080999227222183,88.45857487064237
432.77104907946375,307.87080352030574,25.31844677547563,89.99789750065896
433.90180423573213,306.74754369584036,25.59141274315134,90.33450730519124
434.6687597778059,306.62331720894423,25.88868127783915,90.410443128343
435.9630708369723,306.80498158547624,25.973167021978924,90.83380061690573
436.5382754695448,306.5191091927939,26.157133734350076,90.37657790253738
436.70595051848557,305.42094990701855,26.46850589360584,90.11826848336545
437.83424079438703,303.3931843994521,26.473769499975596,90.73978851598494
438.6155395943009,302.9993995888585,26.43755363118111,90.43645068268142
439.4202075923288,303.12377125463934,26.524730691880407,90.24229359400418
439.91194501518436,305.647091317842,26.806328787949333,89.23843052906125
440.504711952737,307.10833002372476,26.970373651056704,88.78022227852006
441.84991146618177,306.35473652948093,26.435187026510945,88.0705394359226
442.61101811099894,306.3011045560962,26.01589045440582,87.01605676156012
444.04810290730506,306.2407601474498,25.631637424827716,85.36417508801578
445.5844117475277,306.3769876312925,25.10634297131108,84.48128290595594
446.54929199466113,306.3167044801461,24.44270767922314,84.62955224573417
447.58949386192137,306.18624697393324,24.09994742500364,84.46573457307076
447.9652722412425,308.2089283310989,24.0642082370477,85.22594150748216
449.49038986964536,308.3073659252125,24.021237355928594,85.92400848367609
449.82887848807627,309.27291599117814,24.36831440793099,86.61316763671789
450.92338706282266,307.03002570547613,24.645085622848555,87.41584941509214
451.9849141992335,307.5655259062323,24.911860508809788,88.10230591226897
452.8328586643095,305.9758865986166,25.294257749617245,89.41212895155746
454.33590740132917,303.53371959388505,25.289376925587113,90.4671117742682
455.0799731153559,302.6475118278143,25.34284036047159,90.47899671539874
456.2513800469017,300.968047226888,25.26929429485009,89.96787548695337
457.287866664112,299.9996808034703,25.175321867237976,88.11593731709574
458.4500931490238,300.95845148247645,24.687143521285158,86.44588232690508
459.66017834678667,302.16202705334723,24.08986054641376,85.13737198468596
460.7661485370833,304.53893497168445,23.627900496287726,84.33724190850954
461.4722544095947,303.79045607289345,23.517565773054507,84.80600563622919
462.65900108819187,302.577600552467,23.497417094738932,84.9213898624306
463.7045590077518,302.3050255436193,23.917699571048733,84.71364637264543
464.80618956440696,301.2767756315951,24.60951091791298,82.4638989623493
465.5280928736326,301.99942581008963,25.100113202583614,80.50741701241901
466.77087979113674,304.00927162287445,25.515159112829856,80.36747587703792
467.5376672490171,305.09836955887346,25.945432311082826,80.51909777695148
468.4206457962805,304.55367634274285,26.3272298857455,81.14409631553603
469.7952522883831,304.14282058626765,26.732675934362,81.89601397085235
470.07574106285836,305.83970078173945,27.06569194191087,82.79436306934961
470.1990098335839,304.21963821413044,27.19068093978562,84.18439972743292
471.8568100563113,303.18238783423607,27.090810684607806,85.6828029988184
472.9365885798049,302.12741919227784,26.854695524522537,87.33525600763218
474.892574055223,300.76294150307973,26.402508843019135,88.9322786505853
543.5597809705718,297.75298119049614,25.912318034782714,86.8185942723956
545.6189672453428,300.0827768038113,25.29628294099014,84.16336753627421
547.0656223168776,301.38710606164193,24.92155538039423,84.87362557983236
547.1732728917511,301.68263523740245,24.92415648868558,85.79582699679733
547.9469117094043,299.88712308145,24.96976887756466,86.67014741694814
549.5066610647316,299.945464768403,24.682814732110728,86.15426828255359
549.6892340654208,300.1210389984152,24.807783717628922,85.59866234579411
549.9715511322396,300.39494520276105,24.877832120116498,84.35783108343804
550.804534086837,300.017264398668,24.93919224642128,84.38651718121767
551.2865286461738,299.6135288326892,24.984608859902472,84.37279741952514
552.057483765699,296.95942509203957,25.176185392435553,84.36646546829878
552.4243384689927,299.43221534126485,25.581545066200903,84.58834207357748
553.6653241680737,297.80989363084285,26.00333100179465,85.19659051685188
553.8083525235808,300.9663360917044,26.41598669932293,85.63252065479065
554.7980763878529,301.121126150403,26.459123885939846,85.50369892424385
555.2934888311769,302.1144053894502,26.639754621011157,85.41426962419659
556.0668415259382,301.62631953470856,26.831116500813735,84.98977068605873
557.1578250007777,301.7462625377101,27.198666705828465,84.91138318195246
558.0670292746113,301.90924945814953,27.271595552875677,86.27226692221222
559.3886806407002,302.12368560422476,27.30180122638337,86.90721010457196
560.3854417728078,301.5644538376727,27.285769983324382,87.43487758426645
560.8711884150403,300.4958897071476,27.226551476748767,88.65732935787076
562.0900040647965,301.0974223473926,27.111205590978162,90.15873304291128
562.844398450205,301.1473759115129,27.152981109254338,90.23301135461492
564.5734996790869,302.0056577798245,27.18096348692443,90.56581528423627
565.5886886798471,300.865029258371,26.836763812010815,89.62085696459444
566.6892211794236,300.66631682667844,26.69480397070982,88.93582404714158
567.5962597393903,301.26603591496263,26.306871689109638,88.75113754331792
569.9195914865144,301.8717536173036,25.673006027350638,88.7593304726813
570.764157462813,301.1997134219762,25.49344014340251,87.29524817412715
571.5252611954758,301.83575665090075,25.231750394484827,86.53826457958988
572.8101014006705,303.0007994863886,24.889377065317746,86.53803959586998
573.6554117763757,302.9906524021713,24.740157342540577,85.97829384588194
574.3267463392649,304.33267389412913,24.86303482473329,86.05951275047025
575.283031538057,305.5910801434989,25.0998234149574,86.7900256721103
575.9324277773434,307.7661950127748,25.29117125525527,85.258890353038
575.867667854896,308.58635037032593,25.418059093612744,84.51024020903402
577.0539843955518,308.98333252205873,25.268661381029883,84.27795920272574
577.5639072385703,309.8937279972745,25.428136984055236,84.45670798522725
578.3901169872644,309.2131724241328,25.280014981555464,84.0779463182859
579.4195190595916,309.68010403578995,25.090562939180703,83.8668639186791
580.5767897460047,308.50215450530686,25.153984394036918,84.05978409208724
580.9338087670565,306.6451973495439,25.067681907105495,84.30491788603518
582.4387360457547,308.37930173687164,24.649761553810464,82.23772069756882
583.6407136752571,309.1118495425299,24.179125863439786,81.12382670993051
584.2570493579324,310.02545088303435,24.007115933216387,79.58056169176155
585.4457546936782,310.4199006730149,23.692767452734323,78.75461087740604
586.6154704360456,311.03453512901496,23.473946443539617,78.20364788934478
587.7606081244235,311.7291481846164,23.179469296955183,78.20257497352304
588.6338846696544,311.9131790526622,22.98116545118309,77.73635885651387
590.076203720045,311.7926145896749,22.703000319457292,77.58785734559126
590.9795722627935,312.48882288016364,22.685688964665516,77.03662472505155
592.1980740202288,312.8038405489175,22.700202793316105,76.57103867698493
593.0761284920079,313.0631117015319,22.80284085522039,76.29039220322184
594.3426961452665,314.0309194750622,22.866193786084388,76.8545992727384
595.2400533754521,314.94415446491007,23.13017392677186,76.81060726793432
596.2924271273388,314.8961146202084,23.160126959726632,77.29099133179407
597.7800908897335,314.43590611560256,23.6067485831152,76.92256935842363
598.5961107737562,314.3469644412032,24.21279146239337,78.76677505772433
599.981691157557,313.6169727883707,24.819371554777376,80.1186469371552
601.2080749163425,314.6196090313851,24.65092677585359,79.25734231802389
602.2913654286241,315.1824769386957,24.535441236977775,78.78968863097381
603.4425925979384,315.11788388378193,24.365026922152786,78.24776446839381
604.801316137267,316.24459150091934,24.012328798268605,77.98636972190434
606.825835781049,314.7568812428799,24.40205074498804,78.79292479570728
607.4385767155945,314.7885082195623,24.667403708088337,79.125642855816
608.7116911496706,314.8940881692658,24.63247778793434,79.97281182336758
609.1029960166825,314.77477353509084,24.852278227326714,80.31834334832548
609.3015025139615,316.7449877286193,24.59802875801612,79.85941511004171
608.3369728019183,315.3732751698389,24.62012542976049,78.2577755875574
608.5321815576572,318.0060813734315,24.43448211919896,77.83325338270372
607.5046248200551,316.7047493117404,24.115368547436532,76.42842925535355
606.6695608055533,318.32963051478123,23.61989270032624,75.67698719038212
605.2307431050579,317.16056542675614,23.43165304791129,74.21045370829019
602.2158651716967,319.5608354773613,22.82194310576525,74.51162058873875
601.2326886928212,319.53718290959694,22.500298340890687,74.69408037388278
597.7515564130347,318.9689344080311,22.240512710491743,74.1169300114444
597.0737029684855,319.5028438452114,22.13368564878434,75.01116288631331
594.3578083706778,319.52181808384387,22.055314875069723,76.1035760852644
590.6135053396264,318.1520834205442,21.93097108899769,76.58270424441376
588.6346892015009,318.88491744887745,22.164845382994606,75.8526469708474
586.0331838817949,318.8859303899318,22.292374130774505,75.80572345047747
584.2475531057117,319.2137166668432,22.50993933665798,75.9696459785562
582.1503572590076,319.29812675541103,22.714043249304535,76.1930718689445
579.8204958625693,320.30774848997766,22.787376500555183,76.03850368324325
579.3123941749329,320.4740859557069,22.680311271549233,76.09946164057867
577.586622043738,320.1613750783103,22.793816135745878,75.77889736288591
577.2072171421927,320.3946718323842,22.838473721925162,75.3300996428624
576.6283400527503,320.2450498916811,22.923983137435364,74.97940446405734
576.443056295479,321.4175380602343,23.12253681785943,74.68963871731347
576.2589043577523,321.8701576424996,23.23833777506931,75.06033496423618
577.0232438273448,322.26236998452316,23.095327828880457,75.57256963058416
576.9686496960317,322.3202753236503,22.942793884437382,75.93559316415624
578.1356290807904,322.31278463762425,22.82804430910314,76.39001213419836
579.254809707739,321.95572666105136,22.850767373366992,76.78328453976154
580.1979350967707,322.3566951728411,23.018618062436246,76.73329968750778
581.3251737367402,322.2607093529,23.127296624324472,76.99678524096186
582.7672845625011,322.28445513295406,23.23211010234992,77.76632083243825
583.681359389147,322.0331905579106,23.325801832038533,77.68987668922077
585.022037338574,322.89842286827565,23.38002351649736,77.98909017479869
586.4797771057246,322.81835183309823,23.314641161609096,78.107989630765
587.4573058019234,322.65535957113633,23.39664188421703,78.93496436665251
588.4095000611748,321.9217400926897,23.427063765723517,78.7427885553268
589.5600657287113,322.14744007522546,23.533522343065023,79.20570595971625
591.2844215841936,322.0297141673228,23.41432227455637,79.86735747993016
592.6461333729987,323.34039212635145,23.496232311295508,80.53135999082801
593.5715202266355,322.4588493020798,23.890649939700005,81.3250232393736
594.3900026895573,323.15919695939033,24.097371832933,81.35126145174534
595.5633965780195,323.6457864467927,24.335874249566338,81.76090439447438
596.7149580911758,323.37446114976007,24.514726301836305,81.65049204889594
597.9454814112142,322.8296340734868,24.614246325501696,81.50509027798063
598.3762903645126,323.3847250056954,24.54522130201507,80.21918475655137
599.5411326838363,323.1106653837702,24.522682735755236,79.28487080051929
600.7554790643966,323.79583715811253,24.50022137798546,78.90829779159512
601.9116744986593,323.6884006714472,24.47034841946388,78.42496135998039
602.6865805536889,323.665820434787,24.51698198906916,78.44125076270718
604.2009954034099,324.12342661563554,24.42324354672235,78.95049821603547
605.3801154462557,323.2228745054804,24.494726246980655,79.52945807103518
606.0678387429674,324.77962712138975,24.471737176903098,80.04721299584786
607.3739210827121,323.2137335030361,24.7230308924181,80.49787554536032
608.4388682562866,323.44543444263996,24.71121525391773,81.15260506530733
609.4720654141954,322.9784893644737,24.888087282170655,81.4733736524831
610.0999664395812,323.07864571339246,25.289404743956933,80.48289934499596
611.074785142053,323.2987753413961,25.877129199288774,79.70076024432325
611.940233926291,324.31462459298564,26.090072611342585,80.02620299747653
613.1210387872535,325.82031006820773,26.129205897077433,81.01688006262685
614.0754643960588,325.5112891319964,26.296761396767167,82.5705257920898
614.4840453853742,324.5146697105243,26.818287672492815,83.92776197523646
615.9314424447878,324.7598057977314,27.14920227673376,85.07025414026916
616.4329746828963,323.99960256102867,27.850156750979043,85.68207870115711
617.428968200248,323.9689174570474,28.407403391278685,85.40280919869339
618.3467854743955,323.248145631099,28.815856300640696,84.77091968980825
619.5528100529918,323.4963188442792,28.896119336364826,84.54532178930579
620.9117619357526,324.2190972853317,28.86159116784345,84.60523458703327
622.8282260202612,324.53069530851,28.732085545212776,84.3639785478864
623.9870128433158,325.10547936515684,28.447921256174617,84.27963365160325
625.5480071961331,324.95282705842715,28.14326934825441,84.11427742955816
626.7330996060203,324.2856484252542,27.838877089057135,84.24742777337289
627.2866722587391,325.530788615066,27.56067491697386,84.13499768786248
628.7076199582874,326.38742543357824,27.111958934533654,84.8685228522601
629.9130981260055,327.6359363211357,26.968178035117603,85.84898172709325
630.7012584187158,328.2751398169095,26.92683607785545,87.12508103742567
631.9170340843007,327.48665050624004,26.859102438488748,88.50754392385358
633.0140319826946,327.2914394271621,26.91810976212311,89.61099415532026
634.4123885702294,327.0664306809344,26.993871019045265,90.61387613971519
635.4442344933445,325.6830245166494,27.16925531035767,90.57449392444659
635.6659668099679,325.3026150082848,27.04613557223527,89.10732493649137
637.3386464322945,326.4516303901308,26.465589273901713,87.37019569543591
638.4003981927566,325.9706392930497,26.15430453826353,85.74357725406949
639.9501766880585,326.89849210942765,25.58084460690957,84.89406311339431
640.9778916298728,326.34979642405506,25.335621374968547,84.13974797931763
642.1736606125995,326.07958519394714,25.370067792144418,84.32358004932816
643.3729635238174,325.47930144344247,25.0533780635352,84.50610176729457
644.7034189996276,325.3385899366461,25.061231464713085,85.47711285080311
646.3255536597475,325.04810087779424,25.167009732821732,86.48477046050355
647.2956639111894,324.8732302710408,25.448500627108846,86.30362448748312
648.4703437644708,325.35837863527877,25.97251776685956,85.77285264799956
649.2521840834088,325.39970853061186,26.42993168960679,83.78932372624507
650.5372968187862,326.5092184638006,26.681571062220467,83.71507424370242
651.2964786332756,326.8050650707203,26.77034058334246,82.47898919512728
651.2892383294757,326.8828035715636,27.088647463429893,82.6727530627243
651.902178380235,327.8379186572027,27.151316785128934,82.43835707037067
652.7750054381604,326.2102590467256,27.55629218969436,83.5549452885173
653.0008351971502,326.1308427179228,28.230251606346243,84.95699350703595
654.3893284912091,326.05795016416585,28.3548801610507,86.13178962567345
655.9710446550006,325.16172854793325,28.297395327974474,86.2704565701061
657.4976037587902,326.40682749383325,28.07154190616196,86.80186941515309
658.7836970903288,324.79143165059463,27.574063466427667,87.32096614580455
659.6993763613764,326.6482747823858,26.987711843239495,85.0857385251818
661.9431915984583,326.4766688912421,26.254543372783793,83.55169045696711
663.1739957320259,327.4305291024393,25.68295857557336,81.82251688048558
664.9861798765515,328.71123682932,25.14935218647012,81.02008348906404
666.212124807079,328.3783280554544,24.717328553518946,80.91266792112215
667.2932291698023,328.00208354067,24.482933358040533,81.110516419151
668.4727333656757,328.26031473541127,24.483237500626075,81.32645063229917
669.556382366134,328.5393759090094,24.474234415862483,81.97861967075359
670.5248832023498,328.1775846970229,24.695128785300902,82.99668441527359
671.2441747263964,327.9547267185703,25.12009163183062,84.43286595359586
671.8473057518237,327.28514277654176,25.622852460576404,85.63789115569672
672.5026500790864,326.50416266190007,25.879912233442127,85.827636113984
673.6399921310625,325.868403054519,26.028609219653983,85.3950963239625
674.0418351031625,326.1197858535641,26.13909121607071,85.28973417469241
675.1120139640725,325.3857101057752,26.378899786441202,84.5498289819615
675.6792654163148,326.1610904953517,26.575861530203397,83.49048611743757
676.9847192366384,325.7554805825236,26.578744163222687,83.54888574932615
678.6201685837838,325.38426168086886,26.557818050795174,83.7913305859837
679.7138952132025,326.2937503807434,26.48132599076467,83.68288108311576
681.1728158409227,326.4407877966968,26.412376708819764,83.65655401102796
682.8442010985451,326.3041880896565,26.628603586229175,83.65408945320758
683.7441298204798,326.5710686301396,27.356344761820964,83.54660097313062
684.7426433173968,327.15898242324613,28.1375129107329,83.44320423599294
684.8423766511515,327.4140134990897,28.72702350858144,84.26149370116508
685.4442478359796,326.8176166017485,29.314101737527707,84.86720123552882
686.2674390258791,326.76840841060164,29.733964198350684,85.52770545170398
687.7852110172661,326.13191158559454,29.993497539490125,85.63808022621457
689.1264342425338,326.4851521155969,30.00001712479751,83.25956502180824
690.7783529351407,327.15382248339927,29.719529739965385,81.11159348786371
692.3035855427628,327.40588627625937,29.365649226259116,79.35093835907557
693.9954574968447,327.4336895438261,28.806735373332153,78.00715981733505
695.4572319490843,327.9722520117025,28.014809975398954,77.12530467485435
697.2391109537731,327.602509528445,27.199074045489176,76.69607213782163
698.8055610848145,325.7101301704727,26.680412045582806,77.29864234287137
700.624870321809,325.10470093606284,25.91251324284336,77.57659609138483
701.8950622264326,325.0333689591327,25.318862073862455,78.35493094558986
703.1430655862654,324.52283117285384,25.079928041345863,79.95286420419039
704.1390981324184,324.8254797943049,25.16470549550275,81.65884530448893
705.1389653180607,324.59605088734287,25.35454703478646,83.17261866578392
705.7337488215086,324.14543141527884,25.74803838512959,84.26399240343201
706.5323208852396,323.01203099196096,26.161000582817024,85.24788266466425
707.3503462375091,322.5378407695843,26.613979667248834,85.93955621597354
708.7096128353886,322.968589262579,26.731010607995206,86.61475375665653
709.834501336609,322.138791364278,26.824621447732646,87.52443800655135
711.0763619886375,319.99663476376924,26.904611071638914,87.7408844053533
712.1952349795843,319.6737292759359,26.807331541390326,86.45496558747138
713.1941643129659,318.78334425722295,26.711237982735657,86.13092800961711
714.8499443270957,320.5263906712773,26.375744543831452,84.80567068604037
716.4007182570966,320.20860836221334,26.006105958884614,83.21280121832234
717.8451609532742,320.04069192374544,25.846259997147673,82.1074953509038
719.0818603822793,320.01137178950825,26.093724004585553,81.62468607256424
719.9161654673281,320.28828029729607,26.563418783294452,81.49499806623542
721.3106843192645,319.3855015939541,27.049664177642615,81.19171977574538
722.5678393194034,319.5367975056835,27.40541414440568,80.51935107750576
723.3496166247976,319.0107435598869,28.157836391756454,80.61402032135199
724.1784433987993,319.6831092406318,29.043503499575813,80.22999859130529
724.2921146623722,318.7706983314877,29.737527664019453,80.40107440072038
725.4288971023637,320.49652888721795,29.80690788291321,78.76615821285156
726.2813782788083,320.6972496724138,29.6978148327738,78.10643290813817
727.370538509116,320.28220826533766,29.327894645481308,77.63231101991325
727.9024986536291,317.724930584649,29.619341540140468,79.2611631513864
729.9023686280065,316.29534295777364,29.20433841542153,80.01012774801735
731.2723912612921,316.4465778369198,28.854786303376024,80.18588217781438
733.1901468799977,315.1334679963379,28.457373496598443,79.92403747451769
735.2368592370705,315.73585390295716,27.787743528851806,77.86521717075496
736.8106612765876,315.684929243817,27.09444772122554,76.91945417957942
739.0050648564778,313.46978028248895,26.678033120496686,77.88222447429055
740.5022961287692,311.90060955320945,26.40953106900151,79.03806275711406
742.2888854797632,311.2203942209005,26.002553958505416,78.93055082625004
743.8726268802026,310.26375643024954,25.65093667428914,79.01701878941086
744.7320796838617,311.87064679472905,25.50486687000282,79.85529246566423
746.2772888619037,309.37951038384114,25.447141184741035,81.2051223362377
746.5036164064745,311.3095103329829,25.658141674689496,81.84236536550542
747.6214731197348,310.03702147955755,25.69727313304123,82.21918835586443
748.4238353596493,308.8292262298452,25.892818495360267,82.39669644638411
749.408230276528,307.9657138898929,25.886779930943142,79.2069511449043
751.1648539315769,307.5212837590931,25.62175044196664,77.10537151468885
752.8017359676527,307.102792308686,25.27321782657165,75.43980548247384
753.956307571111,307.0354913677005,24.765560396556328,73.86878874452596
754.9767660888423,305.8130797152378,24.30189670276864,72.27880484425124
755.7187313420243,306.12415410935375,23.98118087993726,73.36163070735596
757.0304645068251,305.0184653038241,23.531001941998298,74.16536511944831
757.8175376066954,303.6476804515882,23.606797544282514,74.56823667519267
758.7420933842907,303.28333276550615,23.79052457208435,74.71870905732081
759.1030184447411,302.34807033101504,24.22812033302723,75.30651288366988
760.3799735764723,301.4319422663721,24.481857059387245,75.80155859616195
761.5544024640989,300.74278479063395,24.808214051590088,75.96969326504549
764.5863765103124,299.903636347561,24.890688345332443,76.55845455720481
763.563080575996,299.2825016453438,26.408355569971892,76.40291159515367
763.9034870418141,298.1951958586856,27.31178736642416,76.50089186086811
764.3435453366436,297.1666525825806,28.08181070462915,76.61908676383206
768.2557978100616,299.23169839536854,28.46378483036397,77.29136997803884
768.4545602227764,295.9882902003375,28.640424931940153,78.77848105346476
768.3163327350359,294.72830970707344,29.09632758813283,80.30198666861291
768.3641178448942,292.7595015485912,29.83765754303417,81.68142861385806
772.761286178247,291.5223448691254,29.84904692765901,83.3634935449218
772.3110330509462,288.7066532508202,30.59441826595493,83.82393352133936
775.3062659372808,288.0526754262011,30.3318873306271,84.07799834625949
777.0168668674055,287.4845174439991,30.211071660792165,85.65626069795448
779.1124885002179,284.25607314479936,29.878629760066097,87.5854665151345
781.4466637290327,281.188082809329,29.49090989096802,88.51723928888894
783.8731407831557,282.7365629370489,28.736952421973765,88.54392457750123
785.5769861071119,284.3292247571427,28.561599010465777,88.15799101490467
786.6911079838994,283.67523400786,28.602434226845972,87.67941626957354
787.4883605775959,285.46701625918604,29.11733336493826,86.63988910899292
787.7594147770845,284.4595420511762,29.874626368434413,86.44786731016893
789.5869126711376,284.14587310751074,29.99977145709849,86.17102449195252
791.6879466585503,284.39983735680573,29.839937426212053,85.95472438391317
794.0511648837181,283.136894305405,30.071068667679494,85.51302492305487
796.5239078806702,280.91192680185276,30.01498506330177,85.1050073354023
799.108446999543,276.76866250663005,29.890869708551598,84.73341481683892
802.5387249735139,277.4925469605444,29.64442852196239,83.94243109911564
805.0419494900909,277.8687412082786,29.442964535195237,83.30343386892032
807.2649805788351,278.06394958071587,29.176554094919936,82.34551754604676
808.5650271755147,277.8301589008465,29.26093370086179,81.33857679198536
810.4400520105308,279.8451407579816,28.780088408957745,80.49967028291539
812.053657748063,278.7833274546656,28.424198850473594,79.28064838338292
814.0331385155552,279.63681382664066,28.072015937162828,78.0214166114748
814.9780798168204,278.75643213623925,28.151006358619195,77.38055125959633
817.5413459324791,279.3289105688289,28.042026026258032,76.50448918602008
819.2505563181105,279.468213315542,28.197514776098274,75.94227141150989
820.6303199451158,278.9623049146601,27.816889957390337,74.18778395874193
821.9183092341406,279.628336449491,27.23828829813351,72.74225315849833
823.7378416955546,280.5149591531092,26.30017900465416,71.8226435988304
826.0581390469728,279.1660508488575,25.656445759642544,72.41525061832935
827.8192631135819,278.9674173049843,25.11641684563208,72.96065533510789
830.233399671901,279.39349403228175,24.60053548695896,72.95492920194694
831.8538183326507,277.25997968735135,24.746767152352362,72.58788892589581
833.4541110513173,276.1703289140617,24.919343984611203,72.71711136519056
835.1559659855039,275.79208929825984,25.01081496149874,73.15629096257611
836.0714274106283,273.2913814914902,25.10308401627158,73.15173228336032
838.1916497372551,271.115864507264,24.855663235393422,73.75285208250111
840.4978288358311,272.0646003609032,24.4777863729278,74.99891193612052
842.3267525016853,269.39249273361696,24.177642011724195,75.671478211506
844.1581480543741,268.20991775987983,23.92730265042607,75.58004036753744
845.649804661046,267.94838351356356,23.39454213903237,74.53318915477905
846.5475389963304,269.26186339593374,22.905597745196975,73.68986870182911
848.2057413658646,269.2750332705659,22.38072552260804,74.69444015976384
849.7232546204251,267.04863432054225,22.23207110287297,76.01088003712142
850.8836496553629,265.1450272819274,22.237794084984216,77.44716844944936
851.516242646205,264.95839630134117,21.839436664129053,77.390260470627
853.3456719232429,262.55398555299024,21.723362324073193,78.37639529511816
855.1066217805138,261.878245459537,21.27768169140988,77.00510741371103
856.3045218328961,262.72419468833886,21.045839659307827,74.94573445974277
857.7135777574971,263.785484153582,20.876533666810502,73.07248654162467
858.473495073184,265.2198990731065,21.434779451162342,72.60044839912416
860.0605098054829,265.39487339710325,21.765954425727777,71.46452006296303
861.3424470939468,266.286974600955,22.141449050460054,70.41902585333014
862.1120763820743,267.37713520186225,22.38223955982216,68.92607662073861
862.4231669827572,268.83139995902275,22.744778171326523,68.0005837437239
863.3851558260554,268.909823040708,22.940146864963705,67.4161512930933
864.1141323621184,268.5559452939223,23.15459700919981,67.03992324612963
865.9683962876486,271.08542596085624,23.195648587765834,66.97782337008658
867.4963126230036,273.38233076441446,23.216168990175937,66.94366275360123
864.8064165426659,273.40170378886364,23.266596851077054,66.90079973226015
866.8372190167734,272.74935333801477,23.300444688354194,66.89465895438482
869.1105821454828,273.284329193615,23.338778073727156,66.88286325667315
869.6550905556749,276.07440745576025,23.390331297860442,66.79639102422215
869.5231874608398,273.2372628330413,23.45698111784442,66.7808418602363
868.687556030607,270.7254485984225,23.507519538689152,66.75954320926519
868.853563151108,272.2585422777981,23.57876478364714,66.69858746939519
869.647087302576,273.3795531974034,23.8505470518857,66.36633802627216
870.4517013369253,272.5972719578377,23.943658393969002,66.29385714850824
872.3047162087208,273.22323673813713,23.982305001925173,66.2353065132328
872.9757068858961,274.7425228245864,23.981030830458835,66.20530310406721
873.1393685235043,274.6699902417242,23.970882556148247,66.17233320425986
874.0740871887634,276.40367735166217,23.974691180143626,66.11971766663486
874.5757379393983,279.8472528868929,23.976363805689722,66.08067107310217
874.8316024525727,277.5328150033781,23.983587804682045,66.05085638755601
875.5991192648108,276.65331262239647,23.990874550879813,66.01949068519433
876.4956779658505,273.609720785457,23.99894955164025,66.0009371497532
876.8877106000818,277.4805240109235,24.013451041810278,65.95805782971013
876.7199192303846,274.0547225282536,24.020494856749064,65.93682468207379
876.6638572377313,273.175788688328,24.0228851413033,65.92884444055359
876.2092314184206,273.88439122536806,24.02388394465106,65.92531968149119
876.6705836762148,274.53089078227765,24.024844833382346,65.92184476525036
875.1175512579354,277.0228186537808,24.025214899128343,65.92077424715865
874.036563416617,278.91663136419885,24.02652197023843,65.91643325205801
873.2259604450816,281.1809524193317,24.029843158174902,65.90778444699869
872.8125183312835,282.04476142244823,24.032606208574308,65.90181072310656
872.0463698507724,281.2287281249804,24.034317046130163,65.89856106533374
871.1487181008268,282.7752464572376,24.035459345497873,65.89659028445587
870.4647580223024,285.9861465240556,24.036201658499206,65.89550262182816
869.5882580788038,288.11237858357543,24.03697233178176,65.89431976423256
868.5407258694718,289.57713081761915,24.03747255099816,65.89359775921888
867.208567344825,290.64304149033643,24.037925226131037,65.89284583555254
866.2011108356273,293.25629972100666,24.038385310261322,65.89192055692084
865.2096988602515,296.6481861370333,24.03865637500371,65.89109907984803
863.8077394700139,300.31025145347763,24.038960062247693,65.8902111112965
862.9275266112907,302.65920408195956,24.039314740494266,65.88897734023355
862.393231360426,302.26551899898965,24.039595458288215,65.88765401852918
861.7462819005136,304.68064658342956,24.039935899757534,65.88599210373869
860.8408213973589,305.44125335677893,24.04027259934999,65.88436500094095
860.3803979662342,306.3270849650637,24.040895271840977,65.88255120396528
859.764465485927,307.55716485229453,24.041439136035173,65.88078857954326
858.5359792169489,308.463849067308,24.04224993654921,65.87812354631356
857.5873931769424,309.4160683697167,24.042776947439965,65.87664357301162
857.0356733177948,311.404061850722,24.043326412668225,65.87478151944835
856.2759851516732,311.882717869443,24.04369065136732,65.87356940943168
855.5723381265619,312.8677584741955,24.04399620004129,65.87251106999047
854.5791300374754,314.2231077174594,24.0443359040245,65.8709521689576
854.1230811288311,315.36416108836954,24.044564135798925,65.87006920109371
853.8107202878499,316.6803664934765,24.044683023114246,65.86927736747276
852.877825920699,317.679834485129,24.044886787895386,65.86816140388974
851.9405731700931,318.7502450274687,24.04502457517909,65.86742077117573
850.8993202891168,319.1950165767385,24.045252562320915,65.86659967514235
849.9176083351151,320.30519790691125,24.045359791323413,65.86603486445198
848.8794000619638,322.49855277082713,24.045508141519935,65.86531289525664
847.9132100658518,323.6760937507082,24.045652058342696,65.86464873639781
847.3314274987046,324.15976959410204,24.045794608103485,65.86406036719514
846.4003643823734,326.94087121840414,24.045997622992445,65.86273730276463
845.7686947975417,328.03312101354055,24.04609812421407,65.86198977242826
844.4294939715955,329.2617747471607,24.046369864683633,65.86112251553043
843.7272142202332,330.44466214866725,24.04658039794876,65.85996720600181
842.6535120456954,333.2535981649749,24.046749115081614,65.85918969014067
841.737754731925,336.07840024029105,24.046991498168964,65.85750853221467
840.6797273392078,337.24859597888326,24.047325296283425,65.85629561719452
839.4509166873929,338.70484050030177,24.047675977659672,65.85493938685747
838.7309550238396,339.6008040411633,24.04795341834532,65.85255033099037
837.9005218365817,340.7355311611946,24.04874162494571,65.84942895568913
836.9248185145443,341.55469951769754,24.049325200401718,65.84716487833394
836.0259715968739,342.74441484516194,24.049760658667346,65.84472668747073
834.6580882201137,345.7306574590876,24.050557319414366,65.84094186855496
833.0607828359583,346.33901127039456,24.051370737795295,65.83842449061574
832.5442195810575,348.80912167495137,24.051716361900382,65.83577520707577
831.1787251659163,349.9548629690142,24.052543763731304,65.83305185051753
829.9329188843393,353.61414223906377,24.05315638982777,65.83047899004492
828.5482469887177,356.5147788219403,24.05366058336908,65.82884647980936
827.0210349993429,359.62079970769696,24.054174545105106,65.82723676090839
826.0096032101127,363.34645067913334,24.05482394929481,65.82410452628757
824.7663427061418,367.4797964554821,24.055364923362074,65.8217619573547
822.7409823497491,371.6216457376854,24.056091167458668,65.81921611816774
821.5369176654879,375.24321576277555,24.056649220215707,65.8174968138371
820.0011253135233,378.8345863974523,24.057233348125415,65.81580965977898
819.0673081601293,381.4324944474606,24.057693267935203,65.81510197345864
818.1399856569739,384.3189200634824,24.058331506973268,65.8139158376981
816.6903242296944,386.3673974768591,24.058724527166344,65.81307946110952
814.938878893327,388.7297042061406,24.058917732097214,65.81245310505506
814.0833808696988,390.0984156092943,24.05903242692904,65.81241676382024
812.7268004597679,391.0592590431854,24.059110456415933,65.81268190523907
811.0436139212641,393.13183672479937,24.059561082404286,65.81271058208074
809.5190143916353,395.21090589223235,24.059815191557963,65.8122980582194
807.8349370126995,398.05215428257065,24.060147302335146,65.81133652153082
806.5251679239552,400.8409084468558,24.060845739070455,65.81013024450478
805.0092475313311,403.1349535489856,24.06107079021823,65.81012473796854
803.7136748063017,403.9903076248068,24.061034246792676,65.81107411043499
801.6128953098871,406.07526618048985,24.06084582217175,65.81059250016762
800.0227590642758,409.3235475458645,24.06107628496733,65.80832059812303
798.3734170045545,411.7148749124626,24.061492086233624,65.80737267492445
797.0420648292707,412.9110988359814,24.062013867297612,65.80699392922048
795.1520450774253,414.83542508947215,24.06176801255915,65.80589658276142
793.1345814101237,417.8791030541879,24.06156389269471,65.8035993424473
791.4408564199047,419.94935745812165,24.061205073389203,65.80229265249982
789.7058502104004,422.3585803913899,24.061064637478243,65.79972040885754
787.3853450251218,425.02486885132174,24.061408523202708,65.79721160041352
785.4788987680222,426.54829817663915,24.061569294542938,65.79544672457425
782.8907624259625,430.12824587718836,24.063805952661333,65.78685223061082
781.4890516348662,431.8273661479004,24.065430860125673,65.78391541538298
779.7016976334666,435.338209501675,24.06800436814348,65.77840350107722
777.803381948919,436.98205378686566,24.070233614740957,65.77534475247333
775.9821924726301,439.7996126498689,24.072429595364426,65.7680618233724
773.4867396815185,442.3940459697443,24.07566714017308,65.76148192297092
771.2000423549266,444.4871122660663,24.08157121565913,65.75418996753396
768.9727449106522,446.9063022936608,24.09057751549336,65.74185447182363
766.789703229051,449.27408996239984,24.10080159906299,65.72982468564562
765.0586686431492,452.58011695498567,24.11499312537428,65.71165707590126
762.3924190048355,455.3858888739016,24.117390911980998,65.7071793925494
760.3400841160558,457.76356675846785,24.121058950038286,65.70208254599385
758.1661704554265,461.00006119095076,24.12387646752497,65.69731725280525
755.6984624102304,463.8750576235194,24.125897172175037,65.69427310669266
753.8764880300987,465.81712056099786,24.12831017346622,65.69051117292842
751.3616663122277,469.54799736589626,24.12921844838053,65.68843955089407
749.2630151562745,472.12293493047594,24.129719097841882,65.68708393772596
746.4233414030515,474.8570814168648,24.130236934335574,65.68571134077222
744.195965791339,477.0873665481771,24.130762617599455,65.68404629817933
741.1470129450472,480.4780643204266,24.131458856600084,65.68205825490102
738.2779815222503,483.98483319608295,24.13205822792014,65.68051438862858
735.2999891514291,487.09921292025416,24.132481331684115,65.67933405710745
732.6934863836206,488.90439106635324,24.133146035544673,65.67743866807703
730.1721086323208,491.5440658238818,24.133587008725293,65.67622349902821
727.289933952591,493.9536301303085,24.13400032539927,65.67515909897385
724.1830624784684,495.9882916501983,24.13428950396068,65.67443480644774
721.1166726852589,499.0960059849821,24.13458322383313,65.67377120874887
718.3899653366799,501.5728771981228,24.13480044174305,65.6732157712982
716.2510567687056,504.0617924903153,24.13508881487423,65.67252656722316
714.0414847372922,506.4257843525064,24.135309022873223,65.67198749158369
710.4717704529876,508.9561064433092,24.13548302147507,65.671564505199
707.795508498742,509.8186957088997,24.13565431079488,65.67111646565616
705.0285054043763,511.22328359998,24.13604681773309,65.67025047696795
702.0466207479527,512.5939253714374,24.13625173467576,65.6697191542069
699.0577254448386,513.4542044869148,24.136416017204105,65.66936181951515
697.305383704096,515.672164555048,24.136518524110443,65.66914925237114
695.9312743044734,516.2386202675879,24.13655145032398,65.669071188917
695.7450905312778,517.4549894265252,24.13661887850721,65.66892526301007
696.4808244267426,520.2380096595344,24.13665053063195,65.66870167626412
696.241308974644,524.484650066157,24.136717165668017,65.66809950529196
693.6995528350187,527.799735477839,24.136790094790264,65.66781006391648
691.9542413110421,531.1783727824551,24.136923659863882,65.66744434826958
690.4206731196934,534.5344357420382,24.137065375507987,65.66721246444256
689.2483625209941,535.697388589083,24.137205819961878,65.66699847033496
691.4937327919649,532.1193375144433,24.13727757965569,65.66689162760997
691.5434479606965,528.1357661475779,24.13735988630473,65.66667195747092
689.512082063502,525.0903135825519,24.13760789315709,65.66624512875218
684.3459204970525,527.8060514105683,24.138162036493185,65.6654754968892
680.1473111183766,532.5156187762144,24.138559771811337,65.66491700613655
675.8456502208327,537.0633372298615,24.138732152836674,65.66462723171595
671.5347401012073,540.976558287097,24.138834939084518,65.6644385313991
667.9763285890768,543.580774501133,24.13900499779978,65.66417079525208
665.1621564504154,543.4718686875752,24.139142068396506,65.66387411107222
662.5426413851135,542.7037110763944,24.13929776357543,65.66349599885447
661.0710872591395,542.5409442093588,24.139442415364776,65.66285371540272
662.3631940545448,543.7545446418882,24.139833803115636,65.66195790596234
661.4910740040485,544.7367066680341,24.1398807078115,65.6618077666723
660.0243199971123,545.2133861941726,24.139891292789745,65.66177768148985
660.5380409271602,543.4707499923647,24.139901543938432,65.6617614651104
662.6641859372276,537.5744180168525,24.13992323034665,65.66172274126912
662.621621480022,536.0057561951637,24.139957975975562,65.661606418445
661.3322635817478,535.3981790023481,24.139963216493463,65.66152807416435
658.5599883769428,536.2405373001496,24.140022811894482,65.6613271932068
656.30371793885,535.6010518751284,24.140122529785476,65.66109546279729
652.0336927686609,534.5663749725296,24.14023394346685,65.66091639674839
646.8083956332229,533.2432613586602,24.140385900195096,65.66064136809383
640.5284985526943,530.9746738821759,24.140498168857253,65.66047997157503
637.5685424713797,530.9757589114636,24.14058000922065,65.66037653641928
636.538004410281,532.1757610069911,24.140680341394315,65.66025203934926
636.0294897175423,531.4365126989518,24.140753874363043,65.66013933192637
633.700533096665,532.5851857195355,24.14080731387154,65.66001328244278
630.7086518162528,533.8625066640438,24.140853863648797,65.65986005233121
626.6923989694593,535.2105529826605,24.140946074569765,65.65959060769441
623.415518513084,537.3525222599386,24.14105565446522,65.65925333716525
621.1694552257925,538.2763416753121,24.141083897596765,65.65905951755708
622.4269803682246,536.9642003600419,24.141139813904314,65.65869262340871
622.2914947729204,532.3436109674232,24.141134163063025,65.65857654780646
621.4437332707753,528.063876912155,24.141391993441193,65.65813388411166
622.9149462370681,525.750554108822,24.14143947241561,65.65791267330339
625.3155498933726,525.0132669614557,24.14153697700626,65.65770140170612
623.4175294645897,521.2571986554495,24.14165007158672,65.65735823161383
621.4938567631227,518.8225084976626,24.141661804858433,65.6570176113661
619.3965466444561,521.3490966352398,24.141639975236046,65.65660575195282
617.8365282334692,525.113906044191,24.14164734774696,65.65604157577407
618.8052772904396,526.9471764261093,24.14172624300735,65.65571456277658
623.3138717434574,527.1705941872547,24.141900885250465,65.65524687052414
625.9991691558266,526.4330129798423,24.1428151356768,65.65331618480097
624.5731415969967,525.1058027082248,24.14291150165818,65.65311155065257
622.8199862178847,525.6108964793608,24.142935638788426,65.65292197228585
620.8047392807421,529.5025384301507,24.142960572338882,65.65275059664597
618.262335043164,534.8013123119977,24.142977387186093,65.65245663239064
617.0938941443736,540.0801561861251,24.142961096311577,65.6522105955615
617.6889244004834,543.9204023903455,24.142992551674794,65.65195548036402
622.582183873647,547.2808724123265,24.143316905213347,65.65136713241645
626.5954737129797,549.0892833338606,24.143615583481406,65.65084372646676
628.759461269133,551.8828640672705,24.14410116453426,65.64990109357036
629.7635751166854,555.2362135093059,24.144221695976768,65.64965982439813
629.3952275568382,558.9285249832499,24.144269627007564,65.64940148146032
629.1249178628609,562.4971897611284,24.144255872967648,65.64929040104491
629.3507599458958,564.2365216753362,24.14425081742508,65.649263075849
630.0777564501467,564.8199993473189,24.144249579667513,65.64924138762234
630.6091612429551,565.0343526033308,24.144251487924333,65.64919178148808
631.2014733060587,566.4582739537553,24.14425715965256,65.64913264616028
631.7366264044649,567.6734352025281,24.144255118189992,65.6490865425051
631.6195634847903,568.286751729049,24.144253331716182,65.6490584279704
630.8594333463668,568.8435502740816,24.14424850617656,65.64903405461821
629.791797167682,569.2377113754942,24.144242638601177,65.649011233526
629.649183636126,568.9051946079329,24.144219604199776,65.64895104868917
629.148893788273,567.9451069861509,24.14419860429588,65.64889602282109
629.0769163792459,566.4530359196041,24.144169670814886,65.64883863198914
628.8879279505213,564.1134491959269,24.14412782122679,65.64876851473765
628.2766762929444,563.2349388258546,24.144107804738407,65.64873742935903
627.7291570051727,562.9250308431226,24.14409258828199,65.64871378615358
627.0501197657662,562.3890913760044,24.144082030817312,65.64869688260605
626.4406569683858,561.506042978097,24.14406498336612,65.648670025963
625.9528777007437,561.3239943414517,24.14404717749824,65.64863891823957
625.6056338190422,561.4701516703436,24.1440246002107,65.64858407281079
625.0668448628055,561.2384210251757,24.144006921139056,65.64854489322346
624.7103188723836,561.8255889256687,24.14398195286328,65.64847245035374
624.6994241772354,562.1082474094441,24.143963305625334,65.64841946939055
624.8909547304312,562.6931913701721,24.143944117511356,65.6483671154088
625.0251293236158,562.9145181465581,24.143926607863627,65.64830785241647
624.921607091804,563.3534419286483,24.14389723396866,65.64823112935788
625.5269899748046,563.2946899602075,24.14388419356879,65.64817427725029
625.6868838370358,563.6413911954766,24.14379671019506,65.64792626094341
625.6496078607026,564.6320745566286,24.14371300817347,65.64766951540776
625.5506088378106,565.3508977685693,24.1436750687263,65.6475415689663
625.2062306010345,565.9265786933,24.143638836742614,65.64742471748315
625.210668127648,566.5241068946908,24.143621870988248,65.64737098975796
625.3708068346103,567.0549667778878,24.143599200162782,65.64729708880434
625.3347862718635,568.2176348913474,24.143584121575635,65.64725988646694
625.266842564935,569.1839499104884,24.143574718583128,65.64723773736053
625.3306586490336,570.3132582668939,24.143567077005834,65.64721887534921
625.0951096526909,570.8329714830583,24.143558361641478,65.64720112679719
624.9029522508977,571.0843654630289,24.143551863052362,65.64718841872131
624.7261669257098,571.0855409345812,24.143538164272673,65.64716105046894
624.6942032575046,570.8484386641451,24.14351326331545,65.64710460548994
624.7729667888807,570.3117838401508,24.143465591065358,65.64699623227624
624.766822590378,570.1709022943505,24.143427665574713,65.64691357545234
624.4158030603822,569.8968442688346,24.14340781424257,65.6468770009235
623.9896138245423,569.2395958735,24.143391585872305,65.64684067715947
623.4895299348182,568.8746013275243,24.143371968317236,65.64679053018115
623.1410072765273,567.9644157581054,24.14332540743865,65.64666105676
622.8049749809563,567.2806183951678,24.143269487048553,65.64650573399771
622.3079354073171,566.7416770323879,24.1432269039995,65.64640698754214
621.9635885606516,568.2628905853272,24.143197152391743,65.64633756484521
621.4408170601209,568.5565267733715,24.14317264094096,65.646297182432
621.4257054286619,569.01520108421,24.143141971979027,65.64624640087317
621.5066964530234,568.5969005045515,24.143082005560938,65.64615159108556
621.3330714846663,568.010021604247,24.142956489756724,65.64593881159368
621.4651079561968,568.7477449884857,24.142811751470575,65.6456584831263
621.7355268681591,569.7715896247793,24.142759001779844,65.64556089678788
621.9331500046322,570.7368108716017,24.142716319226828,65.6454565474453
622.2359355154874,570.863268648467,24.142675857532936,65.64533099772957
622.4119171939905,570.0941756693699,24.142662877752937,65.64526603276738
622.5755296168904,568.6903765054784,24.14265549163147,65.64519829724141
622.8003622439805,567.6088736110306,24.142638528323854,65.64510098249939
622.9840170148798,566.3692097283594,24.14260741341109,65.64496660108291
622.9040842719992,565.100509015755,24.14257437965619,65.64481924585012
623.770417818558,563.1821397215663,24.14256340779259,65.64460705526648
623.1579164903438,559.4463060943037,24.142512873035884,65.64447970453655
622.7834894655377,559.4642801526761,24.142400884421043,65.64432180396939
623.3510262869224,559.3542300255303,24.142282528631263,65.64416598299789
624.2996617084054,559.0095070286326,24.142235515888423,65.64406425922215
626.0064531734557,557.9113523840095,24.142195333285343,65.64391878505579
627.8558873978831,556.5809467330283,24.142156058472374,65.64367166111491
629.3041401868951,555.9474932326824,24.142165373026515,65.64349299038192
630.6551945582087,556.2306964398188,24.142116137769367,65.64331925738367
632.4281186319556,556.039308479734,24.142088703318564,65.64311238708291
633.9650893104307,556.4060715283872,24.14207832514361,65.64297340239416
634.7571475919601,556.8914784807936,24.14206415428132,65.64286703332512
635.4989045788546,556.9126727677414,24.142061747608178,65.64274485437252
635.986338427478,557.9410636338868,24.142070990611668,65.6425379435539
636.2449141768267,559.6176355928291,24.142046469358036,65.64229643808383
636.8632236870734,560.9981079117412,24.142050020809833,65.64192208796412
636.6921083698119,562.405317605085,24.14205838198304,65.64152405022975
636.6338771089547,563.659664825412,24.142070541789977,65.64130610531835
635.662921159778,564.7837691007402,24.14206859698851,65.64111748836258
635.0237511170096,566.146318342288,24.142062740028017,65.64077238508872
634.7816581157632,567.1695967496271,24.142067219197674,65.64041179271597
635.9456907254333,567.8867791623765,24.142064534189885,65.63995852918313
636.4189684786248,566.8545120996799,24.142002593843,65.63965472198942
636.4331648659105,565.9587193570288,24.141928133153513,65.63940692577475
636.6214982852985,565.2607515950898,24.14180788589778,65.63917290638645
636.4195734979377,562.8884173140925,24.141715203453455,65.63901658205886
635.8710568213763,560.6195970362093,24.141445285282476,65.63877385611774
634.8302020317508,558.4031232403499,24.141269049866914,65.63846053017271
632.3740883540113,558.7496440142331,24.141031309825873,65.63775279988835
629.6257472500189,560.123204595048,24.140954579975023,65.63657518455364
627.2935345071279,561.8495746779845,24.140987594443377,65.6357197652324
624.3738712901694,565.749599165088,24.141295206644052,65.63480075394666
621.0534220146799,569.2469017363709,24.141539193719435,65.63375592555921
617.5963460983805,573.2132055810754,24.14181592332135,65.63260766303007
615.8107569530695,577.3526152819834,24.14210426414479,65.63147056559649
612.1003020551324,581.7121762040659,24.142319231985525,65.6307477692829
609.5802726763858,585.4598895633911,24.142866308875636,65.62933197592548
607.4502046518111,588.983111606182,24.1435900693594,65.62757039309038
604.5273039983134,592.4544997012529,24.14487414536716,65.62545706381894
601.6953111817983,596.0837202216741,24.145526362412262,65.62395638781416
599.0542136410544,599.872805122824,24.14610046459108,65.62274571866237
597.2026419576692,600.9267614903191,24.146955203736734,65.62138296192838
595.0126985296953,602.795310026427,24.14748615224438,65.62028928860785
593.7699878176147,603.2430073172277,24.148101277195963,65.6189992473547
593.3637269027276,603.9467403762151,24.14850630523148,65.61778873221643
593.6768458765979,605.0466286906588,24.148632469391277,65.61718078542725
593.7496291365255,606.3348055166524,24.1486544369226,65.61700735309043
595.2661832062324,606.2550412452346,24.148666452843422,65.61686533437415
597.2391764187792,603.7076963228084,24.148651039865353,65.61673324929485
598.7774235038328,601.8734719293197,24.148643695701228,65.61669043432813
599.2260378422743,600.0229003115207,24.148597185394404,65.61655999019284
599.0195136113643,604.2784411393022,24.14856692187637,65.61646084805759
599.8936696024101,606.5711121488507,24.148573254337155,65.6164049694026
601.8021909243375,609.6764034572334,24.148612777154053,65.61632020877728
602.4629293825838,610.574835960078,24.14867955420415,65.61618464854556
602.2354055970223,611.3222983786627,24.148779504696652,65.61608469769823
601.992888501486,613.0063589419005,24.14875571594715,65.61607279744936
601.3287836197931,614.7249930261486,24.148630074936943,65.61604832898074
600.2637558902796,614.0636876238505,24.148490869962508,65.6160182377335
599.1791072410832,612.3973251320606,24.148304983540775,65.61588346675087
597.6908181673871,609.0919758023695,24.14805789365886,65.6154294772073
594.0167291916168,607.8620069308768,24.14806222688277,65.61530233219219
590.4076937064058,607.614672199239,24.148057921883623,65.61518919864133
587.8150072988785,606.9521974135963,24.1480631527098,65.61506683904118
586.2296482935882,606.5397126153475,24.14810636241755,65.61468197863715
584.4584694226742,608.312171605339,24.148240650723828,65.61429987397469
582.4093876009124,610.5007419159507,24.148338441128615,65.61392736493394
581.1215654524658,612.84379708423,24.14838878965755,65.61376587709977
580.9765417117873,615.0730845655934,24.148410381141026,65.61369368384324
582.2418436511097,617.9006517103729,24.148429461633324,65.61362779180604
583.5251333988483,619.5611370811631,24.148437175857566,65.61357274923081
585.2426566276089,619.7309828287699,24.148421893949767,65.61347746592732
586.4521834448242,618.2977330277891,24.14841299256662,65.61341374772896
586.808569739658,615.8352160021134,24.148396261797075,65.61335605561128
586.0530708695344,610.7153293095274,24.148322320068047,65.61315255784872
584.1472404549813,605.9619159244837,24.148187676075292,65.61302513482086
582.9866722477088,605.8658576718934,24.148119189878884,65.61299100249394
581.857638672813,607.7177436152181,24.14809965830454,65.61293253289804
580.7215411550811,606.6468461946708,24.148080757916187,65.61287499514727
579.9292629447316,606.2428923909692,24.148073327258846,65.61285463643253
579.3331503374138,606.4364400133509,24.14806748281995,65.61283478606136
577.9734040765053,607.307566829912,24.148066615507233,65.61282384683999
576.3398967633758,606.9500882660219,24.148062923590036,65.612816107982
575.0554370433225,607.7325142037371,24.148056029315605,65.6127966815112
573.621504633596,607.5787864480161,24.148043842237684,65.61276887748528
572.729448524927,603.8598817397354,24.14803371174411,65.61275690580189
571.9505077810281,597.8071794700325,24.148029314303084,65.61275373036419
570.7076559275258,593.3183734416632,24.148021923590534,65.612749476983
570.7985747996098,585.7859478059372,24.14801270806515,65.61274326552476
570.9445571129095,578.1583309918851,24.147990320273465,65.61272787019159
569.793550720034,572.3792372274344,24.147975642111493,65.61271742393443
568.3699233796543,568.5438429763537,24.14797151664212,65.61269904133
564.9610357478421,565.1169665664617,24.147983451714477,65.6126539485164
561.3166305076364,562.1800235219985,24.148007997677603,65.61258955602803
558.8572864608965,561.3162325327806,24.14805118606715,65.61251314346477
559.1847877638629,561.7371426107038,24.148116023981764,65.61234710949424
559.6978565542094,563.195511148313,24.148168247366204,65.61222122888645
560.1416731581401,566.7125362943306,24.14823351105079,65.61202923610672
560.5882073495725,567.7015216034006,24.148266403153315,65.61193516196548
561.0441273301503,568.8593916807321,24.148284583419855,65.61188409421659
561.4406101401544,569.1965173801007,24.14830797899101,65.61181981925475
561.5271456441691,568.1594753137125,24.148321215093624,65.61174170723446
561.775063080627,564.521660895271,24.14832516311211,65.61169333998541
562.8578594819893,559.4105104313771,24.148329799199676,65.6116489156003
564.7897335428218,555.098407263413,24.148331658461395,65.61160865423832
566.6063930865039,554.4591153404817,24.148327657461746,65.61155163382145
567.8612346316804,553.0622121550189,24.148325076676063,65.6115214111192
568.6510845408616,552.5574445339995,24.148317026006307,65.6114934455316
569.4773374123685,551.7988834437441,24.14830249488356,65.61146593922889
570.2308384589998,548.9066559320363,24.148295483522638,65.61144563610657
571.824542016203,546.1755613506397,24.14827035191933,65.61143034257046
572.7339345324491,546.910957886841,24.148217223457124,65.61141454334607
573.0361169306399,548.288462067213,24.148170449803413,65.61141917164602
572.1349302997465,549.4002541684226,24.14812953274194,65.6114289194984
571.7155344140257,551.2780703925657,24.148049825149275,65.61143411693374
570.280684885457,553.7044689123229,24.147989322655203,65.61144459923923
568.2379752754703,555.3644675352864,24.1479316673235,65.61139101977045
566.5713749138336,557.0915493531039,24.147892835237954,65.61136947779401
564.5017379259814,560.3699756688212,24.147851205778693,65.611298138321
562.3268942847122,561.6577292147135,24.147821824956505,65.61126912347126
559.9552029708716,564.6214813148835,24.14779529583843,65.61118458560699
557.7582310685541,565.6553120583443,24.147789114969424,65.61114671395019
555.830835446343,568.2546217757546,24.14777012150701,65.6111027758032
553.59708372117,569.7843037259213,24.147761917952945,65.61105026539286
551.3141030476721,572.8072120223735,24.147755705134152,65.61102243744195
548.9796488150055,576.0427094039808,24.147750329219797,65.61099019864139
545.660338065973,579.3601535967052,24.147751450697985,65.61093705641781
542.9901409597104,581.860802931564,24.14775116630537,65.61090009782082
539.8931076418614,584.3370037733833,24.147750323823352,65.61085952105465
537.2547247024897,587.1259563417177,24.147746564505272,65.61081569343752
534.0213056692182,590.0883506795897,24.14774579437832,65.61079784975527
530.9118676621983,593.1260192709227,24.147746877082596,65.61077185101863
527.9432028773441,597.4694742117977,24.14774477030793,65.61069535092147
524.7746688660836,599.0128037185531,24.147747096112568,65.6106697812432
521.6186042693001,602.1026429353105,24.147748699500198,65.61062830298935
518.2311695209007,605.4336823988453,24.147751615335892,65.61057482757992
514.5023345321049,608.6417749684698,24.147764255738732,65.61049495871673
511.291711878445,610.8143850421377,24.14776827964186,65.61044149457805
508.2455117666502,612.917313361415,24.147776535457965,65.61039874075844
505.3157976606344,614.8443546384202,24.147779679588016,65.61037635978283
502.5990822012509,617.3783367007077,24.14778183401179,65.61033530420818
499.4577575215652,619.8765630675297,24.147789305718387,65.6103039076918
496.65700331000033,621.7122908447736,24.147803893398898,65.61026487427627
494.3881923286158,624.3178342441287,24.147809603268815,65.61024193741316
492.86006500822475,626.1306134256946,24.147827976960976,65.61019879683066
491.23644975302386,627.8215740382843,24.147862051434444,65.61014331147369
489.562172778135,627.8637450958139,24.147923855673817,65.61005587102792
486.09226554565646,627.6467471093234,24.1480896923961,65.60981218827573
483.58546167908054,627.5156244763141,24.148263969127026,65.60952751488139
480.40537412853325,626.2453015365173,24.148436075684216,65.6091224835251
479.0473560877995,624.5375304684434,24.14851689973588,65.60883186172329
475.4300368477721,624.0270369118155,24.14856627990677,65.60860067511348
472.10341919145884,623.6703621048869,24.148584753696593,65.60846272345306
468.8016141592896,626.1314334953717,24.148611005321417,65.60835420609446
466.8467661480466,627.7833715708242,24.148653841009406,65.60824621314832
464.3885972832276,627.6511129122182,24.14867315405186,65.60818462167838
463.6580051108011,626.7009145399295,24.148687421580888,65.608130302146
463.068659647444,625.8594790276727,24.148690418188085,65.60805357179963
462.6592965726152,624.7632220672187,24.148684544606617,65.60800491259896
462.0520593470049,624.454732909544,24.14867609234657,65.60798831055573
461.49234853805706,625.3176728902193,24.148665737738646,65.60797168672194
460.9151903256486,624.2206177671878,24.14865822704681,65.6079586646574
460.4783242238515,621.6740117960672,24.148651188087317,65.60794560460985
460.23601684111316,619.2200549156851,24.148634832405328,65.60790324202219
459.87398167711206,617.7195279891583,24.148629306582944,65.6078610848675
460.19801760455664,617.5930126612989,24.1486416153596,65.60779408719732
460.00098112945966,617.7522058712655,24.14869490221962,65.60745900546009
459.3914848538338,617.243858982271,24.14873753949281,65.60720527559052
458.85285499250136,616.2486928263102,24.148750476993726,65.60710520588242
458.0079521084173,614.8315982197726,24.148752525641317,65.60703157105716
458.1119537615605,611.5134167820513,24.148732862171386,65.60696561349178
457.9018760139108,608.4767016700615,24.148705443929096,65.60690712516065
458.38765223070936,603.9655660963728,24.148711163961234,65.60661147718916
461.3889953006459,598.5518996256484,24.14884933057621,65.60627432128673
458.7727195878568,597.9179446609779,24.148855857167668,65.60624754408462
455.8768310671204,598.5075564492574,24.148865778279003,65.60620017888273
453.83809542309564,599.8072539839715,24.14886819425825,65.60616891331827
452.4897380929014,600.643953600188,24.148867261308723,65.60614826765436
452.6172577170544,600.879392676924,24.14889580851787,65.6060698583114
451.4352583041154,599.8886850646351,24.148941044002797,65.60597098662932
448.30869551644855,599.3540500487812,24.14908304923758,65.6056592712818
442.9413632981466,598.3710196162655,24.149507907594383,65.60494471898555
437.2343334947676,598.0369812940232,24.15079342835378,65.60302313491994
430.88772776089843,599.5287974486395,24.152206685948133,65.6007858318673
425.0683469671445,601.2649711488689,24.15375456648578,65.59857006707449
418.95722077646786,603.4935292717925,24.155142651879622,65.59641988949505
417.2309246090904,606.6189366846037,24.15548283705266,65.59592549844287
416.2142819113745,608.9095217797764,24.155746544023106,65.5954423541487
415.6613913435563,611.5548205774605,24.155898354746437,65.59496917513167
413.84244679232097,614.5391679987877,24.155958391894238,65.59481357045334
412.6141586927296,617.7957625154673,24.15601713311508,65.59464314518742
410.22910398491507,622.4653621350168,24.156101295448085,65.59447417189656
406.4318708309829,625.8225037694607,24.156191992960828,65.59425407058065
404.91405977305874,628.6972195147534,24.156205817183228,65.59411495365251
403.56190356115724,628.3592488775961,24.156197094974964,65.59407971315099
403.4085699727235,628.2546249145249,24.156205407821076,65.59404018957567
402.4586287893819,629.0007228265789,24.156236094702308,65.59393852459392
401.3208409876651,629.7877398088837,24.156255849060567,65.59386712922118
400.91838408788715,631.2337830056471,24.156297195403813,65.59376043006091
400.7180716952435,631.3927067440852,24.156305036854903,65.59360094146595
400.1006808311199,633.5493549453817,24.156283803752547,65.59350978102995
399.6362625312087,634.7259711275565,24.15627529601969,65.59349001166622
398.8639746776208,634.3049035281914,24.156269351507806,65.59348030387564
397.48618706096266,635.5675768774331,24.15626535165452,65.59346629467748
396.9726537659453,637.1185749310655,24.15625951203217,65.5934394295087
396.401671929078,638.2199722216271,24.15625672363144,65.59343010191014
396.4314412472908,638.2489121689636,24.15625418291448,65.59340693090341
395.6007745122135,638.8315307604195,24.156247774033258,65.59333541075706
394.6534338832077,637.5418608006722,24.156243763642674,65.59328742703812
394.26949464113613,636.1889202605892,24.156237039655895,65.59326593075764
394.0418810522615,634.8066877580277,24.156225219468993,65.59324343092152
393.83309717416427,634.1140866705218,24.15620587420396,65.59321089237898
393.25588133893837,632.388662098709,24.156184505486404,65.59316281920766
392.10218629214165,628.7186321422442,24.156174849324024,65.59313817937222
391.2533187954396,626.2683324086169,24.15615951275673,65.59309477477048
389.36763440658393,625.3009736889094,24.156154303270224,65.59305021314779
389.13574790562217,624.952578101805,24.156146782847287,65.59302667149426
389.37198733073006,625.2263722062838,24.15614545810406,65.59299879674226
389.27968624480684,624.965659345982,24.15613903636748,65.59297483224914
389.25997062572964,625.9491106971738,24.156137063433714,65.59296401466942
388.69753288213815,626.9383107921799,24.156129137301782,65.5929400939977
388.29545314065354,627.3143042765178,24.156123018540747,65.59292544301745
387.52995261252477,626.4989841421573,24.156117977004616,65.59291852927392
386.6549228801981,624.6932695889413,24.156112711013773,65.59291007657785
385.4496050631166,623.7293824139555,24.15610500601968,65.59289402318356
385.5272664135591,622.9612247147788,24.156097212566195,65.59286441650157
385.7343325189602,621.4984902511617,24.156082189025668,65.59281578468418
385.0721980672907,620.1742936971509,24.156075717952127,65.59279594981935
384.46873277315655,620.4867031402695,24.156069350768476,65.5927820967892
384.1459773916795,620.1330161564713,24.15605704243348,65.5927643254941
383.3867420965129,618.3405296189411,24.156046855026208,65.59274546863914
383.1458088878334,615.9779961120321,24.156043604616702,65.59273199234488
383.37635216097726,613.5864513978032,24.156041573185394,65.59271652425721
384.09912042365073,613.4144263939054,24.156038800279763,65.59268814026242
383.8492389169437,614.0531955638685,24.156032722087737,65.59265567496993
383.72552273437543,612.8572599820812,24.15603146951318,65.59262916016932
384.0061892536969,611.4522862994295,24.156039358947943,65.5925932719938
382.5327428170946,610.5115289620402,24.156039016973164,65.59253319682577
380.01823430354733,609.4349284599041,24.15605051657132,65.59246991696416
377.0876326499717,608.4535063588283,24.15608067079905,65.59237581039984
374.40500063597347,607.0553784917719,24.15609220398351,65.5923118213835
374.20496995545915,605.3089796441784,24.15609982546438,65.59225778240891
374.99180355996424,605.1770444604276,24.156123507720057,65.5921444532115
374.57526443272604,604.371930878925,24.15612480830852,65.59209968552203
374.48566698885344,603.0719017277652,24.156116170868177,65.59206653047467
373.9927010942966,602.1874307045135,24.156105357824277,65.59203105412804
373.69651738669745,599.8102894951343,24.156091176457227,65.5920057259993
373.4766034455201,598.8952080524168,24.15607579160957,65.5919771184
373.23073001938707,597.8808609000373,24.156057979225654,65.59194842167882
372.9748621004471,595.5767740381409,24.15605200010808,65.59191968804359
373.74559001876247,594.6523280848754,24.156048452105026,65.59187908992068
373.89280387517493,592.0860842449225,24.156034603892653,65.59182177547216
373.5551955104347,591.596122860171,24.156019638197918,65.59174577759929
374.6100415634882,586.9796888990888,24.15600460843068,65.59169972881641
375.7344409965318,586.5897093838985,24.156002443774724,65.59167261608494
376.7211006096864,586.1870257280367,24.156005251347622,65.59160492595839
376.93035506739153,585.1225593527649,24.15603183670228,65.59147216289104
376.0651584759435,585.9858009038012,24.156050325727694,65.59141089385687
373.28656136232706,586.8800121470036,24.156055565228744,65.5913751099894
370.7370090913404,586.9615832283093,24.156069531030226,65.59131769278511
369.58605185662344,586.296030724902,24.156071931143394,65.59127586331894
369.5567821337362,586.1742121854656,24.156064297354742,65.5912269963232
369.63424771045715,586.6309740864016,24.15605904163036,65.59120499355792
369.6357833259232,586.3637264683557,24.156044833044362,65.5911488475849
369.67819763774054,585.3708333300614,24.156027203975217,65.59110481716672
369.11129568711715,582.5351280484947,24.15602237318924,65.59109289876325
367.837486488343,582.0036800373281,24.156022143189247,65.59106751625782
365.979941717897,582.4720637252585,24.156018071410386,65.59104685689637
364.61816469713114,583.5868908455553,24.15600772657436,65.59102213290431
362.9573428813187,584.5756251588666,24.155989885878636,65.59095798149386
362.55528515177974,585.4146383530924,24.15596042603791,65.59089532671537
362.0803942077733,585.3467566587376,24.15593985576456,65.59085985880891
361.29471869477175,584.1063566426133,24.155918015137146,65.59082111542291
359.7605456051549,582.9534144880112,24.155906249882285,65.5907862542473
357.97770855154994,582.3130043655136,24.15589150859668,65.5907405915735
356.98852455583597,581.9455139349479,24.155881561754082,65.59071798133024
356.4716516026658,582.3335888456706,24.15587431143242,65.59069859773571
356.29001643636934,581.9205003280472,24.15586768555973,65.5906873071009
355.8372018100423,580.8110577521206,24.155854965195182,65.59065342018138
355.6495019875223,579.2302517474404,24.155843010360794,65.59062907700265
354.92770731930267,578.8727088095826,24.155831453779292,65.59059439874805
354.8104269152553,579.0265155425368,24.155813563000624,65.59054912532146
354.32869977981994,577.6184239966085,24.15579737488688,65.5905043042753
354.12473087521425,575.8257138467781,24.1557890445242,65.59046131849006
353.75297534298,574.9949490685402,24.155783842646734,65.59042545195392
354.50669349007654,575.3362450286827,24.155781558959365,65.59040446596465
354.76792337703785,575.3050572257606,24.155777834955828,65.59037612096867
354.39469439066846,576.1978749266137,24.15577548912932,65.5903385204709
354.217400974883,576.800838650714,24.155763381281375,65.59028813792884
353.5295766836597,578.240110623483,24.15575392844975,65.59025752857255
353.1901991747057,581.2091070509578,24.155748537002527,65.59022100678338
353.50287616262636,583.1686380813921,24.155740148891617,65.59015861785072
354.05495975180906,584.0018466391398,24.15572362341166,65.59009782750492
354.12999479172566,583.5074155903069,24.155710829602558,65.59002564668255
352.8313228068349,583.4140242925058,24.155708731955414,65.58995006509964
352.3497781618989,583.0765674995168,24.15570015147758,65.5899004748271
351.6096706867019,581.8987097987211,24.155696810588932,65.5898672230067
351.23300508006264,581.8772674750198,24.155696601061614,65.58983370612627
351.6460236619254,580.8390636066692,24.155688916839733,65.58980730739046
351.68227986042126,581.1792134194601,24.155685957647496,65.58978496976876
350.90673434970427,580.3677920126685,24.155687930695844,65.58977033191306
348.26217455817147,580.2986108220105,24.155695422697043,65.58974190393162
346.3688138143484,579.7602798924712,24.1556975881385,65.5896885320682
345.697035879013,580.0140710043296,24.155720300506992,65.58959044636345
343.26432701689487,580.8456235239547,24.155737710412307,65.58949910378365
342.3795413995415,581.2927336408062,24.15581453078945,65.58931957385417
343.9950965310365,580.296087606375,24.15588612776955,65.58907981955844
343.9142969000771,582.3245899021276,24.155888122895185,65.58896237786395
342.0949115897198,584.594408869498,24.15588983224808,65.58890478827702
340.5451783736136,587.6621468723002,24.155888748514943,65.5888696090885
338.99512512120094,589.9718242774933,24.155886391417095,65.58885188061154
335.4552426446602,592.665431582283,24.155890316208808,65.58882570563311
332.37395521215785,595.1900319485266,24.15589708886722,65.58879117569101
328.9085074201075,598.1601727276054,24.1558982981205,65.58876382895915
326.2300110682195,600.9866240032079,24.15589923401335,65.58872764127949
323.52552788170726,603.0276393970755,24.15589811207314,65.58870855322094
321.62237951236915,604.6791337498465,24.155899932689067,65.58866689205131
320.18777650847017,606.7505577922099,24.155904041912223,65.58863487406674
319.3666396737811,605.9977576859486,24.15589248351478,65.5885709764055
318.9088638867561,604.016712879479,24.155869983773357,65.58849642575522
318.6068084495557,602.2572765046796,24.155855179634834,65.58845876733396
318.70255159837876,601.3761158736775,24.155847119498418,65.58843483452154
317.7779434562356,601.4112993833961,24.15585540646256,65.58839153565873
316.8112930586844,602.6158195858551,24.15586571999765,65.5883508122136
315.785634115272,603.1595328994115,24.155888087947307,65.58830256778367
314.67158688973626,603.6934829786592,24.155892014345394,65.58828232452558
313.37896699302604,604.1019322998292,24.155895973644128,65.58826134532106
312.69843563655957,604.2409482428893,24.15589782880418,65.58823628107169
311.9675147600436,605.1676718872109,24.155899071467687,65.58820793869478
310.8546097642904,606.2971878519567,24.15589829675414,65.58816963484398
311.2939478489787,607.3443772105072,24.155900866448423,65.58811240707696
313.9833682839619,608.9706899047628,24.15602442061525,65.58782447431533
314.9798541868278,609.8129031008408,24.15603953237916,65.5873743747695
315.5479260351775,611.971579531832,24.156046195787244,65.58720214633206
316.75041006572405,613.3029120525306,24.15605950943467,65.58689944204724
316.64136629056844,613.3500125592132,24.15602301282426,65.5867694518483
316.45141003022695,612.1286532363929,24.15601493166245,65.5867447960972
315.7830934060339,610.2713636400733,24.156010563890902,65.58672962457004
315.7014134710322,610.5982631865646,24.156016960946296,65.58666050681114
315.00818661419044,610.5854354850136,24.156010131951035,65.58662949500071
314.0535121998553,610.2869276312629,24.155994498722517,65.58657105146314
314.00259860941014,610.294404479383,24.155973800024164,65.58650567440961
315.0813794816953,608.1660198822051,24.155975741824655,65.58638647917813
317.2952577020219,607.8665621372562,24.15600755877034,65.58623493673868
317.29859867024146,607.3369059431885,24.155998001426426,65.5860618893882
316.46852162140055,607.967567884873,24.155998471712547,65.58591614189129
315.44719174225804,609.3046757403303,24.155997278383218,65.58575862990546
314.19384147034583,611.7773687276994,24.155998260134883,65.58567514158702
313.5547694068573,612.2735301228348,24.15598288794352,65.58559391272891
312.3690726559955,613.6080037260925,24.15596029774812,65.58542345677797
311.8244042147213,615.1089283054562,24.155957327963527,65.58517980876248
311.48458005702804,615.4718720120327,24.155901036816974,65.58484614660122
310.8401046619249,614.7481538657141,24.155871819851697,65.5846222314898
310.3044853941624,614.7776723160193,24.155854194640547,65.5845786592421
309.55805181108263,614.071675788526,24.155849241850174,65.5845606868926
308.8192429031745,613.4423109658924,24.15584585996603,65.58454990705005
308.33533335798387,612.9336065092187,24.155840848899135,65.5845367403575
307.9306121833055,612.541886874205,24.15582983006891,65.58451950603992
307.2513822376218,613.9858257942329,24.15582261938556,65.58450625567515
307.0581886881193,614.214160279243,24.155811224147023,65.58448855604489
306.8718567629516,613.9967510838208,24.15579807610549,65.5844599794304
306.97199475829365,613.95560270996,24.15578329085617,65.58442121779227
307.8633936841891,612.8025996065309,24.155731873277073,65.58417041514414
309.2435241487828,611.142619969105,24.1556995779703,65.58399004346585
311.25692707193974,609.8438667375169,24.155708192410824,65.5839587506757
311.8263298579865,608.496152434163,24.15571432781395,65.58392036214431
311.21301193062635,609.3486098750907,24.155715918541837,65.58388178396162
310.85939134391964,610.306650022334,24.15571680846604,65.58383857214723
310.32110942446417,611.2834491784344,24.15571252069854,65.58379834729544
308.31648266689547,612.20618271385,24.15570776557233,65.5837709489343
306.4305099332634,612.7087430649274,24.15570441844429,65.58374072186194
305.9522583648438,613.5108564142744,24.155688189972924,65.5836825574468
306.2616029168491,615.0536915936176,24.155613640367488,65.58351077015614
306.88985634755977,615.6788794612768,24.155570783462775,65.58336546639453
308.5441964128089,616.344598590993,24.155525887797207,65.58293015763047
308.1607498363864,617.0378240382933,24.155498474083448,65.5828323981389
307.1373129148598,617.519354966662,24.15549135667213,65.58274914285701
306.8303577441599,617.7389381984422,24.15548142667527,65.58271721747035
306.54299165846135,617.7420592474198,24.155475751221104,65.58270135318755
306.262333990321,618.0148329042512,24.155469352119646,65.58269025959831
305.7445303650203,618.5926466326127,24.15545376756179,65.58266323145658
305.64876980359895,618.9690748497356,24.155443321638757,65.58264660090639
305.60308759373623,617.4778698054556,24.155426601310957,65.58261311837578
305.0289034121939,616.4968256095108,24.15540908201799,65.58256941397491
304.56463552259095,616.1065671799557,24.155386690428507,65.5824355381835
303.7646596600659,616.3880392137626,24.155369028424133,65.58227739405078
303.9564228721495,617.0220718999628,24.15535948214658,65.58223813516038
305.15146617666835,618.4913490703609,24.155351656144155,65.5821567805857
306.0989586096717,619.1661148979883,24.155346267066218,65.58208417741672
306.056502628346,619.2964470011609,24.155322914764263,65.58195446618686
306.7973378019026,620.1831068157489,24.155266799714322,65.5816707209143
307.8097288969893,621.3780165403142,24.155270366605727,65.58152235904859
307.94818744643334,623.8350806457316,24.155266940403337,65.5813937057089
308.6763728342663,625.8879436958193,24.155240173183024,65.58122075571046
310.52110363160324,628.0233043608254,24.155252207507058,65.58099531726953
311.2151635059462,629.7510647979578,24.15526097787939,65.58088540034102
311.39188588331166,631.3639039287219,24.1552639286557,65.58083146170405
311.4862775843908,634.4171741122243,24.155272248556663,65.58074594394238
310.63290704302506,636.1963351293097,24.15526448809515,65.58071081506044
309.6227693705433,637.6793997003175,24.155254465092828,65.5806570934243
309.1774113570302,638.8882030311862,24.155201546901914,65.58054544397042
309.48578354155575,638.1202032161012,24.155112169954496,65.58035027280971
309.3656646175092,636.4523723241916,24.15508357574867,65.58031273678938
309.0892924079456,634.2567701309404,24.155072102599053,65.58029369265842
308.4118738169886,633.0922051171304,24.155061853330313,65.58027137462088
307.92051327115576,631.6237826806747,24.155048741657293,65.58025163304576
307.8489168065136,630.9460478524945,24.155034269904366,65.58023358512894
307.5208562898615,629.6742311909774,24.155016644685023,65.58019959172658
