627.5,317.5,22,63
625.2297694475035,317.90493919124447,23.375055116299848,59.81984588165601
623.8808628296492,317.95076781185793,23.963949446750146,58.07609296496064
619.9372477704276,319.22170048943565,23.88785930991387,57.18475365655803
619.2435676804851,320.8795482058718,23.888374139533525,57.22007450672106
615.8763384554352,320.2791479390028,24.066725068575927,57.91222706215316
613.2485988715173,319.439634263282,22.825025205039818,59.410127997865324
611.7070200874746,319.041062601317,22.710534247887242,59.50804029323848
607.8459664196811,317.41758158025465,21.80777986625013,61.042535141759714
606.5046599662702,318.3844857495709,21.68286809198038,62.083586040798124
603.7335945475993,317.13443886436465,22.269628026307217,61.35478867694846
601.2380159365049,316.85696754165593,22.76479258797349,60.72224193199274
597.6310028905309,318.43431031454224,23.34794499980679,59.50634444259373
595.3001043325232,319.25951797873665,23.635542725410687,58.418783285004054
589.7223994451538,319.59482615882206,24.39130574111646,56.86465806376838
588.2522589479081,321.0866781801253,24.53327669418006,56.72744845742589
585.5928408062052,322.2088635413684,24.478797643265906,57.016650647155934
582.5440457168547,321.5838277318896,23.95906966858542,57.14583725157959
577.0531797644251,321.3785535463502,24.051767302204524,56.112369285263654
575.2446181696054,321.35425416405275,24.158522621513214,55.63189326176496
572.7220010689824,320.28733937627766,23.852487100774223,55.906885590420316
568.9346346942382,319.91697831821836,24.13510940714745,56.3490442857664
565.4503096033724,319.9811549337249,25.38716155497397,55.710940807751626
562.2770744895439,320.00022756521,26.12566202173615,56.17050201765508
558.5118779970506,319.24645481276895,27.282444510201657,56.961629911891876
552.6388121179915,318.59873407846055,28.42896689331998,57.422559981239615
546.9547373190194,319.26502618015235,28.445671293205123,57.54466957210647
545.3251252090774,319.4120336182488,28.48201944115908,58.43620979635459
540.9660910603143,320.47726574662494,27.988973808936898,57.965820846494736
539.0563788119981,323.6801219448381,28.01622897306482,56.673612383021194
534.1901977545178,323.4055578458551,27.241559647290686,55.627959778260504
531.6441347233714,322.51133998202596,27.282654596912696,55.8297926988738
528.0422099470583,320.83607997759765,27.026661944491295,56.44637353689297
523.9633053195656,321.31886813028433,28.065839836561416,57.17028671535298
520.565457873371,319.9202390474976,28.910539283699443,58.8491745863555
516.6130061280168,319.08241806122174,29.72139951955544,59.979651973793736
513.4166820909547,318.63814268078573,30.229596204366675,60.22560684748158
509.2841266794607,318.1222531596629,30.54697219459116,60.11528877421067
505.30218740971765,319.0158814570835,30.8451703255995,60.63107244540638
501.9374968510811,321.3032478429588,30.29672227264551,60.62497895206761
494.97602702784326,319.73065582558945,28.282672134880514,61.99743657021848
491.75490714495976,319.0461840733254,27.290885182507846,62.85177353931195
487.214668487678,317.66329166806884,26.853513528565518,62.63727199003799
483.41585115776456,319.9257571430682,27.033959543983222,61.76932846870439
480.0693866436315,321.3409258183325,28.079704677138267,60.70364575455888
474.80642958116357,323.96253971288326,30.708206025127136,58.93194840292692
471.22538264949867,322.14780877801047,31.648288799131983,58.475469911649526
466.68320729221057,319.568831250116,32.618660174108506,58.55348941674882
463.4456186599399,319.22515791133964,32.44346302611328,59.137463721614594
458.1549188730924,318.46952107867133,31.395986867386355,60.0534105460737
453.4487514718123,319.64104569884995,30.521704390893888,60.66453797006883
449.24817449126874,320.86676409540723,28.93135749748876,61.070368318296495
445.30826405399813,321.60926347562105,28.295408413533913,60.50475427581013
443.1237087770444,320.25598895858866,27.710919037631797,61.067431048827515
441.05463859533484,319.05261561015067,28.240979967609693,60.57019248378643
438.7608312629288,317.22896711355685,28.36239189652095,60.895846601302694
437.3461441500121,315.8527824655027,28.45699487067591,61.16879547390324
436.96439151064044,314.7968579962251,28.297807731320788,61.04685067695421
436.7326436633998,314.95247874731785,28.180750251783167,60.879978762071026
435.94388355150556,314.2077188671023,27.761873814766922,60.671316178065446
438.10938100337955,311.5563930353101,27.276474270821147,61.75377254822326
438.3796257922016,312.98090989376624,26.589883427031396,62.06389992216187
438.31683340225976,314.35946825828836,26.176346579107452,61.86058401442197
440.3394905196824,313.91295808722884,25.805193301598553,62.159083847298064
443.1880834331164,312.5181810823946,25.64296392996132,61.53130520773553
446.95219636521574,312.8030775485995,26.362685758633724,61.21443951903535
449.29067955465587,310.3886193926194,27.337854275078197,60.882679351655995
451.7831583427584,306.80443871604086,27.498632439534784,61.3494425373936
454.16260241271203,305.54633606525437,26.37872754929179,62.19548349227154
459.01569159707327,303.1054413776847,25.996459893765035,62.688880895822805
459.38872581988346,303.9308328394551,25.818892324571408,62.21114110411028
460.6667962106991,303.18890217106707,25.534513675584748,61.73041534848674
464.2102719344762,302.466367671331,24.881140719241483,62.20026015104801
466.55765799281744,303.36404412354966,25.17214741115276,61.15686025240148
468.84089080489366,303.61794318473,24.997845063672703,60.49688224811036
471.097486982704,301.91077589995996,25.39349813270409,60.304264627251285
473.58029177071785,300.21342897771416,25.73285262222815,60.84266193243631
477.39769458656957,297.9041410708951,25.593011113296974,61.00743372996111
479.4747914611025,297.49749472149057,25.128630739704143,60.87536886765868
481.4527551482959,295.88062299257376,24.987856010428345,60.87558776456401
484.71117164790104,294.2658273583346,24.480306553851122,61.282923183204105
485.33327938732185,293.34400564776195,23.87563073403281,61.53280682918765
486.5590031956497,292.9860990994508,23.29160748623546,61.86041365249256
491.1087807399759,292.53087456047564,22.960401091430743,61.66715410560314
491.3631593979442,291.0680297096546,21.962372641356026,61.413933551813074
492.05108564722104,289.06086347858576,21.983827896365252,60.35507389435237
495.3486395398502,287.6194919644435,22.960001067375234,59.83176075694167
495.7742557497948,286.005845600238,24.99228424387587,59.8309357809612
496.6290269214734,284.04177452688,25.295821305349577,59.7228373499795
498.89255805893396,282.8429209663298,24.725190180864814,59.5618811028547
503.3163280436896,278.1859973492584,24.00115580369975,57.67942306203422
502.3608031522608,280.8980954605873,26.170713166122404,54.980486143423065
505.20850230474974,282.97229284473946,28.343947654570975,53.734325690990836
508.37314884556196,284.62133624242483,30.717503007394875,52.40045822736147
512.4439047945207,284.8960821358088,31.893160298930535,51.68507041231322
516.0781137874861,289.0745324417232,30.908151431651902,50.39361951514512
513.7600630952365,285.0330658801114,31.865383091877504,49.614012393312535
516.407173947496,286.5318451177689,32.95891248980624,48.69928053237741
520.1054890233637,286.4178316888472,33.251036896633906,48.80490798557592
523.570042435447,287.0472924017122,33.66643681303725,48.6897532014627
531.1439078233417,281.59655819127573,34.488532735551104,48.13856487642498
537.7946634630722,280.5216010453865,35.233021936741984,47.82025821903052
544.7946995486634,285.63483491167256,35.02014211022517,47.77436394989826
552.0240981836965,286.0522256136215,35.59806130134059,47.4513830735731
554.3771675521433,280.7898180045237,35.83943662160635,47.38972291945421
561.7605043397003,281.745223922923,36.14589365409724,47.22742108574555
611.6462191555546,268.8400973725941,34.69685934709573,48.895529029543034
622.9817569068243,277.7516477611834,32.748237915601266,52.8091931602013
630.60878277883,282.2377718251246,31.39202190309637,55.357838129242744
630.8990944807791,287.91348020131784,32.16605889100562,54.18627672353588
632.6625850461812,292.05666144422287,34.378082849007505,51.57239339040524
636.0490567921314,290.13444911462807,36.240602118032484,51.98900118176657
650.1862485765098,266.60462807931935,34.38029821541339,53.903139254581205
658.7771736608945,264.7956711030659,32.40526662727147,56.70448292510572
666.4351615947375,265.1890418597619,31.384914538882352,58.55004417279159
674.0355595165349,268.4173242478002,30.892713017491978,58.857854129686174
659.5249122476637,284.7400560356521,32.80192030547877,56.026887548000865
663.8918565825188,284.0630889864616,34.83952745486029,54.79925674312264
671.4278297666037,282.96137164856384,36.58001814418547,52.6859094212375
675.162769014096,282.19960569245364,37.86274318008467,51.5097717339248
685.0868259446934,286.4464223296637,38.745902970012956,50.92873039370881
690.8959495821587,286.10745276365304,39.343805978895865,50.675381879436515
696.102940598165,285.3161717679147,39.67366893284521,50.689514996897394
706.3898056145108,288.7125769864423,40.72516587464089,49.968101864377054
711.6118059905716,286.92516639599967,41.54541397048062,49.94354350577261
747.0738051880844,276.9790678456821,39.37227006764249,52.07935861788233
752.843146347982,280.22976545832944,38.2263995230549,52.728716890665005
759.8739059092842,277.0692396900176,36.54756510809226,54.13508460847158
766.568712173105,279.57006956366246,35.6007216310487,54.64520560001248
774.1557936134343,275.48755003945513,33.87113692116651,56.61154231306945
781.6255500250303,278.23981806033675,32.99720923438809,57.345272739354314
788.8196499126898,281.381338150479,32.608190252831285,57.071275775775106
795.5299906410343,284.1292531670164,31.936988089965652,56.50495919713765
802.3934846919784,281.42346923668856,31.139082858560553,56.93444373717559
809.6226800593352,284.2441709123007,30.414244102912107,56.70647536825105
819.67989338691,280.96847443074375,29.703265552620792,57.73155454962665
825.3716069254044,283.738959901018,29.375226926254513,57.82707729193952
828.0681432589862,285.92503661725664,28.926764377956978,57.29239582143739
834.9303629260943,288.3872122638371,28.433382210793944,56.29702082565497
841.5050120913941,290.89975436840973,27.95941022754551,55.93041821441017
851.8779826969502,282.4863744558703,28.36358498323013,56.36675140374683
852.8356236879554,296.1623022123424,28.298511879736907,55.49097392424983
859.7630302564802,294.0308344112558,28.09078774720396,55.37396615560397
866.0756822930146,296.5511677292765,27.72886181744576,54.89086950018395
872.7255049263433,294.7970047721272,27.45005147357862,55.21257613271367
878.5503259621215,301.96983184625844,27.175820435652653,54.926169955032215
886.1190209793597,304.73606206990496,27.083534427970708,55.279483643328795
888.5167934061882,301.3666125969536,27.019286590457508,55.05135206402406
894.3689219696577,304.03462821528774,27.033956846941447,54.51346993624242
899.9834378115348,305.6339811907968,27.02576561728872,54.28999944741306
908.8613267282121,308.9012994784582,26.907858572508395,54.48458516975876
913.3098781439065,309.8818816343579,26.7812673683167,54.89408855395851
917.9121104910212,309.4164750360691,26.74312824324036,55.187070599050635
922.6852093038298,309.1143170878309,26.85500881128771,55.655891637500524
927.7084595392727,311.1874884762986,27.236342851205,55.33695073701476
933.3797142713328,312.0947838495289,27.39328979272447,55.52774562783753
939.0941013145303,313.47248574519426,27.533462544708378,55.76537739139255
938.7623213093235,315.3178931926384,28.574058470973508,55.10112256463475
943.8496935721828,315.80121785921193,28.970415133914777,55.0336691409879
948.9794920833391,317.5098460468442,29.64411336154094,54.60973394606694
954.3269720240144,318.4723176011518,29.977407035488447,54.41762088505914
959.2028200044906,319.05450652820423,30.295186248486054,54.38559836332889
962.4500827025988,322.7117950763393,31.034855607823847,53.9626700364374
966.4297138041064,322.44052467739346,31.600420408287633,53.742572146241685
969.9194629106863,322.6935459172416,31.81349097411958,53.86584265864134
969.7362166322775,325.3634804151936,32.49598297923658,53.4819410890374
973.8459872767112,325.90819984904533,33.245694276733865,52.98898241208782
977.7827924796389,329.3952304040339,34.19558259676945,52.28586112907604
977.5831872960368,327.6942198403387,34.99009886573967,52.13479979034098
981.563234004988,330.56885274909826,35.580533020469254,51.868254347882875
985.4955740433857,332.84804667942745,35.77490254999703,51.637171327312295
985.4135398704416,330.88265508809553,36.60980990755429,51.604487627270494
989.1424729062311,333.1702075988181,36.864315185310055,51.65768136528583
989.8047749419562,335.6577118133702,37.23419010250727,51.54272170708609
994.0692920574984,337.0908212431284,37.37074043563183,51.34880533208204
994.139827832216,334.50991675951013,37.658311725390035,51.70557250931007
998.5469284466482,337.2967178638399,37.806180961613464,51.919448747610986
998.8051183355788,339.7035976559432,37.99123633246829,51.84307205219833
999.8729586991067,337.37179244363654,37.99932820749384,52.13549240570564
1003.2051608412049,339.6427218665181,38.01011246470961,52.44447746634507
1005.2344310490403,341.9733787469244,37.96780120171838,52.78001324242828
1007.5585080291918,342.8759518211783,37.39961283284599,53.43516038691976
1009.8733881334647,343.63960438454035,37.081488118532484,53.739881980242615
1011.4530952129103,344.9911968908065,37.11594760351639,53.63194972001436
1013.5513281610683,346.0872586000228,36.69909520207334,54.13623171234851
1015.6355947901989,347.6536338115662,36.49755456046566,54.70509853016745
1018.1859437943777,348.41703803970864,36.08176971052473,55.26389998675485
1020.1896764616984,349.10358132485834,36.16113451504351,55.714052266095344
1021.6814354423306,349.78072333366765,36.50631638097352,55.99038431731679
1023.1564948561577,350.4042620386516,36.69692650381978,56.401680501632875
1024.7728221320092,352.16272228401203,36.979167868101705,56.678820002748566
1026.3887997177462,353.3380333431094,37.046102572039715,57.129524397844264
1028.9639323128108,360.06269564699636,37.274508551191545,56.486745047638706
1031.1782679988462,360.43178683636336,37.3658619555796,56.20457730208345
1033.4552669578295,360.7354446447796,37.92831196318068,55.35582100164764
1085.9440275359261,316.1713497984025,40.23496286509267,52.30330848492922
1091.4868914011645,317.5228107542628,40.63915002872002,50.91760928763268
1089.3222663074703,323.8304132993692,43.024892902379946,48.36168459292771
1093.6585090231522,323.59169570168257,42.9094619906694,47.71821844209435
1093.6756798169977,329.4632761925683,44.08684754531275,46.65698800231508
1098.592367902555,329.59294031854955,44.01253223387799,46.36070199094242
1099.1343174743595,331.05132921821416,43.74775772930321,46.425998690743405
1103.9544957741302,332.2424900998298,42.851924178162946,46.82780845445919
1108.8783590793857,333.3264090233603,41.90733286733452,47.15148624384226
1108.3641913745334,339.44540298171006,42.5073618166585,46.730791494256984
1112.9629360137899,340.1975814709207,42.16501989990094,46.902819322468815
1117.74148543575,340.23196459572824,40.96631663245758,47.54134717933711
1119.331054973977,342.4217583597724,40.912657015766584,47.639361179416525
1120.8418638222322,343.862826426426,41.01310128710556,47.42555261607086
1128.1593760595435,345.3514725728238,40.16716983006108,47.83642603563178
1127.9093972066928,351.3878577981452,39.9598004083059,48.01639358395144
1133.5400624099698,350.82703814200863,39.164831047589445,48.50126801222949
1134.6802884354934,351.83780495076996,38.91556486194441,48.65721199289716
1139.3395008584146,356.86791736505825,38.11766213371668,48.98742047578301
1140.1561847157213,357.4951782757788,37.90639675121818,49.010865153670444
1147.649917372558,358.3218247498223,37.285649729781134,49.268010743181044
1148.2182740438734,363.13670964844715,37.018914934246624,49.28934491932016
1150.240455332978,363.9150854420582,37.21801301125017,49.20455220775408
1154.076067757061,365.00708755066563,37.336626477140115,49.289669637420346
1155.8895646412836,371.1034887544106,37.372556044724206,49.26941170930056
1157.8368553045873,372.35851641275735,37.42441422274051,49.35096968530117
1158.7689762415584,373.9860219049316,37.45501509267171,49.38534449654595
1161.1158648981059,380.3771536408616,37.47101370425926,49.42789296011073
1162.622571296294,380.8203543771464,37.473251657090024,49.46629313520428
1168.195188067492,382.04634743168873,37.496436998971134,49.50636506483108
1168.8872602771278,387.83679643800616,37.49673276333883,49.55835679981595
1168.9517763685606,386.9359590925216,37.48671752583546,49.56903839634072
1170.595224594426,391.03961854719046,37.48381789455429,49.583227513126054
1176.5458586753816,395.712921097637,37.45909277768718,49.621530134706205
1181.83522161001,395.7380437723266,37.450674640058764,49.63422520404716
1182.598928617827,399.60559593613317,37.44337218524636,49.64148957455411
1184.8016275874834,401.85275806805913,37.44562423983021,49.636988652071906
1187.7756248410215,404.4444273785206,37.448235602046964,49.63217786318029
1191.9067605165376,407.89649318024846,37.45068898245999,49.62925036891636
1194.686074357808,411.7427095905215,37.452537126182925,49.62620486984244
1199.7731734840079,415.3254163960156,37.45443292895874,49.623883872074465
1204.3563459554207,419.15838639940466,37.45585741820104,49.62266964578338
1208.7511122846656,423.18305009152505,37.457802916754744,49.62079709552704
1213.3602513499568,426.7331607017725,37.46004194468052,49.61875950692906
1217.139751728237,430.05702457790466,37.46132866370622,49.61733874624187
1221.7389780864933,434.36866101618136,37.462295922474446,49.61630593621681
1226.5005506840382,438.5534705432224,37.46324626266271,49.615514701959
1231.1975944118794,442.78796368708583,37.46423555868947,49.61470620964227
1235.4759311802502,447.15089271641364,37.46512389633764,49.61399062992945
1238.883080340615,449.87576277741204,37.466146067398995,49.613160267454205
1238.51650004412,452.3893743756752,37.4671383435475,49.612394857488
1237.980096651101,454.0149682340645,37.467855815125155,49.611696375633656
1239.4096180175932,455.47393247198846,37.468371664446245,49.61097371033255
1239.4313268640135,456.6438607414853,37.469050061505314,49.61014982133279
1239.679721878208,457.457033173699,37.4695981790872,49.60938598298263
1240.1308549443586,459.3021024990637,37.47030766562569,49.60825771395181
1241.0712138378265,460.9479715450604,37.470947786938844,49.6073166171215
1241.3707267747563,461.97280079383603,37.47180278723574,49.60611764944694
1240.5142901508239,462.8230636588642,37.472580416852686,49.60520906683624
1240.2688196957133,464.6386836911523,37.47315614968115,49.604578991426195
1239.4102203549044,466.70013852013193,37.47348345049313,49.60423269558858
1238.2673019938932,467.5361232337514,37.47381273194834,49.60389257800391
1237.0651436635078,468.6507108580331,37.474205881214154,49.60351261943379
1234.5136655484348,469.7689214856424,37.47511466797005,49.602800793002416
1235.340784964508,470.0739112960783,37.47678144018602,49.601576939476125
1235.8233131780016,470.84287271800315,37.47858900302901,49.59981575677443
1235.7305781902842,470.89457555839834,37.47919241597818,49.59876495268113
1225.8137115111501,461.9555372614409,37.14714475312799,49.84790287166923
1232.074793170333,469.31303784735223,36.84143117231153,50.0523171737845
1239.5559813565062,477.9190886282686,36.2278373393325,50.79257576515005
1245.8565036888758,487.41972998452854,35.202575450471855,52.06564989467125
1251.088041548866,490.8516161402843,34.56320445003537,52.55247782577442
1249.7938056083162,491.75055109793874,34.54319325503902,52.56075953895981
1246.1183221635258,489.2196243905631,34.54134403973085,52.5587062840943
1243.9347514586275,485.4568294005121,34.541435278629194,52.55782226517289
1244.561840411818,486.837628401192,34.54116076122527,52.557505754139115
1244.9932273111006,488.13259819079786,34.540931260832366,52.55734435981811
1245.7926451363685,490.7691956849406,34.540608259832524,52.55726309910224
1246.3187150999458,492.79930755924215,34.53993324795324,52.55712226294423
1246.9046555150383,494.8969592339579,34.538546616567785,52.556776169829895
1246.8966977487019,498.74014635787813,34.5370557508099,52.555308881523075
1245.6333442338077,501.83643298170165,34.5365756716047,52.551227932002206
1244.0142718326374,503.73734031623997,34.53705219811214,52.545578967652794
1243.5794475361186,504.48924140395485,34.53792321804133,52.541426555330304
1242.463714752531,504.7667833823222,34.53903924450601,52.53813039223193
1242.7502734043755,503.9818568789383,34.54027718545309,52.535419989194416
1238.266826999183,501.1967947781968,34.563505445057366,52.518571477206926
1243.8234722126037,503.2581759476701,34.72301927846964,52.26480861946156
1250.9932183583282,509.8787101626361,34.99204558748457,51.6478742532503
1252.848984365809,514.8073627347545,34.98737602216903,51.35863379864954
1252.8388442719674,520.247066553398,34.98508142561793,51.35687260759074
1251.280950012254,523.8711460398181,34.98390155171909,51.356434353134205
1249.9279941311627,523.813325152454,34.98191588920394,51.35668614003607
1250.8535002276694,526.1356109104984,34.98104462541218,51.35579233543426
1248.7562665877763,528.8778455777202,34.98072344923541,51.355204474531774
1246.6344660026618,533.6845780590945,34.98039571016265,51.35524678259614
1245.726358145768,537.845499003292,34.9799077467728,51.35534054788766
1242.8019482872996,540.8422131797953,34.97954914950073,51.355087224635724
1241.2057069620234,547.6020499075828,34.97815481831767,51.356002643877765
1242.39469832331,550.8355403464542,34.976953559367544,51.35731447930018
1240.8481366905812,545.2976505788333,34.97586882273479,51.355624188797364
1239.898711636482,549.3747682382227,34.97761383316245,51.354985748070234
1239.0111779860993,553.8559216212689,34.977920053186054,51.35399127598426
1239.398408997914,557.9066185854358,34.97161950521519,51.35493899956692
1241.1612277562772,562.3349986697675,34.9625003429044,51.35734306887964
1243.0146495176332,562.0404275119694,34.96040211285623,51.359704955589486
1243.7460851876885,558.5258050925446,34.957254483759186,51.36186401334155
1243.7354179619647,559.8149463138142,34.95519186019465,51.363482789216675
1241.9124830589817,561.3823905449644,34.95483406797012,51.3633306264309
1240.7648294067155,563.8041703771671,34.95386075002029,51.36285958888712
1238.3946579781941,564.7401499250269,34.95362733982071,51.362642980121365
1234.3277642331136,559.5464292504472,34.955544560206455,51.36192934576019
1232.387177036468,560.9819602260161,34.98180166567081,51.36543085020412
1233.2963984812386,566.0008765832317,34.982025591887755,51.36914305001843
1235.9879077609055,571.6116329717564,34.9808610898656,51.37163025008082
1239.0067194372095,579.4383752598917,34.97875399931232,51.37277347379806
1241.7242883627464,585.7423181436684,34.97433838487195,51.377207652533784
1243.5927203542963,592.9401378083869,34.970703562081,51.37977789493507
1245.4758396418738,598.4323582115829,34.96583445370752,51.385173781353224
1245.8360223205116,603.4945240836399,34.96405345512398,51.38511915210741
1242.9362644414578,606.4163212068833,34.96413884290069,51.384056586681524
1242.264941642147,609.190769546157,34.96278314834005,51.384172092277204
1242.644631156126,611.913804049983,34.96083497184152,51.384719257415554
1243.9395168138572,613.8108500165299,34.960082478095565,51.38433016512689
1245.2711140191739,616.1199902316739,34.95961613867468,51.38397633243397
1244.4653374886632,617.5188200345978,34.95954376672791,51.38387026586248
1243.631351881047,616.5808864188097,34.95936825249094,51.383652454485144
1241.052253578683,617.1222435296971,34.95930737278344,51.38319574194172
1239.3258455363923,616.7357208644411,34.95914818423219,51.383134497441766
1240.5182883260372,616.6324553063529,34.95872829936996,51.38379784628413
1242.8900484068345,619.6851855424837,34.95825156047443,51.38471688299457
1243.819662611454,624.3357061556642,34.95726172907795,51.38541534932157
1244.4694783769492,628.7795015770007,34.95659493693327,51.38570578564036
1242.9541276582015,632.6375288915996,34.95631531058607,51.385779982583834
1240.506118523373,634.9863268531421,34.95624545692116,51.385486877797184
1237.5059410289505,633.787446083255,34.95651795293797,51.384909146026125
1234.2618935458186,636.1369290666963,34.957441746106134,51.38380723477683
1231.8464364095812,638.6242227785083,34.96384592107719,51.37609345693534
1232.1302826154715,642.6298929999869,34.965729057468764,51.374868637452394
1232.5674168973835,646.678946765753,34.96841183050545,51.37323098507039
1230.1621816488523,646.6347022564489,34.96768361617254,51.37242627789021
1229.3356074687347,649.5597147335922,34.9675568442283,51.372131338404614
1228.7941963770547,654.8018792170512,34.96851979659344,51.37094999264123
1227.6767037133984,660.0623955651853,34.96843131905055,51.37098586937133
1226.1204608749988,660.6270384244144,34.968320245590434,51.37100920910231
1225.8483494821546,661.6192060080822,34.968720444742324,51.370445008296706
1224.8909361825206,661.1476200343113,34.96851131937056,51.37129917200582
1227.3833735878927,662.9727247393495,34.968646178883915,51.37051812954431
1239.6344279021173,669.1129732306651,35.03424651955065,51.320848478456
1243.9043755019804,671.0150676743272,35.02419369653364,51.240177009039485
1242.314093476349,669.9076419847153,35.024193582681356,51.23970660901227
1238.265664314178,667.4297123016678,35.02580845304372,51.23918942252538
1238.2778655044967,669.6993545235935,35.04917002352905,51.22882419864477
1238.4414541431233,667.8633420241412,35.05565305082192,51.22198376481005
1240.781026494781,668.6179852966716,35.05601941775839,51.220366787811216
1242.144269642971,669.9868870665097,35.05615713337133,51.21982502029072
1238.6759952113607,668.800701485434,35.06023805912277,51.21649499340083
1241.2409209954633,669.183642313137,35.060553498363575,51.21740360880018
1242.3915783987245,672.0966766146194,35.06034848264312,51.21610354907902
1242.2014061014388,672.3359895923988,35.06030237353655,51.215945683815825
1239.3194538158511,669.2557062969692,35.06053840757219,51.215146765641954
1238.039306975145,667.3885703868175,35.05995738843806,51.21561531369805
1240.8008175634052,667.9011715442888,35.05876629385739,51.21546626146606
1242.5650697261647,668.3339938189374,35.05889508601405,51.21457382598788
1239.831756161257,668.5783030514,35.05952642725494,51.213698708945884
1240.3853679065148,670.341374736999,35.059404019541375,51.21298482497623
1237.632343636322,671.1071401300708,35.06026504848292,51.21140370390234
1234.4665798592607,669.1057914144603,35.07183105475426,51.20053750215807
1230.3118521708025,666.7246445467598,35.09180908334291,51.19112656379209
1232.6371340090807,666.871770969028,35.092418521563,51.18969220594624
1233.7236387398434,668.2944501981004,35.093870901620996,51.188343147215285
1232.6904761676362,667.600637785333,35.094248036544116,51.187256281847546
1234.3557035948402,665.7420870382755,35.09489054656183,51.18622456482683
1237.732122429101,667.7927393786135,35.09517377724063,51.18591447109519
1238.9940886856623,671.3047012783163,35.09535086609264,51.18524792724391
1237.6920338682432,671.9107059113451,35.095788473343184,51.183355286018354
1235.0229845312015,671.816798983294,35.09609904241537,51.18246435343569
1232.3285970546715,669.9746543516779,35.09621499507889,51.18162659678571
1234.605782939607,667.452415766879,35.097426702228134,51.17879722875554
1235.1397883002987,666.517982000502,35.097973124056026,51.177856564487854
1233.7717515409308,665.873300158468,35.098050396453836,51.17752045569397
1236.443834291578,665.1576884471053,35.09744272978466,51.17785510640855
1239.3989538033964,666.0505640507,35.09701711023117,51.17774819205061
1239.8715220568347,666.7286112309363,35.09687940410926,51.177603114224226
1237.285441849905,665.9470532547115,35.09667272202125,51.17783104043639
1239.208626290377,666.7440896362393,35.09569201513427,51.178327960455704
1240.5648809065692,667.2633532983384,35.09540583572846,51.17821809479161
1241.2525358545943,665.7742871479112,35.09526938919444,51.17816378828523
1241.8199916225187,664.9984441756309,35.0951415981576,51.178055323093986
1239.3807253250116,661.6507254385122,35.095262423305236,51.177808364348
1238.5835089303125,662.3707906923336,35.094908330302644,51.177417441628
1236.8285979891682,660.8596205683044,35.094788634679674,51.17737757608453
1237.8308926347818,661.5827480533404,35.094038836250604,51.17700421116088
1238.6789430254034,660.4510953962281,35.09220926186292,51.177959919825284
1240.663613248822,657.7142166192559,35.09054473932706,51.180019666457596
1242.082228588464,657.328890885587,35.08899239904749,51.18049227932993
1242.0726802507281,655.8908207370511,35.088211609077604,51.18054944079705
1243.1313912159683,655.2305237600496,35.08727408220728,51.18075686583111
1243.9505512526848,652.6208240334835,35.08240225191528,51.18146973830548
1244.239881503498,653.7122695250104,35.08120960908054,51.18182322203319
1244.201772902443,654.102281508826,35.08070369008357,51.181414656623716
1243.743004572948,655.9286970804833,35.08032542206825,51.180937515307875
1241.421130691215,657.423518338548,35.080157055468035,51.1806827498041
1240.629931994018,660.58160219648,35.079590267961876,51.1801607286728
1241.0080093891609,661.5036845448558,35.07890485948563,51.17952203766607
1239.2359232778538,661.4651228095419,35.07874505466445,51.17897915113439
1238.5649724205466,657.8043962711915,35.078171712630486,51.17600366948557
1238.099734527829,660.7259654459722,35.07767504113358,51.175908170418566
1238.213678050015,659.8965228392335,35.075490967981615,51.17770701152048
1239.3081716323848,660.2429039518058,35.07520757864792,51.17751571113472
1238.7704294099865,658.7301347382574,35.072032608199656,51.16315216641448
1239.5642086103903,660.4389234836152,35.07168450497651,51.163084469934226
1239.2188323158002,657.3427058455103,35.07126598448024,51.16251513798961
1238.460358121288,660.8868173386437,35.071092462455816,51.16237541893476
1236.6143175526051,661.2215093967097,35.070870180708404,51.1621539934421
1237.9285925285599,659.1967183088983,35.070628525002654,51.16190191766127
1235.7371666113781,659.173993081455,35.07089721803918,51.16115971162004
1234.6421219722106,660.7701930602875,35.070847202703554,51.16094110275575
1234.204825453908,661.8525681609714,35.07076013743739,51.160724754918924
1233.482522007616,659.7642728606842,35.070634125587404,51.16060761089498
1234.4546085921997,663.8546169605029,35.07071428188176,51.16005990655783
1234.6440335605648,666.2142196659427,35.07065895565202,51.15996641508122
1236.65894250212,665.7406890763906,35.07017704818869,51.15959263238955
1236.809719805327,663.2556934175406,35.07126106191301,51.156075115250765
1235.2715691401424,664.4577127287811,35.071185238885235,51.155870835726304
1235.6542482823927,659.9630382801574,35.07103621198778,51.1553134219384
1235.4296054458482,661.4171936977705,35.07099027368174,51.15522621571015
1234.8664602291112,660.3315620360906,35.070782961641655,51.154793591422674
1235.2889696375444,659.2478159020043,35.07071732413491,51.15473028899314
1234.12075309275,657.8060363866106,35.0706686041078,51.154695283678265
1233.8583129167332,656.9676009448723,35.0705567881912,51.15453405407937
1233.799857980585,658.916840801039,35.07051058297139,51.154276788187644
1231.5387941241222,660.9963727003509,35.07013778091323,51.15393634390348
1233.7199647570765,663.9635728732653,35.06997674800657,51.15345495101654
1235.0572138007662,665.6306466518405,35.07001107410971,51.15303141577788
1232.50415048652,666.6997974086402,35.0700509716447,51.15285985174815
1231.960257859407,662.7679941198784,35.070257213954044,51.15163593534473
1234.3891511693553,664.4522323600983,35.070447507509634,51.15040655954969
1230.6788978139518,665.3213882026843,35.07049304049037,51.150108141894776
1228.112203942926,667.6489706729101,35.07075261634344,51.149124681851
1228.8037553682036,670.3672131728875,35.071852126894974,51.14692293842671
1229.4692328463382,665.201932244556,35.072001091562456,51.145155998703
1230.7354385950798,665.7123641641979,35.071776579095044,51.14380540881662
1232.2596703718625,665.9746027015935,35.07165215402396,51.14355857580075
1232.4507437837424,664.4575123767055,35.071505240141775,51.14329131717553
1233.1483494669956,664.1585488131477,35.07145693286998,51.14318477768033
1232.871226123327,664.1740353749663,35.07142184902431,51.14266331129374
1234.771838763436,663.9021298552076,35.071406018574116,51.14189961326213
1235.389552397947,665.4616278464499,35.07133376912168,51.14182419542919
1234.5626140860368,663.8655094299226,35.07132014082879,51.14154660892814
1234.2138199355488,662.2452401042285,35.06967783048054,51.14182871238836
1234.984034310063,656.125666907965,35.062877664406635,51.13439402733974
1236.4481826440067,659.2918700110866,35.06261649418469,51.13328045033841
1237.1549636978293,660.1657789447491,35.06246206991179,51.13310009331302
1235.4745604485613,659.9968027700304,35.062286150387585,51.13274452563255
1236.4221540572178,657.7684987428705,35.06173925957451,51.13221451842874
1236.1791123215698,657.7197903908635,35.06130479487929,51.131879754022755
1236.2226949170197,657.6068435872356,35.06100517065013,51.13171086974241
1232.8443961819298,656.2335134115842,35.06086970015624,51.13108752391685
1229.8283894900508,657.1443069915406,35.05349681148377,51.130677369771924
1232.787848269732,659.1288692184114,35.053058694717855,51.13004423187208
1232.3556743828617,659.0028801389789,35.05289962775257,51.129884789361626
1230.7843739935645,657.9533747370027,35.05249932678775,51.12930934491611
1231.3576781739362,659.5556126261954,35.05221810399121,51.12889030633776
1230.9791218829846,659.4283104846754,35.0520752509047,51.128715906192205
1230.505966284925,658.382873792669,35.05196381051484,51.1285901637707
1230.7837251203289,658.7278447260139,35.051844305886874,51.12830032278033
1229.1949373564491,658.7937782969881,35.05174196384963,51.128052395843625
1228.3675001691868,660.1434056191191,35.051363643290564,51.12764886013261
1228.9628356056912,659.9094767791687,35.051308662691994,51.127588412258284
1230.229701769078,659.1971270376373,35.051241277706296,51.12747915470518
1229.696230257034,656.2998219833387,35.05120453590246,51.127363845211654
1231.222873560312,656.7337951709028,35.05116442745362,51.127119060144715
1231.3406875752569,656.6600571384857,35.050961899626216,51.12686189856025
1232.9728530538082,656.586822851994,35.05092580527087,51.12677969696948
1231.805858662813,655.3604470773206,35.0509440405383,51.12656837095014
1235.6899701421632,658.4718401287802,35.05099157439174,51.12650384472149
1232.2882222977014,657.7481800984849,35.051031433695115,51.126404619537844
1232.5109804802075,659.8750210591188,35.050711697253476,51.12604005437966
1230.7657455694273,658.578896546548,35.05069036700447,51.12572759613811
1231.0474644472786,657.96159859662,35.050631660602775,51.12566585076877
1231.958049501795,661.0658037028469,35.05043923940581,51.12571406192935
1231.0124470181913,660.273786875684,35.05186928805695,51.12224475986483
1231.8741370853638,662.8017901310097,35.04775187286604,51.120569551856015
1230.8445158060188,648.7901942741738,35.08083228403435,50.900818455469334
1233.5153017617904,648.511903781754,35.084528622002615,50.87855078031682
1235.3394239483612,651.7782637278731,35.08303207639106,50.87682053499027
1234.670405362189,653.398092215289,35.082479580461495,50.87608257985746
1234.4922279081102,654.2283060212018,35.0821366312395,50.87559330345068
1233.5115220411653,654.4037593144781,35.081936617387264,50.87538813839719
1233.0678221160867,654.402679658925,35.081700938503324,50.875090877596726
1232.0618771243628,655.0452726869416,35.08056802232329,50.873672283340014
1232.5538694913453,655.2939698693488,35.08010832612415,50.8732061633549
1232.9200117817988,655.0545199280333,35.079790061917016,50.8728334419973
1232.9652402588174,654.930681200451,35.07897570710477,50.871942854049244
1232.9188496884049,654.9735236818083,35.07865961564784,50.871567568160614
1233.2362958784372,654.612597286884,35.07826154023991,50.87102505714384
1232.7626488187461,654.0712348283754,35.077852059692404,50.87049444475738
1232.158097686892,653.6141159546409,35.077285091032216,50.869922846027464
1230.9601014884008,653.2988034217271,35.07716528441631,50.86980798456306
1232.9584090952956,653.545700401892,35.07707607351101,50.86966097376304
1231.8126009376942,653.3403263152496,35.07699822443721,50.86954658200723
1232.844605203481,655.3288851967417,35.07692568796579,50.86945075162504
1233.0077656338087,655.5285673340685,35.076697130109615,50.86915188210165
1232.6664579951791,656.5650304599859,35.076361314648786,50.868791901095165
1232.1594664247436,656.3366957714794,35.07599332598795,50.86838922872877
1231.9685825620802,655.7158439819897,35.075840534823904,50.868191171584506
1232.1427269404378,654.3450785013748,35.075531353504104,50.86784910692024
1232.4610506756728,653.9787796536344,35.0752700987211,50.867524427198724
1233.5657561526482,653.8239374997942,35.074324720942,50.86636055839984
1233.4994106993774,654.0994811588427,35.073942476371904,50.86590237924957
1230.1867536901223,653.2841106807502,35.073537424447615,50.86472931584963
1230.4541187899717,653.7463752108104,35.0728726501447,50.863405035354496
1231.9938701418944,653.3471940920887,35.07164085846996,50.86200550064198
1231.5724370430403,652.9688265667065,35.071007872523204,50.8612831162752
1231.5532146947912,650.7343665358904,35.069984761162374,50.860834243275974
1236.009804785502,639.5652956521087,35.0697999181809,50.72266528085909
1240.3076852445602,651.83071897952,35.02034370282325,50.51767388116326
1245.100009691486,663.9113396935497,34.92880832673247,50.406624332376296
1244.4305213393425,667.1101966931412,34.927883822142014,50.40625349191535
1240.7239229524623,668.1279228687662,34.92765085881155,50.406010558008646
1233.8086409126608,670.5910415948796,34.858987796080406,50.409707130592544
1236.5562008021252,673.4683630645638,34.75228669162047,50.377207364441816
1238.2191609860154,673.3003561694663,34.72753524244982,50.37660529417459
1238.8154145097035,673.2670532647928,34.723086571385714,50.37174774213926
1237.3748038860558,672.599161575421,34.72196118858489,50.36795499573782
1234.9916319703493,672.932107094702,34.721694874429076,50.36713747116048
1233.3506043697612,672.0649532825612,34.72143458297508,50.36668957938981
1231.9968926952322,671.2305114330769,34.72127259725548,50.366302762916604
1231.6681919805035,672.389045055799,34.72100019095847,50.3658520526593
1231.8238638909634,672.4734628400245,34.72043165003741,50.364932186074284
1232.5899025983706,671.4291474075746,34.720025640061316,50.364302949655745
1233.0884266040891,669.8459137205017,34.71930383673924,50.36355330758139
1233.7974985779617,669.5170706415649,34.718665868531914,50.36282724736111
1234.0543307859507,669.3977033712879,34.718395748723324,50.362501147580154
1233.4908767966615,668.4665100411823,34.718162490042545,50.36236592096574
1233.5704359063832,667.4416697860028,34.71793906279831,50.362205504200695
1233.1697668250922,666.3339655685241,34.71771604860351,50.361686815134526
1233.7092798402077,666.329360325111,34.717355155663455,50.36088770211142
1234.7544791212642,667.4281834555572,34.71718395904426,50.36053591486695
1235.2734069121698,670.188455828662,34.716885025487706,50.360284404436165
1234.880328997587,671.9621689731941,34.71652341338062,50.359941254791416
1234.6253625569523,672.136285935512,34.71614850580079,50.35962780754597
1234.7162135308033,671.561536875483,34.71585213218219,50.35945926061955
1234.9934779744506,671.5979198428315,34.71558677704943,50.35918339966302
1235.6163944753323,671.2154460487772,34.71528855292738,50.35893150533076
1236.176179591014,670.644064211473,34.71482532954411,50.3586249589917
1234.641243006189,670.6191582864777,34.71464992856152,50.35830964172769
1234.194728857641,671.8309542374624,34.71441339554499,50.35810049885249
1234.7653424830708,673.262183102972,34.71410869107183,50.35737882702213
1234.5698546108058,671.8376094264279,34.71402265276508,50.35663070281533
1234.8762004818475,671.4802597024398,34.713616941927796,50.35613157434144
1236.1458343483594,672.81578239294,34.71329440696317,50.35600322749008
1237.0755156541356,673.031415905189,34.71283925657699,50.35601753119332
1236.2448393445522,673.1215503204802,34.712786193180094,50.35577183436571
1235.695758659132,673.9691795118262,34.712358143701934,50.35524230299211
1236.112545010234,673.9438503947069,34.71166230259327,50.35476798117955
1237.1853002643047,672.8144097160796,34.71071856882002,50.354188889215564
1236.8598530475651,671.5115539099779,34.71059563445948,50.353875759292464
1237.1450375432403,672.2196057705299,34.710557262921256,50.353458526339814
1236.672589254861,671.9894256158881,34.71043674029963,50.35334139407433
1234.4047968803654,671.2753174915679,34.710615853456765,50.35303291012489
1231.892742054895,671.3834587602393,34.710994749544874,50.35243641091868
1231.9620731228654,675.5507899118319,34.71185804201883,50.3511853244693
1231.565391113098,678.250718381442,34.714233437457445,50.34684621132936
1231.2145755761612,676.1896048181226,34.7146140178045,50.34586767619445
1229.4284039573727,676.0361630452959,34.71503829099571,50.343219443750826
1231.0784603427471,676.1181109101036,34.71388477546563,50.34274839973273
1233.2189155692176,675.4436979140726,34.71383379289187,50.34244209237162
1232.7818432358727,673.1654916969148,34.71384868739532,50.34165457170038
1230.7555177111672,673.6191249761538,34.71440003206396,50.340535374024306
1233.5154499705777,675.237345504339,34.71447350533884,50.3400984318049
1234.8615724081828,674.6259514937401,34.71504011923399,50.3389359477461
1231.5901838090367,673.2390947572592,34.71633963731985,50.33602569481674
1233.6901025199243,674.626879744235,34.715591742674896,50.33589164539504
1235.4242473499335,675.6140113961379,34.714700249313026,50.3347735880951
1234.912113207458,678.1609163891483,34.71426181295794,50.3340145588003
1231.4260405905156,676.4319289363174,34.71607108645451,50.32929720371988
1228.6628273676406,675.2610173778527,34.717324344948565,50.32637635359301
1231.0219478365268,677.0324697970551,34.71654642368633,50.3258623385524
1232.1969460168639,675.4216788700811,34.716459130166314,50.325480548472775
1232.2730032048594,673.9512120531481,34.716402595595206,50.32442046895996
1233.103271081959,671.6869099372716,34.71629310043668,50.324151733946536
1232.3473930652588,670.4203693984351,34.71636614662422,50.32396912830042
1233.368784291604,670.455673631124,34.716381736231234,50.32351889120079
1232.4978836230166,670.7318312590927,34.71738114297854,50.32089727931015
1231.4624726179547,672.9812251394036,34.719910773722866,50.31532603327585
1232.2513715133543,674.6186649428886,34.73267902200917,50.29475822630884
1231.8332547829004,673.6064584328169,34.732615149676306,50.29322224513987
1231.5205480388674,673.7238720099921,34.731405722474285,50.2924971313189
1233.0812256995455,674.168020084704,34.73171420994104,50.286822806636344
1234.0947474849572,672.562990362161,34.731691331942955,50.278170637113604
1232.4345190753145,674.0118838404708,34.730673599073924,50.27696199241432
1231.9960255127596,673.1412117697073,34.728733970185665,50.27622234602305
1232.1132406783909,674.2454584382554,34.72776329039323,50.27540828062496
1231.7522598023065,677.7776662242777,34.72747475979772,50.274858847038665
1232.8246479235804,678.80430982729,34.727698498176444,50.27380271439354
1231.3329042137243,675.5768246048227,34.731022582088386,50.26963667327462
1230.918735164125,675.4354044387616,34.75718915294742,50.2220644387351
1234.228564981527,675.1337902384013,34.75322261049011,50.218104078221344
1231.9415424205451,673.5099220917118,34.75287684423928,50.21752408360598
1232.7887805695693,676.5578426254289,34.7519959555842,50.21661652599838
1233.1801535831462,675.6765532147821,34.75077500386639,50.215206614000515
1232.9416316759311,673.0352206161947,34.750388176645366,50.21424620845296
1232.342274884428,673.5101725977958,34.75012989208998,50.21333545127498
1231.8258508411795,673.1801664559191,34.74977235019178,50.212924456219675
1231.1417085112716,670.8592111672054,34.749302384687546,50.212408542863415
1231.3302427267695,669.010157114878,34.74910401961919,50.21137299937076
1231.5190828338575,665.5942190715597,34.75081335970541,50.202000096902104
1232.5902569416526,663.9244814114118,34.76605028815802,50.178950430930755
1232.4741732352643,666.3694425763816,34.76673534414796,50.17597668650139
1232.6352951078711,667.9685167281843,34.766705159277,50.173349260734156
1230.5105257050595,665.1913512122194,34.7674894635575,50.170731630859905
1227.7599010502047,662.1023793145927,34.76927140037281,50.16132658349244
1228.7916556229914,666.6005568516324,34.76902424057846,50.157773175672766
1231.709167554779,670.6900664101296,34.768392924610616,50.15630628188395
1234.818532001072,674.145157548522,34.768073093456294,50.15442249753069
1235.3399116114922,676.3626101221929,34.76799508980957,50.152895569793344
1234.5233133403447,676.1224563437921,34.76802961046763,50.151694096729656
1232.4633704310447,674.5757093666825,34.7681181993008,50.15061932154826
1232.914620958295,674.8498975864978,34.769302714563345,50.14727365460359
1231.2786833270004,673.1190822789036,34.770454872675565,50.14544644699234
1227.669707799317,675.7757230848408,34.77143119278271,50.14322478690008
1224.9242527160975,679.3295252926155,34.772136548125175,50.140514055738045
1225.8548147274046,681.3811035615914,34.77232038493186,50.139627644129035
1226.1803668867817,679.7770170042709,34.77272624522044,50.138283279827164
1226.4922763425263,679.634039403443,34.772737473368025,50.136516370734576
1228.3107673117588,678.683996564298,34.77250551773686,50.13608541980559
1228.4437886868943,676.3775431367995,34.772342338903925,50.13589126924824
1229.4173033717375,675.0682472330852,34.77221762848882,50.13579139386137
1230.4966515457395,674.7704173632942,34.77166480083987,50.135221043778884
1230.5787913200556,674.6164090648732,34.771455649823025,50.134464748861106
1231.5834372353256,675.6605163293182,34.77121418854577,50.13383423867844
1232.2393769997016,676.7483824324327,34.770462918499334,50.132452294137636
1232.6684477320014,675.3108519990607,34.768476730198145,50.130074138817434
1232.9898757999017,672.415545467555,34.766154399291004,50.12803984007329
1233.3925369293438,671.1416963917649,34.76536323781878,50.12767519029267
1232.8709251245994,670.4157949885731,34.764905821802664,50.127400488703316
1232.253189873278,670.6823326532284,34.76454935529866,50.126648400626564
1232.7709458373515,670.2290144872454,34.76426734849253,50.126122602713636
1232.7345910809022,669.1944449939625,34.763844897780494,50.125571600189424
1232.9740254069977,669.0505899461123,34.76340499681965,50.12501444106049
1232.8637984309332,670.3386617556071,34.76283345222737,50.12436701881782
1233.0885012529363,671.5001436567436,34.76209235423417,50.123760394279195
1231.7499249570023,672.5626712207837,34.760862549403974,50.12293493576972
1231.4362791204587,669.9708330825426,34.760292961123554,50.12227264261092
1231.248293182848,670.9862413886514,34.759583538326986,50.12184915402009
1232.9299146930134,674.269437431993,34.75797024249916,50.119913530197
1233.5912521773957,676.5048155919776,34.75669031329292,50.1172277172772
1233.35256974821,675.156795647195,34.756846527512394,50.115168470489934
1233.5160889510257,674.9891736902816,34.7559771060561,50.11364754204492
1232.3747751370913,673.2929463867334,34.755258557777225,50.11316663469121
1232.186483378624,672.655515805664,34.75471862943969,50.11264956959613
1233.270766725059,672.3242639177892,34.75404153160136,50.11214936423238
1233.5432772500283,671.6958290618479,34.75327406938557,50.111558481937635
1233.2097081812485,671.1963727953483,34.752785170373635,50.11116350169986
1232.503323893947,671.5325524780567,34.75169771546594,50.11039708710404
1232.7337036342942,672.7628944624171,34.75058466836367,50.10923178941901
1231.8781301786003,672.3124309289223,34.749463108033446,50.10796715785746
1233.0643331233243,672.1395136025537,34.74750175479448,50.10522702321633
1233.2506487637604,671.3639436458128,34.74611672240596,50.10378169251927
1233.417189859048,671.6260356838055,34.74412259793175,50.102563584189
1233.3418692366322,672.5185189662632,34.74246323162498,50.101531612474474
1233.5977968683185,672.8964616494611,34.74039701787802,50.100058241489485
1233.824800364559,672.6683740620654,34.73850362398194,50.09883085914623
1233.7756309716128,671.5537916381402,34.73663061818024,50.09773748060211
1233.3660372504153,671.0328123832498,34.7353637611254,50.097131121455824
1233.3058665589517,670.5089011812254,34.73415504599088,50.09631291671719
1233.7526905765499,670.2686599836546,34.732544819689615,50.0955854973101
1233.8198098905382,670.0160989855323,34.73150089159668,50.09489866329365
1233.2544904902097,670.6035560991389,34.73072670931272,50.09429321293582
1232.8799746733484,671.4908867387501,34.72980400019337,50.09356152966067
1231.7359369234812,672.5099166022701,34.729249252811805,50.09319911783687
1231.679455315794,672.5798881668635,34.72844953815048,50.092714570455286
1232.1136303134329,672.0262340281371,34.727651704089546,50.09210518147274
1233.0359105047928,670.5127766053739,34.72619973697308,50.09112648375581
1234.31330505405,670.9542040787251,34.72364528811716,50.08940908693049
1234.8810516932638,671.5914355911884,34.72187109633673,50.08814919654058
1234.8134899104405,671.6568565030127,34.72039635806936,50.08698040684479
1234.6244409319465,672.676471779574,34.71855368605179,50.085627413384046
1232.6126566020941,673.1348110488642,34.71656339723964,50.0832266071758
1232.1509539062636,672.5554734636357,34.71414098767316,50.08059396589567
1232.5090929432129,673.0063615181148,34.711960950063826,50.07920985284462
1233.154744600684,673.8605437792455,34.70821869411978,50.07867456756724
1233.3061129787316,675.1011621985539,34.70610219587881,50.07835065276335
1233.3602174308874,673.2359509407645,34.70526261017167,50.07783854843864
1233.1953190848194,671.9073823732459,34.70321652219462,50.0773068545116
1233.7033000535894,672.1812507801095,34.701553977354884,50.07739752300794
1233.8937179762631,672.9986776967243,34.70026978110086,50.0774855061084
1232.4170334156106,672.0365316952202,34.698904100159936,50.077619651221504
1234.5167206938384,671.5129496407909,34.69610900003347,50.07534778691285
1230.978023998264,668.8342074986895,34.695942920051806,50.07451994114121
1231.6249236027213,667.4697865168472,34.6934667768952,50.074435723032494
1233.7197042055968,668.3610436009894,34.69175938431543,50.074364720527306
1234.718838735162,668.6835314005011,34.69064694521043,50.074203970403666
1231.9873004473352,668.4672028541801,34.68971185170528,50.07396969417978
1231.6855715853283,667.7866482776889,34.68789042809447,50.07466255401798
1231.5485156182267,668.0381877003889,34.685837919996544,50.07543631443763
1232.783827602014,668.239420941167,34.68474596536145,50.07556290911051
1231.441125449591,667.1148709464808,34.68412488911915,50.07575700134237
1230.8715565259154,665.9932336400897,34.68394963470197,50.07434572583431
1231.3434257271442,665.9329550971572,34.6838884192101,50.0734370691111
1231.889958039911,665.1299913075622,34.682430172231925,50.07249828859036
1229.7566535569636,665.3595302400315,34.68015686349928,50.07200735488055
1229.0447110432647,664.3003777559949,34.67890043715377,50.072040495255926
1224.258791477457,664.6570498401508,34.67962884336645,50.071223840448376
1222.4154194015568,663.4845158808731,34.68339174249653,50.06536226033108
1222.2975223720678,664.4094332044868,34.68137630733686,50.06145950073031
1222.98527415468,667.976645841719,34.68114525454851,50.05932840427499
1219.9462515383848,671.8818020384599,34.68426744865594,50.05219146016441
1218.238243773614,674.9915342915098,34.68931038298305,50.04492473467395
1218.2544797504506,675.3163132064973,34.68290646296024,50.042273399793245
1219.4442231653813,675.9604605578032,34.676195426174075,50.04652938020275
1219.900992863228,675.1254977059995,34.65592670184845,50.0547013101211
1221.1965870537913,674.4679689817744,34.64306931437415,50.05669144156227
1222.3551984924684,675.6022312220255,34.62903952936615,50.049945077286274
1223.9333212958463,676.6006174720928,34.62536393184219,50.04646991563733
1225.8483170328343,677.4286711700157,34.623209686641154,50.04551507907196
1229.0937506998425,676.8115036270891,34.62214185213613,50.045365730797464
1231.407583072804,673.9824486656984,34.62098248112176,50.04545038883886
1235.114236786468,671.3161195010165,34.62024839134902,50.04465935449413
1237.5458554712313,670.1567133362881,34.61810311242863,50.04453700491944
1240.330704522124,670.9601849421135,34.61384089702648,50.0436057800011
1241.4702332618917,671.9049791894724,34.6046186511796,50.042257741864546
1241.6404080224397,672.0421231278654,34.6001277135336,50.04108308600862
1240.3361072108596,672.1963662214965,34.59821636481596,50.04003461666101
1236.8574710012704,672.5273912337508,34.59731360165187,50.03901840133739
1234.1457507098487,673.4419487646263,34.596868839036084,50.0375939409352
1232.5522516058847,673.3321922736216,34.59620992912041,50.03702022918102
1230.080193437746,672.8561574521669,34.596045641008345,50.03628095552163
1227.8198695448264,672.4498904496642,34.595766951322666,50.03608017783134
1228.8793473011287,672.4217472896718,34.595395117917185,50.035939652325105
1231.2464809540018,672.8369206422329,34.5950460021734,50.03592308064093
1233.6002228813034,671.8463555340423,34.59460198063934,50.035841753939046
1236.584689607587,671.1713258793119,34.59292793511521,50.03582414956616
1237.9360786758448,670.9428676345242,34.591884579865244,50.03589562385426
1237.5538819573235,670.6990195001629,34.5912962106293,50.03614069686009
1238.2854461713907,672.1397696302286,34.5907476288773,50.03618240412056
1238.6384926288852,673.1856990810876,34.59037603260989,50.03608676038297
1238.9360437462065,673.9374896773367,34.59004095123041,50.03589027724308
1238.0718951999784,672.1733884776028,34.58969999074645,50.03567318208188
1237.214679903359,670.1759591801962,34.589468032105216,50.03537739609679
1236.4192986880835,668.6430367424695,34.589171493158474,50.035114998448314
1236.2085509702736,667.6858096183055,34.58896174241127,50.03496625185742
1236.5272865431784,667.9491377838924,34.58867211706354,50.03489394988132
1236.9539335202962,668.3342446048061,34.588421361413786,50.034794074247124
1237.212187789621,668.5833096743331,34.5881484723493,50.034757063397535
1236.518738937881,669.7797459867062,34.587943810336235,50.03464090074864
1236.439727259077,672.124029903956,34.587650809019856,50.03454438354012
1236.6992817861471,673.7793343181002,34.587109793820275,50.03442401770008
1235.701211368956,674.7228911611024,34.586444006651185,50.03446431481162
1235.6446040677215,675.9654573673064,34.58533558913863,50.0343101014088
1236.3992246915288,677.699582960812,34.58311934495707,50.034100811217755
1236.4432587193796,678.6242253258254,34.58188969856038,50.03354187693689
1235.5381936186523,679.4692078341427,34.58119884364905,50.032950353496815
1234.895963999538,679.99646861974,34.580535448897294,50.032528699714135
1233.94269746979,680.1182803459823,34.579914425141446,50.031699954646896
1233.6041177325567,678.6987296826987,34.5788765753319,50.03119046616578
1234.2032118649045,675.1702649674917,34.57773149110215,50.030991944004214
1235.0598979191298,672.4433625817774,34.5766351261358,50.03130025928661
1235.6184995857222,670.5755776202435,34.576160217976856,50.03128663857676
1236.1491163424544,669.1509155685994,34.575826677428275,50.031240977536946
1236.2417766625474,668.1318681319846,34.575516768462556,50.03122154145576
1236.271276477699,667.9160955267469,34.5753510464486,50.0311316701631
1235.2985795894374,667.0267029107016,34.575158737652714,50.030955839822326
1232.956782209364,665.9507485261098,34.57504959841589,50.03080553078943
1232.0043123898004,665.5761784888409,34.57490343546509,50.03065627150685
1232.3199114514407,665.7619107862084,34.57474248783949,50.03050715605036
1233.6001528966383,665.4788071440107,34.574600240373634,50.03036964283447
1234.1705655455237,664.7763382499937,34.574409479345725,50.03025238478699
1234.7943751258601,663.8738775632645,34.5741151430059,50.030119928098564
1235.0037414153924,662.8799283548705,34.57395677792309,50.03007243061824
1235.3087295111613,662.1151681975897,34.57376405701582,50.03002156960456
1235.3637358053165,661.3484865578814,34.573637891458816,50.02996154446326
1234.9828605275816,661.0480610388446,34.57353922236157,50.02989828304877
1235.1250887412855,661.6492936552105,34.573396592904444,50.02978688542296
1234.925192968146,661.8493179125697,34.57329950450199,50.02972377352689
1235.1388248275748,661.7864850789015,34.57320597287898,50.029654277174814
1235.3798955492919,661.0408697097719,34.57311229589197,50.02959408850073
1235.4665964131477,659.6517893272076,34.57303670286164,50.029514649771905
1235.308076742505,658.9914178785989,34.572831007783904,50.0293461395186
1235.9684890576334,656.7183415061867,34.57267149860544,50.029112642430206
1236.3966604683196,653.9931779732657,34.57229500680753,50.02844664720642
1237.2440231276923,650.7545111377739,34.57159794638563,50.027853110243264
1239.1235514811963,647.3032455649818,34.570706598874864,50.02724132675028
1240.460732562074,645.953479192995,34.56973124932926,50.02688321874944
1239.6531962219883,646.8062198349598,34.5695540572934,50.02661262054979
1239.0879389088436,647.5639854674226,34.569438309627984,50.02626110892756
1238.9267288241624,647.6702604306166,34.569348385539946,50.025994376604714
1238.3186427998808,647.4837863287034,34.569045662603685,50.02546726724444
1237.9305982420526,647.0695961633539,34.56825624251239,50.024721359120484
1237.37988526848,645.263178886676,34.56778673811195,50.024035290223125
1237.9723376608163,642.6248181023226,34.5675321361632,50.02263014231599
1237.2720514876532,640.0412288933795,34.56890380461746,50.01675243456129
1239.657294228931,639.278908461139,34.569712439035946,50.01345076078085
1241.682102384908,640.1813021949312,34.569394890357444,50.01035315640167
1242.911964829091,642.1512304423641,34.56880386544014,50.009814126364176
1243.4031001103792,643.5696795000989,34.56793087204307,50.00944836524939
1242.9402322583433,643.5043976876207,34.567245887486,50.0091002376243
1241.181021931707,643.7153588162197,34.56696403373981,50.007291007522205
1236.740390772294,642.0793243866282,34.57084598147205,50.00176792296427
1237.0007513839732,640.6573794883872,34.57144808136296,49.9995266330969
1237.3107251229708,642.4826064566149,34.57120216767995,49.99858260341022
1237.4249719522763,644.1971140446545,34.570971201758816,49.99783848255251
1238.3222864681065,644.8174642314289,34.571035520890376,49.99706909636189
1237.8476504296773,647.7040638836494,34.57163142883007,49.996209612782756
1238.900484645469,650.6236308821087,34.5722099454889,49.99368116472257
1238.4647467765458,650.9443254788002,34.57369527491492,49.99149498332918
1240.3283115127288,653.0483002578102,34.571829398129815,49.98984282292276
1240.0120385279472,653.5987691228182,34.57183669143108,49.9888568369864
1239.5309107282828,652.0533836748377,34.571082933307615,49.98779342623033
1239.4221473018583,651.0877533611206,34.570745689991966,49.986505649924766
1240.4747776624438,649.9761870490644,34.570138088861576,49.985046065174906
1238.9340175754382,648.1969455544544,34.570229973459575,49.98267891096228
1235.8786838542248,645.3613466806577,34.570558251152164,49.9817179404466
1237.3971958201928,643.4583946850929,34.57140043478645,49.97869344189089
1238.1451650461072,643.9484497536503,34.57508969234628,49.970426428212185
1238.7273944533981,645.63439240661,34.57622402504221,49.962939124917355
1237.8518546358796,648.3396920329625,34.57644487635734,49.95960839638231
1237.6299798977082,649.6554545447777,34.57638639314401,49.95793948237096
1238.3101245310277,651.6450620913054,34.57607449104473,49.95748749280084
1236.662752666246,652.0402231944424,34.575988613598454,49.95716292379845
1234.5675882521314,651.3448443949927,34.57602317608068,49.95675657749975
1231.2259785535346,648.9725403405045,34.576033154023676,49.95636813877744
1231.6213274787742,647.8015384859192,34.5758218777174,49.95506649859804
1232.4651627083933,650.4419217468674,34.57495869329772,49.95265938984853
1234.884933789682,652.9377610576461,34.57346451198228,49.94966494568981
1236.5911017108278,655.9002542520241,34.57183638186404,49.94719633342316
1238.4374882916093,657.9165794957511,34.568856568613896,49.94290716646475
1239.9505955036384,660.1741725561053,34.56663372933314,49.93788912131767
1240.1705698616702,661.4259688038477,34.56590156743469,49.93449308274217
1239.3413726190688,662.7893003437996,34.56570049065629,49.93015818887354
1238.7215797330023,663.4001530068923,34.565608356752904,49.92806629557226
1237.2500426473794,664.6606788521649,34.56567029044974,49.92719101570229
1237.5811638549067,666.7881039153765,34.565439379568275,49.926768799129974
1238.9313415317351,669.5895938208567,34.56503996615792,49.926532136973215
1239.7178216535262,672.2848512048173,34.56462346284832,49.92621941449278
1240.3199255553,672.5337812040632,34.564308724753495,49.926028457157834
1241.0812782867117,672.9248616694231,34.5636908359354,49.92574409046383
1241.8388439317084,673.6673928456352,34.56331384129087,49.92558614649456
1241.7747608861937,672.8612264648575,34.562407817495014,49.92528258030651
1242.2028979493923,671.8326723067909,34.56085183980636,49.9252007166148
1242.461595710577,670.2465098614072,34.55797273064852,49.92545772675184
1242.7622211483442,668.8367526261749,34.55483330578624,49.92638489405473
1242.4274954329283,664.6355575768598,34.55169203709045,49.928364340524155
1242.2051991801236,661.6130671101607,34.55024069370865,49.92701815981728
1240.9605059568885,661.9916377537515,34.549996441020866,49.925798713303216
1240.5965493055328,662.500608264434,34.54985820049661,49.924865519697036
1240.5902111376345,662.2222907581679,34.54974115738874,49.924484457571936
1242.162042617949,661.6382276470887,34.549127436872055,49.924389682873695
1243.1001442985194,660.6373846176153,34.54809692920136,49.92452864366066
1243.5748759006435,661.5279980722675,34.54709186008086,49.92468381824908
1245.0838128858734,662.8668717143889,34.545879772021436,49.924566004831306
1245.2182421185987,664.2245784381279,34.545022415932785,49.92439351270619
1244.7097070230288,666.3890267985779,34.5444112468277,49.92423071285716
1244.9851022601304,669.7907853837141,34.54380204227032,49.924201797131936
1245.275756026171,671.4619439835994,34.542865830436874,49.9244003043773
1245.463187620662,672.7769021468371,34.54151422406764,49.92455943261397
1244.3708739021458,671.9881699205351,34.54046937792739,49.92449457403768
1244.5570329217821,671.9975524854481,34.53857864912146,49.92465821232497
1244.730170426658,670.6644512163151,34.53708927007257,49.92474141350917
1244.8821240051216,668.4554254524933,34.536010276054235,49.92494387727938
1244.5553906186367,665.6172196977783,34.53526874652626,49.925237489675766
1245.0789592218102,662.2968250710077,34.53464235579937,49.925519045157984
1246.2494655936932,659.4970499923531,34.53413235098608,49.925827945753106
1246.6303687324253,657.5111758027689,34.53363986956534,49.92599009750456
1246.9581969129913,656.4907363822188,34.53328931125549,49.925983251730436
1246.6608120151493,656.7217502255978,34.53295399534065,49.92601941394469
1246.3452862618096,656.7935773436649,34.53266869381512,49.926053156197526
1246.1746949541719,656.3253805746403,34.5324191251096,49.92604240643149
1245.403284500391,656.5826513295876,34.53223993062822,49.92599132212355
1245.145715429356,655.9228317481818,34.53200239892769,49.925957185145855
1245.320759832539,655.7496297567664,34.53173366998073,49.925999590465814
1245.0516051477036,655.1192766261344,34.53151704105898,49.92604496496532
1244.7122952678649,653.6962676792311,34.53120061728384,49.926168522071194
1245.1033353609232,652.8780148036806,34.53088237546123,49.92628978602027
1246.1216373408242,652.9161777490785,34.5305282916816,49.92636870517611
1246.85352634324,653.7424711847356,34.530265926155145,49.92635231993076
1246.7963926723687,653.1533910126564,34.52992053208995,49.92617032171266
1246.291489583681,652.2835877195199,34.5294871083303,49.92589801508692
1245.491906218515,651.1662898531816,34.529367878464484,49.92523826795079
1245.6213008790278,650.9324062075707,34.52861239928755,49.92502156826494
1246.4913523603218,650.7052025318882,34.52754897699012,49.92510196216582
1246.8982528549473,650.171454080304,34.52654893159067,49.925185654465366
1247.5273742762251,649.2107964514341,34.52493674813812,49.92552177001596
1247.1063361980605,648.9051612196896,34.524486289801715,49.92522807411191
1244.7337315127204,649.3495256132579,34.524373433003674,49.92484208473135
1241.6175437684824,648.7156619756182,34.52410674771283,49.92400561260485
1241.2062587098474,650.1219413036257,34.52353785312297,49.923926452591964
1243.090977884335,653.175555856644,34.52253283659091,49.924179779874606
1245.403092268182,654.5208869525441,34.520607554766926,49.924863041336764
1246.5516218538357,654.0706540448017,34.51881191228361,49.9253276885703
1247.3610599177694,652.1007404377049,34.517770471649264,49.92476979953834
1248.3077657203146,651.5237651205692,34.51727995668468,49.923397762873115
1249.2271310970564,651.4563639521142,34.516240987106265,49.92219255240465
1249.5147693573888,651.7363825059133,34.51474929462773,49.92139602441148
1250.4671018367087,653.2684448878275,34.51346377629552,49.92082817014418
1250.3208064988087,655.1874142374344,34.51274193230647,49.92026582705535
1248.946704295207,658.4996209427057,34.511884278200185,49.91984342908575
1249.191594094554,662.9724277215571,34.51057335631179,49.91994196092185
1248.6620986674075,665.8832516813121,34.509646403025954,49.920015118376995
1248.4309224477017,667.462354029724,34.50899541564711,49.92012298068111
1247.4737193677392,668.2413538417318,34.50802526999199,49.92041133483777
1245.6628709120705,668.2563720010153,34.50742394066746,49.920346345766205
1243.274447925508,668.4452085752447,34.50724755203725,49.920208302058896
1240.4911136099734,667.695115952145,34.50738118707366,49.919989071138794
1238.069127931241,667.1296702467322,34.507563920729076,49.91974251485472
1235.0311472643878,666.6267325676262,34.50832278937807,49.91911441027541
1233.468152826595,666.3362256362342,34.509225595855966,49.91811818270819
1233.520697948507,667.3219666823688,34.50994422103651,49.91706849114227
1234.5509248338888,668.0471371585343,34.511055849443196,49.91526453088465
1235.689517355158,668.8140427780759,34.51174289247605,49.914094464210294
