616.5,211.5,28,100
610.8685518272234,211.04978856168216,30.24880294650534,98.51539534882653
607.5811343184382,211.8920253852486,31.30527973348486,98.39728968551171
605.8262618115573,212.37256689742904,31.571066274041186,99.87462767212189
603.5482776453464,215.24747230007233,31.50109046888963,101.85020157905458
600.9945259710189,215.1162844030447,32.239384527993934,103.06814222963907
598.6219875987568,215.73673748987608,33.28129359559249,102.93722832167762
596.074034460624,216.75147578093475,33.87065003665286,101.48649138265719
593.200338841846,217.91171857738559,33.989031073708446,100.73883265209072
591.4389766524034,218.55266030264693,34.05742763086213,101.02759930227603
590.350797292237,220.0943286876822,33.55779505442689,103.16265871903406
587.4640070976574,219.51591600047135,33.24725469315884,103.45067034032773
585.8988209618765,216.5581840655815,32.665685960921174,103.35191731023562
584.5171895635364,217.87105023172413,32.25521480794011,102.14042569583826
582.1323859568295,219.36103319481896,32.11163022600475,100.18962396470928
580.0098063422184,220.50189054666862,31.869515285304892,98.57140688779148
577.8281230349766,221.74451340849978,31.644135828926878,97.63086953529154
575.753986154314,222.94689035855455,31.62284677363219,97.17526643588697
573.4547991055227,224.07986841187707,31.869515320067087,97.28842757968441
572.2579789508721,224.3526559726293,31.556535651417335,99.14337135237557
569.3692537229729,224.64007946558178,31.890400234565767,99.06151676759364
565.6801543095837,224.6625275387501,32.643929032657624,98.46663962321767
563.1321726093455,226.36527973809203,32.686146209684324,99.22517388267596
560.2596211279748,228.06313012659518,33.234595806336735,99.51316579938
558.3023525506468,227.1082858180807,34.54039024706468,98.15835856679956
554.9016150941673,228.1241985887965,35.43408355907147,97.15069722519706
552.2726258455227,231.15701552365329,36.15039364129099,95.86208714775034
549.7946544209457,233.58210970721206,36.80075587444771,96.02266719417653
547.7668615151714,236.13573760813017,37.14862522100007,96.8767384682985
545.27528662602,233.72855253874127,37.273253060978796,97.3910349834191
542.8212838426174,233.8251694977779,37.452836939704156,96.61050499667749
539.8028929115437,235.52060680823877,36.91994955517791,96.5269647988209
537.6374646621325,235.7002757813931,36.425485810164965,97.42910396528237
535.9933753172538,235.80536208319745,36.23257180850082,98.29660825395419
533.5819747388362,236.1818267683161,36.00725961923632,98.75236916939959
531.2054590175821,237.08784956910262,36.075638733253086,98.43109307332736
528.7966177495771,239.24775545484974,36.5169870788946,97.932229425765
527.5065351769413,241.1653156201451,36.56558727322319,98.3735320726218
525.1859159852862,242.3077740870151,37.01263706171506,97.87558241640866
522.6002397384498,245.20325960281133,37.35717299655014,97.60199066872119
521.7498439412184,246.97845266439973,37.630371121393246,97.49017576022032
517.66011374243,243.8968909273902,38.29212703212305,98.09724416526964
517.7762331941249,246.3073284446906,38.23685363361795,98.30371764904046
516.5963224846637,249.16973573554134,38.38699449528934,98.87843071245007
515.3532383007304,250.22341602727607,38.138132688900654,98.97368896633716
514.7963458552032,249.78841075208365,38.03449926692868,98.99556625074985
513.4523362038099,252.33882711137665,37.94919765640041,98.63433848211501
511.56453025524945,253.20466250946276,37.5567974113398,98.41301540990364
510.614783956456,254.52459279420265,36.99879002800025,98.52449451441984
507.7815475310838,253.5429464318251,36.69254034837973,97.32230805597793
507.04931427913596,253.61983672138564,36.39747916901723,96.66209095008152
507.50732305065543,253.57613009716079,35.81584821312129,96.87985334287076
507.159759491008,252.6748367922855,35.64308735863073,96.55803146911607
507.9639393211465,252.97503167179374,35.87920427897359,96.59220056658688
511.91415701681996,254.7568344241231,35.98833042632288,94.92652043882026
513.4697099046606,254.22963614213734,36.158070054312965,95.03240850173896
517.0467781493463,256.66793979611657,36.662236348907456,94.2036036420532
523.5336120843893,261.27216065522606,36.875986462830326,94.96895209259638
526.4904777029135,258.1551396720824,37.363861785535356,96.92990131214913
529.78830906571,255.72698873923548,37.8490210509091,98.09409240094172
532.9864128546344,256.37640865103197,38.25546154053481,99.5219173589192
537.3494627191856,257.06651698896565,38.89948662832699,101.26248091262029
541.4887494120645,256.05132161914656,39.50602219032304,102.84422904075487
544.8683501842823,253.88518087132798,39.9170090728587,103.45970531674172
548.4199719585558,254.6864206182604,39.555002211018234,103.38568978257081
551.8234512551542,255.5547637301799,39.10672100505907,102.7948220306404
555.1564132319191,256.15350575595465,38.25618000898781,102.03018300534552
558.3137258194773,255.5875612326718,38.12741403720996,101.83848523035516
561.3003769792178,256.00944291399503,38.39670548298779,100.57314852681591
565.0860699949707,254.78243169531484,38.13485257068379,100.73506838887414
568.2513361253837,256.28245032714767,38.53944966624205,100.01407885279338
571.5618182689187,257.60178786713067,38.58440420622886,101.0395358910524
574.088741578895,257.56673550022754,38.81494708212575,102.56278600964714
576.8439282831695,257.70785375025184,38.958061355919355,103.94822142846755
580.12391880636,258.11651082864097,38.6923288904708,105.51508352596184
585.431303481429,257.46870412441837,38.53005511528402,107.21081239456441
586.5137981847324,256.309357763301,38.51019658140377,109.05654801235457
589.4427401325124,255.14550860263745,38.64869158446428,111.70526657923384
591.4671611386158,252.64781403623815,38.831707825736565,114.73129202260981
594.3074691797602,250.42175456433887,39.05366485212088,117.42526146174681
596.4115013007256,249.39107662310732,39.31529474776342,119.10238214094375
601.4974014164152,248.39346108879704,39.6720198688622,120.23519980319222
601.8684722711279,248.86711529858343,39.639078422460216,120.84103965327282
600.9512928129275,246.4657613686084,40.042921453507816,120.4840671467067
601.5244421696417,251.57004779246375,41.587684713651164,117.23838110929876
600.6653138520228,250.48443242363754,42.85608316026001,114.92564358904713
601.6248735750981,258.67756977702186,43.253448642240286,110.75065447340401
603.8569196410422,259.9419316705894,43.02153090686711,108.17185924563185
605.66528708855,265.1340855046997,42.2179080323441,107.23469417842429
606.855205620906,267.5700474805354,42.171654799419336,107.41563000992562
608.7718754267687,270.55370918904026,41.96906441331028,108.90915158650714
610.3986246240742,275.9966048212516,41.92664442407951,108.60082347210891
612.3419095130919,264.04840343269296,41.77687174038912,110.76037741804939
612.8207569475055,276.5143885659216,42.82399650313836,111.87890420664583
613.0578230523358,264.0433872822272,42.60791321530132,116.22991670750639
613.9135387451663,258.94884808395943,42.80727894878089,120.15531416913583
616.5432050592019,252.44016443461706,43.16022621267762,123.13172020225664
616.6275666406799,257.9663687054474,44.16117470442278,124.02675562269312
618.6525485113809,256.0240320687646,43.84825195957221,126.45929512130132
618.0508578250921,256.36320225380024,44.029631231205585,127.89090958521447
617.9503787962336,254.47921800209926,45.23527790948978,127.92719388070014
617.9396590977929,253.48458066384018,46.16813347935256,128.5382413233316
616.9129190090258,245.0989212933438,47.14650357902867,127.14979482079406
616.1525772987525,250.9142342233546,47.57493140722912,126.59341059895604
615.4853514079008,253.69062590286825,47.236008536069846,127.66536259530594
614.9020747828764,254.46137624569104,46.50118386978265,130.30189907625584
613.3780890946394,257.38135784787903,45.82169414663191,131.19698511962162
612.5936324239799,260.48531503679317,46.00031007507873,132.2215536519496
610.1977297420707,261.2070170423517,45.2886335739679,134.72063831118152
608.7783121257752,255.66739074728486,45.905988675409674,136.6673797623993
608.6421333026665,251.39755089480747,46.59623988036775,139.28609331897755
608.1032002067267,257.99005012823704,48.89970536118771,138.56109965863698
606.3154795389291,252.90449869215723,49.72784154198241,139.96307945340405
601.4134322605898,243.5185181104268,51.29243605288457,138.74361224162072
595.3924196186077,244.46206060975595,53.72749150347485,137.69848093778288
598.2876895322279,248.715188793977,56.18230442129051,135.69131381036857
593.6012958351159,249.4290705545239,57.21177001528267,137.2456572133318
590.0177691928708,261.9071749462298,58.17309095419192,138.57784907994437
587.5498978032288,265.9158105294373,60.43377465335197,139.7440314734049
590.5987090480523,256.64888010532036,62.29342755432977,138.84393236070133
583.8925893733078,252.65422407971894,64.68909109052537,138.1675835537498
589.7533978556702,275.03504630151724,65.9569627274853,138.70382881962587
584.1752537986358,269.1032317479158,67.53249656146353,139.00584961231462
589.5163084832348,277.2816986059464,68.06165752460224,139.44071925623876
585.6717325540337,271.02380398553225,69.36462945899295,141.07827840215737
582.4612465061007,275.02509158624923,71.09330934141923,141.7702165216462
584.0448937200172,273.94396203517135,72.51504470255706,144.46679740877522
579.7727506845421,272.32030670227425,73.7972892047513,149.7130865701672
582.6461235972537,268.886671829354,75.08597619487988,154.27804775659007
577.5246332277211,252.69389139399783,74.85123381230191,163.0835820007154
575.0088812420273,252.68079716256048,75.9336637537669,167.11692397463747
583.1028554090219,248.6366153524217,75.6042998237694,170.51058830750048
578.9449890143603,251.52901263353186,78.41188489657034,169.57211199021424
579.3063008315098,255.60282535747692,78.6626346753574,174.0661205297509
579.8565910757872,259.8099633479678,79.57914188478543,174.64973025280955
580.1079306659433,258.7962407031846,80.00736572199408,174.91964914467104
581.527773313201,257.87027544600926,80.12772528831844,174.90577093366454
581.5617405926376,258.89377392058907,80.08795687453159,174.410854973389
583.4512690962179,263.5883480990695,79.91945599301202,173.3370886202123
582.9629763179495,267.60163399533644,79.67197457681613,173.98372792539573
583.781815264919,266.903154198898,80.25648467878774,173.22244314685838
581.1606954363488,268.2600993583917,81.10273539473567,172.07894793990863
578.7450366998385,269.0410533623603,81.59847204195054,171.57488516684236
576.9267036365696,267.6188369670542,82.2273352052313,170.88916778235983
575.4373133596418,268.3983303505481,82.96164301700632,170.39458192670332
581.3249243640525,263.4116215176456,83.94950541980586,170.81238988944438
575.1224630972388,256.90743421088916,83.36728634424162,171.45466896004953
575.4505915466457,265.1003753296297,84.1385555617989,171.49818621292488
574.393922917339,257.9658972836993,82.27524234395666,172.12355900705617
574.132181600618,264.13134146745506,81.12892803373425,172.7433847508728
568.8612583386412,263.11173250824316,79.43612585315898,173.5499492898563
568.7129228839664,260.5524041553658,78.16755959801122,172.94851083798773
567.5937839637894,259.48409372981166,76.76235594536885,171.16498641588737
565.4175567356289,258.7748644083453,75.241564685595,169.55281828498585
561.982337048854,257.66713211721674,73.68315579254325,168.7585894830724
560.0780267802095,257.74691375320504,72.24459586794853,167.69015926916703
558.4146245697902,244.43611589066933,71.82437861367724,165.68177490695814
557.0583017343982,242.34711643629606,71.48570516214676,164.43594902856478
554.6991162252036,237.67616999308382,71.2227596140688,163.12006126771146
552.4996513479367,232.08330944598168,71.15751795899571,162.44147591202557
551.3402133866343,229.88377648833153,71.1868640811854,161.84968041146283
550.1223993615524,229.12807462521158,71.27253704940954,161.06378093793467
548.2415450006284,230.41718239230718,71.42255834945887,159.74251065616198
546.2160883225356,232.34807728776414,71.66782576295637,158.71955968093715
543.2293691142465,234.11431508172885,72.0748245509336,157.49368132582634
540.8105982917593,235.80940446876815,72.36033134101903,156.6711736123099
541.4346285794583,237.69208155776457,72.72434752495958,155.96289350429385
539.820599245863,240.86686753117442,72.98309066328035,155.41569019837377
536.2633089772726,247.94444307429677,73.16652505559422,155.32788282398212
533.8101725340313,253.15291770295204,73.43526189318781,154.67727477608324
531.0257845251898,251.25583108879252,73.72850804942041,154.0172615648881
527.867308303362,253.027963939296,74.17307499121442,152.80662833305834
523.8665505024433,257.3054695838106,73.98587465829851,152.16632470470432
519.8403782869527,259.7663021142016,73.68293153739967,152.15898154333627
516.9916215620794,261.7242298404897,73.36949442180824,152.16812556623913
514.7504331517614,268.5343135671139,73.10191606513719,152.36525509480234
511.8791262987505,274.02632037867807,72.80891432697564,152.8715082716007
508.22438591642896,272.8059490928849,72.0994074359791,154.2879115249117
503.5529685964887,263.93536666545594,71.32029669469505,154.21705130957906
502.1885331132428,261.9439118088612,70.2452547831504,153.46650059643807
498.19588859133273,269.638119681136,68.96121952429708,154.76464262166388
497.2860371512184,269.7509695781695,66.78324030995184,152.8720698493865
495.74863117503367,271.6541184604537,66.51706505681588,151.76720407448784
493.3726673387929,274.2082211463765,67.14787179957938,151.01487991678403
486.6352796854786,274.6572096902954,67.37157136157907,150.89962941481127
487.92182880230587,281.79954543972144,67.65825916155491,151.554705726323
485.1952577599795,285.10071868369164,67.83551947893476,152.13821653437248
483.3578185155272,288.8207150688464,68.05268984749327,152.68054979479422
481.33057515652854,286.60024766687263,68.14155294831835,154.20145710431123
480.693597867374,288.63909132427693,66.7449371530922,157.97499993400328
479.6142852246466,290.6713682654864,65.42014111286346,160.49781072519886
478.85616801593693,289.47502443375265,65.03587261013209,162.8345674910729
477.0877237885785,293.24853748969974,64.20645571359161,164.96176623269434
476.7724531023316,298.022410677149,63.83451359895613,168.03770187989053
476.9036335157185,300.9669920863988,64.36319688820251,169.27332448466979
476.0423343755301,300.9102613089327,65.21372604817222,169.8097862858883
475.3885825779724,300.8048461524546,66.09305481976519,170.795774586916
475.88666961638665,295.14804259089,66.40937895479729,173.1846132621692
474.9488720898694,295.2473566994804,66.8994835903513,176.32190180257209
475.6473934360428,292.4621266761107,67.73127075869172,176.75446006632194
475.8253069201946,292.64665808408483,68.4884291629315,177.43538552017964
477.4489387669965,290.75964701072087,68.93269879643034,178.35407839177628
479.31861650024166,286.83102914063534,68.907007146392,179.94491665575106
481.7256707047903,293.03028226417234,68.23553551326529,178.13088974064723
484.78034925691037,281.9626637544171,68.33291831152144,178.555919774684
487.4592996538496,279.790207506169,68.52452942712789,178.98928055723684
490.2906119213745,281.64356117197104,69.23614815150799,177.7085189844523
494.0902623860661,293.4895646881776,68.86788054732008,174.91226771986143
497.2859650488231,295.72160597892537,68.24114225595527,173.04643648113932
500.60740049523133,301.120495750549,67.0012955597636,171.0078112576552
503.8349487824831,306.39267909092416,65.91658892361458,168.89649187152173
515.0852203007861,303.10714788781945,65.52550290299968,168.70275515968905
518.0174375413461,308.8134929107088,65.33012722162336,166.7049124878728
519.6526174429406,304.8849314831285,64.83868687682362,165.80998208223016
521.9622618164847,300.04289933480425,64.84506427124563,165.51229112222592
525.9382118168966,303.89771411782317,64.65566884805844,163.83784355539453
527.2989156142323,309.56107643701824,64.35675542643682,161.75450232459715
530.6480034251799,309.747988401026,63.7737946292181,159.8975418618908
533.651876658749,307.7074385062124,62.88433048019539,158.8308998569318
535.7822972966793,316.05916210847215,62.11868650047727,157.44401721234888
537.6233480955284,319.8085945162211,61.07674403287545,156.33295118301436
538.6980218640028,321.49749952750796,59.80849482594755,154.3188196157934
541.5573957424432,320.5300421632588,58.39639675397277,153.64089941387164
544.9655771353098,320.7099858552581,56.85167713001325,153.2518116231281
553.4332203353165,319.1209874522468,56.260365797138505,151.91861229267607
553.8823689951613,320.6310892093776,54.81380355673749,151.22810066531633
557.646824129681,318.90241625389956,53.99272514728653,150.11616785923138
561.7892453124415,323.2914197873754,52.71261396004926,148.68401221363598
566.0885234523412,326.6684635560824,51.637136598707016,146.53742904405033
570.0945287078273,326.23364347581446,51.322065556118474,144.6815183146173
574.0136184019899,327.71517380519185,51.52115862110154,143.25977309222566
577.1487880368877,327.2940540157831,52.25211730205041,141.78345803122687
580.3291075908612,333.9264565930161,53.10487569700259,138.98053546800847
581.5105939463266,325.57715172316637,53.649559894107185,138.5875733998467
582.2173407654212,327.70720355054823,54.27860275303395,138.51487962286006
582.7464877121084,342.26063553906937,55.42061599047316,134.2072176111498
582.4640109094861,348.0198738049464,56.51304858865682,130.3852833424266
587.485772977576,346.5159244207406,56.880253860741185,128.8227341890854
592.1101747909689,345.45169332067155,57.2393947224808,127.57319803717267
595.7945173177632,343.82522339243536,57.60293651749443,127.19516240879705
600.2995722817112,342.49027272100955,57.57972119714233,127.20482882351752
606.7787397931605,335.26858060889094,57.01954043297175,127.50580944515471
605.9915656517176,343.03997051100356,56.603747800940766,126.99553467632984
613.2384755886922,335.04528348923793,55.25241068455993,127.75819267829617
612.7713738568084,346.9883145500964,54.31462406367939,126.89528576898162
615.9991223426167,350.63003907803386,53.06539874046972,126.41882924392942
618.4573337362133,356.66468984053057,51.928291424925604,125.26643312207318
625.180935414916,333.2499791018257,51.41843166493236,123.68237956286174
630.1465566720527,332.52543690600504,51.227425433007475,120.97438473468505
634.0018787120384,330.8602756847456,51.29687788395038,118.19267190269824
638.0525559665864,331.13982737755435,51.090825670539225,115.81862067352915
641.7879924039831,332.1880036519499,50.74425327563474,113.59721033803497
644.5689128611658,337.5288999984259,50.03843662655857,110.3871450162988
649.59501291387,336.81442599545335,48.55742640152119,108.13866477669944
649.8483051188564,339.28301261497967,47.10079598868368,106.79170483644437
656.2264939875356,338.95977201412336,45.355952942182256,104.22894393267305
655.2697363253817,341.3439239690507,44.48612757397004,103.19688970810579
654.8533529035179,342.5738659681415,44.10569897454414,101.98541545800168
661.8752234939695,341.9053556212664,43.837628798889945,99.86346846605238
660.5067063405569,342.1078566584243,43.96401423524718,98.01572654741436
660.7495069195186,344.0077685847817,44.241603227584655,96.2184037055944
659.20350146163,352.9038309561081,44.42384365462266,95.6947878740744
666.8326806697517,346.8358574735323,42.84844670230757,95.048427214409
667.5160651234569,346.9541314658259,42.09477653547495,93.34924263981779
668.9644509268622,347.4282918945582,40.88878032310391,91.9358860755948
666.7806105633847,353.21833966800244,40.389614011789995,90.84537640517112
667.3568604078887,352.45868035542816,39.68083528935947,88.41680093394518
668.5494574224035,356.0817191111549,38.36916704672969,86.7789602121951
669.3963232878323,357.95240252698324,36.673388423918325,85.12787963542117
669.2175860704792,359.72270511552847,34.47579770359518,83.95585456125133
669.1535884996763,360.91947470846094,32.527078091096506,82.7086997337924
664.175193158892,364.144590037541,32.02464025704003,82.46103569932009
664.9903803405384,364.74276416810034,31.08551675443834,81.7044381691927
664.7792435910189,364.6652140446187,30.269876168089112,80.59747395921622
664.2538651792187,366.386041824964,30.175553259748312,78.97243707947962
663.1608390558608,366.92339394792407,30.401948075815184,77.17071429842238
657.3824512874659,370.39043410344925,31.054791994868346,76.25795337671525
657.9718992213692,370.0208505691349,31.00712445481279,75.06611961660099
657.1678003405215,370.03481835734345,31.312192543504203,73.49168586074816
652.9739199704402,373.0375594551709,31.72646209180276,72.6037845557488
653.8984634652959,376.0195252985797,31.4730638027672,72.81036173047289
653.6598089991148,378.38169150658445,31.055997470484797,73.5959089035442
653.5685388458746,381.33016984282096,30.465385246771763,74.97301486458556
621.8427775784041,431.3965856045724,30.194262975804527,75.69437798219599
616.2559756027541,430.945530611359,29.727884703593894,75.98395034617096
611.1650525924157,430.6726590418026,29.017278484280574,75.70178634026047
610.6837362152811,432.0873690744245,29.274758726952896,73.959737028305
622.5155796383599,437.86619805056705,28.177027996518028,74.86820933267266
620.9628420877407,437.64051140514147,27.632971971734257,76.83039645580688
616.374653064423,437.4069143743114,27.17006588445849,78.64326610512119
615.0630495400758,439.41333380442427,27.31621285357829,79.15205657839152
612.829583064388,442.1079194012835,27.372034926963135,79.64337568771259
606.5520715297209,441.0587700918386,27.366190686726906,81.26366937419877
599.2529892391616,441.0949742077898,28.442909039818325,79.36219474653687
593.2969097806184,445.70099128005745,28.8528230075638,78.3602989229244
622.0044406092652,396.43132767798596,29.235960050221365,77.80264889318062
622.8022941473046,396.6075516344409,29.92102589856578,77.50735635843361
618.6137407030219,398.33358413783685,30.829098592184835,76.82824629243761
614.0889534382061,400.2151329915051,31.54503969896487,76.28393553998087
610.5374086132897,403.0940419309423,31.771629219098088,76.47746501218064
610.950569093823,401.3942079454928,30.995851152782173,76.38780579077319
606.3497243294629,404.8604377116744,30.945777337691354,76.66087499452448
606.7422476159691,402.7815091608267,30.405817673019634,76.00292189266762
602.3125787110264,405.35495022549287,30.61448638500441,74.96120953643707
602.5944354872956,407.3125971391329,30.21351219875892,74.86450396599304
598.365006417604,408.8381085043783,30.031057738960076,74.58307113647268
598.6160517904331,410.47897760245024,29.484985962718618,75.37957047389807
593.4594224092849,407.5233379979913,29.570860157754097,74.6918663950047
592.7068538694386,411.0575982603721,29.175827030423154,75.22703554080576
587.7450741342717,413.62014952715657,29.179404544275105,75.87856150149955
586.2016781241781,412.1581670555124,28.982685402657985,75.32375261246669
581.293655447246,416.0951034427031,28.352994825125755,75.83885116682072
579.97549929758,414.77666260439594,28.339600283942623,74.58407501415039
575.6908714177716,418.55545323669725,28.16284526322491,74.6607606028803
574.9593951651123,419.15998253048474,28.22432031245072,74.27210344543526
570.3776929962056,424.4137971673624,27.789477122187957,74.94648386864043
570.1289767773931,424.7100904793603,27.32542953833623,74.97695699424786
565.3794205448683,428.6917059498734,26.996933894865364,75.11679154394437
564.6952913528768,427.6080179037316,27.31373010538636,74.25419222195184
563.2862255732815,426.66981642969273,27.74826309852168,72.13276501751793
558.4300860481416,430.6233232126132,27.97371143743686,70.73116498393412
557.6231136011369,433.77355670815905,28.335552287485548,69.22921951154962
556.4687471553832,436.1547631278837,28.59463474831364,68.24220015812334
554.814617393413,434.69022716278704,28.804207815573907,66.95323639037964
552.7365165529494,437.78631454286426,28.75946078129102,66.31830211637015
552.3528462252754,441.10484233678255,28.063087194657605,66.4189198111569
552.2582476307789,445.22634421899824,27.376522695894778,67.66964373074657
551.3818033477174,447.13264384206826,26.816575330239814,69.42796685933186
550.4130934770419,449.67854447350686,27.00718093985425,71.10051028868484
549.0349151660635,450.65964349218086,27.22955170861581,73.22920838094502
546.7630571154286,450.3459091112895,27.41789681150297,75.0525347868089
545.8445600838456,449.43444660875184,27.97865291003884,75.50176191495399
541.7405329393357,448.925714683299,28.211952388725493,75.62680195728488
542.0965763165971,448.98259367079396,28.631978852510088,75.14006741097349
540.5306639326488,450.02350759963053,29.175867934295177,74.37166330608508
539.1947422305849,451.12941657627346,29.553349508665313,73.81402444902119
539.0641597988256,450.8740608476322,30.04526591642118,72.6194812323458
538.5783815575111,450.40377267864915,30.581759662777465,70.15723340687514
538.8065719603505,450.46293310975193,30.53725940986719,67.44213915866797
539.5461379970384,452.0800255007169,30.233528785694993,65.8784138856339
542.2919654890272,453.51795083160897,30.183060706624424,65.06063436032434
541.5327768373535,455.08786150685944,30.03528803610264,64.56363026865819
542.3032649723343,458.0312816480069,29.301245169156132,65.53913282083603
542.7061099751331,458.6000034378969,28.8207043122611,67.46632976305918
543.5006227835768,459.1704784004885,28.24142178981812,69.12675379646365
544.0009475306595,458.9764778448086,27.728328991590832,70.51769091341573
544.5226114027945,458.9669476266024,27.68360721388869,69.97704352941265
545.4580282748777,459.7796837759517,27.514443997180404,69.35630264741637
545.2708804956914,459.1358963455114,27.637078999952173,68.12924361433022
545.324968717956,459.30207601136163,27.73716546090119,66.6165741525105
546.2176354887013,460.6822339537946,27.713699919441197,65.13084113049855
546.1891555906942,461.19990610299004,27.84789747051567,63.3357827651254
546.7172340142397,462.90831913123293,27.81726929278198,62.38398857089846
546.3372690817728,463.97889739806516,27.81108349227995,61.211491616987885
546.9313424046736,464.85966296452557,27.735192896588146,60.3773688812648
546.4606914618581,466.09628315382065,27.940031593094105,59.78134710676244
546.5280801154568,468.07191679412654,27.823354603464402,59.410268577371454
546.7328692788767,470.6331389613473,27.54611472598347,59.78078564963771
546.1781075940049,472.109982988789,27.137351390709902,61.08002394439419
545.9603920150541,472.36538957194716,27.23365572327892,62.246427069505444
544.9665737900709,474.3904842408226,27.75573888955377,64.30784766751498
544.2109507159443,472.6152702230232,28.233361461642914,65.38494782797663
543.1436747620525,469.7590086927195,29.35002756525015,63.84327948996335
538.9506196582918,471.06504361250035,30.171791936132117,63.59826292074164
535.3853668281723,470.3525903901994,30.27565384331933,63.867602196154074
534.9691585041247,470.3347203383498,30.685622392755082,63.40285866776552
531.193850440692,470.4475839740541,30.88501600451417,62.69762704950939
571.9862331014432,475.41723398324666,31.31421247500406,61.77051308153929
570.8939580492554,476.0448597032823,31.274430246768603,62.54803036781682
568.6130169418703,475.8822008127997,31.440381694479292,62.5908820352148
566.5046252036263,471.9851055332476,32.08671605712151,63.18108785692275
522.4440820343686,469.45074158802277,32.50396786194549,62.304346844784476
520.9883684500993,469.33404222822486,32.39339996288783,60.87095412532392
518.9126239734316,467.7923167643636,31.880973758905075,59.929516060736844
516.8542245795608,470.40068094460105,31.519104333756097,60.48341329154
514.6931483501471,469.12931685577405,31.218600447215977,60.05953103752293
512.0399829969601,469.40764655791486,30.722386082941664,60.585272670457464
510.0076487545799,470.07574222173815,30.041144876845184,60.98838373958522
505.1724280158106,471.2135986306086,29.595954297193856,61.79703032926921
502.8814231440245,470.665597801591,29.078011819849383,63.593708130473814
498.1731674077809,472.3281647386629,28.811538940224736,65.92395784321356
495.4872134972207,468.61698148868095,28.230279322838136,67.41701640555534
492.03449454897134,465.77318394651104,27.9876921834787,68.17693004381982
488.4738868600194,466.67950739384287,27.507757048687225,69.18061429730375
482.8024073089278,464.7759328525022,27.08076528417125,69.60819790261378
479.8994699687551,462.15050632485367,26.846482169564222,68.95448180889359
476.6085961205841,463.9891422409853,26.538224277374734,67.86935065122135
472.7392900764669,460.22769448304507,26.457688778786576,66.05248347941864
469.66646151562685,461.60880313442703,26.171313792159836,64.69739999432753
466.4501677845516,462.54203166516754,26.265508519782813,64.04097992587322
463.11847534957604,462.4628871918478,26.6150243902526,63.11963372923259
460.8299344695611,461.74971075311305,26.591143511427532,62.550927474126226
457.42652099170846,457.6514375309195,26.682624130768094,62.02936288030523
454.86377565445696,459.3190588018093,26.723725118686566,61.48120491799337
452.1752226204924,460.5118229499441,26.926654970490326,61.34615918092796
449.1027159303785,457.01834878830016,27.207248890421425,61.60388425287303
447.19124861789777,459.38435159592615,27.49749227507221,61.73868466789451
442.1943063082438,456.13307164672847,28.08196260299821,61.37389732584193
441.6000961860893,453.0566155108722,28.671207811353803,62.40071239525348
441.3910667128416,459.82837791514396,29.453467320087782,63.96612389652428
439.66325467258685,456.72944235464894,30.360827850792703,66.08876632641329
441.06907024165884,454.5903582807923,31.03626751152263,69.86427199424902
441.9376112282848,451.58805759498443,31.407449269273496,72.61728692863949
438.8673704356213,444.9277682069732,32.56380571727137,72.89972540772592
440.13550271542755,440.8556904551102,32.881465432103504,72.5734419542375
441.5090821696356,436.8389803352216,33.166247222311064,72.13406384654158
446.0983928941537,438.0666319854162,33.47047680171728,72.03125955433111
449.80479262887997,433.705794219043,33.293230596882566,72.26979509531724
454.5480701955467,429.207293262439,33.34913399778984,72.06881326676498
458.28736511164834,424.9402892118849,33.17394277474796,72.0942306696311
462.54559383127815,425.52574829208936,33.04773363413332,71.27955573217395
466.9313963508178,419.41583691400774,32.86136132973425,70.56403093126937
471.44968343747496,413.7583401985843,32.90074254735015,69.56246647790005
476.1311791700592,413.6214935796754,32.1577338016029,69.14792407519191
480.9367671921077,413.31990546736165,31.47882303918324,68.91778909967746
485.18193293457955,413.112940282319,30.578280944803502,70.13262487623784
489.15214183167,411.6956761921729,30.26566599943851,70.90037201252368
493.3073675200966,408.60086311593477,29.82658207711417,72.81510678850462
496.1397559446652,404.81382565774277,29.661412314158618,73.79207715548074
499.348040576484,402.899404204882,29.748741194289302,73.98941337975998
501.76806660722275,400.147430301693,29.995059124114253,74.37069196616721
504.62188040763755,393.65242776562775,30.378187462768324,72.97163511050238
508.0230355910831,389.9354723080522,30.31127920311596,72.68214018764068
509.63984564061576,390.6619485824012,30.432594988526404,72.33328917760096
509.23888382497626,392.9025492215583,30.659152480393406,73.77401439769987
509.5404781935479,390.4154885530356,31.22588824085452,74.09255950564975
509.10350263169477,388.306147325225,31.512022172483185,74.3858190543953
508.91862218732314,387.2407239322635,31.816880524655456,74.65017464177853
508.35496202801954,385.6038549096535,31.802098244118575,74.57013813942169
506.83174830575126,384.5231063942737,31.775772259242324,74.92637725373069
505.1576995265918,382.7007092415321,31.705800216502276,74.160662449717
503.59203675030926,383.30396116610945,31.743176212716705,75.58754711984936
501.3510274675851,380.5590736311829,31.922191943844943,76.85293215979515
499.9109345020333,376.9383883437753,32.23861521015367,75.84348543572133
495.5607494035284,377.22268283309234,32.88206726293734,74.49943830002458
494.2553488775644,377.996083849736,33.15531076062024,74.9878266105941
491.7021450308789,375.7315996198074,33.328018846142214,75.7370182588516
488.5629924601562,374.0011396096798,33.55090740357278,76.11299093146575
486.1728716482905,369.45997293948886,33.44694082494212,76.20498880737016
483.63013424625905,369.83070387024355,33.408802271460964,75.96446911648066
481.73458944492086,366.12339575042563,33.312362024131296,75.6697733939888
478.78058412743053,366.6271460413595,32.997452241326286,74.99264565228724
477.1170100703286,363.10648254326355,33.01571931114231,74.22573128113902
475.177523463616,363.00933442803,32.929715737000336,73.07886292267787
476.6102580229133,361.66459528319206,32.81712576116712,73.1481832552767
474.7026565105597,357.0784760289094,32.730881489731686,71.86541516441578
476.79170599284856,355.0686588712262,32.50425218495925,71.15588058787542
478.37776279829137,352.9135631867896,32.588077580878995,70.49081169902774
480.48053255081567,351.37348237658426,32.490934605981835,70.51707570019096
483.0340150488209,350.5426546713462,32.33848268293884,70.47636630830647
486.3746861827263,347.04780184205515,31.97795120995844,71.11543834567283
489.4187571179829,347.448517644474,31.88469478408621,72.5369896242885
493.59443808451624,344.2499563551915,31.6622715259464,74.5509826061433
497.79459987530095,340.77140920391656,31.51486714145946,75.74171138058645
502.2563424021005,338.2539724361438,31.607040466461473,76.38330059530078
507.248743677884,335.6606953313827,31.837697738502754,76.4444885938854
511.86232372786117,335.2772339573871,31.642148127440144,76.75384949132876
517.9209713356429,330.8669897055248,31.827632109569535,75.84339622259246
523.2586721037894,330.84219064749993,32.18027527389896,76.49500923789611
529.1573769299171,327.3799811248501,32.30183572967599,76.28956454418214
534.5320451919722,324.76797844243697,32.48463764855881,76.0796800431331
539.65067547052,322.4638021174254,32.471843415315774,76.11687237668893
545.1066416169484,319.919040666642,32.479736676352914,76.15874732522235
550.7020238427189,317.8401713245665,32.23148378334483,75.59700501800978
556.2154182490486,316.02155901311596,32.02920173032885,76.71635826105859
562.0249405275429,313.60640791463703,31.89842697924856,77.93035439150334
567.0742111754045,309.32405205610496,31.6239260964283,79.54712528215141
572.1853533935355,307.6380208995304,31.528588109445955,81.02888183777799
577.6100160768049,305.13355360860584,31.478828058153777,81.64412058832833
582.0458873706411,299.83240152265114,31.665098432822475,81.44782074870201
586.3171125392496,297.5372269655236,31.4908445830324,81.00815057966244
588.3913883598026,295.2256521890257,31.895192779420274,81.05441014089799
595.1254463001025,297.66341584881764,31.551335893876793,81.62460826229308
599.7136402461562,295.99850634372433,31.533521152404134,83.67225149313704
604.118889320866,294.06832145252486,31.571992462518168,84.94088281308792
605.7632800614581,287.2937074377349,31.660668838465917,85.46435496040462
610.3839728954465,287.7069816302514,31.97145487764233,85.66859964616484
615.5181992291907,287.6578033608287,31.96365856696557,87.24581191411323
616.6894832161505,282.0337795591977,31.970103921598188,87.58879493455066
622.7637867634091,280.92837566954904,31.71190629668535,89.1314192679174
625.237683457639,277.695577320326,31.582446534019105,89.87687455553593
631.0861590564846,276.06111532580707,32.574949415002365,89.79983792750832
632.4832919363877,273.32355251269655,32.901890654021145,89.77472084361574
635.0818097094905,270.8315708614531,32.85782303765552,90.29559134214769
639.9171487327621,268.42448411046144,33.18399405117093,89.58783796424808
641.6067432978854,264.7803895519543,33.12900602794951,88.67053124691189
646.7929971456999,262.43370993543004,33.08927821665873,89.18896706000795
649.4041309008633,259.8876358271051,33.41840802994056,89.96014569505384
654.9315405379053,261.74768718373804,33.15400547338568,89.69275217978598
657.5836198845966,257.4686420855746,32.85247653693072,90.73619775331022
663.3722574070348,259.17706164291843,32.753281287891724,91.66583042512147
668.4800565267765,257.18125718567694,32.602658786933745,94.97509335323824
671.8173713490362,255.44796432763354,31.694706045185207,97.70957452945376
677.68489861775,253.40103550073428,31.493392505072016,99.57622666834445
681.3138794911731,251.20908772200028,31.00195841096637,101.58563577943184
688.6900294888381,254.0501619846896,31.319061110338524,101.88240103808032
691.109604415111,250.0426859471595,31.40711968140729,102.6769990329403
697.0767676172646,250.60613109757145,32.29820602734419,103.19324427975437
699.750718568395,246.12476437975016,32.017484758628264,102.94799851312642
702.8836510980811,248.51652830770578,32.3228262689277,101.77591131578453
706.3138776898919,245.32460405293503,32.39903146772181,101.46227008686168
709.9808705753616,243.38659689189112,31.99889932303374,101.06785765876641
661.909610683177,237.69200474879926,32.33623569675847,102.27678033301166
663.3059466557069,236.84291929647213,32.45773377847786,104.2465359570854
664.6310822483565,236.8489962467975,32.79705323801497,105.46931245251467
665.7338377575625,233.92479352283078,33.25090000578172,105.01392637746838
665.7922679363412,239.05847573111225,33.510037638593886,100.90609117004236
665.0128480969627,234.09489729834456,33.77704320136901,101.38435162749673
663.0552004579714,237.8915614754435,34.13770796139192,99.24814655287037
660.796650023489,237.70275680535036,34.59231789026286,97.65999292022491
658.1473756960581,237.87345657050022,35.05088403551147,96.09616018050595
655.4513070070188,238.42667186781887,35.381336805130495,94.57685303948571
651.9348304087753,240.63746327683953,35.51881413720733,94.30923331043365
649.2866367926717,239.83655429007098,35.639052477965315,94.19473029245466
645.493294533099,242.46652732117312,35.66228904484044,94.17248040105729
642.48066840952,240.7615149903816,35.921687410162285,94.18371947151476
639.9690518221855,243.18172839697,35.623722598228575,94.31855673075624
636.035829402041,241.15968288343737,35.76579362107366,94.92150639086287
633.2111751474956,243.3716561779819,35.474795466651244,96.08682467146376
629.5610831657177,242.7038291515663,35.01434167004486,97.46177141743303
625.9135099883998,240.91964935217425,34.836576666800994,97.49226728483288
622.6387188007699,239.23009171048886,34.595611194313044,96.15360865386654
619.6997345543791,239.25486525445632,34.23344830892063,94.82707210594012
616.4768806597568,238.96130710284552,33.96804121474247,92.94665148289224
613.587855126261,240.21341052973435,33.311982593928846,92.01320607129901
610.3721593659941,240.15175656027202,33.01829791588492,90.66797107675961
607.6277888291154,242.5779802466668,32.69666902122809,90.28054960576443
604.8690967143496,243.33168584357458,32.32784376284452,90.0866198620298
601.7551241460214,243.99616612535547,32.14609089000987,89.30400840668715
599.2933213756792,245.35714820273543,31.83013201190179,88.07802093840492
596.5465863239477,246.88155422528325,31.57777253315017,86.56824314070766
593.6200323778231,247.7664420444911,31.440493462508798,84.97939913004231
590.2432124055669,248.62575852965443,31.41261542453846,83.41976043206691
587.3162960074621,250.23462325704367,31.15756483985792,82.32882078556177
584.7514653497133,251.4778016646334,30.604833081320063,81.7225078346325
624.1603905237498,249.3273575651637,31.246249395844682,80.33313562326308
622.1210116037021,250.2972792760518,31.619735515053947,79.94004978033668
620.0391617971055,251.32068971858888,31.90280511192004,80.16991365630983
618.5867321120317,251.90202114041944,31.965046016644298,80.90401294529337
616.5789706360308,252.7014261114341,32.10770710646318,81.49636773524345
615.9969851785025,253.71935255508978,32.19414310750323,82.48936230391047
615.7807061107842,253.7358909760576,32.451537333146824,83.09296952207163
615.2795763012133,256.3140909648701,32.43353053860003,83.15281376518024
616.0063550929732,255.28511747467985,32.42263650545716,83.22614363149363
615.5489746595683,258.23661463334713,32.33874455644815,82.93647061848031
615.7737536662539,257.44039404806773,32.36492679700228,82.27530022440293
574.1848224803807,265.1260859148641,32.620608992967284,82.90780938936972
575.2375321587778,267.7065085299067,32.76205252450952,83.80221337345688
574.9323402437798,270.25251787169856,32.84884108101075,85.5320745536122
575.8783270314135,268.83529459835415,32.908742000295824,86.64007304121905
576.2798537854751,270.24586625257683,33.043313661926746,88.73403269145287
576.7199553740959,268.70197308961076,33.22967277964508,89.77777786061614
618.6846057723045,274.6979889259694,33.8006771590091,91.7375551173422
617.4059837483752,272.33169595460225,34.0957601904035,94.26459491940577
617.8367179026968,271.8302156605198,34.16025772734525,94.44422570124289
690.6968030213061,311.47386546786856,34.78727071766577,92.64316265881097
692.9288209757664,312.7389634083241,35.178447497191286,91.9230318089516
689.8994335681463,319.62292485232024,35.34398758266451,91.56287430944799
618.8459963072391,270.9586346965491,35.51911466795533,90.91876785341216
620.1305438051979,275.2834725879473,35.4108646656292,90.8369097586041
582.4667543998062,281.7404530313048,35.084291559908735,92.06904700879096
582.8680811831355,285.79810498159156,34.9756611255743,92.80399335235798
619.1113382711267,284.6604776048708,34.98309683972874,93.0977241151685
585.4520115808415,288.56942631465245,34.9978790655138,92.96435409276097
586.3032717386816,290.33168032082364,35.11766049524839,92.7950718818864
625.0750221495439,287.0626938479737,35.34957318670752,92.31231910050502
586.6336795421262,293.8810169715599,35.095959268242,91.5886844042359
585.9484163158218,295.95999641649604,35.1337345659513,91.33499664015713
581.7053282452656,298.4707122554531,35.05918072659488,91.13566798577193
617.4995999793854,294.2159222450274,35.43908208257405,90.96964318637198
618.1170145832583,296.8077801737194,35.69584349391545,90.98227647296994
616.6903623042286,300.0665008771962,36.38878294729951,90.69328059595409
614.716849535083,303.0986436217505,36.80936071261092,90.50157468143034
613.1807869883937,304.670227875031,37.053548441411195,90.35668455430967
612.4617853385165,307.9718913152401,37.547091587585925,89.6526949656091
610.8518262434768,309.3200410505564,37.652401013016984,89.46635471586262
610.3538307536411,312.5388121850054,37.70267555201085,89.5938883212933
608.6020687446874,312.6808089161875,37.69397561094904,89.53923816892762
608.2120742962159,313.95316669863575,37.71592074187049,89.5303821888395
607.8875201705723,315.9645735554195,37.85656441834351,89.38954865601228
608.1731235022246,318.7297200091479,37.91070066056048,89.48419042186484
603.3703490403819,334.096505093745,38.06301205067638,89.49205053526333
604.0214230294262,334.28168347055095,38.13523870065507,89.54126148585227
605.2093814145761,334.3529727801439,38.190209152645146,89.7343714576698
605.8732277821115,334.67474941310996,38.26866437442265,90.05406900760599
683.143744256644,394.4551393738777,38.744644975162096,89.99890432044549
684.100954264599,395.3621412671394,38.22223362147602,91.74397588945196
683.8601543069022,385.06473400204305,38.04924084401747,95.67565489108019
683.90829660524,391.3958637806356,37.697978276026575,98.50819494784776
682.5741077818114,387.5066887915474,37.80254366702424,100.59154999957144
677.5580439201292,376.1756889244652,38.02802790436587,100.9853612571734
677.6048694594522,377.01861396585326,38.642410804659036,100.89266393585665
677.1476030581999,379.22597951502996,39.43205055279742,100.88415422727375
676.2719639763982,384.93965223769646,40.345512418392886,101.35007069142556
675.7484564962291,394.6245606223879,41.163239530854426,101.46033929496758
673.1310866346428,399.93192339700425,42.625425333281385,101.27813938050046
671.7016814466633,408.1760837100618,43.91512877278551,101.35864352245181
666.8619788983012,404.39111725288956,44.17032808948044,101.57226320818904
668.5304783577459,395.86195489872597,44.309260338193525,101.7846540023316
667.1041981998085,414.6601138674829,46.5447797218899,101.38910358190759
663.3933365382545,415.8312582316479,48.73472108546415,100.2401341742563
663.0053261757469,414.47632395407055,51.04544113127255,100.91600567054267
662.1619626192054,413.3956428196503,52.96902047299703,101.92241195622127
660.864407071178,412.51427437622846,54.453018736028795,102.20341850115358
657.9069885506713,411.4886485999065,55.128544081943275,104.67555129535745
656.9625105721727,406.3864262127821,54.93922411997975,107.66496539944028
654.1800413819224,402.5465824735389,53.23781699953453,111.59019802677618
652.8505197566952,402.7339213903784,53.50359595631819,114.2893333930941
650.4986012902941,397.3292591144716,53.397793912069595,116.62886557887991
648.8631625831584,399.177648857431,52.91642280072144,119.22844420148152
648.3884831551321,397.27289328852106,52.3655543246588,122.38803970371563
646.7531768597936,389.38381994745504,51.75428090993424,122.36523347447076
644.1185496365129,386.6282141325414,52.212428197834996,119.96789722603259
642.7735240101078,384.101540376167,52.14179019206959,118.36637089082006
642.3472462649802,392.25997582251114,51.9544427568336,117.13511324886423
642.1711706987538,396.6208924164073,51.93786414890492,114.58410983402115
646.1806519096175,412.32803445675285,51.85091857669536,116.65038605606439
643.5027617197877,411.17132947723945,52.19628864751715,119.48215889484422
641.9410471071851,411.9862786595112,52.49957798777351,122.46235507757257
642.7411687389886,414.1100574426283,52.51650827667993,125.7984824326029
642.9117017916445,411.22314782345165,53.419670772823466,129.53770117466405
642.564359455042,409.38346740529204,54.07971182950122,132.23695673010715
642.4217017557967,406.350712206424,54.39584775044935,133.68155028442894
642.4671428559152,404.7285949864536,54.24313169172217,135.42508901895602
639.6862045595387,404.324650132053,54.44843756380255,135.78592005008377
640.5338216231527,399.1866303110554,53.63993768378231,140.09522385223516
642.0679663411896,402.7840005931311,53.05152953432947,142.3178092615946
640.0756887059596,398.7155353187079,52.683493290202335,144.21785712382595
637.8927780171803,393.6709591346206,52.40217893320282,145.66204432018657
638.4120943348333,396.1728744043362,52.201980934489534,146.91994302117294
638.0938076186361,397.31355909957193,52.15819875842058,148.32369898165356
635.9951575660675,395.5807375327564,51.85772473941224,150.22330827510513
634.8446643503278,396.7047294574319,52.42791650269423,151.72939327722523
631.3958473220123,393.55951465499516,53.201889041228284,151.8367836937136
629.0253492383645,392.03375802882397,53.861200619137875,152.67932949877513
629.3456935563606,392.70771340165646,54.59548754524131,153.14468061967966
626.0800076729668,392.3947068983473,55.806644563646415,153.2593369149103
626.7261762511336,390.5577002956604,55.70762291329417,153.09468725750637
623.7618734351169,396.2090807809999,57.597675784249816,150.54135217488903
622.3734066660265,392.7846382638472,57.56874880302131,149.51729571520622
621.6513976553988,392.2971788896872,57.5849708180739,148.5513302310053
620.8332249594175,391.41881581209975,57.95544587731857,148.32015589065097
619.1663467026875,393.1874087811506,58.5773069249278,147.92639756294656
618.0478922506705,393.9567895351184,59.53778617579408,147.23975597764897
617.2567620805767,395.3637380965948,60.48802336029249,146.54962408487503
617.1958188483516,395.85113550565745,61.073874346627605,146.29674588271268
616.5817645210997,396.8101466864797,61.218433263201234,146.67019714815868
614.4161822824951,391.5902030820333,60.93676662468759,146.48397237279846
615.0900092419561,394.09445266691387,61.07680375057318,145.68565300879297
613.8228933449103,394.4368825246328,61.55928130844342,144.49327661120722
607.1960156899387,371.1740661335704,62.88743084446078,139.91451257326358
604.9606982661253,365.87890962215704,63.57790407290119,138.6120615045986
607.4948981330338,364.2336859052465,64.27394058404883,136.3099276662945
603.6248550121644,360.04217169396804,64.34553975379657,133.9750806081995
612.4759154126359,395.78278712419063,63.80289427939178,133.12666987714888
611.8828130697525,393.97864546648253,63.43653327130321,132.47630288967812
617.1847896142701,395.8897055285918,62.81425151558102,132.01828298327885
615.4147867323469,394.9499308295531,62.379306250603605,131.28595422469414
620.4943857188164,395.86439491102686,61.29681707130482,131.21073680851183
618.5541671808438,393.3339847593395,60.83956284018201,131.0689780904326
613.9787570199968,354.0486791352633,60.62857533869492,131.84142497090934
605.285222402817,340.98339698579406,61.08474018462685,133.30418836652746
609.9534966797984,339.2694625339238,61.10724238139646,134.89311343119482
615.5188480414945,341.9097894568372,60.83307461588997,136.34746210306815
618.2523338842269,345.1620050556007,60.885917421697016,138.62971303444746
620.1228215920044,350.0765326319578,60.70592327979337,140.66826404475813
617.5278650515905,331.59766126250463,61.450400836634046,141.94282502096917
616.1432011243296,326.7447149679196,62.609046561296,142.67301150967535
616.4242219761906,324.8147383311609,62.46776879719313,143.61266978311647
617.0609971937399,321.5937740628474,62.21451326680324,145.00104378483132
617.9179255865303,318.663397369075,61.72802876992659,146.25448592359675
619.2094114114375,318.2011784064532,60.66458109834545,147.64583352563062
620.3144444952019,317.8867485382927,59.8880867463073,149.76952983078414
622.0356813626148,317.17393293690094,59.43862734711381,151.60494770496769
623.2361796908888,314.8996236837797,58.816102994910224,153.28706297253223
623.3968778469037,313.16183279352333,58.490607458651866,154.12935279328232
623.8785148518767,310.55071162495653,58.3034000499821,153.83604451701257
625.2482528549043,308.7008691755343,57.91120240047921,155.1207485274904
626.1929318412268,306.2033976017142,57.11606172824908,156.1584985389154
627.2129671647255,305.03630246995493,56.412063526167785,156.3825716053972
628.7604570742009,302.7575516633157,56.11218773401127,154.7909247544727
629.4791206508143,301.5425690074561,55.439463837963785,153.22133543209776
631.1659368826053,302.2124951512004,53.94758398458832,153.14284569725191
637.6560868199342,308.4261131384584,53.776862051825105,153.61224763930085
638.6795226081607,309.03152171670155,52.69807862539649,155.10592829699308
640.7753054574282,309.7731490427171,52.01715164069813,156.7095068835637
647.2179798316159,314.991074444177,52.215373372669276,157.4449808105632
649.2138584349135,315.4216814712728,52.42163090224973,158.900663910226
650.8218285517029,316.4531121067805,52.71053771838405,160.3630912210588
649.7127968736157,310.24684793713215,51.92977933917622,160.24809842693261
657.5606916533281,323.7152888137552,52.87401205758363,162.53046067698244
655.649341851807,315.05563572218057,52.784535290005195,162.36980737221666
657.4038787017648,317.20212369678427,52.96872321347199,163.10599907513935
657.7970773402735,311.0080898857402,52.483505464691106,161.33923290358734
665.6301268143371,326.9959196375444,53.10911260176875,165.21242365022317
665.5542927973863,326.8173035834709,54.09811061938168,168.90103302620764
667.1453391278679,322.97483106688696,54.719433495299036,172.5471554084661
668.1368256304152,323.2465150753488,55.147870345093494,174.67604314601326
669.8748625741907,320.692880555879,55.53613819338224,176.5685788227549
671.4760747002845,320.23420692375737,55.684792213060604,176.55997192392374
673.5557799826718,318.49787841846245,55.783433043702075,176.5028459240308
674.2090102956803,311.5397184616803,55.128527955862644,173.79492877704817
675.966374804334,314.4357472232799,54.468415342134826,172.27468321597664
676.7868644278808,306.5946206832903,53.5473074968281,169.56114238116095
679.0694248939005,308.8942760367766,52.793395528182785,167.60696063956618
701.8360825747666,358.34672312427097,55.47263509809136,168.4207859469994
701.9660848996384,361.03247712749635,58.727620778090014,169.6284877450835
701.3154752177219,354.9887418757661,60.934700208337105,172.20592178003818
700.8138541870102,348.28515291839597,62.186549040991075,175.91483748011777
701.5724944341738,340.40441550204804,62.570784507357324,181.15007291767202
703.0801135258597,334.1557992221294,62.55347589704452,187.55288504446477
704.4874906173304,326.20912290798606,63.00075112351169,194.8567496432716
705.8492121742746,319.596032212712,63.362694047449935,201.63105105563972
707.0146770688531,317.3812055503379,64.14448665514358,205.10247609030694
708.9289252440943,313.7404085928693,64.46059308023467,208.0952802560986
712.1668073973284,320.98087778727097,64.56297284725284,212.6843568209086
713.3259597120241,311.5225035635882,65.46869752045863,215.50037437227803
608.5414765322273,245.9920478301433,66.08592742985694,205.95209394463654
609.6497515186288,248.2451487634857,65.93440254822505,200.39193437722236
612.3921075454216,249.9370025841643,65.36172262202001,196.23262904432923
613.4600920588141,251.73693387582188,64.66355018794735,192.28157169187
614.6634786352364,252.81980777415373,63.89790855537392,189.60371950315457
732.7659197989726,399.5098240759936,63.33279673571395,199.47527381353729
731.1048552307805,385.4752530953706,62.53177743078368,210.64323550744933
733.1769618832977,382.9417604682625,61.77652615615979,216.24386311329295
733.7222401418059,379.4283553086839,61.83931105168784,219.8912743712472
732.530220284892,374.0461398209376,62.32226944189199,223.4132827660208
733.3111457677799,379.4085022832612,63.40866929436888,222.58400938708877
732.6640979834946,373.3923647338693,64.45914716438908,224.54071056466904
733.1965824231511,371.54842561533826,65.2368389505882,226.24157677303702
733.5796348244791,367.7588009139271,66.04981484880656,228.34691393678463
732.351583041712,364.7779784362828,67.05296936725202,231.07584853059245
731.0154711395712,362.86780074532084,67.91175976279658,233.01927617909507
730.3516049996803,358.0955012829589,68.61986003688675,235.70458974920473
729.237078978398,355.181784695941,69.54378767740522,239.1060173213575
728.0986431101239,351.37997820813183,70.26545037331157,242.6260335905855
727.3364030876571,344.2563195693078,70.95171369623347,247.53965736390012
726.3733206312248,339.79287548451225,71.85062986890189,251.3566631787548
725.6654792871157,335.1804066077681,72.77390490736482,255.4729464331893
725.1410344113522,331.74667115433044,73.65692198073103,258.1886996772532
725.2690355480944,325.98316774472534,73.73893958491887,261.9609848549229
724.1196456770631,329.2785786107195,74.00682552433864,262.9254895847267
724.2256740049527,325.9702574445762,73.01464217769487,266.33472825719264
724.740144559031,322.3697536411433,71.68001218170357,268.98928048075766
724.3974042088262,321.65534657749333,70.87126797614557,270.71914917515613
723.7714279374107,320.45724708751254,70.47009690180427,271.6126722641953
722.8632266995029,313.4598904131338,69.7767277921555,273.34071061753036
722.4294217212976,307.82415511597725,69.25097904113811,274.26653626097675
722.2104583047817,307.70472150796036,69.60090306577791,271.854771810827
722.0324787701977,302.097492327325,69.42838071109095,272.62535581296686
721.663166130104,297.4793665975006,69.1875173800572,273.8634116244224
722.0848300383448,300.1080801341268,68.54995811897825,277.7634028022076
721.9285338018833,300.7897176334351,68.0722399110351,280.78242627313443
721.4679680078077,298.90516441961296,68.05450601637901,283.9939168245809
721.9960689374345,299.2472382359529,67.66132840381795,286.45253924385713
719.8387513459629,291.86798655721475,67.25767373461902,285.56938191102586
720.9574004727884,301.5539584087337,66.80258463891158,286.45652863157187
720.3119845324325,295.68267610348954,66.54554457233496,286.22756518877657
719.1916357143537,294.7137010365997,66.41665550233108,284.0375002812049
721.8886103711117,302.8962051950618,66.10536781753835,284.3211640681626
720.8783287153664,301.8897335458544,66.23398838954222,283.58275529481523
721.4981891422822,299.1530754749904,65.93280179550683,283.0247551561783
722.9301309901684,313.4534652273244,65.83420239958463,281.305418675192
722.8866700580401,312.61023305619915,65.65646715386565,278.71789906205913
721.1605939294984,315.8710187645589,65.87112875695723,276.13097449020347
721.3403659844009,319.14954025764405,66.06576014325348,273.7881820686084
721.2079799802426,319.7354758718115,66.56741851877209,271.9583671742922
720.3523359947845,319.06587602146806,66.95119041073907,270.0669524512273
720.1747490147129,319.205499833864,67.05064196735611,268.32540667160447
719.5508355124542,315.90555835688065,67.12938311162118,267.7020859665136
719.056778449778,309.89612769775795,67.29079869533226,267.85748102194157
718.1644676467008,307.55504801507476,67.16449729733627,267.96592374683553
717.1004645139524,303.41046770738114,67.18184062566888,268.21874650974473
717.7691792883464,313.07515730750947,67.61143797812589,268.7602321776521
716.3511831599194,310.0337906039633,68.26047859771177,269.73372314547447
715.6207061021943,304.9550015375644,68.59457614768672,270.97834885517653
714.7387273919303,299.52517024088604,68.72781855566429,272.68669099107484
715.4868265764738,310.75553701707145,69.36271988750501,274.3246207687821
713.9532270780039,306.5260899755329,70.42299997727926,275.76503693514167
712.1930957403742,303.56810263547203,70.70030458369102,277.9622158388962
712.0192806653293,304.8320613061629,71.06466136917727,279.34092639096235
713.0195522193795,303.9346180485063,72.11574971172989,280.8782423117264
712.733013387198,307.3744422777862,72.65555707665843,281.4920101625232
713.6705553088642,312.6198061714597,73.34733176337046,282.0438925436333
714.6435185800282,315.05590491303906,73.8515361605262,282.5780733296702
714.6597964656048,320.50459074180253,74.57874208046641,282.47969573647424
714.8477040175028,327.95158048300846,75.40489326237596,281.38589096719716
713.883370354686,337.461994585757,76.46446949446937,276.7024050239682
713.6205330441262,348.69162535661604,77.27609099139961,268.38006631855376
711.9442065367926,353.715076718046,77.63314783564121,261.90622506191085
711.1125366541629,360.1540606861514,78.02553728351796,255.37018370040704
711.614868058217,368.30774822552087,77.82813737290124,249.06974564864578
711.6647727709644,365.8364903605158,76.98156912877994,247.22427653063335
712.1198841062948,376.83528628364525,76.41387572519194,240.87884628258007
712.6536800711851,376.3256462147955,74.76244831281392,239.4616230099403
713.3611134655359,385.29978799891484,73.50259377405894,234.08098642198715
713.7486474820023,386.73134386934,71.96878263380721,232.5476160398939
714.5443958871432,389.7859491178508,70.83188931673914,230.2746532254437
715.4344229504608,391.21358381233284,69.90340561752166,228.66581053802534
714.8902993132397,395.6569894568563,69.50794796738052,226.406328121659
714.1855093456637,401.30452444712705,69.23936616222937,223.44450437219663
714.4289946700197,401.4324352343056,68.85633421228589,220.07262921660174
713.1248990768366,406.20042513863433,68.89249819223119,217.4279748817297
712.4626900006275,407.51152395686574,68.73275866318423,214.84125983442226
711.320751521789,408.6469938161945,68.38112827566167,214.19974444933717
710.4206995907186,409.8016867152546,68.48950128090699,212.92125078492973
708.6660462237528,399.5494203053476,68.64767586037385,209.68793341553476
707.317607971769,402.4376729420185,68.137546386711,207.40438621104073
707.4769745449839,406.27620672917396,68.06595807348833,206.1044686954761
708.1165407751728,411.371463095704,68.42762167844111,203.4162977097
708.4939711106693,414.43138252203875,68.3042946897942,201.11809052702856
708.0838908414203,415.400574423614,68.15223355575745,199.78438356656767
707.3935042842414,415.90049842014815,67.78815543854017,198.94080592848547
707.7907633283171,417.33668103760283,67.36006024200555,198.80185725088808
707.842859740671,419.2684881684004,66.96098759337467,199.45738895486926
708.722505524835,422.4657101628409,66.56759987941669,200.389378624588
708.8459252615377,421.24695714779807,66.64513728713398,202.27578475824265
708.9622391709023,421.45588522293133,67.02649697384079,203.46749040893292
709.4125053494707,424.4471384152873,67.48520502941602,204.06638775652075
708.9450307162554,427.4732753190691,68.2228324487655,204.16030840696504
710.2410083660568,428.05003790699493,69.04302109485661,204.96466217837127
710.3436941813153,427.56029883021534,69.62941968414249,205.5550563504165
709.902096976548,426.7104801299838,69.75578507031582,207.12231806351878
710.0017467709737,424.1153222139691,69.64474999150009,209.1789638039193
709.9855326371902,420.67908522722826,69.31380113499583,212.2019654930839
713.8374772915797,429.7841026495985,69.12140646275246,214.32595126296746
715.9725199035412,425.1323324206392,68.3610882943411,217.77499571868873
715.8609531445825,419.50765434934857,67.6652204117877,221.3951275608855
719.7155082706811,430.2758284115134,66.93242232008234,223.95921850821114
719.9333232259582,430.48768021049597,66.89673424135532,225.04916449310886
720.8330867691099,431.425659726817,67.09330507737717,226.33782585994192
722.1600609577199,431.5625535998573,67.86215914842975,227.10785849502582
721.2103146593602,432.59480051834146,68.66467641861128,227.5910705468056
721.0504087746308,433.2805225135122,69.52264082316734,228.58817947966665
720.9631882346699,432.495010646671,70.20360795604097,229.33113948692392
720.4280474315852,432.0765136317811,71.08891401263173,229.21312691727746
730.4521661615504,448.7376156750612,72.31417890255489,227.5100863439009
725.4201806248207,449.0134374460572,73.61306380200313,225.48367165990294
725.8391838613892,447.28777867220094,73.89844097010902,225.46775793396426
725.7029420709486,446.21500422325914,74.21773037979996,226.4291250224225
725.1038397708985,443.07186848641413,74.39682537315738,227.9183011973455
728.5245639148582,479.67789693451215,74.80597980740596,222.78637583191122
730.8055715139765,479.98034225508013,74.8042253818743,219.63746167698127
732.9153483314075,482.6046645068798,74.80191446475538,217.56674729003544
735.814098191703,496.9610335151561,74.24544019200968,213.42011034770155
737.8263704163924,494.89340406335356,73.85485551283374,210.63396393590745
739.9089857827364,494.7575782202086,73.53380750986663,210.0596657935727
742.418885542762,495.3371683506284,73.1640853328025,209.9361396007262
745.8283857393569,510.9081553667938,72.51985624851169,206.47308631424502
749.9693493907146,509.0395399560676,71.47917421557176,204.1593570717631
745.7358189332556,473.2112709586296,69.2769674760707,212.93192671336766
741.7130366331487,453.4465156550147,68.24141349260523,218.0134392737224
754.6030052383818,482.40117274282045,68.21524901773483,222.6475630558745
750.5707964938103,464.6720825264123,68.05716952048843,226.8714371532417
760.468935438584,479.84281221127617,69.27788801460805,228.61814688141425
754.8743178386948,459.36564113739394,69.91735476651073,231.42914033533117
751.7280302726083,456.97835925063396,70.28504844040108,234.40243934597265
763.450593939614,472.9884163689263,71.43369017987602,235.18585294141917
760.7243083190294,465.2782035927113,71.32222648223296,240.383332326857
758.6154779455873,460.888241286922,71.44132546535383,244.3641617846271
758.8182986911005,461.48309501121093,71.77467344671673,245.5237237261554
759.4686526093942,463.1362010348124,72.02279528484995,245.84039809824867
769.3843091546032,467.8973879607195,73.94496501303554,244.11718663428238
766.0757991142845,466.3242976089283,73.44335230024642,245.2135099598588
764.7991481686993,466.4531518523836,73.99418155233293,245.46602462320158
776.6365765695124,478.1705565496102,76.0536787698717,244.25597909898758
771.1079256598886,460.4676982401024,76.37540682050374,244.3914625637063
769.9835378621798,459.05526079488993,76.52358622642242,245.19720841627415
768.072489380748,452.5400087257194,77.5627132376563,241.67222396818948
766.6947546615169,449.4977000427304,78.669856517595,236.3889309490356
776.427601190199,444.4682653017496,80.04708185622698,229.79217031930278
774.3567045740831,456.2699729365869,78.6102246139103,225.65304757587336
775.0270596902307,453.8703133589416,78.88301783773096,219.88318338155466
776.893144024766,450.30407097066586,78.0911207846422,213.12887120681222
789.1630401281835,456.10615989053383,76.69200126152305,208.97572886664898
788.7353708797499,457.25732023988655,72.40823110055331,208.6751314574333
791.6062313760865,458.4745939524913,69.46096802032514,207.18757446257885
793.2414324425991,447.9013056024573,68.11095112880837,200.38065041496625
795.6936277643878,453.4470711520962,67.22982346283132,193.02452547604292
798.4855956735457,460.90972913731866,65.81336000703375,187.49389429716302
801.4797157972498,469.4454163675994,64.2072522898379,184.56405559557368
802.9563670353659,466.3925857710444,64.02718680358063,179.09848113194536
805.2110050495045,465.3169914871074,63.560842332005194,175.14336743846695
807.0065077010806,473.5249068935731,62.107414800993425,173.69593853441003
809.1956486726898,469.16002755442474,61.587237802004125,171.16691673327557
810.7066543007352,475.7252355042592,60.563185563667005,170.33230295000067
812.7397222337192,470.73860188458724,59.82412351018355,167.82106262861467
814.3612551412093,475.9562593622686,58.89430799847185,166.88188910696772
816.4734801846874,478.86859621834435,58.143351249146974,167.44958943351256
817.8590651982007,471.0737107080283,57.89599685398676,164.3953480029728
819.0649611337154,475.3728325033594,58.05964062138516,161.24148660301483
823.980697422966,498.83284765397457,58.24307111142629,160.76454483327876
822.9794720259616,483.63522478852406,58.07939994574896,159.43162207663084
829.357500808221,479.52807833262966,58.021765766850415,157.61180682649348
828.6044633954823,480.7067199771364,57.42518255895686,155.53231223615322
834.6060261676405,507.62078159497435,57.024509292777516,154.57683533226438
834.3580283671085,481.8503137453466,56.34760362106782,153.45431888308232
839.2991443725526,555.1195026604144,55.015615941539494,156.50114613107183
843.3945143589561,554.5747717144676,52.908916133679995,160.71900572613623
846.0757660856982,555.266603871673,51.51375982527628,163.8650402604497
848.5813698671053,553.2310449348195,51.10301946750975,166.06922526519935
850.3305626911821,556.1889876190373,50.93200040985606,166.50580600317846
852.2560930337852,557.5857792205542,51.11383147498552,166.14904402245006
854.1917232216496,557.3318135437555,51.46910308167872,165.07929383460439
856.1123913904064,560.2080091280155,51.59664978173217,164.8566515827103
857.9528660279185,563.1128397753758,52.266066145440924,163.29158819982453
858.4148188563066,566.7901649130177,53.565265442430444,160.3607627116805
859.2919358868626,568.9437185773576,54.79130772752522,158.14413022697977
860.4808370833903,569.9492024830271,56.01332022628509,155.66261414350782
862.03713906282,570.8841011251208,57.00184389193744,153.0251482544698
862.2620759592373,572.409979132106,58.34882912505772,150.98750673959137
862.736001659772,574.3779599122694,59.8425775698748,150.26043919362309
868.2698112159036,574.1523311721849,60.95228179898109,150.37986050979464
865.4364329227838,576.1910581120567,61.90280036337025,149.77941592646806
865.8097254955945,578.463742919086,63.75209310356728,147.0745274744806
870.7754124899086,577.526996928988,64.73976265589371,146.38425464411478
867.7745245276852,579.8783226337821,65.56036954728987,145.40689544033685
872.906348097216,579.1591310820268,66.28592013924647,145.75482921065677
870.6974875326025,580.8008482116625,67.23555073426321,144.4930240464627
874.8604437796514,582.2368819433738,67.83886034709883,142.8989716005497
874.4464503967196,582.2076762670158,68.57308274824315,141.73943964252803
879.2008804273714,581.78641675952,68.56408154314057,141.1054773390459
878.1110587839453,581.8039516588219,68.7607839177463,141.02658410081398
882.8398806846224,581.5319950774235,68.63310856884571,141.268659223259
880.0550617485293,584.1689260337105,69.38967137541913,139.57562979206932
883.5452156271814,583.8617554708479,69.67368685267297,140.2214036470088
879.9089418213824,584.1986514664437,70.92666411362403,139.0678175111869
883.3551291543304,583.8013478052563,71.2710205001267,139.5794742534415
885.5339510636713,582.85169638558,71.7951334639765,140.17424539933558
882.124877807172,582.9643117415528,72.59314457429586,139.84336928412415
886.6674794305311,583.2772181707685,72.48859222937202,140.78293783343037
885.428648040519,582.9520908249742,72.7942877414061,140.76289424668732
890.7705467260638,579.5860365859824,72.33423762373451,141.8585753221745
890.4404338940822,580.8148362266503,71.88903661857704,142.1983972578035
893.3567941638622,581.5059262371817,71.08698481452087,142.72718554042092
896.3743633326517,581.2508108504292,70.12201354160875,143.1487237233319
899.3578224161616,579.5159346126648,69.24191597700577,143.8412716853108
901.7095516448303,574.8323008550575,68.46091092314144,144.76624507973676
903.1418636683525,571.9963506075158,67.45807169188534,146.14322703768048
904.2629805326524,568.566935387657,66.29577279871965,147.99104826108928
905.4844939900848,564.4619659157203,64.9362561635101,150.59873901312932
906.1561095639349,565.0157419311142,63.514592470744056,152.37382329101146
907.0915588106823,563.0708066162284,62.05717548097425,154.94718825023546
907.7541565142553,560.2038998310011,60.84608514197548,157.37248960984414
908.8299492262109,556.4033536807664,59.54815708290943,160.49463379401112
908.8409098750342,554.5063131733813,58.49640974022663,162.97007696088102
909.7435955413446,552.681881530113,57.55557898454062,165.45113564860944
908.771103035569,549.9202097203834,57.173429386869536,167.50155837344568
906.5554316228872,548.2796676454604,56.94877493592689,169.28510431433006
