806.5,196.5,31,82
802.2435758773557,194.65043104669437,31.48096738972812,84.20387453871994
801.6028294726648,193.4652941096001,32.0174564988537,85.76729780074496
799.6599278272337,191.29196460842593,32.012651240598046,86.86527215839422
798.0029144879271,188.9966721741947,32.04159891683068,87.85679339198421
796.6812233549623,187.66146780331928,31.95163185948757,88.24711800058685
794.0231534735392,185.8292618242133,31.660843750629642,88.11986178214781
792.4068149762608,185.62074447284908,31.397217186836947,88.73912386872826
789.4611268724233,183.89731042105225,30.881729228252194,88.61782738530103
786.3960609759982,182.93184797552456,30.146691019118578,88.97389814084312
783.302336297392,181.50026734448318,29.502334193469736,89.28677263305892
779.6067173535868,180.5686903849449,29.077618349543375,89.29642308648306
775.6037447836575,178.59812612782025,28.75345770784671,88.98142376641228
770.9555081285316,178.12321672981142,28.320770709260643,88.32979056944136
766.5783534060337,177.33205299585524,27.74671482832887,87.62702139199848
761.7243479014896,175.61907711457812,27.57754669160397,87.10960948801831
756.750503753193,173.8833790810119,27.514343073829483,86.73226760005737
751.7049638235668,172.57784797509788,27.260987241248458,87.012569332912
748.1348851796697,170.2704061792436,27.14936163490804,86.91080100811664
742.5665383620748,168.975701060126,27.105562868974843,87.25681257997003
739.0975510363576,167.01627307757437,26.994522952080317,87.09878046066164
733.6009596075556,165.364716360738,26.950214964957627,87.07255033697663
730.3310881681186,164.72429955009142,26.99917081456532,86.85746520750686
725.9668570603536,163.16795382688142,26.96304848877459,86.51173542361066
721.9255938049774,162.48306671094352,26.733042574600084,86.50212847567691
719.1001272200361,161.6090554475321,26.747901201483497,86.98791917571751
714.8442805916934,160.36822446874515,26.75083782059582,86.78896904604166
712.1906481929192,159.81567396295085,26.677504549906764,86.7430490539071
709.1706975151513,159.2376433048687,26.745219340043363,86.47956865349582
706.5848757935147,158.79286109323175,26.9602659319677,86.05417474280054
704.5174201932783,157.62809374030076,27.338280398202926,85.77915837177352
702.3291369275277,156.51333347527023,27.44212897697593,85.5784058458043
700.3821487761306,156.3645724686856,27.316040448989867,85.82331039475903
698.4752584547092,155.62525802399244,27.383433610143264,85.63521817856977
697.1110487022908,154.76128881778942,27.26619672002182,85.72673395685106
695.8317883154815,153.04433997814004,27.135417433368126,85.65819213724842
695.0011403724029,152.54647084585898,26.88334759782275,86.05496040583506
694.2810063841072,151.2388637538628,27.061004662091083,86.16313242025647
693.1058784417648,151.0466036682959,27.13105172071069,86.60826399959417
692.9081461710921,150.1152565125166,27.23978835678281,86.91858096797496
692.120283667401,149.04324533715263,27.41199432977927,86.73246392012805
692.3582206655627,148.99557220668845,27.4195028863181,86.62904071596753
692.7477413945519,147.83276895193802,27.331037445242597,85.53049199017792
693.387400780166,146.80546272807925,27.14123197586379,84.60209676844657
693.7912829797187,146.2252502380149,27.001159343973956,84.03847265723618
694.1473715836328,146.9073549773827,26.729928506509083,83.43215918460788
693.8425704352894,146.366758327097,26.718888141147545,83.01003846692979
694.0235485088637,146.8843011618197,26.645672032870937,83.15269670922756
694.1920733113661,146.28578761093058,26.676475026294543,83.01597392067836
694.2351891050214,146.1044379915763,26.722311193848725,82.96982096960761
694.0539828603243,145.3638951897036,26.734308483247943,82.65706735712067
693.6096667179082,144.70324869852982,26.861197282152418,82.06767181999047
693.1250142040125,143.79103160663473,26.889117577220745,81.69714684011485
692.5170674879935,143.31887321418628,27.00763716606562,81.95443736272838
691.8362837294767,142.98782117890084,27.0248952339033,82.60496549975349
690.7341723324413,141.37391376657598,27.216874280262928,83.64440008300917
689.8723039401433,140.75544672475917,27.349279940553263,84.07902954113158
688.2332945183708,139.7943102670835,27.359241437754267,84.3482966180888
687.1395430218555,139.1053392514058,27.369302833799974,84.7202498131557
684.4681320808028,138.4979407408209,27.43453730211762,85.14696691689464
682.8492549339036,136.73064931876144,27.591499884108774,84.92408296795327
681.0948089269921,136.1474687113185,27.598798546567757,84.83293757387611
679.1191634684038,136.15413789855904,27.525559052977556,84.95427781651483
676.4739051951499,135.44816947986828,27.49658421307192,84.77648939793019
672.5175783896387,135.2998966056505,27.535379372250937,84.34112116254387
671.3746690622223,135.14001709196526,27.87756363625268,83.76773731090509
667.9622440250502,135.1891632115715,27.88696351909921,83.29327139663235
664.8841614023464,135.32204102502567,27.967553412791602,82.87069328201207
660.3602765865389,133.52691524899683,28.029797913181056,82.59027856858211
657.6633901755423,134.7636639604333,27.857709510046213,81.98336878456416
653.0595111421035,132.89556989951495,27.632703523578943,82.09806881207099
650.0096029344667,132.8422692964631,27.60304768314582,81.08905715368043
646.2121873524752,132.69727121036647,27.526692876822473,81.39494504175785
643.918113074694,131.579663148472,27.311820955089942,80.9972444766277
640.0476163925226,130.87729407813848,27.073364093602567,81.17669219962357
637.8855073115622,130.69685265127453,27.013044558685074,80.44203119196234
635.1427101193098,131.09186727109199,26.838169411176896,79.7308720029365
632.5934559901983,130.94459848681322,26.494349216335927,79.81770948287382
630.0634905433342,130.2864774915495,26.286358185473162,79.94628946797678
627.9067671830604,130.0854371631881,26.053854970107466,80.05978481948566
624.3082529955334,129.49700695184032,25.59107613996146,79.43806364199204
623.7746695654553,129.86875419027936,25.574393570033507,80.2592735832963
621.2961566326292,129.41647290470473,25.550669828599375,79.71984485100165
619.5650620784081,129.5167857221558,25.49061734463423,79.52539450503009
618.2621195258946,129.60415956969476,25.635730173736704,79.03146194042434
616.0874519727528,128.34468946319765,25.380090533316306,78.81644462435055
615.1145038798401,128.78221307009585,25.554741001139355,77.8509073748414
614.1839406418432,128.65768060236294,25.531832009031604,77.3500348355796
613.6744550224879,129.0704718219118,25.64699769382902,76.50805458500945
613.0975323432878,129.37156838243132,25.624843768438758,75.76611998361993
612.6491130162913,128.820400807326,25.395051877769276,75.48616667786743
612.5177450775188,128.42644783242534,25.174790427271084,75.34595207417527
612.1008309246423,128.3751106489736,25.078798493480193,75.33457449557127
612.2599484655233,128.05260417425495,24.964075990920836,75.33390719627117
613.083782434351,127.29487088815652,24.718654528485352,75.76714367737307
614.6202796066516,127.40262255980745,24.560349247909816,75.23268968099504
615.8760985489175,126.63330057098281,24.391422096791647,75.26833673710502
616.4988777575306,126.46514264663283,24.29915597788239,75.113918098033
617.7935130567664,126.21592844819058,24.354613801575866,74.76587554288349
619.3842416676931,126.40657135646336,24.436487754572802,74.49000778258755
621.1040309313296,127.2218838065209,24.46666106216925,74.47964574372429
622.4207768595664,126.53592859186293,24.42422817519338,75.04845594473062
623.8560201744609,126.69232524303024,24.49784860106852,74.79878103313497
626.0680442109064,126.99048782531018,24.487729990610376,75.34827755913446
627.2546774126558,126.96432825661093,24.525993843382725,74.82436891237617
628.3546030941916,126.97614732737412,24.560301473078745,74.08669674994906
630.3855739244881,126.76988295042315,24.821099413620857,73.47997165386778
631.8067987448086,126.51877713990947,24.738447584488128,73.09915005889552
633.3905848663707,126.70443939479534,24.72343128389931,74.07445183086207
635.724217741894,127.38120642871147,24.72109683015483,74.81468182972598
636.8425020097768,127.37696113982045,24.625616541688593,74.4376097491981
638.9364219134804,126.49908378820533,24.57977931683137,74.1355787029929
640.4548818997373,126.91229896533122,24.463127879931534,73.33033033075172
642.3110013976153,127.09917987991807,24.44866925488781,72.84082703261203
643.3647201375073,126.49276424667052,24.50244493466488,72.81574576343971
644.7598458970042,126.87404491942624,24.527802393942757,72.47620311185221
646.0319203810374,127.31439709269074,24.625388025943437,72.18556400618321
646.5788001095516,127.07558371085653,24.88811870410798,72.32316233485977
646.6244310051942,127.54957722274585,25.19604379221913,72.37496752928944
645.7983666967182,128.25042985990945,25.421108228797003,73.08443731523448
644.9927433488587,128.33724165890334,25.45048985226561,73.71733924567764
642.9739727652062,128.09683298865212,25.42177068174091,74.42142443944013
640.8735147463344,128.11945562175396,25.432087754793457,74.3678235985541
638.7954682095261,127.18778376122046,25.383394527750962,74.28802967389964
635.4391197554069,127.63672208219783,25.26360385282897,74.36010251581635
631.9746084728245,128.21532102160432,24.990643442987732,74.38934689297719
629.7838972113773,128.77945057275693,25.090726320496223,74.24274267310301
625.8241216496556,128.42119664187425,24.71377533059748,73.8544511450292
621.5811328148446,128.36407340892973,24.5125047702389,73.72594042462464
618.0591675703696,129.00601755820344,24.785804422701993,73.75597250476221
614.4518817644449,129.31316044962716,24.893992710882017,73.66984425412991
612.3181467349249,128.257452144706,24.885719285425097,74.68628479642919
608.149053175514,128.27348331959803,24.864473230113294,74.43897365328152
605.0504503217556,128.66479347602157,24.888360074715116,74.92064045457784
601.4446797050952,127.56046057194607,24.840234388327943,74.70625514387812
599.3748923450556,129.23692774394965,24.99722415509882,74.37427016357948
596.7392751481952,129.1217554162738,24.827003661429423,74.93799709761194
594.0742692882073,129.14153835768244,24.745940743038584,75.83148035715539
591.9366716497674,129.09219461360172,24.79864618608662,76.49927913291067
590.4072412358033,130.09903718403405,24.94707658264882,76.0351036365544
589.0532311599262,129.53268110382584,25.053131545422957,76.2767090126271
586.812993835404,130.02310646457806,25.18391718766203,76.19678339097233
586.4729877638327,131.43081365669377,25.47615340302232,76.09012569199783
585.3545536444254,131.68293729164907,25.45024788962442,76.41729085666519
585.1474298409565,132.35493289604273,25.42230186920491,76.81634187848398
585.698286800849,131.17497001244277,25.109693066740853,77.13459994587004
586.8357285118461,130.79431150111745,24.866092784929116,76.50004103773455
587.7871630727615,131.77539848438647,24.922479000813553,75.69371223644916
588.6813490125885,132.10760100291066,24.685792335202226,75.89015544740576
589.7040183702237,131.41029597003677,24.407073898290264,76.10093763610881
591.3860488981335,132.08358260230074,24.30293773108154,75.86289227036937
592.848680548149,131.3385145143362,24.09562453671765,75.77070584879476
594.6718925554605,131.76125813346272,24.12636674562048,75.61315795637833
596.0285023943821,132.58969695373585,24.199381446591964,75.81910749764818
596.7885038952458,132.81201467571287,24.119224245264675,76.57953062837069
598.1959780219026,133.09989951881767,23.934539797340328,76.72128040426966
599.6683274089743,133.7336227683527,23.884128609409093,76.41711720559941
600.6231459556167,133.45891969289028,23.861417809497407,76.00966197976183
601.8527188024175,133.81027975133836,23.98849595660934,75.37505942927241
603.0312381018884,135.3992680026,24.03758314158778,74.73521702480213
604.2146518461627,135.76402257865732,23.852393655434863,74.60304511862866
605.6237269651581,136.0601646475866,23.84806497162807,74.70937969081112
606.2274223386871,136.83002443574753,23.97192596502547,75.08234109803269
607.296834090279,135.66532827391435,23.921489951160506,75.48383751811166
608.894264010789,137.2072581299581,23.829706329699288,75.8264242438599
609.5505470167013,136.6173575884426,23.800833631473225,76.60912681543347
611.3047634225765,136.63259049602553,23.702658874456418,77.22166005326898
611.7434027871897,136.19718732928555,23.8114349829336,77.66613477726136
612.8179913733136,136.6289124701188,23.862414260957333,77.72676129117289
614.0554555590378,137.2821385972726,23.97062960059916,77.36733332265862
615.4922649988149,137.23215472953322,23.9862941397002,76.89229934152361
616.3699622860646,138.42281737144793,24.118125193100013,77.09727180816716
617.1482569417985,138.75140833683358,24.147169755571667,77.35591893985776
618.231139591194,139.35990864393005,24.107467565224923,77.6744651052974
618.3471452313463,139.19339082193494,24.16084445659306,78.32023642605301
619.4246875867095,140.42504531410458,24.247282296449512,78.34068350708245
619.356541275754,140.0073165277929,24.16133284613596,78.82770001534797
620.1088192959024,140.75101632952496,24.125417252502153,78.85011777371555
620.5402848202614,140.49733320595823,24.076714380854742,78.74199376310904
621.392148469706,141.90673225188436,24.112312486132794,78.14734704416631
621.9030183945498,141.83696567239616,24.120743077119066,78.12602035011344
622.5942232774022,141.89039995038712,24.27156838450381,78.15767373364761
622.3031584861928,141.63502685134966,24.23705692230569,78.46131132979473
623.0517036094434,141.37895754275732,24.199523493813203,78.03653586063757
622.4171575335981,141.64572271582568,24.24780141744578,78.55623591935465
622.5533352881124,142.02922505052203,24.250664454807676,78.79436332908642
622.2086866771829,141.3060133471904,24.225889866421227,79.33519411537688
621.267941189922,141.22751898299975,24.26469800250309,80.15621411092431
619.7985393978975,141.90803838172462,24.206899051304354,80.64621102762408
618.18564737306,141.56454727210493,24.15825521020181,81.2579319073182
616.7673344932196,141.7121628167201,24.284459884525052,81.54375020077447
614.2630796851644,142.53641947091728,24.352021967981464,81.10829357592044
612.9757177469223,143.019670080909,24.40482063351272,80.4624846269312
609.4074248277976,143.3356674922556,24.324534256491216,79.23611085602639
608.084229848543,144.96873994591166,24.203534440677885,79.21224762405298
606.9194407884776,144.7970074577792,23.96758226066851,79.3557360517654
604.7895153743655,145.79726810345514,23.986426237696335,79.95169203053985
602.9062983483801,146.5849328030854,24.13287947759425,80.10604853387485
601.5147345091752,146.70825483504152,24.33815752946291,80.03718636476566
598.1462215698631,146.05607848422636,24.393991963690176,79.69445924099465
598.1506502699737,148.01883859101878,24.60640506508265,79.77382660828142
597.5290813911365,147.4571916723509,24.588434066691605,80.43079423869465
596.386667745161,147.8219281681167,24.549433615112267,80.69590640360377
595.391963172712,147.63097737348016,24.43246110527089,81.23241965490709
594.4862150412051,147.87114998827505,24.453960505873386,81.43689108381415
594.5663519777462,147.61696863366768,24.436407197990945,81.37604719760805
622.3401465491186,119.98417006871583,24.894456177804756,80.93233188854691
622.3253355387056,120.32995179554118,25.134325074512745,80.56834891666388
621.753525018105,121.02723204782868,25.431361676436303,80.36781535911034
620.9494541193382,121.84313211399797,25.589712996217454,80.54820099108451
620.3427240193545,122.44795801181132,25.64767719494135,80.6342400895847
620.5387319135717,121.75454853835323,25.759503879536823,80.1134500506
620.0327188590121,119.51987443515652,26.4588256937362,77.59421755325806
620.6273408486207,121.39901382926692,27.23350445354768,75.91338141106388
619.2570889770253,119.39383441644081,28.268769019988476,73.03374752278788
620.2348217824034,121.92400137963665,29.213090835227256,71.32811964536165
619.232873608172,123.73905302255264,30.296004226803667,69.70911402913111
618.3312952780298,122.84913192496911,31.647157616700575,68.88045455155341
618.5786838238485,126.11410872062689,31.848019002865414,69.6098016690086
616.6804114783562,124.67012807892445,32.4169917295861,69.60138681944841
616.6464122425419,124.01299442321347,32.9316143610274,69.67094451993134
614.7932554863355,123.24013119451311,33.927138431377976,69.37128292248434
609.294551168254,124.8910830132142,36.262197366613336,68.78682298968728
608.9115259694281,124.26192782360103,38.37848418012797,67.35203291649051
607.7202031965687,124.66144268708389,39.49344300118389,67.42557120080866
607.5755547722509,126.3695467796201,39.77867546217766,69.06285651549211
611.55509513869,129.24295226093835,37.25489889418607,72.99480608142004
609.2207970566096,128.04469778496156,36.891319994259845,76.37071405881385
608.6221368742412,124.30022801932557,37.235340920043384,77.73821890151771
608.2420187076434,125.09635039165113,37.22083578242514,79.76954197646195
608.1492304973292,125.53284086200061,37.09235169384871,81.54951585258121
607.8612443683959,126.95904267249337,37.059631246084045,83.48991170440453
608.2986719759443,127.67072780505725,36.671572350471955,85.07909417746644
607.3983610234734,128.52801126243787,36.32796007496327,86.52855614568554
607.0245187430663,129.04511801069248,35.943120622258164,87.76901038904452
607.9429903561979,129.5730883504046,35.651041573698826,88.42760601886252
606.854171415816,130.09845314989548,35.22237409366862,89.0261970222978
607.5046296100795,132.75173286687982,35.208250221850044,89.56788702375391
606.5564042473849,131.95111440015506,34.70732202573057,90.12407262091494
606.8848408277407,131.95711739041727,34.03599843228611,90.82926143599904
606.1916448456501,132.7010474856692,33.65095346676459,91.00950553645743
606.2311760347131,133.036668576463,32.77902885213867,91.5354696136436
606.501228617826,133.39063679830474,31.536127643947538,91.9497993433229
606.7284468255009,132.7886439491394,30.67693036124053,90.55242615112009
605.6805772166163,132.74474554228217,30.52767064712507,88.4526986461395
605.7928928239807,132.3415131896983,30.645654977192144,86.20193454767258
604.1411799733964,132.05238883764656,31.15890404834055,83.85607736913144
603.6362159623002,135.64107449025366,31.638298935595756,82.56253804176147
603.117179094465,133.74478266079623,32.623002322156864,80.54822501412234
603.117647162062,137.98523442232877,33.57772748380741,80.5138451574391
603.0151576931263,136.15574695903584,34.727759879892666,79.85598992579132
602.4302384758134,136.0439026448499,35.419517624611125,79.65807955347084
602.4973806407228,136.31954648645274,36.06712458116557,79.22483463731308
602.5170424592061,137.13454540674132,36.988870885719685,78.69905551812565
602.1752936904345,137.88604529554385,37.480545834819054,78.77704247872556
602.7906133802057,138.407199599039,37.99052587628205,79.66068761757725
601.9068403968404,139.58427465545083,38.03947335801975,80.9805744844289
603.0100527085406,139.48522799109293,38.130088958694664,82.57657292445754
602.9352614363231,139.81986898911248,38.56105305058052,83.88718950038653
602.8874571877764,139.50620764426685,38.748442806257025,84.48105701193614
602.1720992441445,139.79252314788965,38.40569198724479,84.91383906011046
601.2455519800017,139.50433141865724,37.46618397646806,85.47442400759174
601.3552011882368,140.06191090208156,36.44237538381597,85.7108844035742
600.8829776729389,138.91946027056645,35.69548327924187,85.04577822794475
601.2495043245167,140.29411929747442,34.37097827158421,84.93127324442608
600.2656649980577,140.70594407116164,33.35644199682876,83.64642459226569
599.8285211571691,141.67240124530775,32.38085100982089,82.6082651306007
599.7862803843814,142.51666714986072,31.2188321825098,81.8744168637463
600.277254362659,143.73855055496836,30.00622393642824,81.25325077584398
600.3396788184973,144.67119136912532,28.73625547690788,81.00282753643077
599.6588216317341,144.79273276964216,27.50840838803188,81.42686554972053
600.5803344496584,144.91152286042626,26.76850081420283,81.39454981727195
599.5283235152282,145.16233774655024,26.345988840976435,82.15452351964099
599.4316054481798,145.95334689542608,26.430583101367723,82.50378047041681
597.858298604572,146.65229705340695,26.521431875024362,83.16616810687816
597.5495594888038,147.59687012494192,26.73165770544744,83.58879860183922
597.1682048725888,148.05944529133325,27.094843769074842,83.55049707639145
596.7467858567288,148.69730190527287,27.55188453860324,83.68375241636048
594.5261065366245,145.28439119310568,29.062053641763544,81.14601411779444
593.792099162135,146.36381819363004,30.309905313626537,79.34934610159567
593.412826615998,147.52621968264336,31.415970638100937,78.11988015684081
592.5047070597326,149.769444381522,32.347313889483004,77.96487788356474
592.5118554203898,151.16764980564642,32.94056784880607,77.69186948778471
592.8544458802476,150.70985564331164,33.5386411948757,77.17237001242833
592.973281994882,153.3167458010712,33.786444684581944,77.62094511988288
593.8311571297565,152.23420785032295,33.89574548409247,77.19165852404966
594.0904423332211,152.28224863198383,33.984952911101914,76.7925716826174
594.3959651374577,155.0553901326612,33.675301616202695,78.12293090843555
595.5431624986957,153.84420372042865,33.23109920215259,78.25110235884667
596.7816858413964,155.73478471360008,32.523600098423636,79.29673833469252
597.4120106424391,157.48150227372184,31.92569835629326,80.28871533526805
598.1914299628049,158.09286255909467,31.296745341400772,80.9912022602118
599.5766399420659,158.1500650475847,30.555890240361833,81.4312313442822
600.2791397154904,158.09982649507154,29.974083289948425,81.83689111489498
601.2513109955248,158.35665364944904,29.424852409910343,82.6569561788893
602.790067158564,159.40933186587847,28.90495750975029,83.02065516023029
602.905743947656,160.07595279353126,28.81915796746856,83.12135145056222
603.5548592323651,160.68127453223593,28.647358743990125,83.04324164262461
604.1333100632265,161.3963332368968,28.59979119348079,83.12365136724455
605.0368594072058,161.51207279227057,28.747704707785076,83.04140582123144
605.3486984854287,162.65905822535208,29.012876107785427,82.86280808968145
605.494674661887,163.36514681307742,29.20403254359767,83.09274781848949
605.1134772934113,164.41086102576256,29.56508205736055,83.60727666278778
604.8162803744744,165.18263715563847,30.091601523228654,83.92692816699774
604.9417595530723,165.72375927711747,30.700706063238425,84.86144117387194
603.5569945998734,163.59762607107712,31.567563559624794,85.08655457081593
604.2945058492115,164.78231095314598,31.674639187360164,85.5341236837839
605.1973803095533,164.29476527034748,31.877217512388853,85.62768106901132
605.6283505950448,165.81341220034793,31.332781615601924,86.36945472533735
606.1310714717268,167.2966328280225,30.979007755170922,86.89576745253214
605.403977401955,168.4786396844782,31.394533937927505,86.99074574401527
605.0748900051135,170.05208812158966,31.761277662236388,86.76962129830493
605.1165780751439,169.03618372643035,32.55369891311328,85.29767618809555
605.7220819975762,171.54060481332343,33.32637060125355,84.2586807397733
606.478765474112,176.1439691531872,33.59937285270295,84.49952476817566
608.0798646108316,173.7261073152874,33.10460494196536,82.88421199072813
610.2034188659958,175.69721212993196,32.35345189886109,81.89641768278914
612.3485066527863,177.33594876219408,31.24897006612465,80.80751301033644
614.6948894853002,178.81297248682048,30.138534866413615,79.78379381101496
617.3709180286977,180.66315648648893,29.34872934745938,79.13114266768088
619.8791858365795,182.30649790327237,29.0572007888857,79.064382376686
622.2798487495855,183.9191437892163,29.17252811915405,78.94357516290366
624.6368304655865,188.04604773849394,29.37844889201663,79.71672763727312
626.7558867515153,186.52182544279424,30.30183152889927,80.27582286343821
628.8298335744579,187.48020184736282,31.689748353595277,80.6709098732555
630.4456201586243,188.7854278742925,33.012178900777585,81.59820281832802
632.7162959236783,192.396898049917,33.80524280646036,82.7139455954359
633.7759667425743,191.84703201615386,34.66372752555644,83.33630030786348
687.6138640571255,231.39981569851818,32.226366734344516,82.98591330202159
690.7050480238639,236.03907027396724,30.48763426458235,83.57650376812788
693.2647855647189,234.88985889098913,29.140679009761428,83.05578180828452
695.068697935166,238.72940570518722,28.856187532264332,82.4065572594782
697.1608783044193,238.3082605544801,28.070936395732268,81.21852071763068
698.4580126317162,241.2596567930509,27.889555314380786,80.67109590101155
700.8841629481393,240.2605375576279,27.182393422073954,79.99018688993922
701.917793918959,243.50806273869915,27.302130563000087,79.28037384011361
703.5703592836131,243.5011448963891,26.920168492901993,78.69779919062347
705.1704965771735,244.52727594503276,26.675049516819463,78.23820550745204
706.3766454374274,244.7881790772265,26.561916568345257,77.88951819200105
707.9425172616874,246.54645617029786,26.63969612081401,78.00444040814104
709.2460973602452,247.4112336093328,26.799754751899698,78.33177673299777
710.2981154138934,247.92949504980507,27.24233400677076,78.4976683646875
711.4509124459784,249.21980241507828,27.798347494175417,78.63227074763596
713.7097417399847,249.87636149161006,28.500843191593646,78.36726093388211
715.2223026504945,250.19839211664657,28.780242215987393,78.42962445654851
715.1319880554121,254.02484586719484,29.593378372743025,79.35806918933866
717.5775775405331,253.46338887982557,30.305958691288776,80.25236877418084
718.7032135420907,253.7770258147154,30.44814624666061,80.75666917751063
721.5444113420181,254.7198165268224,30.444998502945875,81.01765938949656
722.5335553111047,256.8277404292381,30.917747018019682,81.2071312753695
723.4147551644786,257.93588346438725,31.642567598595043,81.64039063620827
658.9731651650284,215.49010588653144,30.15953665999543,83.64037474699802
660.8522814399281,214.0891035970755,29.458460196163927,83.64486488728072
662.9015075367282,216.74754382683773,29.02213716630581,83.77747402126218
664.704438953448,218.10194893803202,28.714831375942005,83.80343147427334
666.6803667495251,218.82272450685232,28.580671163044787,83.4695046290064
668.6661962891674,219.82431494818687,28.589851336232183,82.9868694673914
670.2679049582956,221.17384387174462,28.82410041414398,82.18000767950289
672.0627180014847,221.94617843194186,29.02409782668243,81.05811338062821
673.9770949764707,222.2992907751747,29.264527226319814,79.94949678360956
675.9715785942475,223.6630041404743,29.447558014753,78.55545695105117
678.0008722724185,224.82402713243812,29.907844349969665,77.32084251714946
679.6617045012008,226.72253283299412,30.54195157705191,76.96069501526843
681.5285591080282,228.62516778684994,31.029199165765156,77.68742660291807
682.4283898492209,230.90064008580313,31.89728732670542,78.71942210663525
683.0411984263079,232.27692025765566,32.91273829730263,79.44809392922049
683.1899753810918,232.91365147416565,34.17566462474202,80.31656469894405
682.554259941043,234.26877149974783,35.267383075196825,81.93278262507458
681.6346527118432,232.97583620722676,36.50445531882163,82.03705054135452
680.7930531454906,235.2001239179549,37.215455607570604,83.77669037563554
679.3364112643944,234.21556689280933,37.90435553873894,83.47841059848832
676.5400630586752,235.68808716449752,38.136521096905824,84.53072527781401
674.289491091042,234.7820762507495,37.8751809585333,83.52300537938841
671.3892765939811,236.0152845499692,37.93107641383678,83.9080573440288
669.3282557064887,237.26179685242903,37.7571892337434,84.7339287943307
664.6330840188716,236.69670167915785,38.14626517581114,84.39253374792114
661.7753352833713,237.13745719740712,37.36371481813731,85.2604391819502
659.085584889511,237.08985886954594,36.54639153206662,85.91161383783665
653.4995293495534,236.71716155139995,36.06705150114191,85.68378294016635
649.2715643387326,236.93477216119723,35.938380120500824,85.42569727750805
644.4323801365884,237.6317274637571,35.21511526215478,85.40401744059206
639.7348445226595,237.79995189111685,34.77800360579635,85.50277055859557
635.7671028641548,237.61041141231036,34.64326120716841,85.51228999300945
631.0178483233536,238.32029540731054,34.232391283338714,85.42905709917761
626.3557383727722,238.32563927049122,34.028728608512786,85.27565517041221
622.0284689288493,238.9653339224085,34.08789625002069,84.81791357022531
616.7037273196997,239.19235784468697,33.85434571587845,84.5182560905537
612.516693770375,240.06196624983318,33.700971789747555,84.75520540937347
608.5216221197259,239.96184050174128,34.14494485636587,84.78593765993276
603.9430737549225,238.38480488471356,34.5213981228379,84.19002844431166
599.9209972193429,238.0611578963602,34.92566815261506,83.48014170641112
595.9981301223793,237.43259799572462,35.69188879673775,82.18104216831162
593.2691959338935,237.92205690037594,35.08697202508874,81.91602695166794
590.3025950889418,238.68534438102824,34.75730244958067,81.48708117985458
588.0209997114293,239.92861185730786,34.69921062709081,81.10321332057237
586.2053834190314,240.1801658358259,34.80570847639804,80.33879001777208
584.2607261230719,240.39561758331433,34.701337107547374,79.63114188888218
582.6298410173472,240.32264193351494,34.64018294346264,79.22057642193282
582.3497837900857,240.59599519470513,34.71667109192875,78.90488027695953
581.7196356962553,240.43559275390572,34.57304579464214,79.79535053093005
581.1043762797149,240.61789668797948,34.43873198802876,80.63023404442772
581.1771743368625,240.84252337862924,34.408205345033124,81.09855679733307
581.0210766539647,241.14202767741318,34.516271715291225,81.71309900581068
580.8641794217461,240.8300842973574,34.535086816048235,82.6293670823457
581.2729124598474,240.29508005207845,34.30220718136272,83.9090776921348
582.2719875078237,239.81398224431229,33.9421871541889,84.80162813381946
581.805003197985,238.65619219137332,34.10595224307812,85.4809366437425
583.1272154391324,238.50330687111168,33.72962444619264,85.21861660700445
584.684045680487,237.51951386979172,33.35400560281154,85.15134247551958
585.5276662240346,237.83602067014692,33.2617396295851,84.18038523147769
585.8272296708213,237.76592883271422,33.46122026422138,82.84115325120696
585.5304189076609,237.84073901505846,33.934042949423535,81.2784022455349
586.7704631199557,238.25896768666752,33.738859004814124,80.00289369143651
586.9097298903964,238.10490945521343,33.75316537849317,79.43332329616746
586.779101415433,238.19291759106193,33.73710805291679,79.58036834167592
586.5498386531577,238.23706640803218,33.6732452384246,80.18590513175428
586.6198813281576,237.83585420834686,33.42767976883906,81.16641689973244
586.3883322525858,237.87060644450912,33.18325254747735,82.1778722243134
585.3844858873589,237.36224443906107,32.80104578566743,83.04301873272044
584.169873605301,236.80152970852447,32.57122226933892,84.2968489598087
583.323840356866,236.82858943635432,32.82337179786337,84.87908174518827
580.7137283261322,236.15250236887536,32.728671142381216,85.59341101959247
578.2435033193321,236.27694586489133,33.108252415899706,85.70676738188102
576.7294391588861,235.6621913161207,33.29295331712942,85.17941741532015
575.3130510551368,236.1094277641038,33.43525954438791,84.92014573509795
572.2279841408791,235.30890286295144,33.56666084421674,84.72935379202609
568.8537236219273,234.82181917092953,33.94855323526981,83.77150361129635
567.0096713443952,234.7039033325952,34.14721782603974,82.73623965445822
562.8336514414868,234.0487670707762,34.16776139314783,81.40767627111379
560.3692585374528,234.44296172480605,34.15989358717186,80.8761110690321
556.9264878528236,235.34722964544912,34.04984617698071,80.584062349328
554.3163195862319,235.57995418744952,33.823340039723455,80.22311896072985
549.8867717788206,236.00531913109833,33.431045197392585,79.88075249916386
547.0794194223212,236.22645454309614,33.021229990042485,80.04970936634179
544.5411294781405,236.35240953301968,32.7266212378092,80.33314899396237
541.6018521501813,236.4636780671775,32.53076020998135,80.78514052443208
538.5249748134181,237.14436767456783,32.30882490013987,81.61717456725037
534.7433343749954,236.92584821899027,32.22334927292655,81.6393064997983
532.9602627355218,237.6752007114176,32.26759642798732,82.57654559529641
530.578818617428,237.3678051846694,32.26981734010886,83.25879755827862
529.3000554683668,237.9379837592268,32.18495958595473,83.56661178634586
527.624871857989,237.26929604074166,32.22237142722435,84.34535794894785
526.3496111046387,237.35347741352172,32.42033527477564,85.45490638960601
524.6077194580045,237.34541436480328,32.642048389058544,86.30174581874222
524.509827917856,236.95308289292052,33.00744457739436,86.52358999686751
524.6134452326128,236.9326555587953,33.169925072249605,86.77738358478139
525.1731676090259,236.81765062868996,33.18341429368923,86.72695573709103
525.337501439132,236.71445254126718,33.31461098165034,86.46295682374083
526.4175956687894,236.790635378581,33.21149134710352,85.88724495746851
526.9083685440445,237.75132140517263,33.36239844216678,86.18590201996207
527.8368830746389,237.7385096267743,33.50680537607988,86.40499776845019
529.4295447806081,238.58311186279488,33.47769286349453,86.60330800683533
530.0577575462389,239.4109728598887,33.705279816783374,86.91011805610475
531.251230999217,239.08868662516477,33.73674845724446,87.17788435580428
531.8061068572678,240.05057188680885,34.109261736717926,87.0642956886715
533.5403870627025,239.91111637484033,34.11507609696658,86.50347710550326
534.0786169093296,240.39105895818184,34.37832830823803,86.56235989173928
534.932035880524,240.5424969148608,34.41204791723313,86.13902292423506
536.2037916307072,240.38548456612682,34.24016255555391,85.90059446141709
537.3126475639672,240.93892390026795,34.1438472306295,85.67508395338264
538.5199629146088,241.92204266882518,34.25572748324944,85.49699565390092
540.0731571677906,242.27818800679722,34.11081625654911,85.22762041756255
541.2573206645451,242.2734581657559,33.98349349163176,85.20809205866152
541.8618735967035,242.9695436215495,34.161421447467376,85.20716996928654
543.2943742436405,242.5912362360423,33.986559447263915,85.20184235367373
544.1848110709161,242.92653284793948,34.23617189958521,84.9120235980629
544.9234471926289,243.7071306295731,34.60959514699684,84.81042001954448
546.9654311815705,244.50006080517832,34.682389292221586,84.59640884760194
548.6519221597675,245.1004868735725,34.69965444237957,84.24229034051714
549.1330128149341,245.25026856892222,35.22080099764713,84.13004689908695
550.3847561534338,246.35018296507533,35.47248156651235,83.73480356362889
551.878659732481,246.74780451887597,35.91846032379301,83.29051516746482
552.8505802460751,247.9986638611619,36.25734296184204,83.39167934498401
554.7426540627152,247.59063722596386,36.42581535801125,82.88765328875049
556.040758325032,248.11359176633175,36.413741650501066,82.82233508793182
557.113389145345,248.804390023598,36.46161527141095,82.49158419641572
559.2275176022081,249.67372253961432,36.579298470752306,82.76961585589612
560.2389849659234,249.70950051975285,36.43024567939513,82.31319184003702
562.3226474964166,250.83945059345717,36.39841532742352,82.48602856625504
563.5236388053642,251.95383488760282,36.52364008410099,82.51178659310658
565.441069491758,253.15229325904775,36.12857372855585,83.26186634832465
567.8622931617736,254.50013407373342,35.6845276489006,83.75145383630866
570.523423627884,254.79191262436208,35.470514473637955,83.9328563684017
573.1511926451551,255.90362104429994,35.235807070351726,84.4002492552411
575.3632534145636,257.05107487161325,35.095491855539876,85.01451938076583
577.1709333308197,257.9837570512896,34.862225929430245,85.97445070813485
579.4263346469336,258.77750104953986,34.712700400626574,86.66860109549978
581.7518928716443,260.3764123705906,34.41724915811433,88.17727421526966
583.4053878630541,259.4067175754148,34.666118025773805,88.72716175712881
585.471359637572,261.0334651337772,34.98182920085891,89.87169262993643
588.2659855182161,262.63792746170924,35.41624096038396,91.00174578779306
590.4615677937333,262.55809431305624,35.55489542103787,91.82088723282322
592.5645414998125,263.73991982020584,35.79347086654532,91.96432201869496
594.5727121695849,264.48453620775496,35.83473193254873,91.68298690671318
596.6109156869487,264.544193791732,35.678288734490906,91.0271473237429
598.6752842925317,264.98201657174855,35.27452210247219,90.57714762175915
630.0592835996777,240.82168091800585,34.38121831239917,92.66602266459614
629.7455097532119,240.59035090458963,34.26107365875782,93.6919401472544
628.908429771244,241.163595000425,34.951531678342505,94.13693805196577
627.1571586096904,241.62572240606931,36.09027585996994,95.24500922372467
625.8207579578464,242.11170966230827,37.04245581623087,96.75228776491187
624.475217482493,241.75619336177402,38.10896091358984,98.78345834358046
622.4532400092849,240.86895937477743,39.61219515878835,99.13458897721878
621.2832236704498,245.14960606835984,41.01735902389734,101.3347024885525
620.8628146495909,242.42595640915783,41.80463035753809,102.22464354203336
620.945170830108,242.34258539863777,42.029881057121145,102.37507902866403
621.6580839299744,242.81779955007,41.71384530176251,102.4485033125458
622.3681062135373,243.7373979030217,40.9556115499711,102.68705752789177
624.1394811304801,244.3839821165254,39.62644637756926,103.56066242012874
626.3839097072071,245.07737389858747,38.14190340830423,104.69852799922359
628.226575193286,245.32796411916286,36.75059571152181,106.43239466004728
629.1242355952272,245.94142633912077,36.073802796890966,107.69180764345603
629.6216558405415,246.2370444331828,36.136700133563465,107.51555314836142
629.4446826240469,246.16922317347758,36.611858974499334,106.9151231870933
630.134116729116,245.68018698210383,37.25865414021549,105.6376292112745
630.8043695205812,244.70783250459283,38.08086685333607,103.20477421289687
630.9163081725421,244.20497915151643,38.9779023397127,100.56925391213741
630.1114783538503,243.96164981126975,39.96697397250737,97.42241988442458
629.1438187865614,244.353815128453,40.5229412527608,94.83730585429092
623.3440843513118,241.62966816415445,37.39842445126288,91.41835887712625
623.8816271132698,243.22562906015938,34.21525162609255,89.3727412156706
625.3668772391154,243.11387584856524,31.593775640405973,88.74533298174293
626.7200976021794,244.07039293394467,30.00554070002937,88.7695916252388
627.4133409381942,243.84080027386423,28.90588329097166,89.02335186176248
626.9733447880463,244.42549272138672,28.287382396687313,89.24583746537473
626.0302298904442,241.85850519481596,28.105915858960152,88.2279665865094
626.0305746374623,243.4940651206158,27.782552924944206,88.22907974424808
626.2199459372707,242.41114688210865,27.45284767380653,87.93243591463707
626.65682538988,242.3919738934751,27.34052314482752,87.53617682989625
626.2478961427873,243.23243545158545,27.226315794477056,87.14165796572787
626.3019252115585,243.49227645220458,27.07751979703027,86.68081631380616
625.7978696516494,243.36266794868294,27.155508124127486,86.1087195915633
625.4452723166182,243.09714612714112,27.201931875343746,85.39847028115572
624.2622757102231,242.65835572511355,27.1987117454673,84.83906642696957
624.0837842236887,241.840928008619,27.15950222748161,84.47328862021259
624.2759500234275,241.06412513873886,27.04258415477731,84.2720814041165
623.9244388174602,240.68260217305442,26.98970117692636,84.13144236176865
623.555769822701,239.74971834550803,27.131694622987638,83.88379286827137
622.3719698566799,241.9045354014734,27.55110803826808,84.634281723107
621.2791352174534,239.75162991529965,27.97400034585788,84.54868997404944
620.7855377869698,238.9903474647632,28.03564802426481,84.28075804895047
620.3691131974929,238.40547438837743,28.331623504984172,84.07569648630607
619.1700580419288,238.30802725552343,28.582098356212498,84.33933277393238
618.6045572018661,238.28698761627922,28.839059373095537,84.75859492352406
617.7296515175269,236.83115656378988,28.84431562607417,85.11580079452452
616.5033233669482,236.57663134564967,28.93014372403043,84.97115302485705
616.8444653609398,235.21136021351933,28.674543608985257,84.29633554409207
615.0202945312548,235.49440969656578,28.794359915877383,83.29273398519712
613.9068018174175,234.86295179270385,29.05235716339132,82.26860002256575
613.3762890593389,235.55736659983867,29.370492858019045,81.63101107897711
611.7320547139974,235.29793288725048,29.39911581505953,80.69720959889533
611.2894763146487,235.51066859602813,29.262586894266946,79.66396529458696
611.2294659067245,235.2844685324084,28.91673682307429,79.11902712684349
610.3374238374523,235.39313469068205,28.584012308740682,79.19658786645044
609.648895544839,235.3434751880244,28.299217011032752,79.59224757572997
609.0580154558658,233.91127989733133,28.091375123892952,80.23054176543823
607.7694127485477,233.29182187840075,27.846174723404648,81.31571852975131
607.3000235610305,233.20808220759102,27.73783741488348,81.63200867526098
606.2405363282398,232.32059315788928,27.551352619524188,82.62527752087647
605.2343550728248,232.7770656439,27.471066624189614,83.82273560976815
605.5367653861681,232.18533580726842,27.154848975494026,84.65331441769578
604.4445980156437,231.2902687446459,27.085740237005055,86.0564111167075
603.4707879894944,230.71377433110894,27.194334791867114,86.57750535531105
602.3164041059554,229.0654079493172,27.060775297974118,87.04929290748396
602.1512694256679,228.57082353946066,26.869235378630158,87.24952815204368
601.3532554087184,228.3415543206028,26.773226664596894,87.44736582748754
600.9667531583555,227.85716384609418,26.779136851224468,87.29157676441217
600.855206865468,226.77273455778604,26.801682591205598,86.97912545028142
599.799435481736,226.18434967637148,26.717460817043534,86.7105870046449
599.4570477260648,225.51602771206132,26.75765054013603,86.09282669837911
599.3167160587936,226.8027413870695,26.80410098441094,86.06893891440279
598.8269201165612,224.88524955198216,26.760544809031032,85.63638022236435
598.3310311486323,223.69825261573448,26.520961474937806,85.38343908967167
597.4207921213598,222.77070636933058,26.486158414904537,85.10378383887294
597.1072315606857,223.83216801847425,26.66817082453331,85.72215778561124
596.6819880211389,221.75294399087997,26.805324714139537,85.35034956943747
595.6901710833329,221.33443312178494,27.063429515082625,85.37370466591535
594.6743244412288,219.32177234925993,27.330401763333462,84.77497225588723
594.3922467086704,218.83668457154306,27.49484743750513,84.16217635765432
592.9799438593606,219.0750302334859,27.70885981718562,84.2877258942308
592.8293197934543,218.3121774514018,27.755225553730682,84.54242415897579
592.7743292536919,217.4279363952601,27.655683685586297,84.14010606221375
591.4817963227204,217.7719948098359,27.659892747450257,83.83764332489721
591.3715769697121,216.27691647355857,27.475930687570692,83.19710036289983
590.7250563258623,215.28998515801675,27.571195896092647,82.39936036336823
589.2736190671419,215.13597393505316,27.650972707692272,81.93220878757455
589.3557582855271,215.21126944821478,27.709163511348844,80.82533633768259
588.7097955952574,215.16181986523657,27.672383581066768,79.87297240969065
587.7036286199193,215.69664411277654,27.699511642994864,79.80789857109724
587.0903287507097,214.767244650663,27.29179589069151,79.75504683767049
586.6999447507532,214.66123352036078,26.98124552169277,79.77062735847731
586.7899069538933,214.52074245815447,26.680552583255647,79.8419372553881
585.8157092874748,214.38356948619133,26.645469727577932,80.49811147761748
586.0789944285216,212.66628102032746,26.416350107143536,81.36453931953199
585.4793525525679,212.00811032362554,26.617360784424008,82.63080889231914
585.1722143273272,211.16597803656364,26.671000654914856,84.67826635255705
584.5804190745071,210.98946575882945,26.526432424326238,86.0292705489861
585.3702993754337,206.88995319134398,26.246311762734905,88.99339044103715
585.0885316221429,208.30207125975352,25.95734551932391,90.75214304323173
586.7049715444272,143.6099785300156,27.36463863312948,91.24277381520758
585.683726585684,141.6743769944934,28.037942149248778,89.90375893352368
583.1517236941652,143.39879068225207,29.78558149818899,88.97527700745401
581.1626715162232,144.536172083272,31.5047155934528,88.04444099279056
578.9703717408968,145.61414834715333,33.08292438177649,87.40866571016794
577.3606458155211,146.99442941486387,34.28575964965739,86.97768459700941
573.4612129947852,147.03624851433295,34.69198326994994,86.91765770149017
573.0252929743646,148.23804374706143,34.5757670087208,86.87098008736682
571.9254707700046,148.18284885484218,34.398954679922376,86.51178537697618
567.8618534596364,147.7244566496799,33.32321021282914,86.40910088375915
568.0912626030786,148.81707941347364,32.43447247446973,85.78408084292704
567.1259795553113,149.9251503635,31.732852634029893,84.85652746673905
566.6914989934589,150.01452802711344,31.00581797392888,83.6739011754619
579.4591407607475,205.51679600809732,30.767544861104785,82.58078794298633
579.18790323023,208.30541887690475,30.351391982915736,83.15832593110996
579.1404900555797,208.4421443455962,29.690519174501393,83.47738211767418
579.1800369812723,207.52758609512094,29.278460694181124,84.159698577426
579.7376468170917,207.0903511669817,28.785203331426096,85.01726741001856
579.621064355064,206.77309560852706,28.403422545775967,85.2387889105338
579.4417908908179,207.35684065040076,28.19606867165617,84.97585373029364
579.3833246423494,207.06566861607618,28.05869914375171,84.85771113893911
579.3902852599999,207.43801177547118,28.064967804676485,84.3852938008906
577.5086205635205,207.01055603866322,28.218208849246878,83.95920871345614
576.7120691531652,206.6066035800538,28.76920802177164,82.59136265983454
575.7737234199741,208.1107359344488,29.109679533663204,81.80400921546408
575.3682277722144,205.61905286575103,29.315314553147445,81.00526418495191
575.59150193661,208.0562800317186,29.08769488927868,81.16924531215372
574.9105988375237,205.87097602273755,29.14346115806142,80.62487196491196
574.2556813371154,207.89348762136837,29.026772831050422,80.44486165179033
573.786291408884,208.69683683498312,28.784094691144954,80.80027124057497
573.8381613567934,206.73163759927968,28.549533954728993,80.1520330657111
573.7756360806383,208.4260351394596,28.276936351350038,80.88233760235563
573.8637156035213,208.77067682791477,27.89468320451254,81.65738227605871
573.4216352052932,208.05693087015243,27.369751813087326,82.26088718444224
573.1828536839349,207.40030573456505,27.0123437855142,82.58197403589347
573.5481902809955,205.53995468641517,26.951549372234936,80.77030651854582
573.2105455528016,205.92935235969418,27.066369141637672,78.84447652690723
573.0935960346126,206.58992044390982,27.070038874774955,76.77746654961514
572.8090380897714,206.6093363723223,26.901330980105882,74.78610728895869
573.9759751927182,206.85256326304992,26.513811997868004,73.0891231072273
574.2898119573504,207.60726203948587,26.26259171925045,71.910560747751
574.1958993342755,207.3826570307203,26.00795079580444,70.40495847699782
574.2966976438731,208.2623559322926,25.541284870712445,70.0350144425834
573.8096405402576,207.43114787405975,25.549294808915683,68.66752810085819
574.6313743652486,209.3747116615921,25.176026219373856,68.60297204183045
574.7681381198205,208.35529091797903,25.2295348525792,68.03725005440144
574.6694802529682,208.74841713660854,25.070425151932774,68.05706562032009
575.0427757824349,209.26435264580218,24.953075440312492,68.41428049079543
575.1380339867992,207.76605299732756,25.071273212768606,68.10390203887377
574.8147567381671,209.0778986102952,25.097302707553055,68.4451988061789
575.0932175198525,207.81205917412743,25.21864021887042,68.50563787329288
574.98741065008,210.1033984736275,25.338381705891408,69.01946586990432
575.1655581433683,208.27955899836735,25.29304880027019,69.49570636484296
574.3670839860678,207.7970966248687,25.509428372119373,69.82895098088171
574.1664749585173,210.97677337517277,25.60946356112399,70.93975701091318
574.8864810883704,209.15328451683555,25.542606299243197,72.00292916652195
574.0893053014823,207.8379238980869,25.79769312253881,72.8157216129731
574.4167119861573,210.87458605585965,25.69840368516884,73.85077666144127
573.2014019333177,212.16863541231075,25.788529396545854,74.52393750435571
572.1542292208558,210.284340667535,25.986237739369805,74.39235166088417
571.7792886215598,209.59560677595704,26.144858206741464,74.35663539729478
572.2306559397804,211.85013046726542,26.20330157504199,74.44352860458281
571.8448849591256,212.34423818705943,26.241796110604504,74.47438808183435
571.2039242545167,210.4853899574925,25.890935656609926,74.70961402857816
570.3246880652571,209.94576629421502,25.844433359950507,75.40306337768554
570.7147577324828,210.97341401067473,25.935329362947208,75.87510263486011
569.3185542271422,209.71477148968907,25.97225131579757,76.57740895807382
569.1500171070854,208.74832120811035,25.9291854599619,77.01778179791887
569.3610996765111,211.15202289743536,25.831262078503443,77.25931764732672
569.1759425333368,209.12241111190156,25.78134612522249,77.99784677183062
568.240483151072,207.7777943236057,25.92963546184205,78.50004240362861
568.0834606778558,206.38406443522075,26.1627439018838,77.96735705024105
568.0206683483842,207.21845566124333,26.717905017373837,76.75648692405497
567.6482497464473,206.97063688728358,26.80801160324767,75.96141271145353
567.4174827719057,207.35836749589637,26.95691212733351,75.36217563654094
567.2310877813724,206.92369530158408,27.1503396027259,74.64486726942826
566.487484725941,208.6326331472625,27.020242699786813,74.74452082726265
566.5632517073008,208.2723316141675,26.99619588988239,74.94017225666138
566.2725497324601,208.46609191338746,26.953751580114673,75.35995198742991
566.312700886439,208.77814422419783,26.93945862227799,76.09850085969039
565.9224391827429,209.3196296079653,26.882092656367504,76.72135577861017
565.5606727719197,208.3813789763367,26.854681817277964,77.48838166764563
565.7267412971931,207.41429938976162,26.771675611800937,77.90801983802628
564.9145913732544,208.3226171022614,26.74975143776677,78.11600351550479
564.85901912748,208.21268722461903,26.74694494662569,79.09999112132205
564.1964128811503,207.84405638338535,26.90894978910041,80.08006297861218
562.9939946250911,207.8275561864289,27.12837794741334,81.32143024340525
563.0539010406716,207.8901736914649,27.203708517875064,81.96088432120095
562.1206906685359,207.47461743976515,27.359383927521325,82.9585997490666
562.4658680775616,207.62781354028266,27.332144193641103,83.73331874073486
561.7689066386587,207.90033760919744,27.502586608418987,84.35098186560822
560.7238221591265,206.92209811785546,27.496463548593027,84.63577324529535
561.5622243754519,207.26452740693225,27.333539964826805,84.67872439433367
560.8169420248689,207.09725656857057,27.508788227317734,84.74160812733143
559.6986041944006,207.15365106916227,27.83529202183767,84.38649711336598
559.3961979356867,206.54058381877707,28.080725813975064,83.30331021063296
558.6029950003328,206.86228582784673,28.14976742114829,82.26921985931416
558.2322205975615,208.60994869054957,28.276369205683196,80.81467110191078
557.7276375532971,208.10375009525055,27.904281574882425,81.18181105793548
557.2506187590175,209.05209966111806,27.66255986702446,81.12256195366625
556.6288233530067,208.39864322160128,27.4891361994087,81.4521510621768
556.3876415423083,208.50327751448316,27.36607040987119,81.74323801811911
555.505253503487,208.87950667340044,27.305732356540027,82.23908132553629
554.5792852637159,209.07504537792502,27.382252700294266,82.88107853387301
554.5378074811827,209.39583727362984,27.209480616625576,83.78379887492491
554.5705518777152,209.48800865601072,26.987461055881326,84.64471391694107
553.4350915281335,209.0247869084156,26.744298846414168,85.32744461437036
553.5818501343713,208.21933938985467,26.53186105736642,85.82133931007681
553.2641990061428,208.0377000860004,26.44950550933418,85.42713240886661
552.9931767423449,208.30178428843374,26.42488581802732,84.9506740210254
553.091607973051,207.83183335234838,26.523308760343504,84.59540391710667
553.0549274186163,208.62013859506027,26.617238856567674,84.15774735586191
551.7335171923293,208.90727420486255,26.72563118948228,83.8546578090689
551.2681658480725,209.72758627775588,26.86987085576386,83.8540293574427
551.7720022726171,209.5184197056526,26.7998590584248,83.71615716937002
550.5501629459336,208.86808515042858,26.685198115997053,83.49069310015346
550.9183941652218,208.74565053606597,26.368868910491067,83.18899214703208
550.2577988334209,208.56478209818385,26.230036766971512,82.98278449612395
550.923400996587,208.7701011873417,26.125433802867665,82.67532338842591
550.553726192234,208.09592567856902,26.06899351413201,82.80120817557882
549.8563717508915,208.51153143641687,26.172838048405247,82.81782367719038
550.0464708762955,208.53106991819413,26.11653626528299,82.8850859894728
550.0386834253944,208.19884538272362,26.16087661452288,82.78238692332125
548.9748449187917,208.254125345187,26.282285126446645,83.15152896444178
550.0292258160574,207.75018925974177,25.90627875450746,83.0661910342046
549.8409227880169,208.0238451251733,25.986013386867068,83.5113166660125
547.6833521283116,207.2181799688026,26.299868199624722,83.18387453879721
548.9424843360931,208.07758945221025,25.998354405857526,83.44413374561931
548.752780272607,207.2279027640272,26.17123173832863,83.39172053236291
583.5862236405037,206.69979308128012,27.080997529390572,81.38629295953305
582.5237494667767,207.12362661066953,27.85171964526952,80.0283900547116
582.3343647128742,208.4515566192041,28.69092659990725,79.32383697676755
581.3854731881856,208.27967855760394,28.855823811729337,79.82228105594339
580.6375528787846,208.66574362727124,29.020555622013923,79.9604366875019
579.4898169903947,209.34682088213054,29.26975178310157,80.34301396165019
579.8106651453479,209.37839110063712,29.276982208119502,80.90297738167745
579.7824472740606,209.43252218144102,29.105497969810628,81.29464920792554
579.3257080817821,209.64929085954546,29.029877328641263,81.58756259300769
578.3807298099728,209.88568563961448,28.939146969260044,81.72492098590313
577.9262644223155,209.66275087439718,28.819267362685174,81.65683241983352
577.856387597331,210.96124994226298,28.786444242467624,80.95413021496431
576.9273824922989,212.11624197098152,28.769417736070874,80.93735380294352
576.2928779800486,211.73291295104838,28.833076242344724,80.95109592398275
575.0280350633476,212.52792709018055,29.070031029070208,80.55683671729734
573.8917804388334,212.9103559857966,29.068945898673512,80.19264328539641
573.919754713891,214.02485958513296,29.42276291991397,80.07814829184755
571.3361046435227,214.57747987808116,29.918579067120454,79.9068772632365
570.6421383425846,215.18142215095565,30.36000898344964,80.20941447041722
570.2318214507743,216.44630281523507,30.686869992135485,81.29683754241681
568.7427976064118,217.0656645909537,31.04883238995162,81.93627649422203
568.8064864525736,217.57565121859028,31.487780719776232,82.14868112572103
567.5189719678666,218.37618422802325,32.02213333382838,82.24764221504756
567.0906358553996,219.125940692699,32.410485576472254,82.24013272655297
566.8234699475108,220.1969563141379,32.84565762998627,82.23770557531945
565.9991421889772,219.91073485410607,33.11706211803892,82.234586077876
565.7228758680255,222.84216005953596,33.57599241554864,82.38141975286217
565.8495831790475,220.7210745589064,34.24591298809241,81.7038329111037
566.1268642316322,224.534527780163,34.680216318046426,81.78287625191571
566.2682636955213,223.2141972709043,34.95746221534519,81.27300001800693
564.5581925524997,225.79835389918406,35.258375423095714,81.87065794522427
534.4995329019534,207.9311112034847,34.053345175848264,81.85347249922063
534.2460211647277,209.18119953849043,32.61713408742603,82.49787333241349
534.6039623872292,208.07211218434298,31.34094580860647,83.01366178067579
535.228106354891,207.62343323765526,30.488802084575127,82.75210427354611
535.885531369112,207.21249678977026,29.793120933734883,82.12622695855414
535.5984662304087,207.17120665447948,29.7007840213525,80.98828804406949
534.4214785621537,208.51626502223036,29.57741436808592,80.03180411153096
534.2281718191285,208.71936179585694,29.003632816008455,79.6840473007423
534.340051813019,208.82764811233147,28.409073197346927,79.49144986315642
533.8602818736248,208.96434376706213,27.781097841188362,79.48102929925857
533.5385002607975,209.09285274311503,27.061326411081176,79.57836382136543
533.0232113930357,208.92239000112215,26.428076846533045,79.62864504709047
533.1963813340356,208.59795864587431,25.944080052325717,79.83015960995543
532.0703823587692,207.65823816688075,25.712392270970582,79.0047069789228
532.4231498641368,206.73390035385725,25.519285305508255,77.82573034132844
532.611546856159,208.81260603422766,25.145989214920334,77.92354750002735
532.9280156431142,207.20263358276745,25.1613907337411,77.25109666816076
532.4826327827802,208.84802570826238,24.93607462056983,77.6970291644548
533.8270498047922,208.5546954378238,24.64323404769158,78.23806902547665
533.3999123820174,208.4406000904637,24.462504992713157,78.32411024199973
534.3595495834703,207.61226163152617,24.349235590875374,77.55308377929012
534.7727086283122,207.79577620657088,24.40368836329405,76.49193899046774
535.9218871430216,206.56314289412177,24.765211733579186,75.12252434285928
536.0962085540026,205.81908746160093,25.631508982723396,73.04472176910393
537.3322125619279,208.30448214021072,26.211058507766154,71.77585315964131
538.1556741916945,209.49923851752177,26.588826114703252,70.67718925622314
538.8217096307815,207.58952031680158,27.317068461322016,69.75194286881462
539.2264925416705,209.00126379912956,27.577281439554582,69.2098816186515
539.8142334267058,207.70513172998955,27.62616490385899,68.64414171144506
540.4552383014177,208.0090805418323,27.825656733719857,68.43017708593993
542.0126729056901,208.16993335845774,27.675847282407556,68.60188785145273
542.4888634695268,209.22010460830649,27.380453583399408,69.38992826343734
543.3668171633403,208.46235782821165,27.08064880540681,70.21175894177584
545.0640784253436,207.67961431828363,26.840760041852434,70.96584072014248
545.5428728204522,206.91608198908526,26.917454412798573,71.26062083264078
545.3183475448343,206.48263450930796,27.06310513297781,71.18101423913674
546.9438169329965,205.99634811085366,27.285126351923243,70.98459702006173
547.4480004973732,205.94982805590368,27.285790042109014,70.81525590413735
547.766026767567,206.24497323056596,27.22034981308457,70.87030897770249
548.7927068933142,206.78057369529586,27.235864635976952,70.79930975036065
549.5198600485613,206.5152757652228,27.22340278883106,71.26600399983424
550.1551347293945,206.91265476688608,27.231213197939468,71.09964042142306
550.5872975687296,206.98293452794104,27.188199052720382,70.84875789488856
551.0186571699325,206.55957350097927,27.100426778339028,70.6999836757713
551.5259094149912,206.6748852956669,26.918343352598225,70.40681638874082
552.5633011965961,207.81128432096864,27.023447799413514,70.48628155034136
552.4722749501522,206.8227988952492,26.900858121633743,70.1037403110972
553.2655687742271,206.45734100222546,26.668709374431423,69.54702863857233
552.9598474248703,205.8467798011302,26.648242345094882,69.2165764529409
553.6222903615926,207.35452985164815,26.9139883142633,69.41119393041146
552.9641757013843,205.30399536978712,26.896721183302187,69.50006921432399
554.238344611847,206.46834637014643,27.207065279567267,69.52072696435303
553.7069681936553,205.50288554203235,27.12249581885462,69.56220522305918
554.542647143515,206.4909464281774,27.476840872473666,69.70913604781498
554.3885981962075,206.44590491165368,27.625383197797692,70.16259620493355
554.4963206432849,206.58010726914233,27.747896192484408,70.47630380227318
555.6992774443115,206.4986682485478,27.963796841377217,70.53991195416714
555.0014518994946,205.59351948194046,27.69462034579072,70.99623049587333
555.8705107288065,206.79598250717203,27.50629521531934,70.95889201178588
555.9801402532461,207.37903925777397,27.397850551556314,70.85035647822573
557.3533499582439,207.57281632984945,27.16135793752006,70.58712415242654
557.5815112773581,207.351756749792,27.137268513669945,70.5553718728461
558.8475715837233,207.62054712990493,26.837805095077407,70.42453142042817
559.0621519237042,207.72886491311283,26.844857342218624,70.30710316588105
559.8084456074325,206.93292510034985,26.650399890952954,69.70792940090408
560.1822953512313,207.08274807209554,26.504728058003113,69.48434729154341
561.0570179933117,206.89232543937783,26.466212525238607,69.26107647478737
562.1215736295648,205.9219041677217,26.655412705598113,69.263545929263
562.034725052954,207.12628645267193,26.855854410776306,69.51093217723363
563.5054171419969,206.05460737084525,26.89871529456491,69.38596811150157
563.8441045470806,206.98484197577142,27.10438329674473,69.88307050351696
563.9027374556711,206.35663222796683,26.999095752843996,69.68315302402843
565.0614699935861,205.79778470627622,27.073462790279827,69.28608876527042
565.0776102293229,206.62815006779374,27.13279218423319,69.36100059461111
565.9768222751654,206.16859939565262,26.99603937340916,68.98010806625089
566.8912988077665,206.5567204246845,27.077321593966033,69.06672174062808
567.7589009235552,206.01627368124983,26.98454325712583,69.07309833506422
568.263349858661,207.7235612133764,27.23578902457149,69.50923843118093
569.6103021061938,208.7031025322179,27.79842315903766,69.87533823139465
570.344739727344,208.0705986296137,28.37731650957167,69.88695775096616
570.9480740122457,209.00083182109424,29.821549018946207,70.37356277723059
571.9065324751979,209.19125561248563,31.075642587274025,71.49085016511275
572.6447648010784,209.23969814896287,31.790615179928153,72.70609482810491
572.141102977114,208.65200299649797,32.192841593607945,73.96438566462471
570.6017479999085,208.7724909309101,30.70421165086302,75.4842225551999
570.9868398276973,207.36787707963154,28.757720913109388,76.86363436935216
572.9373561452046,207.3168907170067,27.428858774081668,77.42680429203912
573.7934580942291,208.03737026599475,26.51468596772264,77.92941854973776
574.898774272194,206.68076909291455,25.862261958159735,78.58865294316988
576.595146689936,208.0748807087942,25.39787520067874,78.49770391947943
577.3193547650724,207.78659939465746,25.12607536147925,79.65440552909523
578.7489018598537,207.42047465193718,24.907942818950282,79.63304356910884
579.6502464256582,207.93920906441363,24.875919094522047,79.61059857170875
580.0532256370697,207.66732800844224,25.117729026115093,79.96695093998488
580.9870750754858,208.39895148721695,25.080506314100656,80.04904475887898
580.8818111816338,209.24390439216555,25.256949602922248,80.00815783268689
581.2344489617647,209.21044622152283,25.35709825606996,79.9594092895243
582.0924315627126,209.55428429577205,25.485368832029057,79.87782797821458
582.3234237968595,209.87489811198662,25.63783231505201,79.3589236800025
582.969982064018,209.16564606319923,25.580549425601983,79.12361191206057
583.3228411223067,209.92252449718845,25.65434121102492,78.38675545473433
583.6649471550724,210.27435730711983,25.706764174809663,78.16434682649641
583.8152271113976,209.5631490301361,25.775828400037753,78.18559813350039
583.7731748580089,209.78076004818521,25.838167970889295,78.5001807729812
584.1103398647383,210.14815805734463,25.896332728911084,78.94558855009538
584.0040041956767,209.6276412067751,25.992719704062758,79.5574326586346
584.2011646822699,210.24888071219854,25.98625691306796,80.51042541139854
584.5103073891016,210.4534125666333,26.061767776450754,81.35036570891488
584.7061486883913,210.0910401237445,26.191038892718915,81.88580977446101
585.235945673198,209.71659036847524,26.28122889203116,82.08792124817629
585.867119395923,209.67197331255545,26.426716810922727,82.27500341776272
585.2015181693359,211.2221597403124,26.7744957926462,83.25290958065094
585.2517541154317,210.44164612331477,26.790728312259297,83.2918237298531
585.3107316983665,210.55533590259182,26.97813122844576,82.84070868979836
585.3236446115251,210.64570687193782,27.1838545608209,81.88827232933819
585.1018134332514,210.6301697995359,27.522175169965166,80.66597153994555
585.6242789017733,212.38874659313717,27.746138547687295,79.4502920471339
585.0199570882936,211.94801903044208,27.99698560100783,79.00693571393637
584.2267031951438,213.28858737696805,28.112178122605325,78.50208190357492
585.1867922582503,213.1673662218659,27.976459348885786,78.49574342678808
584.7556464658958,214.4586655047848,27.90708056587699,78.88821986743525
584.0668066582666,213.19621182696997,27.778804365820136,79.94314602952244
584.2474765497527,213.7773280446669,27.634314759301603,80.53832161700915
583.9285451704675,213.2419281162605,27.63064324901586,81.3045465371936
584.0901445613424,213.48166482728263,27.508746623118476,82.42163204363902
584.2588835640739,214.00871813058518,27.460711574103044,83.70845923677756
584.7542990692061,214.7212407449926,27.36265705309654,84.72277867966987
584.9681390300475,214.68309767085205,27.243283259200382,85.81263108352046
584.0613622328136,213.96883796132693,27.211434374496285,86.97104600489955
584.034634790172,214.17492985152256,27.22066933377993,87.36618973343471
584.498376563412,213.6300320238481,27.12552167663954,87.57015248301428
584.0738577548217,213.55074368091616,27.23576305968914,87.30540288518483
584.6897019977491,212.9465403971029,27.32438814671785,86.71633912161934
584.7240079203566,213.32498213694663,27.680975065111888,85.87558996958192
585.1141187652752,213.3237032209313,27.644024845344468,85.34699102327707
584.779972879713,213.87467601292906,27.832751055651304,84.72178737906464
585.1161210922207,213.67246876115672,27.988786399148566,84.05987931753053
585.5816038539342,213.57993446631667,27.803786296921256,83.3143513767732
585.7320455612155,213.76436467221163,27.731576206347683,82.29929072532491
585.9706056751113,214.2804343364183,27.61154376952208,82.0383762532882
586.346271195012,214.53786493236052,27.62490706279718,81.77675516989375
586.3424139849766,214.26192382796776,27.754573115069704,81.84736414478876
586.8083006331824,215.92566797842787,27.936683790826095,82.85233290945081
586.250525051023,215.00177830114654,28.255351193261994,82.74448911414162
586.5031582366104,214.21135666336096,28.45855701437476,82.46484218680902
586.8241339599972,214.80685346713125,28.625239908364172,82.05162303243162
586.8046505302749,214.88991915856593,28.833834240566986,82.32932753389488
586.322000098826,215.14859533261142,29.099232151747408,82.86340636485053
587.142728129012,215.7779431864401,29.129621289053233,83.17049082000449
586.536848327276,216.1729237613801,29.33857542110491,82.73568010151908
586.9690096015669,216.10085525845753,29.162529223021178,82.65731091205743
587.328303722002,216.39296399875755,29.24217371635428,81.76393230484376
587.4544163845042,216.763177774596,29.434126018913595,80.8164656949584
587.3859053428104,217.98488676548078,29.51974199818342,80.01209819689248
587.3178295244314,218.19617073762754,29.5354577861091,79.61361133933886
587.4633543524728,218.64614645485517,29.3499705338246,79.31159742920224
586.9296156070627,218.45623641833026,29.35453186501495,79.28918750771665
587.3142489066854,218.41756381435908,29.319617496795217,79.27153252313596
587.6503113060127,218.4371001336251,29.16106199354698,79.37095801206442
587.6646862629984,219.49449654359245,29.015765120890634,80.02415816545735
587.2142677310088,219.0843847041798,28.88405280361374,80.97203726100977
587.6557704775972,219.38818046969678,28.599386689270595,81.72081844401846
588.2528359063806,219.4170688782947,28.214432574734502,83.14673224629126
588.0128448616379,220.42205819874647,28.02906839938077,84.42757658817584
588.0209502982977,220.70799699299482,27.819377824184308,85.27339964798696
588.4222268021296,220.71055258686584,27.544933234508672,86.06505372809389
588.7133263098219,219.94913854267793,27.354041155864763,86.46466149195338
589.3051403482799,220.4889693870677,27.20139497725652,86.62018590317997
589.5109154642763,219.5804804174358,27.275802427396535,86.44754756761007
588.9898711232104,219.5462611251325,27.26195095831362,86.22704649738958
589.4758154280555,219.6314759042518,27.322834651250936,85.79475182994571
589.963321415004,220.24132902097784,27.293507825593167,85.75112129343879
589.8703974074309,221.12179523563879,27.331681160983074,85.32435825193429
590.6414536049202,221.23829877427823,27.21251867616832,84.6234502130179
591.3775817754679,220.83026223449423,27.050101464520996,84.35133869747789
591.9707397337792,220.58430280097886,26.887956304238504,83.81377722641201
591.6260306443224,219.43230645274485,27.013326312108667,83.18941637483009
592.096739646373,220.82287555205417,27.02215494010676,83.39189905824577
592.6307461439615,220.640433040127,26.98821458248776,83.78510827262735
591.9035216358436,219.25249368275172,27.277411747641555,83.60738991859128
592.1593338574575,219.71240581113605,27.54472637273127,83.37932202950601
592.4717194833407,219.1251936150847,27.7672637566763,82.82206269052962
592.676794820216,218.13745235703098,28.01453866533484,82.37191082248175
592.8608740368169,218.36667752281832,28.1899598701373,82.32974442621554
592.6176082896195,218.45480839755925,28.34650830894049,82.50146392105935
592.6092285125592,219.00727974093437,28.40094970714646,83.35992910841645
593.1852406323407,218.1210810294628,28.30910696611111,83.78665809626284
593.4658446915842,217.89312359062768,28.30741134361871,83.64027703877909
593.2712889201471,217.76455360389957,28.51968375835628,83.17763024904411
593.2000497612154,218.51522193173366,28.69107869407504,82.18026058050899
594.0570106532351,218.685476387298,28.690535101029916,81.52734018227778
593.9978571576988,218.61924054496964,28.790357775336165,81.22542561357757
594.2683764079495,218.67231944215786,28.717173387221557,81.12421340936189
594.7092251025065,218.41518965819347,28.594646232310776,81.08752739728507
594.6684716257524,218.09827877144627,28.506475749467178,81.20596080121919
594.8866869202831,217.8000949110775,28.371943699472197,81.66382567082815
594.6762489015953,217.75450269823628,28.27678274954312,81.99003763326044
595.0367953957589,217.47839573053858,28.240260729367087,82.38266241214741
594.8299281618417,217.25514611552532,28.31892360367834,83.25751256761949
594.658461852488,217.53129166154338,28.41306175612872,84.50752848528029
594.7058383998453,217.2768849720677,28.244235324395607,85.68374276078086
594.6803405557789,217.2103436786553,28.054327485983748,86.88941212243174
594.6698891292809,216.8085789462679,27.80797387044523,87.84793865286991
595.3463576085619,216.45080496142958,27.359597299017853,88.81316757378423
595.6870080381856,215.57127339127393,27.04154833448287,89.72195275379507
595.9928364789536,214.69518030850978,26.835183874526376,90.01612168928949
596.4549981094591,214.11768531513462,26.76774890773534,89.77218529874332
596.5772468548885,213.26615971142812,26.959619852497674,89.61602208106939
596.1621459421259,212.55576329997416,27.2356612022921,89.17668828940671
595.8875742979236,212.39413772930595,27.759881821762804,88.40365206101501
595.116758390426,211.40564046358372,28.16234394376496,87.94613564618565
594.1054695997211,211.2085456492996,29.092250726872884,87.36948809890784
592.637345668565,210.634355900941,29.865713297513395,87.12386420435914
591.8619454815379,209.81501886606267,30.66891389100816,87.10486443836142
591.2959380887235,209.63077624555933,31.14078095010114,87.17396851267156
590.3589358667653,209.21024046367705,31.805608257596337,87.49237737721356
589.8797192723912,208.9640094347801,32.2056891547605,87.83040089466793
589.4832050601267,207.44375605749673,32.510600629492664,88.28180347366708
588.5543741536111,206.1172418687824,33.006132277423916,88.44344329175433
586.804182644021,205.73700921424944,33.9557996117133,87.66239372731562
586.2210399352081,204.9370548875665,34.84912183329983,86.5595879374747
585.3770763850366,205.76649190491372,35.67170423044534,86.33026455051585
586.0227873578589,205.5061385914458,36.52830779749617,86.0244378598858
585.6212975973569,205.39104210149105,36.24654393795353,86.06788825091758
586.5919076776968,204.04536964208043,35.61729198463308,85.08518355387885
587.1571547807795,203.52420993012888,34.67491274939025,83.96080070727413
588.0492136217323,203.4625572507157,33.54475726240408,83.10548255669345
588.6278617794321,203.57590975741914,32.29024246331801,82.74104293642446
589.5393788458134,202.71608033324569,31.013033573551724,82.2925370546994
590.6076927957124,202.98038469735263,30.537560420762873,81.34089482080728
592.9042063537418,203.90414078193967,30.809125856889235,80.79017182094476
593.4748416923927,202.57309886371706,31.36360720423799,80.0066699296983
593.9930521170259,201.46385235986966,32.561235198355575,79.5265454790496
594.106228448092,200.95326639522074,33.9560511496569,79.15196795861758
595.0076300765076,203.6597468705611,35.04115039107124,79.07265712008893
594.777509949072,202.61244240865636,36.08550466104457,79.42492965149576
583.4337097317483,197.48401862157374,33.775956581897965,80.66319964997739
585.3706597401563,197.13883999014303,31.92892037848239,81.93097023338021
586.5429811567136,197.04443303856627,30.202342187320294,83.41971482825278
587.123509160168,196.6547271468974,28.96055194983342,84.77426822030561
586.9878007439025,194.42899428998192,28.237400494038113,85.42934888431662
587.6861412592845,191.56611492666195,27.78145539943931,84.40196620775825
587.6536786828348,190.21989092622067,27.70883416204345,82.93365619014722
587.0566598841752,188.7088014187467,27.700844557710127,81.20607600786002
587.6121404562,190.73914428821377,27.446275439608208,80.76760816252637
587.5605016281637,188.25299538937645,27.48727310014979,79.41067088329672
588.1190565429163,189.11629888025422,27.26900167148549,79.25945590936891
588.576221251339,188.41215096294482,26.821986617165926,79.35715742369047
588.9976137928342,186.8522322099642,26.381936648273296,79.26862734351587
587.9916494057376,186.51178730936653,26.335606412151556,79.11925174191728
588.2232306414516,184.9785700230948,26.0478127116806,79.18884440695956
589.0453833495609,184.11910791017297,25.7583381565534,79.19694891158129
588.7449695562128,183.89155190912507,25.745086387056116,79.64098813925936
588.2610440523964,183.03647462959995,25.90323422343565,80.36965590097685
588.9665298863665,182.70818181236757,25.74204416407705,80.71294626046873
588.5494696594826,181.96111587560225,26.022966578313014,80.72433439391756
588.5194790591923,181.43609842220826,26.216501209331646,81.14675086866055
587.8159784393822,180.80250264355905,26.571492389595218,81.81949791263804
587.5063434027458,179.9474281425887,26.786236735834475,82.13272301492813
587.8231709922488,179.43972771049147,26.86399941066064,82.79794051139343
587.5750609057632,179.21020258776304,27.062040284992698,83.60633065925128
587.154813670375,177.26793176742564,27.279020520749356,83.68667689587338
587.04055538859,176.92864899700768,27.48787784824603,83.11807294208035
587.3131009829924,176.54438360160643,27.56840249463096,82.70577218133104
585.7322462203075,176.58574096474808,28.017990533336764,82.29816302679458
586.0886225267885,176.42499828280728,28.189864666552577,81.70476078357851
585.3451193932074,176.10691129024426,28.487314096632765,81.2170387659351
584.6536144320713,175.27875857078013,28.580268982360067,81.07311358257179
584.9980985826741,175.22574645476996,28.30817449383025,80.77782826478364
584.411899604777,174.8605475459446,28.27161811536528,80.7171823836467
584.9672332828943,173.72162533225827,27.8593911916792,80.83609054888862
584.0493036984718,173.9210093709583,27.843318430935906,81.04943010603287
584.1672451855484,173.5606740978682,27.584017214670816,81.34958091282368
584.0639894724886,173.20351722064896,27.340391085191104,81.9194345107022
584.2535775359715,172.58881622473316,27.034257172142176,82.55294419239128
584.1671086085955,172.83701323927846,26.93573947073993,83.22144212153742
583.6023556596189,172.72201633650167,26.821761825297198,83.97587770575078
583.2332145089493,172.50628653097763,26.721360402232897,84.92820430688828
583.8594523950763,171.54057967665136,26.40062336422417,85.33459109808324
583.498012334265,170.3389134047572,26.25966385953462,85.6230008799545
584.0945784391597,169.29016681918816,26.036979726470342,85.3425078583893
584.5960059563162,170.23182286421712,25.957122405246295,85.03110901067149
584.6540001088296,170.07885796043317,25.961237370034983,85.05607346022049
584.7949622097016,169.1984528123213,26.1400588307418,84.62291021518445
585.2832444324862,168.67789358368725,26.237018383432904,83.97015383648457
585.5517298283928,168.69896798479132,26.252671638422225,83.47982114011897
585.4239685604301,168.87236208904827,26.23292767602046,83.30198147765708
585.8043974348544,169.10700920784205,26.040112086252307,83.04648148638549
585.906114428398,167.4930969863715,25.913060602078573,82.31053792395545
586.3224257148644,168.2756122384806,25.88003696141204,82.15724247756809
586.9442778381361,168.83389511814073,25.84863957197752,82.48378921080915
586.7595746110952,167.0779653311801,25.946595357486203,82.45727650651688
586.7926981957313,167.3583623495718,26.209331018261476,82.62059831827479
587.2175203041859,166.1813476449739,26.369308302321357,81.9267566146471
587.2171819802616,166.01398478620794,26.467590521320652,81.78946873945897
586.8268613077033,165.42838374881558,26.61247424133424,81.82248793574948
585.690429660345,165.0831397767842,26.74407595844461,82.1786805175781
585.706179701197,165.0536062416527,26.816592739550273,82.53603787032895
584.7660509477992,165.1881578278756,27.036015099441983,83.08021963145015
585.2815340622433,164.51896605695214,26.885779618730385,83.18264328579258
584.024174759069,164.81732063627211,27.22054298101471,82.92323386150662
583.193540385414,164.87562965431312,27.54362915977446,82.40445521069569
582.9947425874354,164.84556594224074,27.70712216385928,81.80010814753577
583.1729469975882,165.18320687298643,27.842745245628638,81.05993473162911
582.073040025532,165.33682608798432,28.129234714452757,80.7148008382263
582.1016828547222,165.5631514566835,28.031020312292682,80.40324815309124
581.5946490954676,166.15050962040607,27.944499747534618,80.10593460808629
581.5194654342782,166.43979248031837,27.606119026137875,80.38343428075589
581.6909157011206,166.271218788209,27.360275961642245,80.93332019382225
581.3078403175136,167.32436348942545,27.23030564416601,81.41190136824794
581.2690080834448,166.74789448460473,26.98112384055046,82.01775784779522
581.1231378346924,167.15266515840074,26.914584483995974,82.39458818427761
581.7015343457291,167.60685242877423,27.076809229828832,82.82752652881501
581.8717202671917,168.81882103148064,27.030169881019546,83.18426640355662
582.3060859363019,169.88516106594363,26.99596663136871,84.11480445139092
582.1885331754996,169.43071527214852,26.746989871383693,84.89743516232559
582.5724231851437,170.08402478268854,26.826145899172545,85.92379987346904
583.4078844764704,168.4126564665188,26.549357003538738,86.63373711883037
582.3540733049772,168.9343453246618,26.55921962286172,86.4758127459358
582.1537639354686,170.0667669266927,26.759040640135325,85.5988603576088
581.7306816138837,169.76702563528016,26.9534071542234,83.63622607909053
582.4522218576518,171.55978610923475,26.622537417267104,82.5421244465195
583.3479013023015,172.43788732747817,26.546647649900766,81.91444321402739
584.3610408276141,173.98277496561766,26.686156057695044,81.14841914891478
584.9574450439735,174.66945629776893,26.713029960829964,80.75277614918593
585.118436148662,175.6397425483781,26.34602021231907,80.66416812169193
585.0481141938576,174.54501086014884,26.34108430701699,79.36578798466172
584.6892773369448,175.87966496841432,26.133862793887104,79.24764892515898
585.374485729028,176.90423875836206,26.083129442299658,78.8406981197462
585.1937216622588,177.74997230245998,25.93842972492417,78.56294603647135
584.6231909042702,176.73981838373783,25.660153372210644,78.69360114488123
585.8255019069682,178.26432745352145,25.19598036621975,78.61929037034994
586.1777444990843,177.7278736939258,25.017855634162785,78.11406120703087
587.1322934345436,182.00002301871348,25.37691119227547,77.91086420387889
588.4226846646517,181.11097216900896,26.321540576312742,77.14177213764764
589.8559390178631,185.21704106465015,27.77427577781858,77.17327047765188
590.9405997138864,184.23234955289058,29.150084638609954,77.80052391304386
590.2645464174827,185.2720221355025,29.62656240241489,80.63152907054342
589.6892369773158,180.81419825238046,29.298358932246757,83.30580043679363
589.1318531005517,178.2659182503736,29.0317264582283,86.15939045103073
588.7474214128741,179.71189613211186,28.96184024604748,88.10492858403859
587.8512175643248,175.96163422378123,29.266650477631252,90.47415195132854
587.1144862033036,171.0292299046838,30.135053039513505,91.27439016258243
586.2021537390327,172.2767559033273,31.216066577979518,92.83016662217409
584.9152131972583,172.64966850337547,32.516024860510676,93.39085032081283
578.9612029005773,149.56262723831085,35.324758420791554,88.98066237364715
578.3272660711355,154.12706001596035,36.922172779395666,86.6292960172617
578.9082101377808,153.94789498059072,38.13126371676853,84.81490088734792
578.3442358405899,157.27463021511343,38.898642536045635,83.80483823995775
577.4627492299124,156.40478071995426,39.32543185179907,83.06299273564719
577.6230072190756,156.60173768871147,39.559232811396306,82.65572838774585
578.2707657226115,156.97196458242564,39.674448192820776,82.18845210485696
578.181936861237,160.8655865931666,39.10535389187293,83.97794357989605
578.8017556525913,162.96196153195416,39.02246627292468,84.97596289787757
574.8093960658167,160.08696348976167,36.90346668884442,85.81643120363707
576.1310784209392,163.10214729729418,36.24111170035549,86.29194728226715
575.5245571598133,161.52839816808924,35.81964895069562,87.13564996458145
571.7843768121617,161.52878636905746,33.8770121713284,87.6302093501797
571.1612902825109,163.05976544894583,31.99907548560432,88.42367487929153
572.185531753552,163.24719307698277,30.48660650436035,88.60846950791841
572.8119851611522,163.93334615491398,29.31302637840344,87.96343014053869
573.2463794271576,165.3381840577274,28.57212046112442,87.26706061886264
572.5575786987534,165.82261100660918,28.331553444689053,86.25231206849398
572.3444035385127,166.98358065855456,28.102525065867887,84.86518352224027
573.0979821586367,168.58325154554595,27.943303263776002,83.69384591772159
572.9192576089682,170.4224735828974,27.699911794570383,82.61551761908069
572.8385302733627,171.64512155468464,27.44359047720268,82.18619929658473
571.6642832794397,172.32835950445812,27.463239202521198,81.7289453442309
571.843972476411,173.53677870670262,27.511461420027068,81.35236248631173
571.1391214465265,174.98383012317387,27.46896008681342,81.47749669484263
571.3512599032499,175.54681444103133,27.32228769368737,82.05945647824086
570.3327748077928,176.70495536718602,27.429789372066647,82.8046262994392
569.7669337188402,177.0744871343066,27.72310033272108,83.6897629900744
569.7076442693215,178.26483921845028,28.009866507287313,84.31613603888914
569.3583293645484,177.68045540349024,28.407350465221484,83.50332388823058
568.1805457113715,178.15664998932635,29.124652877089865,81.79263935933099
568.0873490772096,178.9174224187555,29.999463699315232,80.15333628599899
567.4939141690439,180.14605986998433,30.85899601221328,78.09095473175836
567.8304287417693,184.2347930371089,30.873749333174054,77.41886521330517
568.1789845800253,186.64160610138063,30.877672619793312,76.8759152207785
568.4036197570749,187.95179514615597,30.983434280540777,76.59715900699078
568.83400866497,185.68186908077467,31.246966362173133,75.90993222311104
569.4921817796442,188.11979693413036,31.198223887822245,75.28534394956617
568.9604627464847,186.57487889806507,31.674963064408825,74.88074924128598
568.7014970798476,186.39984291561115,32.199703328225354,73.98197705946531
568.7387833912466,186.1931094161949,32.631420008730174,73.50859739673012
568.9467925839161,189.8076160306086,32.27978688850288,74.68017124981185
568.8839474461086,188.82725979883102,32.494365965752365,74.97224309981114
569.1543751824436,190.07755674132858,32.699810177130104,75.22576503474707
569.578290970351,191.05982419014975,32.76520890126488,75.55135836815329
570.1386976993876,191.9884993797821,32.58458402990353,76.42799698920903
570.7562025220163,193.03605618149527,32.36364787574263,77.72460797226952
571.8872509878489,194.43937547819283,32.02953673146904,79.27249113027818
572.2839171124901,195.0868241621037,31.77324376212441,81.20998655038977
571.9466471719511,195.6693225684022,31.602422052817047,82.73007527284219
571.6969974021382,195.98116435301682,31.417809553639714,83.0960122699811
570.4822547317109,196.83067991522955,31.612410632409336,82.79987671535697
569.0513267067432,197.80986290552488,31.987315808016106,82.49585159799416
567.5704139401705,198.82000568782314,32.24905546278938,81.98442507175062
566.8443935301177,202.08941369450463,32.74462048857957,82.17055603409564
565.5280322212931,202.51669473331214,32.61839287276934,82.26113902703341
563.8648636597386,203.07784416279395,32.42760987296886,82.58046981627844
561.9287044588943,204.37931055641013,32.398584213759584,82.97099220063114
560.1081010783757,205.6206637549554,32.57957397574278,83.37785484765377
558.6975359647034,206.4438581596907,32.85367542310382,83.60651980157274
556.1000677022591,207.55205885378965,33.31052620122735,83.83080869238181
554.4520261330086,208.4851489428649,33.84022283078668,84.19440275091043
551.9141752576055,209.6818959989277,34.155582937305674,84.6845279472565
550.7032542118684,210.384816856837,34.530517603853205,84.90953273183462
547.7667187098629,211.45429194630293,34.86338122184746,85.17823230838067
545.7046269452436,211.4517667620687,35.58071679728957,85.14898547134132
543.9091024662468,211.74394084150896,36.46340579854188,84.48581485616054
541.4508509548367,212.6109973896938,37.33927085139128,83.39500622699208
540.2888099322327,214.2209601003376,37.812123705773104,82.73584821789018
539.3536145772375,215.18125075234434,38.21368228056287,82.714238113866
538.7366706426166,217.1467766530393,38.327607695962584,82.95118891791437
539.0695423844928,218.08729469925765,38.01318722074737,83.52102620041659
539.1295297793514,218.39818777457435,37.8051750444935,83.4492383927741
539.1214043141612,218.98530238528042,37.62810750356162,83.37647856890682
540.8727592980936,221.27107168768856,37.026245685949945,83.22633669642086
541.9078229463473,221.3473836217761,36.373230143859985,83.46681201705039
544.1520430454267,221.11827091699078,35.263744833091266,83.72010960963398
545.6722636558452,220.66141466924182,34.54898863651567,83.47660603304942
548.1386040483062,220.7042246025321,34.17508279971396,82.6042658309853
