662.5,138.5,37,85
660.7738177036722,138.43359366682574,34.53510299216116,87.63657848780544
660.1481133808902,138.91843008290454,32.96316979125923,90.13875199773464
659.8770934223104,140.1782087314935,31.830152654852803,92.14326448662848
659.5337272376912,140.25628624640672,30.839224320432116,94.37026289537016
660.1761307365646,140.75253265005256,30.50452632765975,96.36707367694567
660.637023888002,141.83490520113367,30.362018124321846,97.89952958834851
660.935992400574,141.85958091669505,30.19823724880338,98.09400277330029
661.0126558375292,143.761568342896,30.0457260702195,98.45319587438965
661.448629348382,144.57218763740468,29.852698840689,98.89478606459281
663.0583758640415,145.56842590744554,30.094458498731672,99.97261654088376
663.8987157574144,143.94482453501183,29.961747934054827,99.89121744859298
664.6376458132482,146.2951006540419,30.152139694449644,100.88222071056336
665.2857425286013,146.0167076892925,30.620821794940227,101.1961436108206
666.000482862289,147.25395323764008,30.517963494470017,101.72337079682507
666.819850109396,146.6457136765946,30.684749057934035,101.90849954469422
667.9572633522002,149.1286683080499,30.25653001899627,103.18573288661149
667.9583291287787,149.2361243682284,30.442707479682987,103.9591936881982
667.7981571435577,148.8291259861332,31.029333799949832,104.44550643735296
667.472229629472,147.7606042253472,31.776460765670272,104.12854686329806
667.1693320360615,150.0703611964662,32.19385201825104,105.13969154761654
666.715850826072,150.1284914572525,32.88358945286871,105.88276644855978
665.0769164282019,151.9390625425883,33.679744476789004,106.97320073968018
664.9213311919856,152.64620198396,34.50622934941762,108.52523188119822
663.3016395119738,154.15193993680575,35.3306828426506,109.98442953660295
662.6390579297453,153.2630080651208,36.30511156463514,110.90197312912062
661.3665641354481,154.55704737690394,36.88660389871288,112.23294209962481
660.5759749726228,155.929734190008,37.11499818677347,114.17249736745961
659.6016629628056,155.8083406601347,36.91861483450551,115.69596222261639
659.8107001017304,153.85463667793033,36.8431228420599,115.78674101565363
659.5390201311179,157.92675446104727,36.73194504591538,115.71013240254479
659.9349104142492,156.97609315012613,35.64758274261128,115.64263588299914
659.7767841640168,157.70513347150995,34.52067208656666,116.21469611700152
659.5896863697295,159.54063435837767,33.84643043740185,117.13432964294867
659.5773367127985,161.2876630566513,33.68931984907266,117.34258018593083
659.710754564382,163.0850492008753,33.61294663086147,117.8804902209387
660.334940381398,187.19660534381063,33.56992062747507,121.20388672413051
661.3215464748881,180.67052321051548,33.85704507799176,126.50989477505306
661.1220517790954,178.27429250862295,35.058937227698905,130.17831724413048
659.8904556126325,175.70106867495326,36.55419906488547,132.6671237390608
657.8490460431083,177.71795534987498,37.36918497105445,134.91560317776106
655.5598697185831,183.245031337007,37.41044207338246,135.62357717243015
654.7129195924155,180.5487866877183,38.151226087600406,138.10231176939317
653.6770221537338,179.4165656459158,38.72804957042501,140.32487491059797
652.9637250624241,179.59059831793084,38.995433309547536,141.82533485228868
652.9746582814531,180.60872474181826,39.36564366182228,142.8555824298526
652.7454293177776,181.11283811472873,39.65386769875913,143.7949994408981
652.9979042972765,183.66124848577095,40.23395401753238,142.38468711594314
653.2897519850493,191.09501101813385,39.54879998072861,140.71102019788486
654.5991433259347,187.92717905033635,39.064370459815855,141.9417785281637
654.8151441739698,188.83942676603004,39.42851247435905,142.7700250058034
654.4142843996202,192.166707826674,40.45675437932993,142.21710072478646
654.8649283175065,192.02663229836327,40.668561946274764,142.29873168725172
654.2002023035359,192.19443595178427,41.335871339824266,142.30423809677362
652.887257812451,196.4672450065602,41.66346720828548,140.2603680722437
652.3793059378994,194.2491107640442,41.830033200754926,140.1432827708072
650.5845081055863,191.87928979080664,42.262145526071365,138.67118660769367
650.0932573063565,191.49190619261879,42.67234448504681,136.6885053692397
650.5466848906251,195.58572474578173,43.300310946033804,135.31924528088865
649.9283857701035,197.31720281162205,43.48706432604636,135.08424711315146
650.3385668312387,197.12753788291798,43.06131174447685,135.82635599182277
650.5107913428413,199.89648356996864,42.09370760423674,136.1502519369048
651.1191002589333,198.341120042588,40.57538169962902,138.10058325020339
652.4412137877403,197.09979580601805,39.2733831738524,139.54061475995672
651.0690947283299,183.09897709427543,39.37263680895425,132.53522551107872
650.2049563568003,188.64032762238645,38.799354342189986,128.31142738607
650.2221359266683,187.8012203270491,38.26412414017502,123.94730503597934
650.4444388841521,192.97687658667473,37.391211109175856,122.14745373651564
651.057949758459,191.65156991832555,37.003806672516504,118.9445800584435
651.5278339114834,195.08364421049447,37.12807402053559,117.15757800425703
652.1220836148217,197.18303241492998,37.19539131193356,116.16246780556062
652.4186439979663,198.2342604490669,37.26987743584578,115.1975445675251
652.0770079648437,197.34442325684972,37.95294140526486,112.85104402520165
651.0876070922398,198.17768096787904,38.39983010840442,109.89467991787839
651.5165039235943,199.23909480227155,38.67500177200432,107.94031826574361
651.5920418050653,198.28381537762962,38.70357348454365,106.43986899544433
651.881635348414,199.50746904167988,38.31410661125941,105.29046794690771
652.5962516911645,198.67047495144436,37.424348472667695,104.08279256651144
654.866497642977,197.98603314386523,36.36395863126783,101.68401699435282
655.4734701565314,201.53407015239924,35.163599820765356,101.37347735915128
657.0238834552893,201.5433587870709,34.40318679365362,102.13776245505375
657.6806706644595,201.78987587212907,33.688230763489244,102.6145538507524
658.896976891776,201.04440681703284,33.257650350405854,101.9563952335736
659.8981657299117,201.94062801273523,33.166975187829074,101.66922952216152
661.2073567377727,204.2347367269678,33.42530525592372,102.55304034915898
661.5872577143717,204.1004425377679,33.59714112630746,103.53572348559263
662.631208667389,204.87997723799856,33.75036861861861,104.45146635434205
662.1402951855739,205.47081490932283,33.73308911547892,105.09409964549785
662.1546213631259,206.39877999431593,33.58697807414232,107.03947548480423
662.8811749320408,206.26571412008803,33.783271528162615,107.97851708910267
663.040855747505,205.9323412105308,34.0125552743934,109.001833748099
663.1224472655173,205.61807808872965,34.2914171223353,109.82677602699587
664.0162328091548,204.43118224131308,33.953406438884166,109.88788413952307
665.5610394396871,202.14604162666558,33.35182361147442,108.29539986588841
666.3516298192683,203.77714189356374,32.93936691237048,107.2566004017332
666.8968419685693,202.8392027637349,32.4055987955807,105.11105103001266
667.6837561533061,206.74916475827945,32.1540609658487,103.80119307333325
668.731568406667,206.62071888067874,31.621779864850517,104.46489976135786
669.5342019781338,208.58647456053563,31.389874071022753,106.48306396164162
670.438696953916,207.42205781776818,31.936463495679178,106.78714220768985
670.9561752764574,208.66815815458867,32.65780098187523,107.19526325607951
670.9321421524749,210.28392739323408,34.156651078602856,106.73174898495019
671.3573604804149,211.56044455220467,35.999879927178455,105.31289247100219
671.5525521896207,212.5532678831348,37.31734589212111,105.22261080891307
671.7349038940446,213.7099704614409,37.683564765015305,105.84165213209823
671.5583196012477,213.8115105707289,38.280556074235996,106.04311933664658
671.6183949826992,212.95262866884454,38.77250579332006,105.58129839882288
672.9212107551126,213.72504657705122,38.64350946615994,104.52444393163931
673.2634752789774,212.8663196458353,38.42662466286288,103.5895282948646
673.8023393307221,211.39689008077622,37.328659912616715,102.46887194875598
674.477914569983,211.74654199205474,35.708848024478485,101.70022139280762
675.2450319249604,211.47316751727396,34.00179590548524,101.2867060768319
671.8285976039982,206.57475482796823,33.06460829969834,99.43646343176177
673.7490669451003,208.64274051124198,31.47711786540397,95.55672590639503
674.2286347999627,208.09098982159563,29.937328607438292,93.18196843749746
670.0485927097243,211.99577189085494,29.110342895031927,92.60438176174742
670.0739208729344,210.9720380787247,28.529714134567797,91.61418044260272
669.6313569607103,215.0867046888822,28.856224128739434,91.4054904565406
665.2702311535963,213.51067545244516,30.355274944932667,89.61088554974555
664.6719268136968,217.56144512209875,30.879865573584276,90.01819535442027
660.8872275233098,214.09820714774003,31.764396295471627,88.67201009403126
660.9171087446018,216.08368600685304,32.01351948683295,88.31315083123434
660.9738938353235,212.15518323218805,31.61967276844818,87.19341458979287
656.1473247649263,213.7931016681527,31.01471612164483,86.30360076244969
651.5005278255741,215.25007089249195,30.44490477268814,86.75332312614916
648.0668135726764,211.92797543070668,29.577623061961177,86.13904828281298
644.5173010384259,213.65692447319887,29.050310125396397,85.06545376762227
640.7662716343555,212.10005322452986,28.248808676579294,83.47776642105772
637.1885413735108,215.50063201060865,27.813319186061513,83.60011510881834
632.9113398849098,214.14172805317673,27.713847765985637,83.81300993202265
629.089964819404,213.44268950401087,28.458823677484375,83.0987966479691
623.7325982466422,213.8555246287682,29.708240050547204,82.17982355249958
617.7789296690947,214.45818419031943,30.79858158491458,80.91021804094026
611.4147239953518,215.04470278019568,31.162391797146483,80.11710447306714
606.7390355893515,215.51881245328462,31.80816882429601,79.6326031537657
601.0473132362366,216.2789522701994,32.292157506355835,78.8085964295774
596.2791232501656,217.73246949773534,32.262244715741495,78.98505639932543
591.1144468446407,217.89371274010836,32.71095558953529,78.5142600132227
586.3620341181391,217.38604347250106,32.394633123837345,78.2779174590361
580.9583762042646,216.2549495013091,31.781165908678823,78.54819065227449
576.8578159862316,215.93082418997284,31.07336796400745,79.31639207608112
572.7665798500918,214.7447900725611,30.302931720356924,79.51402755638796
568.2678187192937,214.51814653875488,29.975142321186574,79.9963273431697
563.3463808807766,212.41679975467818,29.896639862539494,79.17627577887679
557.3501957398812,210.61618914560864,30.47426672086834,76.93981904138843
551.8437802945828,211.7759901584107,30.748414864578145,76.54723708872132
546.1387463278734,211.36241773752016,31.030214556114597,77.36750227672074
541.5016423140496,210.70429268351495,31.685357299032972,77.96364196831883
537.772255167287,207.82878017293734,32.42297737960662,77.6492134601161
531.4712417608886,207.82440291001038,33.20172767262812,76.45474809537558
528.7861229756779,203.87415099000134,33.62871506375869,76.06538834896787
522.5369444983817,206.3985224072757,34.12822119590235,76.14793499653585
521.1760877826698,202.5300669997949,34.43289380243605,75.325093347203
517.198642855948,204.56694515320268,34.8543940875507,73.96949242445118
516.2209527041897,206.66597941008425,34.63138102711459,74.05039796693195
514.2671234250797,206.71494057381267,34.48489281867213,74.35468670953583
512.5995875384209,209.0583094011551,34.17907995415695,75.30901465238513
511.92795901462887,209.91122040990126,33.300142091691704,76.9397924617056
510.8423592450725,209.30351589805838,32.547348520147686,78.40108767711703
510.3523995570689,206.99501039489243,31.94469317100385,78.86440882215136
509.1193109666363,203.38120577944068,31.802764692384116,78.18232481193549
508.8040732472309,200.48458552695837,31.756220654304386,75.79821145795236
506.82214614440466,203.5846071552183,32.10605713496605,72.5293572616437
507.81619761131867,203.77868863288242,32.72042030755283,69.64326568693066
507.72883173344434,205.08130593537572,33.307096601656376,67.39050165870717
507.6895495177927,205.92957788481255,33.4411319130805,65.75349475706243
508.95421861436637,206.1363717776561,33.12387562911289,65.9040896104973
509.61375907620715,206.88526144929222,32.56392297796482,66.75562114216402
510.4035263105442,207.2363093782879,32.130404630201426,68.27107222402252
511.7432911964594,207.93591118696963,31.595703893176314,70.53247189149485
512.1017766152887,203.14216608813234,31.231634007618414,71.0675395656709
512.6282462973714,202.94251854631528,31.37039665170023,71.59711880968062
513.7437230601064,199.6236689552794,31.447139945535895,69.82299185802438
514.1714701612406,200.40652897524114,31.656551863567834,68.77416162866301
514.8654571893135,199.07257515474134,31.65559565352936,66.97480557108476
515.3395915810237,197.95523939426283,31.55489854111815,65.94464435698013
516.8918243268988,198.15457765450967,31.59674170987494,63.96947099696314
515.2884479814887,201.53793975546913,31.881124920562137,63.1903413995364
517.2262254864239,200.85871311339088,31.701797461198396,63.1098424761276
518.2774729244636,200.98495672435857,31.709374005788455,62.5872093908976
518.9036379394952,200.83582953976745,31.697469681635013,62.11577497500373
519.3260195941202,200.17981088297427,31.713106810693688,61.553734253235476
519.6741438765448,197.3008150388218,31.828956331724935,61.160436001660024
520.6978652263628,197.40336660489453,31.800938308983987,59.6245597543565
519.630337312491,195.77572347593178,32.1348914984831,58.72048989503343
522.0346195531289,194.49033018550975,32.01542203750131,57.874948999376045
522.6667995781811,193.82023610465959,31.59250838708576,57.29427710896761
524.1200861061809,193.77506250945208,31.284806323746512,56.75288361010497
525.3663503441798,192.7098748444902,31.08905652664299,56.17405378942447
526.8008847242826,192.6895110442003,30.728607551746077,55.986154617242946
527.9887818878962,192.06560175967414,30.247594337189803,55.62886301783823
528.8498530722914,191.97121918510422,30.14628619977614,55.68324129969329
528.2413868512201,191.58731590420527,30.455895519894046,55.69002940646267
530.5405150931936,192.74626193166554,30.230290612943,54.91217772534431
531.472359556828,192.59421419896609,29.90539834895855,54.6868569872444
532.2927455672592,192.65969528511636,29.798895184144623,54.89293637177902
532.3859838838982,191.88679112795973,29.914000678675997,54.80716278358831
533.3977029584601,191.59035043374018,29.43076776980212,55.117120831229926
531.8718762294897,189.6155843882381,29.57806450967947,55.05650344332181
532.323587927256,189.49037305611267,29.27699337569016,55.56347150223168
530.9414973340249,188.67080072883647,29.635004670794885,55.5476879493866
529.3531585185552,186.84620619610786,30.00541074869473,55.34433819076244
527.12047736944,186.2270775054953,30.380675619556996,55.78616546105613
524.0822334242945,185.05023490215189,30.48092049074399,56.03948264482426
520.9458616627543,184.58772344374674,30.580619809112513,56.111330398365496
516.5156765696363,183.17086726613985,30.74036552940601,56.07936492002214
511.97170084680573,183.37624334858336,30.8661826138001,56.420525945023165
506.7931857041369,183.22953994807423,31.038385094572337,56.369929634917355
501.80208449300596,183.74212126854536,31.25745637517163,56.85345711276476
495.8323251355076,183.43749799778496,31.42470584120594,56.815683135505836
490.7421064790693,184.72317115788482,31.715178096709508,57.08426329655305
483.45294427196814,183.75137783009527,32.178236664659366,57.39699486866658
477.84274831390036,183.60919210203664,32.0675014140469,58.444970429302735
470.8011790466723,182.96090739334596,32.4701895090499,59.01763529660853
465.5080581307632,183.02151346898307,32.581104802782214,59.37234119991501
460.6496412227968,183.21198098815074,32.62448719506995,60.106905181202464
452.9770492697465,181.33560512240786,33.251931995945924,60.246662957076055
447.59091584731937,181.12034186933812,33.29581768387881,60.23198827488966
443.2487971025164,181.60011458423205,33.26461728438557,60.72741308569477
437.8331102203607,180.63088962724896,33.13875475871901,60.834720216495924
432.9602617746215,180.2603584232097,32.62409570079553,61.60015001663761
428.9268422589556,179.8442696244167,32.790211751627986,61.40217433968748
424.62350969001494,179.4951141130231,32.551539021772605,61.707013287012316
420.99542511654863,180.2042915803967,32.357741738041085,62.56356975592114
417.3329299049727,180.28939280329237,32.319174822478416,62.72686823185605
415.15321831751,179.69699828414105,32.27050168392719,62.59521656867399
412.7970307027411,181.6308969023969,32.00871767274233,62.68791075100078
410.9549663555993,180.85901412531072,32.076796600485366,62.8838873752339
408.99421157821814,179.87160359360172,32.30784308914667,63.09138315655504
407.1627217418819,180.9938161398365,31.936660717293933,63.18444814587255
405.73643092839944,179.28599158794037,32.47207816159592,62.63272483221485
404.7656000889056,180.2487706985629,32.81200281818367,62.68275803209711
403.49074293928186,178.73645275775908,33.07196558773768,63.186865597207
402.0109426999942,179.29920601972776,33.08178226428055,63.26342799817348
402.692306686722,178.15657113712084,32.627297350936786,64.33120470613638
400.92646314382216,176.11441954873297,33.12355996583503,64.28059586890453
401.8401186341566,174.65386501164937,33.386077476377075,63.357008898149836
400.22844934755415,172.40246154847796,33.69668607102068,62.02844785497973
400.2287993557961,171.75523389529408,33.7566934262186,60.65138650447186
400.48030540783566,172.15624946927977,33.64946120004056,59.73836527179277
400.35029720444453,172.8585427501345,33.63237972598251,59.19535920114929
398.4658999222521,173.11018165290668,33.91318677205684,58.85276033363611
399.2477628324257,173.71257879070814,33.75704836072918,58.60563859440635
399.48246159893927,173.51479589721376,33.70415193253373,58.47818870346618
399.27909590366545,173.02928044783766,33.73824676645595,58.1540405927808
397.46194037543603,172.50932281612614,33.98192519352026,58.11911233031728
398.77889288263077,173.7681533389087,34.031955582954595,57.76263511882814
398.5711138137498,173.87411917371796,34.04822274180808,57.43687458153571
397.74662403854404,168.50200104460342,33.802666631475915,57.841733436505514
397.7882366271369,168.02743493037872,33.54460212159038,58.20768768119413
403.14220670396344,185.49200718148003,32.40606180161652,60.33871621365942
402.31714201969794,181.9922927842688,31.807384216717296,62.95112060546349
401.9130643523084,179.34622486853848,31.579734683751905,64.81150494728486
402.16687814328895,181.316681397705,31.168945449404674,65.74727464728309
400.17684564592247,172.50032201908903,30.88265302226266,66.89934154904634
401.6953776355313,177.67793860566172,30.785757185363696,67.54232977330085
401.00481459241666,173.15124205744854,30.68027238215809,67.71744890579897
399.55526457248516,156.47472438909494,30.75628377608607,68.03692635066045
399.2098537380455,157.64817734301351,30.940009690818755,68.28060996613874
401.8736823387819,161.1223025783562,30.920853732937296,69.32295483618216
400.3297971713312,159.7760996568701,31.19409131103331,69.41134795141693
400.9227963810383,157.93042917650635,31.415649663851156,69.50134456514427
401.1294352104207,158.2067198210615,31.483661838870503,69.86417874186573
403.3086171368087,158.9355315336254,31.512985669199878,70.06632902412777
403.8252512984821,160.04665491572123,31.57931491913348,69.9146334169338
404.5107021957838,159.36455651261457,31.65303385302291,70.24165230280563
405.8978817738422,159.0370438334974,31.700671862585924,70.72841735492004
405.65755874733895,158.0416053198157,32.20443387461088,71.86698342675902
406.66063942832807,156.53299452590173,33.10407380886684,71.96091523873855
405.78161107245586,154.05680047986272,34.16355192449612,71.07322116223745
405.4184570168387,151.84514682460275,35.60258221800432,68.52819665894512
404.5489068984234,151.91325774974771,36.78583457161034,66.24881470390362
404.6519977078145,151.6993423123233,37.565783369221585,64.32591992796512
405.0743615977385,151.86416634850823,37.451525531466324,62.228865868809336
404.4166397555036,151.25317776119422,38.04548544890362,60.14483685027635
406.4419822672392,150.40962194491405,37.91875896539512,59.128794634188615
408.0519516508109,153.33463753637076,37.33137449093061,59.605946221050615
409.25379048686665,150.4432518577463,36.87429940175058,59.18131010378168
409.90567044313934,149.0425466739453,36.313146725113654,58.786471224786425
408.38224325544826,148.25850403913535,35.9701445235763,58.7197080189501
411.33523015050355,147.49790818868024,35.03735484219993,59.792994596626514
410.205051155148,149.78105587178067,33.86155226848841,62.78696715568813
409.1374619778908,147.98539852743318,33.38216429686148,65.08849049878678
407.70418423699715,146.3439709834488,32.75388154088624,66.26005513189104
406.65709647546004,148.49662608661544,31.718577894114894,69.15953122621696
405.1013371331502,148.83301654187053,31.653066015380084,71.79222626594783
400.3064127525745,146.8601274250687,31.69119415732989,72.68051605808424
395.4519470932623,147.67468342019387,31.197242709230636,73.92838246520323
393.7312615605604,149.68929982936595,31.108872248984277,75.66051649103633
388.6996061764921,147.67405418481275,31.16831300674491,75.13651053816884
383.53088875575224,149.2868360981492,30.737859779071833,75.08461366553648
378.6263125627403,150.63680554655855,30.234980419185092,75.13991377857496
373.6926961499248,152.15617535397365,29.764994960209165,75.62671594612394
368.6704424357049,154.14842037553188,29.326633240394614,76.22374646041102
363.31143855973227,155.37918578684,29.04863974874855,76.8950109716571
358.1491803065545,157.64939962441633,28.95434350333405,77.43480590316332
351.75687642860686,159.43543510713414,29.246020846936908,78.2603045940998
346.7595094083832,160.07064177024876,29.499340817254755,78.58452544317117
340.6616877614473,162.48350610379606,30.08889451914664,78.61373814417956
335.33700891699505,163.59344299619787,30.634019419965128,77.53336438131049
329.7154619013513,165.10505740659823,30.291568865071028,76.65053358602246
325.65974896296734,166.11463858275806,29.835321058672488,77.64856359744181
321.2289514175431,167.36256368774028,29.64605765190134,78.16323980616328
316.2791866571584,168.1205619599761,29.98905431286846,78.12656009232671
312.2995960011436,171.11300084934578,30.45914756642638,77.3924004303476
307.99246633719713,172.41763000745956,30.685579974763584,77.65208699746661
304.02703290132445,174.83627301482008,30.780087822461102,77.87591004875507
302.75540201842904,174.11643967130215,30.35133587632268,78.48562097912668
298.54457382415313,177.94037550315062,30.708061349041937,77.54673559777834
298.18689011854343,178.83583414106772,30.35804616043075,77.68722529673666
296.3428825641484,177.62229743252402,30.26255463736959,77.69067157568625
294.86772629308007,180.1517371766122,30.526998201005924,76.20800425524976
293.1688255309713,178.9337537048081,30.46463231723401,74.81456159955368
292.8439747994805,181.23863029376128,30.622550042079155,72.06413955262882
292.88059803289633,184.67144946905017,30.58637064585097,68.64465746540249
292.4980057664034,185.27838649751857,29.9846376878776,66.31791498023541
293.30960879821987,186.5547945722117,29.398341204475457,64.59398510137218
294.4778988651685,186.80070543226128,28.818916012136885,63.600139326745776
296.1074826452804,187.04917367508253,28.176660578454282,63.20121692758818
297.7554184753558,187.83460033318394,27.264582749175148,63.42293360631182
299.4837255020132,188.92646420488097,27.101257642011998,63.31091716472132
301.74464122310644,188.11504757772352,26.981127650173494,63.51563015402924
305.16819370923434,186.9840742240118,27.155829871673774,63.49028151996092
306.5051693314612,187.99959858013082,27.09799109784679,63.57564258631787
309.3574346473415,186.2919447596887,27.044188214957153,63.10844194930907
311.99408825562926,186.076276165102,27.070156873473085,62.96726794234601
312.80678987106813,185.7052876438005,27.082888956583144,62.73986746724884
314.5265381141985,183.208928184972,27.133002427063733,62.21121215928935
318.4501258785539,179.63324889035061,27.133829332129892,61.80203722497256
318.8175559286594,179.55074248564512,26.97298687584737,60.85997005162598
320.31983826409373,180.0267917751082,26.835066110618317,60.09008895145196
324.7381392446978,179.62438520915907,26.51911215203469,59.55279669470884
325.38447557457414,180.6768478902979,26.451114790019137,59.417366390490876
326.13421992463975,181.76876160209213,26.371065167265268,59.321047883757274
326.83126775380185,182.62288383321277,26.32888772946102,59.26336999942737
327.74278935527315,183.42201922813723,26.270757012594846,59.192571109564696
328.58851846526744,184.56295777230173,26.20321839881496,59.09913601304176
329.7022435844292,184.58525463644165,26.162481140761926,59.037290230696456
330.65374172213865,183.86699925492462,26.158813454782337,59.02399716453738
331.72328776233314,182.93388670264338,26.1571067427405,59.01261861900677
337.32994687052303,180.70815306615972,26.132775304620033,58.956645324957506
338.8215003237417,176.37834631777412,26.132770481388928,58.952468118908904
340.8357459584037,174.31761186137962,26.132857016630336,58.95128307051623
342.62094393244683,173.69043365936437,26.13292854062048,58.95052193895561
344.07162165321307,171.71071555697065,26.132969135236046,58.95016839078284
345.36198335378924,171.72683531648772,26.133001921522656,58.94984141835357
347.3884968168199,171.15500405424214,26.133086548653555,58.94946800744281
349.04262147067203,171.1219204180236,26.13314083553851,58.94922393368279
350.675866510364,171.49367772249266,26.13319056824256,58.949014173415584
351.8104736164469,172.02849037028292,26.133237000989418,58.948791095700074
352.7656165747381,171.7514594413632,26.13328078392338,58.948582626448285
353.7147808685892,171.1329853235583,26.13331352148526,58.94842585011808
354.6517579637026,170.35296766780132,26.133347840436493,58.948271080035695
355.796829462119,169.64188342121508,26.13338791092555,58.94808559028274
356.79413982639437,168.22769716917827,26.13342362597066,58.94789821886811
357.73659783676857,166.79230226244542,26.133438811925433,58.94779646128887
358.74702816825027,164.86180853450236,26.13345431816678,58.94758263085909
359.5947560448697,163.63496594638175,26.133463891237092,58.94736079416085
360.20272965798057,162.4298156324623,26.133456544432757,58.946669991717144
360.02397686029803,166.74148834363567,26.11011265916892,58.85662115445341
360.2228144512908,162.64474742304108,26.10973381645685,58.84971980930225
361.0701670865924,160.6938366232808,26.10979554414459,58.8489983408907
362.6679862892987,159.81520638459187,26.109880672362344,58.84860367453073
362.8247536639589,165.2639661141895,26.18953797588318,58.7725811788365
361.5659261284979,166.59378599791847,26.408634096380954,58.60052504861608
356.2498018730398,169.27597718568475,26.815516968564218,58.39036516148686
353.62814546628647,171.95458234826827,27.115794179501325,58.19005190434348
348.57330115950845,172.86576289642238,27.689095349514893,57.90835309670101
343.42765840927444,174.2740046864595,27.9125021268384,57.80176775004046
338.24495176930213,174.55142932383504,28.149386811812306,57.6999318655921
335.1876708259105,172.48471243132155,28.191757460192253,57.685221405471324
328.1820850626855,173.92331866975798,28.313410248849312,57.70248510390672
323.4922952363271,175.7856189443083,28.95926149275263,57.7445199727443
319.97759039076874,176.98113311477204,29.422406554505343,57.97988280422587
315.2205845227586,178.1231212955943,29.889361138731196,58.81730298417684
311.9694682037157,180.25468872362117,30.085537277335845,60.476818465342326
310.235064506497,178.15343101680537,29.124158400105642,63.933032227972916
306.97579602824,187.13603204363386,29.56158917070657,64.73278760229451
303.88596285535135,171.88713885124437,29.771510834171867,65.8796180239387
302.0225274292878,173.47772163375777,30.23149092206259,66.7907976966438
299.6841131340201,175.19400817353556,30.9190819656772,67.21513603791041
296.90196902205673,177.07458427221457,31.763223533567498,67.6148281665717
296.95939533197344,178.42896105323473,32.438480667342816,67.05971725895031
295.73887025440604,181.70234978121414,33.42457941695233,66.97024809538038
294.78879406055296,184.89878899804165,34.31517384224098,66.78489586869556
293.70941128358817,191.59644204701183,34.288187481192544,68.72175262781087
292.8797746830464,192.8637419197251,34.35958829629742,70.3345275123587
292.65386317616867,194.54186403111368,34.70858312032217,71.01683748117094
293.27679495331665,196.37370365674465,35.22861600557848,71.33198642166616
294.69135458857255,198.46741799001475,35.688570679158474,71.5713470388784
295.6731497078147,201.20685214925157,35.93242653900189,71.74367615387644
296.39957593052765,203.47837394288197,36.22803808188006,72.30183410088688
297.50817159051917,204.11177224923497,36.62114324970524,73.23247310562776
297.686533038274,204.42518758332,36.67729904634581,74.03415644121137
299.3121786322474,207.59828839256693,36.83649407971236,75.80949679964625
300.0683241809577,207.60561326011526,36.46038242946589,78.18055873447142
302.52587548240336,208.95425706676178,36.49094137137438,79.80278301158975
303.78669816519334,209.7796541897789,36.495484379360036,81.00372078116527
305.04687633472406,210.07043187576775,35.8401026582567,82.02018834696224
308.37006637764097,211.37030645006956,35.84267219553074,82.8100206402379
311.4840105448063,212.77770404066797,35.99731502727672,83.02140024274777
315.95144811459375,213.3497114200928,35.50485989350022,83.46404956451788
319.2119827109913,213.9487331226434,35.294838731558386,83.8986008640447
322.2465183741854,214.08342832035152,35.32789781822556,84.16537505040412
326.6670173947635,213.88002966522532,35.5112699705509,84.31358052992609
330.10979162768285,213.8635581384226,35.74590926411151,84.55516186416165
333.82342295187607,214.73889962357936,36.59326190350586,84.21167601165361
336.8755003842297,215.05944722163792,36.938540842356964,83.90148711727329
340.40419554252253,216.1929626362516,37.302812379561566,84.85340727490814
343.53100032856895,217.44683537249716,37.32289875320855,85.59160105717777
346.8927286470137,217.76366437418443,37.36952792793401,85.9254795628402
349.9871715326836,218.20969090057824,37.11373665808955,86.309863434987
353.1328691591789,218.47070048195442,36.837852917855315,86.25420344052571
356.6451037268148,218.78890770946782,37.24701281853325,85.93783439708571
359.8967964200125,221.67559370788447,37.080926302224526,85.54830343800262
364.21245690709986,224.1806914076961,37.10135970732219,84.62367932744192
367.0874007740163,225.88475817753465,37.258434845040775,83.20857347483755
371.1611112722284,226.99229326056337,37.36822076542573,82.80641958761922
374.8728117192517,227.9623024421261,37.196002904368754,82.22959092175938
378.71730898605654,228.5310270753505,36.98716526925754,81.2599842818822
382.4098728663561,229.03729518204813,36.62488325374504,80.48503820263078
386.45335003944894,230.46725520023173,36.30274662225059,79.86090913420486
390.72476799724404,231.71904227116622,35.97706807055189,79.69213690464363
395.76459978600985,231.51680775876008,35.75195676200224,80.12187682921365
399.9969875149979,232.21197654675262,35.214625762033954,81.19390178107585
404.512467309166,232.23704262863683,35.441492025138096,81.47018906019952
408.81879596741567,232.51046972078507,35.78936594338011,82.10468057712069
411.6624523660059,233.30909764800174,35.46097944243381,83.71460307695062
415.4502048153361,234.74524155618565,34.79545341035045,84.98895460765922
419.5701327033171,234.6361084643255,34.658134789539886,85.88316863636166
422.96093054626897,233.36344097127022,34.33898150170744,86.12439571803802
426.3032738280254,234.2351656167624,33.74381729994991,85.58260253018786
430.1359969558904,233.65258733569777,32.58657645803831,84.42728256033465
433.8879250688124,232.44766608075008,31.595821333115893,83.18826628460079
437.3609187048292,235.57277961751785,30.963514233048876,81.37548008325764
441.0150576802726,236.82097415312688,30.87873844128074,80.16076778129617
444.3264550880492,237.4469146691087,31.390020221033854,78.74587361890609
448.25043377551503,234.92303710526903,31.321541872896645,77.76935964258155
456.11309791022103,234.78569958529275,30.154634738433444,77.71762337567606
459.5687262164701,234.02879712233045,29.320626699238478,77.40473679330753
463.13145238537,234.41645211585103,28.378746653766584,77.34351530581242
466.1550878724154,234.53340856061902,27.906730596820587,76.23025735688158
469.1230365362255,235.17836694697976,26.94380661591046,76.33222503030417
472.04021122511716,234.9928505232171,26.191588147093313,76.58286656111763
475.0824983878889,236.56729105193938,25.993474602647183,77.22803619718505
477.3702086728722,234.8240986466713,26.331289220211147,77.66508862742639
480.00766562494874,235.00245299619672,26.89054231968966,78.5991040866626
482.34469525339426,236.6220902335183,27.21359295278274,79.41003818059241
484.9697679456817,241.18668245949246,28.092958447724378,80.97784088074371
486.34958894260416,237.71991434937013,28.683316120093583,80.59698834900476
488.4084540906914,234.44735493950674,29.087615223790863,80.0747071900938
491.24300778408895,234.7824151105899,29.335750840841,79.38909838819883
494.9995950534201,232.8021942013038,29.864673393853494,79.36179086862104
498.8692533988299,232.79696886220694,31.13550284408609,80.00211762398989
501.1532959224689,232.8982453730358,33.026124652582126,81.41545033689029
501.00409639015794,232.94831899326977,34.169353932181295,83.41887165034692
502.4478577316621,231.2831623588474,34.749530061657666,85.41338427145607
504.53509858821707,228.5515845099903,34.09520425522495,87.21624424430144
506.8491105773529,226.1642320229107,33.387980962835805,87.70679146546989
515.9242009449073,224.34002476534715,31.597756969060207,88.61331340437934
519.3053562464092,225.0347577632177,30.408238419278796,90.1541767314532
523.741221734961,224.78753382822347,29.661614253698808,91.40272468574648
527.3787692630167,222.1419062688809,29.998839620713696,91.51246029606983
530.7514555536832,221.39311436797112,31.941611723218507,90.50051140784117
532.180154299347,221.26276708442617,33.467576048297076,89.48568338524748
533.9281109450905,219.5048002610436,35.30046105087759,88.8150392350766
532.4708359525581,218.36296152073754,35.37451711847722,89.07256219756133
534.7673381069452,217.596771724397,35.824153495738024,89.5912284304096
538.2319677442725,215.66423436529706,37.01492271687188,89.87209251437793
541.28172924923,213.04695262905534,37.72388664543352,90.53678313072125
545.3356067121639,211.29201866087237,38.345034536338375,90.45046419079014
548.8705468022854,209.92420970167953,37.40702224168482,91.53808139201277
552.6839523800118,207.9452783880898,36.14156162257848,92.0909948309598
556.5008062010753,205.8843768248272,34.25244378605462,92.37685306650909
562.7632123926285,203.48677670998148,32.278226686456534,91.93210073196101
566.5095991532128,203.1666828861691,31.102717722172585,90.86887274733783
570.6635457598695,202.57233874465066,30.917375473214637,89.34191023348447
575.2079660556267,203.2962543271209,31.548954765428235,88.19406653368716
579.1850880675815,202.4108033668297,32.97226086664058,86.4877872580568
581.0895691153753,202.83063511435586,35.15371052947608,85.19349687496778
583.0594449533751,202.42962433367398,37.84524881243037,83.92813610066864
585.4394798630691,201.6557273022289,40.176849029358266,83.24098748892195
586.8520978819241,201.5191647779777,42.6352724498085,82.95744640163645
589.1487332791221,201.07259741444446,44.76097958357412,83.04077502022817
591.5165052969154,200.635429998512,46.917836766401834,82.95412317826114
594.4097872089707,199.02252574082502,47.75153175042738,82.96704392965805
597.0364907435047,198.5689958068872,47.913772188073246,82.73839236603044
602.2040810886946,197.6277698874906,45.71244636372136,82.85119910995213
608.2582197170258,195.3917937456092,42.3422596221955,83.07909898358916
613.1613004605158,193.48864305493433,38.83177770446,83.29469306284538
618.0167239587636,191.29240546391694,35.830240762743436,82.773970250648
625.397032741068,192.0698903456788,33.02182504139633,82.8926790044659
629.2223229821531,192.16888782627598,31.469481120047785,83.66256673608542
631.3574947799399,193.93019819647424,31.445905522215845,83.7071001647715
634.3274906313288,190.06481211176526,31.75728472626767,84.62119142598632
636.0835121073428,189.54713903227105,33.04274858347429,84.13327782602552
638.8208249872114,189.57421788500972,34.97110076715773,83.3147458644141
641.8014005299276,189.3734854991677,37.68801212069005,82.93495306630825
644.0139076971064,188.6057639541786,40.41854397468673,83.05300771710804
645.9040808164154,187.90733422623765,42.41525299958816,83.61880122021203
648.1702165478068,186.4252828174131,43.347054241120574,84.71053963604383
650.7832564313402,185.07427255609505,43.66266720781837,85.27062790961071
654.3381503270468,184.15451358290431,42.506687724052895,85.980746317952
659.9817651380803,182.07084031149878,40.61008310198608,87.00077521282915
664.8571189369019,180.77283015221715,37.7588396347444,87.70166751968888
669.4179872690122,179.43271282790397,35.09260548059448,87.36259670070967
673.159510907454,178.80602416023262,32.89698515225847,86.27748688776747
676.1147711393949,179.72626911054874,31.576168725089225,86.09641413953997
677.9643706856149,180.8422156704417,31.751928624653633,86.35565375596015
678.3900849019816,179.7786391891197,32.23189808296469,85.63863066460331
678.0192003387258,179.75192293594472,33.790098612636505,84.58666082052753
677.5613663091588,179.55176755777873,36.1279824911295,83.4533667165537
673.379971052433,178.4818808483379,38.767601293612785,82.40389705720354
672.4387479390989,179.4682069980328,40.30750159371022,82.4051544934934
666.467543230156,179.16958708572338,41.52093666924966,82.47884225798497
665.2604053568241,179.53781285337016,42.86133186266808,82.22132197087943
662.536777571732,178.45070021072405,42.37081754302052,82.46318720310919
656.6910083435934,177.19184221189943,41.9623737376404,82.28653340782026
656.2743122983611,175.8909361963903,39.945909928293894,82.18738432586241
655.1560821600336,174.3645059948265,37.192409534477655,81.63748131460711
651.1459478699886,173.00635734223906,34.702295462285036,81.15648700715683
650.9230717521408,172.05477522828664,32.49638868613992,79.91362605424504
648.0229529611471,172.4790566037646,30.251455484130773,80.56962162810294
646.2640502593034,174.13995645242983,28.982020382599604,82.50236618889019
641.5376836470068,173.79304776697165,29.070082853713654,83.05582248917358
636.1994764501653,172.632112058347,29.78975305336593,83.6474098116124
631.6646584428538,172.16179813099149,31.01053786407054,83.84981166982914
627.2970009373674,171.85760949203353,32.482226299573256,83.85091852814745
623.0692136743222,172.33413214785412,34.026693285533156,83.93532674872516
618.9407599259748,171.29495895151288,35.66025016195828,83.95500667374102
618.4431481805033,169.70363092801134,37.33864164692374,83.80987985140514
616.6462473086406,169.52413293769132,37.62455798224765,84.55664913722282
616.3550601769322,169.36598954210638,37.46660578148806,85.43401268868482
617.232025820919,168.52379345723725,36.76282119246622,86.22469835789279
618.3636351331879,167.1543429087713,35.3162962315254,86.35691834634999
620.9544429764919,166.27186827484763,32.897411858623,85.9577936701055
623.9767091583291,164.57308050523068,30.986302823348254,85.21418201832988
626.5226106078669,164.43162717290875,29.53334036120795,84.85668141874115
628.962176837159,164.80933624207557,29.21115227289382,84.76337730456976
632.0833809260464,164.0360613592668,29.37217217281649,83.9665900111663
635.4219209372611,165.91415574994733,29.82122749966092,83.60756462091857
639.0611461713212,165.33312780599317,30.588979691147543,82.71052655664792
642.0991357049224,165.548213002164,31.974744932416808,81.85495593699798
644.1948837313201,166.40014742016783,33.97669265479849,80.96697878409196
646.0088134237584,167.0567582026896,36.216673559991456,80.430637423726
647.4671144233666,167.03917916401707,37.86833890620352,80.78415484626876
650.1093907637977,167.82829022146996,39.5459778070674,80.73392223808446
652.4812069521654,167.30493044710835,39.990099107700104,80.92370735859262
653.963413837158,167.86362560490298,40.33508708827965,81.23747856586868
657.0724150143136,167.55527597443853,39.61214899254389,81.59250965133864
662.2109744159519,165.16826161566635,37.788861861935665,81.704233013811
667.2620298896504,163.535443252407,35.62971213051162,81.46127165111157
672.4524700461573,162.62077447918168,33.58648116289586,81.51002462381649
677.0140116482198,162.04535721115076,31.490982034698344,81.50918095534186
681.8370179873234,162.47998122712897,29.84142168803421,82.04888325221239
686.2971446081029,165.13822735142006,28.800373673373272,83.32859957601791
688.863927282101,164.80696790930813,29.26015444430412,84.16035565668719
691.1749852891608,164.13546727453618,30.259888920754683,84.75535189369174
692.9452900246803,163.73500889150594,31.904020946755615,84.9914427673038
695.8019758012547,164.61661650666494,34.47363698821107,84.58469287664644
698.0852034669291,164.24318272764805,36.95011512091262,84.65915852962044
700.558915956717,163.27001002294372,39.32277805103544,84.55229129635941
702.6175556978909,163.01906555755977,40.682487361106965,85.24808493992353
706.2273254627431,162.25455767516897,41.609488473187184,86.20339985946356
709.2660528336087,161.8210527793785,41.12131338309787,86.89034901106703
713.4070992874294,160.97505812839398,39.5831098072741,87.53034792321213
717.7518872027526,159.72432164921509,37.822596343113275,87.9430094840175
722.8784477262288,158.30684144406163,35.743379715106094,87.71473222724063
728.1385466699006,155.8738801437417,34.18820486853408,86.40386649780235
732.5837717552582,157.1087163411023,32.770977430362684,85.98539830764051
736.2537704676354,158.77060197582455,31.92137030635933,86.36113308258385
739.1609297016522,158.99399776362105,31.943850506233236,87.18472176555099
744.014865619089,158.67578612555081,32.141007968234575,87.83135758511196
746.4445986123295,157.45988316717745,33.408846535739286,87.21149104321
749.0530336355425,157.67916840535634,35.07014650274091,86.22634728556406
751.6925667238362,158.0634072343489,36.675790161206045,85.59114993463352
753.5938964790347,159.11635154511762,37.890184254935065,85.44240748085116
758.9484379894687,159.8723815727219,38.508844764340495,85.16985200137194
760.1566354979258,159.7031420274831,39.190759502751625,85.3911021964238
763.1633759269222,159.46890821708786,39.80618775578188,85.58494016471408
766.4804251031095,158.51588358346373,40.17281562639912,85.77284191571178
770.1854806135967,157.62338197333912,40.32132219728267,85.97351636532349
775.0019761185555,156.18494229972896,39.63128048240904,85.56964472262986
779.66972329757,156.05103851833712,38.463348609121184,85.05500703347181
784.636710538427,154.7749358898994,37.02745151998538,84.1985134931213
789.3130874827614,155.96339747981722,35.38895058007751,84.17111028131852
793.2946125305504,157.34872833768497,33.63083651202656,85.17032862196425
797.2556578353698,157.98894277338212,33.221525615064515,85.97410990796436
800.2833675053544,158.33714725366207,33.52883153296894,86.52320258486327
801.8035758290077,158.61072488219,34.76675904002019,86.14691021113678
804.7623565630188,158.06039908368166,36.562547391181496,85.90897559694895
807.044632544129,156.84149893458306,38.6892905759033,85.69881570914148
809.3702425523607,156.53574849873556,40.377320170340795,86.29631960347746
811.4090866982611,156.3579460835365,41.63659839312706,87.43641221778444
814.9309875865207,155.7456648418294,42.247730069214185,88.1307060916748
817.7002951254701,154.9513611132399,42.35596462357853,88.73554544334698
822.2663923810513,153.77472359931764,41.496876687428404,89.06047941627509
826.293373218011,152.5984836734706,40.36772256203204,88.5258199475956
830.829879521691,151.67485336873978,39.21391514342298,87.94130546397864
835.7234679071795,149.8050714909221,37.63827859461403,86.72272312433813
840.013444666213,148.55338059212895,36.326454425302124,85.53511590443787
842.9497420341354,150.4359779807512,35.38814771435962,85.47725755297463
846.2125701663124,149.71360891752482,35.462910971337365,85.64215532927628
847.517382072496,149.88776786159997,35.58975785828038,86.32235826365101
851.9694343533209,148.99634253852605,36.03975829235803,86.0264811876309
852.7239851603899,149.35458858758528,37.50586782171372,85.88600950911004
857.2158746354703,149.1845519870564,38.71497713144076,85.8733641780824
857.4823160664678,149.32150259061365,40.87024014537657,85.7319332658011
858.3735880520419,149.5893478842043,43.15039978369495,85.75053827808037
859.5302772361509,150.08549608890058,44.601989333872694,85.56867972679257
864.133878751634,149.437137010596,45.18806118236215,85.684519840227
864.44334891713,148.8497449027883,46.12763735375051,85.45226870504283
868.5637304187047,149.0359840075888,45.96252551942441,84.99490336339318
869.8537976155719,149.40509055050313,46.34016361905239,84.50845505188707
872.4066094107019,150.1972464857059,45.50330929301366,84.63346599165455
877.4321763219014,151.26754707945753,44.17247137668173,83.63069744575283
881.6286731021904,152.3791124751154,42.11873314905018,81.71336539363197
886.4648306534556,153.30866431816276,39.32154726938978,79.1562529318262
891.2561707481182,155.2791323001374,36.33229378447146,77.08584053984501
894.5248403051993,158.53487064937508,34.79278935277384,75.94019140179446
897.6066321475105,159.30043924037943,35.113066160857564,74.97803002602197
899.6169327866254,160.93464925968937,35.84435697247152,72.99607408251781
899.8908473398216,164.6173696276234,37.5118775403041,71.24025725564633
899.7789103965597,165.38982917659186,36.99815568984735,69.88626788347557
902.1445499286646,166.85452504352656,37.46166508160087,69.39393555207195
903.857851340819,168.23138405863023,37.99475139761181,67.88022778340027
905.9955989374106,170.1823727027701,38.00559310323237,66.17587803952364
908.4495975661683,171.53064029515423,37.745455895918255,65.60677758528514
912.2805723243351,174.0475873121391,37.48123625324182,64.7576083590547
916.1418961756935,176.59041077514482,38.74614977641615,63.6175230804584
919.8629390856877,179.8093906539626,39.603999297309194,62.24536732749202
923.4466967377354,182.39534091084522,39.66633190123379,61.007774150534026
927.0041223810387,188.06911020211265,39.736940228427315,60.52009121985465
928.1838365617908,189.5579291037952,39.68412698113496,60.21158636441131
929.5342557997126,190.84817360182302,39.650756576275484,59.97750716602411
931.4768380272349,192.3171751442548,39.58817579661532,59.48814657345487
933.240928823179,194.09693376089555,39.71294020005773,58.59317058468021
934.0971620469019,196.53340033123123,39.873169556254496,57.85231084641363
938.2112190163425,197.90850326597553,40.0689018621852,57.60784943416991
939.4549936833436,199.42774987076737,40.23584562167363,57.42031147246525
940.2205607604865,199.76916479961181,40.469095856311355,57.16609962863518
941.6767108294337,201.3834365034346,40.732491376147166,56.895993663769076
942.4777839271543,203.06482769931526,41.43391568966288,56.20005087161717
945.2388301914507,202.07918233772114,41.67194546026443,55.9975003567836
947.9338189715116,203.87384624318298,41.74438550268164,55.94022720856437
952.9134256657572,204.71569983174476,41.798583636101974,55.89805817459877
956.3497494199025,204.42560265491656,41.8155955325661,55.886319397037205
961.0545832844035,205.6880520192584,41.82621970419875,55.87882212518641
964.2578267383954,206.88966950862235,41.83224414493952,55.87381316917885
964.6684735273001,207.55509683564512,41.83587318838025,55.87047995850029
964.841086115248,207.89987625921538,41.83800430210963,55.868507359280784
965.4485069691881,208.50632034755827,41.84124061146425,55.86555949688791
964.7905313962348,209.01853945297262,41.84381962220846,55.86324676861844
964.5226948943815,210.05939098271494,41.84788988562715,55.85955665240161
963.660800607852,211.0404092935826,41.853123246665255,55.85519191138834
963.6738442983391,211.73453962767368,41.859441298004946,55.84977080371489
963.6078660793903,212.07772441653503,41.8632467214552,55.84628830332373
963.6732989404267,212.33223456008403,41.86769899552678,55.84226538885295
963.9600520906166,212.78702219861913,41.872594081884806,55.83760043778685
964.2183778909538,213.78548128096017,41.87955772226104,55.83148193855576
964.3452022575731,214.06239526001548,41.884116459201145,55.82710235137871
963.8247231781805,214.96043120462528,41.89325527441926,55.81851200856106
963.9462780929666,215.9913022035728,41.9014572238693,55.81144034452836
963.4101447871125,217.07447408538084,41.907390541662735,55.80617956392921
963.3207768707282,217.8735481899883,41.912423732109794,55.80163520412535
963.4717388857109,218.56394358303905,41.91707944099979,55.79729436061264
963.3750611241313,218.94125280852313,41.9223286806135,55.79267698252804
962.1579930849459,219.09123678523758,42.02073444472941,55.721766430517825
960.044252247308,222.60625902364,42.2290668165689,55.557679213844864
958.2064616327729,221.7256220181889,42.4949693480532,55.37061447772252
954.9231839890781,225.45695402567947,43.098387962469225,54.89097792093233
957.1864087957728,224.95427243261787,43.60764582283471,54.53977372424296
952.7719399720701,227.97171828299793,43.9732713211922,54.260907337813926
953.6008672733386,229.37997969310715,44.22285499685345,54.073562803194264
953.7322267045877,230.92949227462515,44.543536443441134,53.84153297478352
952.7323950033951,231.93300826100295,44.72252435353946,53.71569022913209
951.5589110925036,232.78607391936086,44.942573382597956,53.55207156767442
950.4530292310711,233.6587468903965,45.155560431192185,53.38904905757186
949.190048557333,234.39387150642534,45.32523763712817,53.250117488706884
949.1036039326257,234.5924372270797,45.45257761305168,53.1416511632315
950.3911133086588,235.03063376489172,45.57812348386464,53.036669327708275
953.1673961128582,236.29385554679266,45.843152403663865,52.84643577634236
952.9629383805587,237.03903164800155,46.08917637601523,52.67599493466519
951.6812640781575,237.75165834007703,46.21288016728031,52.572359869071995
944.1081951613576,236.62367251202056,46.249449404993705,52.395856673576674
943.325700939648,236.77232525346815,46.28039227136381,52.24421302158356
942.4161065950286,237.80871948032902,46.29736776861636,52.15579158083942
944.8973223778833,238.7040738707995,46.334149421596145,52.05787867258678
930.5843483872297,231.84112424399834,45.768996328684366,52.172764513713496
927.8809659527988,230.76746734528245,43.71488282535403,52.88113826292749
926.3273577200716,226.17285789631575,40.53856857868045,55.62329943686186
927.290518321553,226.54595262053098,37.80191173957893,57.59899686167664
928.7105848905715,223.46817287777807,35.99466951741265,59.35491912489245
929.1596551927731,223.96288811662248,35.38454672240035,60.29231929657951
930.6868256233798,222.38846441843603,35.14439052686689,60.25967245696002
929.7348639088399,223.37645006892524,35.20117543189113,61.15848777135328
929.2758807749834,222.84345091630132,34.918854834369675,62.16775456569374
927.7240650073364,223.13069674793962,35.57884518390316,64.17283963314524
926.5992799505784,222.57329060177887,35.484275959879696,65.96511450328657
926.359666944313,222.09750069315524,34.721748394224555,67.6693482769471
925.8043575936263,221.77743027567055,34.165266189225875,69.70618889810271
924.8061769051506,218.2346142481999,33.9878864639585,71.90252108350666
922.9403460215294,216.4541527294268,34.45379567726107,73.77587176101413
920.9481267005046,216.2969986954809,35.28966521225486,75.23097482135282
918.3448191907704,215.04331467310678,36.48960784936868,76.78940831104735
916.0218928673421,211.86962791696178,38.15110600022304,77.55038131445674
911.7230281840821,210.90576236275183,40.35144118644529,78.75204672759085
908.1973942304865,211.42368476287777,42.058652964181064,80.09447589126715
905.9196255317345,211.96494954657092,42.961516640371336,81.21772039271326
903.3912074795819,211.64252680782312,43.4951608158131,81.96410379819406
901.9115684406148,211.67202584319512,43.842708556604364,82.63469691826504
899.243413110899,212.13173196149253,44.74492574069397,83.12538549935056
897.528054380339,212.70715895442524,46.11072611425928,83.41009281280918
894.5300357367748,213.45415790084928,47.282910385487796,83.84594418696703
892.4899400622412,213.04165586032175,47.49983645860004,84.40902701124145
890.9145715780732,212.96789487127919,46.99174373791023,85.09392229369364
888.4895650249387,212.9221453688923,46.43960764373972,85.29484595658712
887.1799522500735,213.7536510591371,45.02790744273771,86.0035238957081
886.2169163128373,214.26029385865252,43.00276190426153,86.596678960015
885.1728293137634,214.06085784842696,40.651230530552546,87.00000227675832
887.35942877374,213.9701419684992,37.595056079974974,88.38487088811529
884.9918485526387,214.35353332002705,35.68730842586403,89.47001391576485
882.4523480585926,216.10816867577535,34.94692722325187,90.0188028966511
881.3613604654317,215.9507396786592,34.62269804288969,90.22447985929865
877.7266385959292,216.57535427477333,34.95104070767593,90.53401023719215
875.1543894250225,216.5226094664186,36.10933132587188,89.55275995617362
872.3071416564494,217.2448024260371,36.63690620109183,88.58091152468194
870.6980687021731,217.86854265277287,36.96249162761921,87.66995013372943
868.0195580077462,219.7777356272167,37.318656140099556,87.28740550678694
865.372120486017,220.57314954728247,38.274370264368685,86.34101843680469
862.4786386566107,220.98548572802306,38.72781208022475,86.01546115496484
859.8545752786808,222.1785705278471,38.68857816790204,86.40229847136291
857.4028698067416,224.0165548398798,38.74418075072715,87.07452921482073
855.0084378633637,223.92477488671986,38.109852613251824,87.95183419779693
854.6798373949721,224.49125467252958,36.600601380616716,88.55936422826642
853.8971140014102,223.88977508618808,35.29934728006057,89.33908533213034
850.3998607294011,223.27921273693102,34.97622734779094,89.39164571103387
849.0134119664482,223.92092917533108,34.89699016910683,89.42330921256021
847.5188771960526,224.14433750948228,34.692476936689545,89.88065256699339
845.0093376398512,223.11079997232503,34.42507133076939,88.85657282754141
841.8057378603592,223.24301148964054,34.958199291700645,87.34611660122945
838.2404779874508,224.9605965087128,36.021994260295614,86.06671305020652
836.4379683235229,225.70663574177584,36.831298732957386,85.59056213725735
833.8609713020492,226.2569936401588,37.85933528689114,85.0359757459899
830.5651555236299,227.0304195419418,38.92797709382115,84.38968670563804
827.2555170299781,227.84578093730556,40.00075006043369,83.7568434796726
824.7095264277526,227.87071111856437,40.28306701546467,83.48692710488216
823.5314077896157,227.48285172264383,39.55456675244713,83.69772123937847
822.4891455278921,228.83081638195299,38.707100652420266,84.14820739279075
822.0594183495961,228.70125376968144,37.012812361841185,84.60826513498156
821.1229631912654,228.6408195928044,34.83854679425565,84.66625320365142
820.6924948541163,228.79832367474594,33.02304561378729,84.87154721624385
820.0614960776015,229.7259986292264,31.826752589881856,85.88462291496423
816.7665894968995,230.22177564940955,31.789411877842184,87.14197977852862
814.9739812194177,230.0544294088512,31.598614581639964,88.08738943703632
812.6176061952298,229.94254796736317,32.146201589854805,88.52721994708476
810.0126422085423,230.25620973186216,33.25839272775001,87.7826193919103
808.2047146594199,230.97118815537,34.16625408019111,87.27061502282666
807.1962169663352,231.91828310960202,34.874368779600545,86.78923663207803
804.6761510992528,233.35480669119377,36.22011689254936,85.93661669591478
801.8598013984915,234.58426982001723,37.47346181714336,85.68489263438909
799.035900362772,234.95479978802888,39.043137458070646,85.27123382975729
795.56937789854,234.5644447463544,40.01902000631645,85.10683448613102
791.5018577084201,236.59778127190395,41.00647737874377,85.09123450937273
789.8757468850077,237.37866867602526,40.48830517714916,85.6835172038767
787.6801334886953,238.19029349914285,39.26482688401957,85.5765463013854
785.5663162219051,239.10891553796188,37.880014632626896,85.76953656060041
784.8978440582773,237.75824451518173,36.37936468917643,86.10110784085614
783.0324125404024,238.3055078790154,35.66584124268736,86.02237837061219
781.8065382542748,238.33142435603463,35.42829190043765,85.62382934043808
778.8146613860756,239.2693763560447,35.39274946755493,84.79953020739947
774.7615505739454,239.96752003642575,36.36639081151123,83.72582178345263
770.9306572852565,240.47072084231155,37.90591443417729,82.84630229264795
768.5910774145568,241.93894876045812,38.85627840874629,81.99257961065169
766.8403010222899,243.45603161381172,39.47587747700199,81.42118174337622
763.8906678818305,243.72026711000882,40.54843687162919,81.05617027549428
761.082596887264,245.2790739756382,41.37535232877988,80.57357489292939
757.8599716013251,245.03392247500759,42.260562903556746,80.47178645303615
755.5199380088645,245.48921851069534,42.06584228101347,80.30157264227313
753.9097969344635,246.829132061791,41.590158424490035,80.1602251066559
749.9913485281779,247.2259405645098,40.220888969666156,80.23603482851323
751.0269058088443,247.72960138162273,37.9044488578965,81.20918921605404
750.9972373891013,246.82022773295424,35.53679685727944,81.47270291563557
747.9050245260773,247.41763607765688,33.780414287123754,81.98602111583297
748.2147867515041,247.65104232853315,32.22588721128148,81.88578647777364
745.2409893040685,249.54950516711438,30.819085762921453,83.49325590406576
743.3431642992759,250.77052355080014,30.364122083084,84.62090292690118
741.3122981232947,249.03312522249746,30.410489311297937,84.45841363570682
738.2966614672885,251.68897548400497,31.793029007435095,84.6122258652248
735.3408812487432,253.28289104635547,33.85491831911341,84.2657703298945
733.0541384388913,252.71478383645973,35.82148536543781,83.16399699295684
731.7746998876239,254.48859226119185,37.21492488881779,82.89609997305197
729.827999826176,255.99529605913148,38.209653623087455,82.40956620415332
725.9338323076473,256.66906495718393,39.79341979722971,81.75627976655744
723.030417216886,257.69152194893127,40.87477085277587,81.52978261694037
719.5338262528293,259.88152542260616,41.4265222121941,81.29829041721021
715.3783149647317,261.85897313032115,40.51587368395833,81.98512674082441
715.2811205083276,262.9836661550229,37.9622038008374,82.85294869541875
714.2184158072105,262.6939294431778,35.5119224567642,83.50316652926611
710.7371927161096,262.52171232179853,33.723342485401744,84.01634226644188
707.7299328756493,262.22654679740015,33.13612275973645,83.65108771629295
707.0547777452847,263.9634140542687,32.61612044894012,84.53125077411964
704.2723014908813,263.7177682600498,32.823571450941586,83.42308652912227
701.27376981687,264.88692697399244,33.3046197461688,82.76335284242504
698.2927767816343,266.2946795976363,33.966289006032284,82.01040338508497
693.3274927791443,267.3459195528111,35.49255441396622,81.61844481510546
692.6257479623879,268.60102447822374,35.775655897264066,81.33335026350505
690.0165091245581,269.9105640522274,36.34387455497918,80.97163419647615
687.7671719993627,270.5269281633975,36.980068164958524,80.61742604564247
685.2162060188693,271.70549811308183,37.64181171804742,80.04478197680967
679.717496703744,272.77001501343835,37.88721523446755,79.78302818250532
674.5519827644988,274.942063193072,38.33273743668829,80.03766763256424
673.6617642450578,275.3332333720077,37.39288286103795,80.39216726054015
672.801668736421,275.5391066583382,35.86272507193023,81.37656388589252
669.3102120814957,276.58742972990314,34.28917800122673,82.21310308173668
670.5060120597539,276.0891053082181,33.0552041967489,82.05140145742479
668.5333456500177,276.55772621833216,31.90695152504084,81.15240472282358
667.1662569862469,278.37155046914785,31.243098333096803,81.58185556353837
663.881870643871,279.9762545509001,31.23228594247019,82.08475676053806
661.7858874534758,281.26153917938586,31.659400276294363,83.7189585454366
659.6240981171585,282.91854427492046,32.40109384951782,85.25211632311738
657.4930424140497,283.62579384551464,33.86722766326717,85.79598596015782
656.4665495742794,283.5658791891801,35.435552419326875,85.6585228531548
654.4441481994425,285.8423706320304,37.23655238312722,84.53940670672736
651.3965538552184,287.49161071785693,38.96375534617259,84.07761648411002
649.9556060395664,289.5876796777196,40.50149805007774,83.62414390671557
647.8847313897802,292.51458555867663,41.45424078264883,84.30678920656905
645.5710286723006,293.94460958433575,42.3988497393365,85.85626511917907
643.1546005581126,295.30775434378535,42.640608612823485,87.13115911010652
641.0320339231702,296.57864654967295,41.14853876152321,88.33552972190617
639.576554311947,297.60287004519074,39.83488908580672,88.72742825661213
638.3140823646895,298.4829486916568,38.299719550298505,88.3387148313634
637.4625417988212,299.6466524110091,36.64021776005332,87.9112965207717
636.698103484739,300.72335090441084,35.57267505380605,87.13999034092922
635.4310059665277,301.76314019632485,34.81926456616575,87.14831954823887
633.8425242889817,301.88031008542123,34.72373432041215,85.56221723685832
631.4708953163167,303.7179542022521,34.53216636852543,84.41634866376478
630.2322902453396,307.21082054743835,34.6969253862882,84.35312612048695
628.0113664156099,307.69532197805506,35.150794825761835,84.08504717893133
626.4005230815632,309.3734156953618,35.181425480748075,83.82312115216993
624.8518702498072,312.37576639554675,35.634606159518626,83.48115998236038
624.4436074393135,312.40934318657435,36.01211430585467,82.6637663724007
620.475437431653,317.02166888265026,35.773702085763276,82.879533223657
620.3562618898644,316.2362638653416,35.43651852759765,82.67881143797716
619.8517365836796,316.8638020802912,34.78687606478721,83.24997721655885
615.7236105732122,319.9006372395472,33.12733943520914,83.75582044785146
615.5734797738819,318.6939964893763,32.427532965365614,83.77826976244805
614.3795788990062,319.5561153484575,32.040442623365855,83.28028543459777
613.1804996353098,320.54522730678093,31.926495447404616,82.83838911843014
611.7751817426503,321.6879910231559,31.926995391354144,82.60845112316485
610.3586778508094,323.0592642216109,32.378784741655764,82.72275558875798
608.1993080363374,323.2879928442487,33.1078234333289,82.84690610248114
606.0819773154104,323.777532861096,34.2618204788966,82.16460269132038
605.0493364470829,326.6906621639016,34.802100451254276,83.55030010987913
604.5084354973992,328.2597465768876,35.48175782914671,85.14966199222008
602.5059136184115,328.89286343079834,35.79832240201801,86.02213973688278
601.4097918978176,329.2090521381956,36.55017704449177,85.67174709834677
599.6570146376314,329.69758575709517,37.53475740562354,84.94494927354197
598.1849554871281,331.9174522128797,38.38599402709512,84.43836426922994
596.7518151360738,334.2174324527115,39.94931147236805,83.05187067227214
595.3631883134381,336.3681193585157,39.988966460031435,82.85094117752769
591.2028362842706,339.12568909918525,40.197967599360084,83.74760637224449
591.01784425579,340.5766432098225,40.371215469578274,84.89330891070509
590.0065559226961,341.30857769748167,40.17247412925085,86.17190638512434
588.2623527238637,341.4533642634095,39.698778113738,86.52212259614882
587.2276419488302,342.2605691460667,38.90360830371295,87.07941187792309
586.4944780619443,342.54875607977175,38.09926518667656,87.17742051831411
585.704719085797,342.6017904949826,37.60719724533999,86.7077611195883
584.4079966915169,344.5669903302761,37.02217309125807,86.72149711489489
583.406477245333,345.571351117357,36.59525864691031,87.1809137586591
582.2363673418731,346.1037264876604,36.102522378161666,87.43455887109482
581.5308238898466,347.46971101587036,35.682705156047476,88.24849397422088
580.7630623402074,348.3395176737496,35.29217544656419,88.7662101224212
579.5781670238697,349.2518587112488,35.39159225798102,89.24702688584733
577.4021274333921,350.75212420986884,35.49757578158757,89.4555479744838
575.4233919262356,351.5712717638728,35.60324849992588,89.23626720115459
574.5605192832721,352.4316927229188,35.67624114798968,88.70471044217358
573.9361990962775,352.9256180279156,35.45332986525583,87.80336125172411
571.3374348638753,353.38109888740695,35.42281191282408,86.22980759853733
569.0486900917635,355.32477325316694,34.841018772721256,85.36715807813796
569.9644331526999,355.8544284218881,34.80033381833674,84.76798659806039
567.5236984773143,356.1570020734473,34.60344690308627,84.17891109880972
568.1149398702603,356.71815653890417,35.184492345000194,83.99108891468398
566.1210475817127,357.3634125620393,35.861847825873596,85.06768688237563
565.9494617671049,358.7417594739327,36.75321392311037,85.4898265432384
563.9312220333038,358.6709604235077,38.04304269491195,85.25687489757507
563.2158112298473,359.91946105321455,39.31261010446592,86.34000683785317
561.9385434038775,361.3120625714922,40.30149064413904,87.81648011279069
560.2233219268836,362.8504453181091,41.4658296152013,89.49156570140514
559.1584685942078,363.71016495767424,42.354776788632435,92.12820838486029
558.0523101394647,364.97544734223703,43.2623303810105,94.08401417924173
558.5206660106459,366.2546264086372,43.664767398490035,96.05207044082007
557.8434592945977,367.2418330518304,44.1010418497211,97.07849471890214
557.064431614541,366.70158923578356,43.88552154626779,96.95176227348117
556.6097726977561,369.8250218538532,43.01889109378104,97.64610921461853
556.6683013755749,368.993410784063,42.86208987137198,97.55784910589264
556.6522872074206,369.6155816398384,43.409593838440784,95.58350832894254
557.4766045582376,370.65330518630475,44.16972683700203,94.1426879821876
556.3802327571015,371.835530447714,44.83057468255295,93.09073638648542
555.4698569878411,372.89057760787495,45.18963567599149,91.83404640929174
553.7435009045416,373.5782675601194,44.95671537532051,90.52278749037046
554.0936525035157,374.64318228056857,44.038308053303176,89.13963991850213
553.2033825599042,375.01389918843785,43.096072719655155,87.91111417404309
553.7228221435944,375.9299316278234,42.06227639610007,86.19808322050719
554.5945810204284,377.52290820702444,41.047710513827106,85.812073032381
553.8936910760682,377.6946211448221,40.578385208455785,85.94096276624074
554.6066161624441,379.6355397258604,39.66648031720959,85.96379226638044
555.2553082511248,379.6836860660312,39.32681361812351,85.79929214327825
555.2662674324076,381.2507515209373,39.142274189583624,85.02838764719294
555.0452952397682,382.7209990554691,39.24023036489953,83.8071921329541
553.3913639444321,385.9039006330719,39.31164848230523,82.93909205315754
553.7852626849357,386.68085721771513,39.363135838544,81.27415511508846
551.8038054111472,388.3292538124797,39.31634198157978,80.42085886807942
550.9257495269701,389.69569897801864,39.25652886704525,79.39797572770586
549.9664135476849,390.673726000414,38.64669287769404,78.34856525238465
550.546204962385,390.98685809416736,39.09329238510095,75.67608576908634
548.8668696132362,395.5535975427524,38.272199766290456,76.31448416073454
549.9011132412546,395.01046241745837,38.62478451647909,76.24257989655212
549.3434636605757,396.6546843542813,39.57563558048875,76.84080804286472
549.5835317499442,399.91792292789796,39.74710488862162,79.14711936303861
548.5467298909645,399.51348656415644,40.450518224577365,80.49679135066121
548.4129692132177,402.14659114165124,40.45213414021717,83.64958282128194
547.8201443450927,403.2980776264093,40.72267084460309,86.40205075447578
548.4284857025355,405.68092623490634,40.410192140681005,89.20617155734864
546.3652523180226,405.56180751837303,40.0369645623249,90.65973839906091
546.3468434649693,408.6382302536238,40.22764809754166,92.37354780145361
544.7584849568713,409.35083118940656,40.14910083151122,93.10202911546554
545.7548742270184,411.4265254710139,39.89592891009837,93.61816012164772
543.5661696560047,412.99257482110875,39.9118802274185,93.06791814905813
545.6939210812943,415.07244503740725,39.822566570565,92.79624400827029
543.2689497178358,416.4405766567321,40.35175381576215,91.53852965401231
546.3963367855068,417.81159685201584,41.15047079599,91.39239027586552
545.0706795753196,419.34691824369463,42.000340924296054,91.13706083174135
543.8750453083878,420.326066803956,42.42579498691474,91.34098061299777
542.3771648758292,422.3906401236626,42.245675181484515,92.14686061924505
541.0539954439331,423.54934520756376,41.90907742456446,92.13536723763644
542.6390940901907,423.1491966940092,41.49678990682942,91.07712325293522
540.8885986158379,424.78280769465005,41.24461322629333,90.15034533963575
539.6172476708865,428.39732945763336,40.87024210479757,90.95522019440651
540.3775057892477,428.5878450455816,40.39146318611418,90.73065070440595
538.7139164232871,430.48616602453285,40.32860581192588,90.44650426423414
539.784714392313,431.5387871869441,40.288672986514264,88.47480183959536
537.4832911812534,434.41895224667877,40.69008145849931,86.67870035019192
535.0245507622492,434.87296116990484,41.03707813513085,84.68317823604715
533.7090127702558,436.96112652433493,41.560716270072774,82.32075944201249
532.1645240545228,439.9600948923671,42.06437561300723,81.24532283946243
530.1025616471836,443.0372088989597,41.9566019146546,80.51070246559004
528.4127607674735,445.6421023502103,41.62897596716557,80.90879663227226
527.7436717316331,448.28944003434833,41.37068868964906,81.57098132945636
527.9291614897462,450.9103308691664,41.339611216765405,83.2638352990109
526.5082561073899,454.2016562450799,40.81471155705486,85.88367535376344
526.4222549098871,460.67937969339664,41.07501262300807,87.38458736673695
523.660930129374,453.17926925059913,41.77489301899516,88.56670350837445
521.094797195949,451.82302032776704,42.61614945972819,89.4870065107464
520.4363714149831,452.8783151330561,42.78595743588266,90.64934990645482
517.5818819727674,456.916402947175,43.144776198396336,91.35974864192559
516.726226339593,461.96054182644207,43.42387999957336,90.16573891928013
516.1061023564931,463.88113622384986,43.63977231582497,89.45546981936499
512.9282044842813,462.6196685338985,44.088148378699586,86.6668388464235
512.3573257858999,466.0053561389952,44.229542902384964,85.20783822805755
509.7952256828653,466.82685403893964,44.359855683985224,83.18146398206652
507.60873181000136,469.96624714074596,44.39551928725702,82.24197459623343
504.89960882456273,471.0052711499818,44.80401918345777,80.54364741463954
504.5745116231176,473.66711820124766,44.389174666899144,80.90638662738495
504.77625525020215,477.321737836212,43.514595367422885,83.9197763323708
501.8944803645651,475.7449050866722,44.24843866057812,83.55458029923905
498.76638791025664,476.42800191167834,43.86032072419384,83.62023147973983
496.0654175247679,478.3230398490565,44.055732354698875,83.17046927800287
491.7705366352142,474.880470118872,44.27517476735113,80.62962244839386
490.2862213802405,473.8157645017226,44.460931408356345,77.84711218153303
487.05370490503816,478.599455122471,43.75004911751953,76.13919796960774
485.2382824106924,478.4903414189606,43.464085501016896,73.69182150051466
483.9372344234592,481.9336546196825,42.31567125972414,74.2949092447312
480.7407600195322,483.9187251746091,41.103384967785615,74.33022410564222
479.28886614353996,483.7554326407945,40.11161483936847,74.08526375119426
478.55938841957555,484.4223380340536,39.871074971745514,72.63583091361576
475.6885316437533,486.6436988039371,39.34094461317268,70.80629859427725
475.0125002773496,487.5915160666801,38.722319598978466,70.2377451530427
472.77685632548435,488.180551535504,38.607433014641366,68.79171390541262
471.11408515890867,487.50843028963266,38.68665009335248,66.73382936964371
469.55233094977206,487.91935396761704,38.78292157314914,63.91138310620418
468.2177564352634,489.52564211461197,38.448496230828454,62.32397668545201
467.10926457159155,490.47098370025617,38.329507410641085,61.27914094200855
465.70466277565794,490.61508404340333,38.70120194260236,60.803075609398654
464.00433966261966,487.77067892974384,39.21693496257837,58.77172392189223
463.37919798532795,487.6783518139412,39.22530642903927,58.51872300260712
462.63139087352397,487.8450996932603,39.13409897734666,58.19234718921939
461.6695738142274,487.7358887889354,38.67904762154393,58.541570347747495
459.1915201012563,483.74034937982964,38.9443801298837,57.87434685883011
457.9145072512869,485.80778782029887,39.8210127510184,56.510482045686445
454.6842783660214,485.75215313036676,40.76315759048873,55.783130643652164
455.1642816283177,483.0076069310144,41.07248287875462,55.345151471006886
454.20875643856783,482.3883693681014,41.648493881041915,54.79422315826474
453.94333550918645,482.7067208549608,42.03290237147934,54.12745433698513
451.79833982369735,482.4753422137955,42.38363111390228,53.360219348846044
451.6497713218492,482.12291299708676,42.65176541759766,53.021428466429455
450.8679950816561,485.86185683813073,42.86311655540116,52.48749334476638
450.3630270961459,485.422932093711,43.02582489342207,51.88832054337607
449.7112123037935,485.23941786149265,43.17995077024116,51.33432927486054
448.13652759622204,486.0745243614846,43.28774999876909,50.995265376134085
446.80978477570477,485.8110103412265,43.32373938774363,50.77178153196089
446.3826684231799,485.3919779439481,43.320673062966335,50.62188884894805
445.0077530848153,484.1346057281855,43.29579737601752,50.453260067658995
444.3077446181279,482.2599177369174,43.246730265889525,50.31352667710258
443.999351821139,481.5921699470413,43.1410943329585,50.131054913524274
442.60997252782727,481.5584820664269,42.87970656872128,50.09156535812368
441.7683607904226,479.8825969222987,42.56720977623482,49.82195412515512
441.50760625497315,479.9353966924044,42.08771772752005,49.52763023103425
441.17385047646064,480.5182884416557,41.665878822585206,49.30902742091278
440.9692571152372,480.948700748019,41.12121283192399,49.28841366319342
441.0122060415673,478.83128255656004,40.750924380728335,49.089127006865716
441.5977168964031,479.33527384537854,40.38059803076368,48.63159213163662
441.73473159807577,478.6832157138091,40.10255043151347,48.080084553489826
442.0177182234559,479.2228689694695,39.936388299594306,47.38438089975859
442.11861618630064,478.2891164942375,39.66073976778711,47.00125618675532
441.78833214740587,476.70846393384,39.65685392187447,46.7849363189944
441.30412352205843,474.91643935741456,39.710830361888924,46.808930454373886
440.4830779475633,473.20276022442164,39.76361456031006,46.911283427467325
440.25181856483584,471.3594179086396,39.73422221250284,47.10666628405273
439.3177182274468,470.20239491244274,39.77484803815219,47.33361677740776
438.3521525178373,468.928679514648,39.74715649174929,47.47418030729586
