562.5,151.5,41,123
560.2509190404212,150.874240498274,40.78136432890186,122.54312691980712
560.0027418970047,151.51349285285326,40.80078170915868,122.30044102587995
559.9841426548862,151.15847169532316,41.176893902320955,122.0296188160988
558.3076590961339,151.63374578347782,41.386455820774586,122.63687510508336
557.6293808509726,151.64129990786677,41.91481614315157,122.47207746505012
557.049171981638,152.28645704938248,41.97169501100909,123.29139328989834
555.6901143165052,152.39363054141387,42.09120017853978,123.78628346413407
555.0451923897406,152.11661194367838,42.11745107361866,123.75837422701456
554.5461996292465,151.36437450402573,41.877790014864324,123.5804237265667
553.7098869417144,150.1212681860997,41.694938176069044,123.16106752429928
552.386210008685,149.69375271904602,41.277596683851385,122.42885347091885
551.5852273603178,150.09070347070582,41.14804383120996,122.01048349201906
551.5715325635111,150.56301340960363,40.58069148432496,121.90935349955362
551.4794796972176,151.1861735940809,40.28950429584579,122.43349075598815
550.5953934175911,151.28821604018955,40.338262740146554,122.96303395796718
549.1755040333277,151.19784356352233,40.63145165729402,124.20888256139469
548.4541476700077,150.57722756164105,40.84915756516257,125.32612720336849
547.648011466196,150.7448627334466,40.87628271116656,126.54623434312529
546.9646406372119,150.5038150197852,41.05144395436256,127.85729161966077
546.1629323001115,150.40375088920797,41.09874667020482,128.99759404320307
545.4000290624743,150.05802602959773,41.246177376817585,129.47179930124477
544.6340057397298,150.53863655845788,41.35899189225589,129.72611400345036
544.5935356017502,150.62772040522668,41.49251175740313,129.77681224631127
544.5766924060498,149.72475333767272,41.59245393432896,129.80595600094122
544.4931469974945,149.85138460475576,41.57159391680756,129.30795280181624
543.8616154852435,150.57773151089572,41.482239353075656,129.2167547227974
543.628632131128,150.85295315893168,41.53609048742349,128.76296034332762
543.5029232200429,151.6402903193314,41.449884415379124,128.56317372737743
542.656072056267,150.99223890549328,41.52241443400903,127.63632299708551
542.2921321841835,151.193388269136,41.35967114512934,126.94695310137743
541.2470289462899,151.17945811292373,41.344726444463944,126.04887635726047
540.8774790917718,151.30719565349222,41.005170433743174,124.40974477435353
539.8244096382474,151.8235729829496,41.03463940938012,123.10186231711987
539.4925001983399,153.29173452140833,41.11083564667792,123.55919859345863
538.8052194962656,152.62171824542645,41.2333869437862,123.07862872843019
538.9034531829308,152.766188254079,41.13873903353013,123.18689525600122
538.9590329192113,152.84384921555358,40.983994774613706,122.89362574389307
539.3434584748949,153.19934535704417,40.81858823950988,123.01472079888258
539.076026605411,152.94388508252848,40.803643774303495,122.87186517909075
538.6408950661786,153.06440681941666,41.0416229267582,123.03087031886263
538.5336391532651,153.23401717831632,41.275415748758796,123.28450505455454
537.7767208029103,154.03242993669204,41.58687906403911,123.60619402793063
537.2496156629311,153.86003536165185,42.03234430548819,123.76848247288811
537.6801251415628,153.83735599941048,42.49668886503226,124.02207561182911
537.5331185275106,153.88836211435728,42.851721502584425,123.8555983658089
537.6559094727277,153.8858307810473,43.2749367475035,123.99305796884543
537.5469212475612,154.28060616587265,43.52791157375893,124.00196553697856
537.7556289045016,154.741351128696,44.07484809274469,124.42361418688574
536.9733432967006,154.16585399580566,44.86634778086561,123.91608858858409
536.9609896343704,153.93682324571014,45.406782029468566,124.18239223097561
536.4938934257657,154.02871561067928,45.93466305389387,125.20737968350193
536.2788060625066,153.8199813675816,46.46400164049467,126.19794271649222
535.8020463812643,154.73239965766402,46.46772563764577,127.18486584663927
535.0432400598239,154.32918494779722,46.8505475023665,127.7609020652601
535.403535234391,154.05937800812092,47.234044982821956,128.08275861526798
535.2229801408719,153.79256671777097,47.093365957633495,128.1200978137905
536.0560339714918,153.85137451391176,46.33083908119126,128.17369362809742
536.1039608615035,153.8409576734439,45.7204866501401,127.64672235736536
536.1449171198317,152.98168030529538,45.449874798624116,126.72611765266817
536.2318814129765,153.34904414952297,44.61915702871779,126.16121271668874
536.873086445792,153.88348171255146,44.0042672477396,126.30737624782016
537.6446100629527,154.6195949984274,43.77216147116666,127.392628819211
538.5701213885496,154.59066799081472,43.70715099267149,128.20208679542722
539.1762138818598,154.99977977920457,43.593589401017326,129.4920811732832
540.4355044814095,154.99294409133853,43.42970089944316,130.88275192721963
540.9480352726839,154.26139128858108,43.34340108761954,132.68124425601445
541.8437143664518,153.15509177192752,43.49883729076218,134.19021957725874
542.6471049361628,153.23811186994897,43.68963532061333,135.10484449275756
544.4438180107893,152.7095092767778,43.8425403862653,136.15699267714785
545.5996273379916,152.19780326041155,43.818619523913895,136.56921415240052
546.2094692969717,152.32391943224795,43.7654799241527,136.44714298981995
546.7496205104691,152.42733539516476,43.808477215061146,135.99750290082028
547.8261321325132,152.89198388581653,43.5840429573698,135.8806744482643
549.6196587496497,152.03161633780906,43.671620365033945,134.95106874876228
550.8663021138725,151.58307810354924,43.80186020976963,134.01409301219616
551.5025205396561,151.93112215434974,43.747753741503075,133.24215244943593
552.7411146612973,152.33603212091452,43.527261722433344,132.57570844947665
553.6356944668156,152.88525539705097,43.37094584423065,131.91093971955522
554.5910593362394,153.2348078193491,43.23829418460669,131.04469251355644
555.2773074241002,152.24281017312452,43.313705337490816,129.64776453482642
556.4437439845756,151.8476082335336,43.5539907191187,128.7054115609046
557.4634159000643,150.9211099449078,43.70251047647443,127.88091790378121
559.0308269962499,150.29561063170416,43.792229709808296,127.27648854976553
560.4641579474998,150.257467495152,43.700131119838844,127.07766937629273
561.1727072057328,149.77516173674223,43.43217117320481,126.74487588861098
562.2647014560889,148.65558287961397,43.3704282226481,126.7694792930225
563.0301494887077,148.46215191861836,43.35671176575555,127.01578353846003
563.802875450943,148.73109791531002,43.364707445464205,127.40861473538432
564.622487371102,148.68507606581488,43.54913324999808,127.96734098766589
565.0844896228582,147.79474392242406,43.89100277469153,128.64831912866507
565.2090122801127,147.17310131912046,44.02778303458048,129.12535378452537
565.7352249808877,146.68780794579502,44.198969226277015,129.86732740787858
566.8513845160695,146.17794761446945,44.3976415671224,130.12400681267144
567.2456198625623,146.152405834386,44.46408410884757,130.56473270086224
567.7150410033069,144.8277601508866,44.50736639439027,130.4204845437827
568.3824758074455,144.09083031170474,44.797658314700286,130.75924075801979
568.259273977676,143.9746865782802,44.88479812498099,131.31769431821834
568.5073104798861,142.8184941442084,45.15579463912698,131.07313958446377
569.0296053200536,142.11312960542696,45.61269841277124,130.657290998605
569.4794814036469,141.2681627643799,45.948382685098935,130.3138997238052
570.4285360686612,140.5771864245317,45.94190173966068,129.85790408120545
570.5369892352747,140.11738679124437,46.108979882761346,129.87776289024532
570.5759094714097,139.80184312343584,46.1163494805056,130.14858205026042
571.2307813207474,138.8968730168054,45.98933466843426,129.8937856588308
571.5390181771313,138.3681015856589,45.6655439609994,130.27255124365408
572.0876988020959,137.32527962555352,45.43346625990214,130.02608356680372
572.1712969456312,136.71263185238254,45.105620002657716,129.55497048372825
572.2673363214624,136.04440700259352,44.96424169944876,128.77043157589972
572.2326702455042,135.8759960055774,44.83709263839158,128.38681652006616
572.0657558940055,136.3120226737056,44.74713493964023,129.81082088492062
572.646926283398,136.13959238105315,44.81346678448975,131.18023763019872
572.2623739998697,135.2370144530788,44.82580705882921,132.3191957093529
572.2629128521468,134.04115737500587,44.88829373676861,133.62313296616108
571.6053702380302,133.62464973269414,44.807084013562964,134.58692029007872
571.5501175994415,132.8867610154163,44.837925276460574,135.37766023092865
571.713660876893,132.20270463780554,44.80325094298917,135.970128862596
571.0891711009132,131.79842672209313,44.78927518698842,135.86691029712443
571.2485565238358,130.92366757721578,44.653561649340304,135.48220321837937
570.3154812040825,131.24131437578632,44.566054304112996,135.1638893275257
569.4721847205601,130.8189120703124,44.57306682109983,133.98245740435488
569.1787567610037,130.56246596464663,44.681404433003706,133.452315658205
568.6712902085577,130.2361914092091,44.71975983871121,132.70279829988755
568.2542104889898,129.32465275103118,44.84792103594569,131.42801527993967
567.8696512407279,129.48827713631175,44.815093726919926,130.86799569388688
567.3514754240844,129.87790641710086,45.035909576439366,130.57402184819958
566.1295480537872,130.16069729828246,45.062817190645106,130.467091539093
565.1758976939753,130.06203524341316,45.15313444888878,130.07954882706565
564.5945883126502,129.19946303793017,45.223942269842794,128.66368891407228
563.9646349250803,128.71256092690058,45.26858126753973,128.2361733939287
564.0185879344089,127.83384100059561,45.35436233021968,127.97780013427973
564.9055847584034,127.5139122035915,45.301850005472794,127.89840353259781
566.1261856991189,127.18149546945305,45.095697848620546,127.76051824229162
567.9475871901951,126.06215165855396,45.05542367696914,127.15637925924668
569.7636985408031,125.495811228507,44.79499806056148,126.9214012658097
570.880727106447,125.37978992157775,44.49162573419011,127.163300010596
572.9308077850228,125.76171964277643,44.380530977838205,127.4147969896693
575.0091729111087,125.2991514525494,44.40402848216644,127.4049022541146
577.3725040495751,124.61907926437866,44.528734155673256,127.853034589841
580.1070181898667,124.65880415524975,44.55674423950033,129.1564362895365
583.4838713855149,123.91004954889571,44.76575776550139,130.02062636276398
587.0117750663107,123.2095297184079,45.09334083054542,130.66184186697845
589.6920861900902,122.57546054745802,45.35127079093338,131.39034139156786
593.5834131380342,121.32019866751436,45.375402478541375,131.66315348344065
597.9088262534624,120.26359107701407,45.39189459180126,131.99575643414033
602.1009359123968,120.38262062899753,45.4027491646185,132.4041460019912
607.6407030926676,119.4042574204665,45.477111135863964,132.2450582100689
612.4705516531351,118.51089770651951,45.348872869604364,131.7953267273946
618.4077635151845,118.26664928996713,45.276230799863555,131.06676263692302
624.4010862838883,117.83457442774271,45.41847148529517,130.80066095374858
630.0564479385744,118.04438864405141,45.50295176631601,130.76115598738446
635.3431652620009,118.05161821200392,45.45656809144805,130.41666304253283
639.82439710009,117.82349717214122,45.19854262480334,130.37013922832207
644.8328426019007,118.07356924341633,45.09492638619664,130.43694236713247
648.1880979131154,118.2116649963983,45.110040801914124,130.39105233073298
650.5139727902227,118.40661066054251,44.74731444705251,130.27961500816278
652.65272571553,117.74675079323517,44.422379750078704,129.7008959314753
653.8651361252358,117.66809505007954,44.229229787142835,128.7567423117761
654.8906947022507,117.31425409839227,43.78621447790083,127.89271052916126
654.8614402470026,118.61370477673978,43.12643079444102,128.8616065948753
654.4295701400764,119.02338177378095,43.11088036793922,129.49342185318858
653.1163498835551,119.09169169668765,43.35455177316328,130.02882721108003
651.3917294708458,118.61927629406537,43.483761670923656,131.03933799862915
649.2934915834588,118.95538760800977,43.35002103792173,132.4115382356543
646.3035736666446,118.74138118925184,43.50709962744006,133.02530122981116
643.6737103587133,118.53939698895661,43.61987027635337,133.6666710562401
641.5406080556581,118.30458555762769,43.642832618669786,134.15102969769163
639.622972563328,118.91156888964562,43.57388087650817,134.53604501016486
637.2296383145879,118.4296730602736,43.43683187520911,134.68344168418676
634.3779651341747,118.05023808363102,43.21188214686302,134.5270110893953
632.0856707097997,118.27972548005775,42.99638688153828,133.81986000495687
629.6504671370009,118.44452356211504,42.81619731311607,132.93633916108612
627.1655601265201,118.53955763873896,42.77995454849433,132.17613952714447
624.7481506786099,118.48302779801969,42.68014543451838,131.3554173463241
622.7101881063057,118.44530542202652,42.54017826421588,130.63110294875904
619.932125190368,118.69750658487347,42.490188278067734,130.28001963916412
617.3644765490844,118.76473990542527,42.59596361849625,129.63960117625646
614.518600923289,119.07404075211454,42.71320334207185,129.46097715855427
612.085343206753,119.51892555278933,42.712121195187834,129.1004302840266
609.2391427555456,119.79363778995057,42.81146160413357,129.3623356513179
606.0327013296474,119.52533240521532,42.785864555569894,128.95926793062648
603.4527573183976,119.1463598093474,42.98038764505522,128.53656622600002
600.06644091306,118.94587694807707,43.22441594828423,128.17387908742236
596.7693608078378,118.28715799485457,43.218067945685604,127.89798553768297
592.944474782297,118.19949948292094,43.03177756543158,128.44344505122194
590.198112049769,118.39617349968469,43.02922896356269,128.5026562206039
587.1402453190942,118.45302699353945,43.17566596952888,128.1827247019591
584.7474977235913,118.53280660227045,43.249699616497736,128.30440955383494
583.286329942826,118.30926291700851,43.4154040420879,128.3922882809224
581.969711690826,118.24471067191995,43.43660956311672,128.9469223702893
581.6565646562416,118.86450285900315,43.46565489924173,129.70828284895185
581.5304002498036,118.98013455967995,43.628386747698954,130.01051558903197
582.4808030517357,119.24874477399608,43.90551626727817,130.56760174857263
583.7442973889,119.07790761989095,44.30157012873154,131.03710116793363
584.4125629909837,119.01399057492827,44.20585825954802,131.73493101877665
585.954301340087,119.23300416118745,44.31145822340498,132.33427011727727
587.6308868067358,119.24283116638402,44.51000337935605,132.59412416114057
589.581244054811,119.07873835340345,44.87047548293704,132.67596066100117
591.2399015691013,119.14534228179777,44.99696090372781,132.5071704517829
593.0705408783729,119.00340327940044,45.1876167181682,132.25725959673335
595.0377980235697,118.85124584974167,45.39812529688442,131.97388410265734
597.3463820165321,118.05894921352868,45.62509497956947,131.09406540113008
599.7588514288198,118.06052420262037,45.71247152364649,131.04687804362226
602.9399695494136,117.96645678116684,45.3904088130374,131.02748784184968
605.2154329050095,118.08226077644557,45.142226490425855,130.8928112492071
608.538802932545,117.05916650486392,44.8815395206821,129.7612096274229
610.93180256556,116.87167614009758,44.82346364790135,128.9780030867911
613.842316428422,116.68656486330286,44.61065602258037,128.3973158470036
616.9399043767564,117.46736901855901,44.2552709469869,128.77341257646933
619.8841396091092,117.87903038739657,44.24263017893662,129.56452193527554
623.3454863489806,118.13660498128384,44.36853498868375,130.5818810015522
626.6851450314397,117.829514144725,44.694247302110256,132.28597890391794
629.47548283763,117.95116403924573,44.79943232357951,133.5268234449012
632.8885181569733,117.1994796862645,44.79125995836094,135.14185307094718
635.4831680118598,116.36931838716386,44.77076107942919,136.0441836399584
639.0291261561763,117.08432452870764,44.680916648248626,136.83627495260447
642.7827208253909,116.05210835116577,44.994117534275986,137.08792609297416
645.177465881165,116.16555052241836,44.70848455850059,137.59212532237984
649.2931127294161,116.29398126073306,44.74022472888081,137.52206413192425
652.8085845471526,116.39893289313738,44.43416608028526,137.7680058654753
655.315696141285,116.66737288261268,44.24092248720477,137.46294456251957
659.6823146434847,117.25413459295632,44.26372128755373,136.80305767127794
662.4127478685552,117.29492240869918,44.219341100687984,135.42866599689214
664.4729119410393,117.96647452973775,43.95954333215394,134.9339361811799
669.5085804731506,119.5471495576211,44.298984313585834,134.24382736114623
670.9950327764998,120.22623736081142,44.271076063851424,133.06219902875907
673.3977334374342,121.21634181436792,44.667753561257484,132.09161460284724
676.3490553211645,121.92270592659631,44.94570900644328,131.74120208082883
678.8668503917185,121.96795955262931,45.253915118539865,131.3851478214405
681.407007050271,122.66710893963237,45.38504951719424,131.40066979099518
683.2162115476814,122.60453186126163,45.38852081526586,130.98183017666045
685.7882331406466,122.9622548151249,45.724593519838194,130.22730499022643
688.3896065886521,122.40838210993306,45.96109232466347,129.36161094557775
690.4424633558251,123.66516740191818,46.11495892566285,129.32587244054122
691.3789820792416,124.02171344088062,45.6292574945313,129.02518284345703
692.5240852526315,124.42401945677665,45.57945837622137,128.86819989386788
694.1310174774555,124.35049095835848,46.01211287226718,128.42690701191623
694.3396137632881,124.89023343289658,46.11803653156668,128.31402105041937
695.4532682294821,125.22933463611932,46.381048996960104,128.36581544439656
696.2932843597183,125.88206225914483,46.53149766967712,128.52789927038228
696.3453593118894,126.3595217580833,46.238803626068815,128.4147768494821
697.0871363265344,126.47300442877422,46.30889377707672,128.05193278126026
696.9705997072648,127.16065939815905,45.89387826239255,127.63195446604482
697.8714892120428,127.79787963639016,45.87840158094624,127.22778901018197
697.3284125755124,128.50014859147063,45.31035584983381,127.03535017533844
697.2798747518186,128.91884234096347,45.12911404574433,126.55881831533358
697.0293714873736,129.0315910378909,44.92688345829744,125.95981416684197
696.2161226292338,128.84927298774187,44.80749818660087,125.44595248777071
695.6856102309837,129.72192648985833,44.79834316304054,126.2653091321431
695.4619348513343,129.9439144410344,45.00737543433763,126.45364201093798
694.3069039992744,130.56248480885665,44.85797831048487,127.83277801632127
693.7050801282861,130.37997601790863,44.915290569864,128.80697378368026
691.7402994413111,130.57278004873447,44.54804846938791,129.5336282094401
690.3416313627288,130.37718021796385,44.0689277936667,129.66543015565122
689.8051444059844,130.32913827326098,43.739213919145925,129.45825809961286
687.8864167098444,130.01572631032911,43.48352060308237,128.646697015711
686.6448844495549,130.53180370335267,43.15868159544797,128.55668769646837
685.2239954446818,131.38200582793274,42.997345858551036,128.8875289173552
682.8435050004425,131.39685727351656,43.14640400609318,128.93009892295422
681.1426562688167,132.25886212565263,43.29223184234601,129.6816033921898
678.6369084263387,132.070796096603,43.662218471210736,130.98845184566716
677.160820326232,132.19984312921906,43.771820790274624,132.30579294202562
674.368313563974,132.08989210400097,44.118476294008445,132.70929716161788
673.3683400598051,132.448943326784,44.275961239510515,132.75217377241015
671.4504715584882,133.29212563812894,44.27868589969117,132.5130232763072
669.8081044547711,133.22068809891152,44.313229372262285,131.72206839153478
669.7926849385966,133.33675572690274,44.18259928780407,130.6592286253404
668.9053757010727,134.31637903206854,44.00046355524087,130.03235503804194
668.920272688777,135.57713176747257,43.733232152788304,129.54557523328003
668.8307872458993,136.0559584937839,43.62860968193449,128.84712616832218
668.5665738134304,137.51999867760654,43.465471450493816,128.44226943921143
669.1116391267717,138.80910776299459,43.369044308346545,128.5042506912716
669.3163069842127,139.1662898677667,43.16472391006999,128.4550996493948
669.8871353814579,139.9270025813889,43.0670015800342,128.23252082459027
670.4186621617165,138.5902419189492,43.29011432982754,127.63020997326117
670.9441211560751,140.5827394255241,43.366322677208004,128.39522211266873
671.2245501618199,139.6845038643192,43.45249108535792,128.1219734436662
671.9794323387528,139.9807231405305,43.482667088700595,126.92704518138947
672.6108355587927,141.9825755538377,43.510863518226714,127.1725421293722
673.7473457508828,141.0633353401384,44.116395332456506,127.77591692303523
674.5700265226299,142.02420007462908,44.205891586585096,128.10618277914233
674.8094020938266,141.86117752595655,44.28396238652091,127.70209261447492
675.6687432628737,142.1486019065017,44.37110099035169,127.8933316238466
675.5292396718676,142.6112119984574,44.62559572494732,127.50884102224495
675.8624288797268,142.8521504625886,45.00309097694577,127.29434027844607
676.6551116628915,142.8521396698094,45.46131428734066,126.47371802178418
677.2873546258307,143.18056648019086,45.503230567883136,126.08814880243801
676.8917083021651,143.66784270104137,45.13011655799551,125.70586101298917
677.6855452979697,144.1482604846925,45.44541168831916,125.75685494111687
678.0182406213466,144.64450277039643,45.75961706035653,125.56826590279394
678.1348390168055,145.26044517719006,45.85547799272268,125.03341765355678
677.7888951830469,145.77520196413843,45.77326440291567,124.50518128798831
677.7176170891898,146.32189869452,45.80112412519712,124.04359247228665
676.878196760148,147.54391449055234,45.54106753119791,123.84122743562665
676.9914738005726,147.61003460244712,45.602873777830794,122.84810379709174
676.666737083784,147.8893665513462,45.506194750833025,122.12053316589996
675.8975703774895,148.94145426862406,45.43636731003602,122.2182937378902
675.1400642519794,148.65354263148046,45.81702425443089,121.22716216102691
674.4003552469085,149.11311183262615,45.932356351868386,121.0878576119803
673.8880786510509,149.07575212961146,45.61294913918734,120.65076224492695
672.8915610611739,149.48778301951154,45.15884124109113,120.5051784080704
671.4971244598217,150.10987873826508,44.800538654915975,120.85840718616998
671.3060028141678,150.71703552231412,44.2752745266377,121.41211675134977
669.7767188544766,151.0470025084644,43.675554205587304,122.17563312981062
668.5121919872951,151.2671973038629,43.0938775303282,122.11982292930107
667.0093015316843,151.841759947475,42.52620692253738,122.59628832410657
666.2764687579061,151.91811422527087,41.845223109437065,123.27411935267472
665.4132234179967,152.19274166702778,41.640377267153404,124.5073588949345
664.581743896276,153.31286555428022,41.51695137044757,126.46373206159174
663.7044663421909,152.3017325242016,41.59244578106211,128.30145589793776
661.8586223005241,153.56104160072994,41.700477314941864,129.598512765099
660.6902666477574,152.97768737747643,41.72789225092275,130.51088303654768
659.5796660295309,152.8484646646542,41.758548643702014,130.99446229846154
658.7311327109569,152.3426218136573,41.837864516956785,130.51465274879973
657.992434033389,152.461855291359,41.79865422991887,129.7502605147327
657.9891039071942,153.58363507308138,41.67939786718,129.2820622508027
657.3951815019706,154.9854278604573,41.83746956151539,128.7818132963817
657.1736848502356,156.23864492636085,41.981029097189705,128.83153460776612
657.1619495602877,156.50796773996746,42.1484905513762,128.36866555754875
657.139198885157,157.64779502872196,42.2195123716309,128.33156159153572
657.1557606871211,158.86078096799983,42.34343599472787,128.47567213905114
657.5390098379826,159.34601191095615,42.798895614986534,128.22664144887443
657.7188325839498,159.7010334069416,43.196492385415446,127.91780039052587
658.5669139991318,160.34067112322055,42.99862378932753,127.98956734783766
659.5648485789314,160.81198983363956,42.85270983087706,128.2536139203392
661.1739074790996,160.81050459632107,42.83576223661055,127.4540033827272
662.4920346417305,160.612789087689,42.6924073292262,126.54908361473589
665.1453048790124,161.21975162332575,42.41692373561315,125.95360942351306
666.7774010148918,161.66847486467645,42.00463752502691,125.55747442181061
670.4674616585518,162.0864399256526,41.59716628882389,125.60889319016295
672.9809384145452,162.03444770428075,41.4912723852964,125.19668090515391
675.7341583026835,162.59893311929636,41.45689996512975,125.32414725754916
677.7687919372478,162.5513564155787,41.87093481239509,125.04039650114704
680.1357454391174,162.92608510370428,42.51110608242893,124.36146897323303
683.4995354702072,163.23154674167887,43.07132394810573,123.32750217802536
685.9441095099812,163.85299252423602,43.46255945544142,122.42815482787503
688.6343840650519,163.63852476397818,44.153033332665686,121.226126546053
690.6309203561933,164.7203057499895,44.45135975245799,120.31868918969961
693.6329993062786,165.1751109710918,45.23953211733266,119.56875193165142
696.2767139924177,164.81756461250367,45.60466727065874,118.58313411377826
697.9389606934504,165.49457284325302,45.95844969218639,117.98951383481668
700.1263073563946,166.65231094512708,46.575131812617684,117.56133824161084
702.5856739056478,166.8502185422168,47.010658681915245,117.2294321086845
704.0334355506725,167.74025415698407,47.72779770723448,116.86334553548386
706.2762061647142,168.26271660514374,48.10989363659142,116.71773307574514
707.8695315857664,168.38670373885492,48.579354750129504,116.4515751597365
709.885870207808,168.30063644099965,48.69278661020287,116.18281807234538
711.4933360885381,168.65167299045714,48.36789667689824,116.3872525251005
713.6175064720002,169.78034676603977,47.96258755479509,116.34203289790071
714.5658739591055,169.46145304176463,47.38275211862474,116.15863898954413
716.9605733943602,169.14424612474906,46.991157985206456,116.20620086911511
717.4713454001534,169.314740266929,45.670101766111785,116.01338663222529
718.9252057171569,170.05894688219917,44.835842426279,115.45125771488688
719.152115758039,170.8439595778354,43.750802063390694,115.45784479614858
719.22980032582,171.22985040880326,42.72717540524578,116.25354310228386
718.6136858948284,171.3907135125732,41.85691145793312,117.16598816606816
717.8244958693712,172.08998170480814,41.03159139555121,118.41050555166356
716.6979731379438,171.8984884361915,40.34939825862884,119.58880783138949
714.8799572928538,172.16492524489837,39.995481199266536,120.48662354884513
712.4671949960804,172.46599322987979,39.910732240872555,121.04747969867145
709.9375906202034,172.42448956151807,39.77293285969184,121.26238190698741
707.5980103291561,171.41986952367483,39.85580046922189,121.0571940346758
704.8925989153114,172.07300200149257,39.68344048517402,120.79480775354753
702.5471125885581,172.12964379691886,39.495245581918056,119.85536635439112
700.7199955435673,172.13527358995918,39.402573391381914,118.84254047745506
699.1925515480297,172.01134938612046,39.31152298600347,118.0259523302237
696.8485849080993,173.11740390912624,39.285242894587405,116.83408204134567
695.5822759536329,174.01509704922574,39.75275107375313,116.04357928890238
693.6898377926748,175.0042860228536,40.002791818658366,115.20391613199091
691.8194712385786,175.58044586728084,40.45887102479703,114.43088732190915
690.8315767901966,176.26202238468596,40.92523368540826,114.05390958578974
689.9373870417608,177.2068498071131,41.0274950563645,113.64727039740671
688.640215527903,177.1174459088125,41.189212313510986,112.98484392724994
687.1475664656552,177.41346955451735,41.012191254656884,112.60597662648942
685.9148192152189,177.46559125279762,40.81823427084949,112.64160375433534
684.9683448269592,178.08694145742245,40.50343272693438,113.25360021493584
684.7164597145098,177.82641426841133,40.460742263718956,113.26281115004119
684.0229251558499,179.04543790120036,40.17874602478433,113.67812072268947
683.9357830700635,179.14529242463163,39.821499637294096,113.77308291329565
683.7672336452167,178.87417969900633,39.525365118590734,113.4152317368149
683.0512958645347,179.48778700789177,39.129324534630015,113.88679229127766
682.979409262927,180.46649357831825,38.84600840431142,115.23638264850203
683.3647232390915,180.04771724422102,38.500540174548824,116.77661483158144
682.9071411383563,179.84764532220765,38.24930024794463,118.24669971946199
682.2981191400779,177.96672457506767,38.57624902345871,118.70323096441332
682.0418523180132,177.46658907089318,38.78320029325396,117.98356345614549
682.328815192059,176.4041255798221,39.231955304592326,116.69699403745452
682.9227507697091,177.0923022485028,39.71935124962624,115.76093204521263
682.2287142345226,177.97450345402345,40.64851004006138,115.20991605060651
682.0508010685705,177.1451719435761,41.20504136378305,115.10321966979836
683.0688802448956,176.62041343101296,41.787822410852215,114.87791291009644
682.5375373449161,176.68405291050385,42.54263850823343,114.34164499847792
682.6642414852762,176.84752259794323,43.18760216240401,113.8288145317756
681.8146117634399,176.7366251292617,43.98085532946915,113.54216712685732
682.0571605185824,176.06171841943035,44.73715567685037,113.2074982104757
681.8119403458676,175.86764714648166,45.13860378423509,113.09323171544517
680.9348814799387,175.63611517269797,45.31017051359048,112.39875844110402
679.7719601023334,175.41353354497383,45.43671321806544,112.42412108720208
680.095124832891,174.33262827880532,45.71865660031137,112.34963043583853
679.3356409242346,174.18234667091141,44.967985879263566,112.36771847815301
678.4128885493076,173.55626715701788,44.234789609830415,111.6069695240675
677.0002935888115,173.6571873101265,43.34005555773912,111.22508476053389
676.6744772781758,172.46375591144664,42.353313731187946,110.47864749189935
676.0384420039479,172.64402576000435,41.33196992531927,109.38844031002361
674.2857895018863,172.9711335284462,40.37858380929498,108.38172737428665
673.9883084483196,172.10909473437465,39.68127227579558,107.58205346516105
672.9962058713232,172.65904453166107,39.12373915807507,106.81401998591987
671.4309854757672,172.42390101898368,38.37743067207225,106.12926126351768
670.1308772278404,172.57720375243886,37.43346844363694,106.30629292090731
669.0496968632929,172.90060461221123,36.525863571764525,108.19815554233548
667.9103611459279,172.13345284406444,35.72187719246856,110.46656204303031
666.4809011367543,171.28981287513523,35.360118881348235,112.391795271232
664.2893030006019,170.68142269300552,35.35347931914975,113.29542853766546
662.942059805512,169.73343300118023,36.10081881678191,113.64007091760813
661.0758129440904,169.19356867079406,36.527808217572954,113.58744579572664
658.8262198893731,169.91616067972677,37.553352693020344,113.58222631071342
657.5213089253975,168.9900179901801,38.51140534053768,113.10626247372706
656.7084682937216,167.53696242321473,38.76262197280904,113.41508929064113
654.8982904145698,167.77036136242123,38.97348500001809,113.09037304543835
653.6109440417829,167.28084329193842,39.376574065935095,112.932888085406
652.4707231934038,166.4953920240826,39.728720388776495,112.36401796753798
650.7938711028557,167.24911663638775,40.78370230272196,110.8979900408653
649.7146940039441,167.5356164914561,41.45268591605714,109.86673745373159
648.8385430568801,167.8416970553278,41.67212669663685,109.17760385630069
647.7261485897417,167.17447761352395,41.6058392091762,108.95885024360871
646.2874297173162,166.9633358521946,41.535689463945246,108.75804588327179
646.5186717903922,167.28591420889728,41.292694400487356,108.45141896527468
646.4362315144876,166.2242461383462,40.86446218555382,108.15666929285456
646.6690595049064,166.75334083911983,39.83203112117438,108.16445877600421
646.5160726143071,167.16411512257503,38.984005216131834,108.34284750500748
646.5219882022818,166.94633210372848,38.12966053853836,108.51034224886976
647.3632468193448,166.343731679609,37.84394310719247,108.22359568461786
647.8296187074031,167.27111017552866,37.36982691267211,108.08491554366964
647.6961203585399,166.81347021722553,36.678028241727105,108.5321576761763
648.9028168719699,165.8810130573879,35.877246866287706,109.41765043985566
651.3538271786426,167.15295211015166,34.43110427227518,111.679668139687
651.6096115090651,166.72469454878626,34.25895685390579,113.24954261834435
652.0794468639948,165.35095426893116,34.78067961957886,113.33163387866185
653.2337382756015,164.20923688552114,35.44260012659635,113.37355181694485
654.1186073523995,163.63955266050016,36.35085050220547,113.50176513850784
654.7676009165197,161.28840743801697,37.007175579279824,112.9964154124232
655.4633145606024,160.33569593883882,37.53375578413352,112.01699792234564
657.2118744404813,159.96476192161037,37.9716631468733,111.07223439647692
658.3841369886786,159.27571822261189,38.48634234277606,110.36130130382756
659.8257036440154,160.16496917573613,39.773627771421204,110.57934149371707
661.360142980735,158.1663485625059,39.95698045746403,110.0665581726006
663.4868834414063,159.55795235552628,40.536003331744844,110.97323262658362
665.4696504808303,156.65994375679486,40.42247020466408,110.65327253675397
667.7926057750988,157.82967264358234,40.600517536201494,111.30498350059057
669.3380488298235,157.03696178185325,41.38317254346665,111.49848990269861
671.1426439258523,155.96627800025658,41.52491957484342,111.476825887828
674.897637362912,155.32076921217592,40.89402444037862,112.02891872224433
677.0837054515259,154.64027368538262,40.93567896597061,111.03846076307454
679.5653533958614,153.28660008535263,40.469847734129516,110.34595091891455
682.779966949852,152.93243271020077,39.73026543968585,109.34234633434895
685.412670443118,151.88422794572472,39.374552171110366,108.53302466212912
688.6379000898597,152.7478694132742,38.59578906369261,108.04218214718091
692.2304269194086,152.99338639645603,37.83576802025651,107.74707569644323
693.5258003005813,153.38785192467168,37.01625803521662,108.35805580524935
696.418704264667,151.58705409883345,36.35377497810856,109.79424856767415
698.0475953197442,151.6733771216567,35.820749585635916,111.64103697408453
700.5554888073619,150.47741509664542,35.62909600654916,113.14854629165083
702.3105378355983,149.82336404607724,35.76358189058226,113.71834860574265
703.0742504685331,149.0808075280017,36.31948177234144,113.7666555591682
705.6621283309447,147.45159956163138,36.472854312899216,114.22811686010346
706.8025380463765,147.8279285527835,36.797759455170905,114.38662643980712
707.4314930841574,147.01806005727647,37.18733022506068,114.50402371009515
707.6703785534716,147.75038558089722,38.03973277886395,113.95782313759278
708.2114727666766,147.52077231569496,38.68389370624421,113.15420140997881
708.0206741087818,146.95757749360953,39.52220949666034,112.3677941991768
707.5848334809849,148.1447908613984,40.0202254492622,111.62115290785871
707.8947397327266,148.69379148516919,40.36054339888847,111.15552541052693
707.1005238215118,148.48007756704453,40.6921473900497,110.56864336365854
705.8989092074214,149.6429918867897,41.64010489734429,109.76005608292523
704.7314684706103,149.4232588737944,42.37489145653037,109.25003138292173
703.7204835426438,148.65865819870334,42.896347043588136,108.85369478926384
702.363581036377,148.23541359648675,42.50582723846425,108.41487086427196
701.4415195146206,148.09145063439377,42.141428200601965,107.9153316333333
700.2051146992997,147.60641189387482,41.60739235700062,107.69771182299695
699.0951538262216,148.5481385474414,41.029827321082855,107.73118299248736
698.1401722960644,148.45591967498783,40.64604963203815,107.97609733106772
698.0934466819945,147.52718516628525,40.45897919913479,108.61974720231655
697.7140823458611,147.27854613750645,39.557891606295144,109.43505773319984
697.8267045928064,146.44331436332573,38.55580547193226,110.14333148797456
697.0601328428137,145.93576276806732,37.11902428357852,110.95831144290807
697.4996802251266,146.12556863725786,36.35010140325103,111.38692760121742
697.6830556685429,146.47621997279674,35.84422117576977,112.16716596769912
697.3892176457792,145.54449398832946,36.42745351947469,111.8374652705418
697.4812424830839,145.05672494811324,37.24935501101849,110.81827740836255
696.9854354731891,144.3617381898807,38.04791770751335,109.7925535886307
698.0227158923726,142.84157589667575,38.35873069994165,109.40606385733734
698.1198006506056,144.19959910715716,38.919015915416765,109.48750016533269
698.9627165297288,144.42949708880576,39.73295646742729,109.49948599229198
702.5876211676508,144.71028402855538,40.09196858364261,108.31104303034186
701.3604927266678,144.94577107737058,40.89911989100095,107.6911805831784
701.9681562065024,143.35683768292972,41.1168725316659,108.0936913177541
703.1084913728065,142.36482851886313,41.29170113284971,107.52888605084027
704.2939391789841,143.65577912417362,42.22420508333025,107.3100856073549
706.1519113755901,143.87325803500988,42.920291863824374,107.54152505922288
707.5109617036157,143.67489417233702,43.382581565744296,107.92547430030609
710.2005886907382,142.47970539307846,43.62771151789087,108.73618381377923
712.1828393418658,142.60945109369976,42.7916768217757,109.57057568852233
715.4609535524382,141.60770276994572,41.83174232687006,110.40143737680953
719.016322347868,141.2640715711106,41.09113575178797,110.59568356130117
722.516552547826,140.3736771570268,40.38937377716513,110.08432165361364
726.7095404605174,140.70824162110262,39.767584810913156,109.72481394032866
730.069651256757,141.24621909796724,38.83306830800305,109.88668342660188
732.4430155416321,140.64848807114504,38.384921815279164,110.0429694930026
734.5005837317008,140.48294394693778,37.82830670589385,111.31134757543967
736.8987778894788,140.13919944854058,37.178452833239376,112.26872580773053
739.7577662804724,139.81055539594848,36.82676614372037,112.84684412544826
742.2309566154647,139.516643241893,36.90546138621131,113.5105907737138
743.8558071427836,139.2025739320817,37.42058138412466,112.89711230978693
745.1943407476252,139.62836841195656,38.17810952089241,112.14184005270113
749.1164115706065,139.1401733222104,38.384058664724776,111.89345146079299
750.157760733505,139.76012047202764,39.020196408034714,111.46940908796212
753.5183429362825,140.64408154426962,39.43533828833797,111.00727450680213
756.8379462841098,140.38397094927336,39.66553686230616,110.55688632990083
757.0029840846782,139.92169384191013,40.094313862220574,109.84668684055629
761.360126007847,141.58428861056822,40.14007697480643,109.47880941032629
762.8269974986224,140.86825871409923,40.159634230911294,109.48252399986458
764.7501073042046,140.79754369500944,40.316543625179115,109.83064056458113
767.2635348192251,141.17774135308554,40.704228885970366,110.06907467281016
768.4424757475877,140.66914377594088,40.961275036371354,110.17674687645022
771.047526259033,141.74060255636917,41.84083704219761,110.2327715000419
772.2517786283117,141.15095641349598,42.435492780324694,110.67412603735613
773.9012843286541,140.06542849201347,42.9234872809767,111.11922472509349
776.3050208313155,139.8657974895201,42.713361058338265,111.55481445721921
777.5967745298443,139.31308598093443,42.448372061472725,111.92495254988341
779.3609664173157,140.02516408152718,41.66856349710123,111.81005385602214
781.747552522275,139.07406586389374,40.44063645777605,112.18042427200191
783.5986791927717,139.491553516492,38.96228200441692,112.12222694951717
785.5572868897044,138.31835454543523,37.17588736174168,113.00654846607833
787.244892905372,138.82142628578737,35.67387169385559,113.92440989775045
789.2215515875708,138.68457356154664,34.501571632924545,114.77411865929649
791.7542517660409,138.16105748833797,34.05089400471398,114.81705370164127
792.7423229111844,138.09092826615552,34.093828300196606,114.34951404648834
792.6072049268656,138.28304581018998,34.65928136563955,114.12306033585419
793.3702688392588,136.61731439730156,35.225875003103084,114.16430051682511
793.5015274474116,135.77573790848626,35.61371926512609,114.13210036316144
792.8159453327872,136.25849214531175,36.4315744113898,113.7088563510278
796.9411474084675,136.09117911041636,36.556786333637874,112.68080282010297
795.165618893618,135.56728268081122,36.67773934607906,112.95552856257584
794.532929387375,134.9155700183494,37.101568127585175,112.85839696554055
794.5369698294387,135.29691173148183,37.74582217197025,112.73671261802636
798.9559362496694,136.1468845443428,38.089598621059594,111.81956122944118
795.8575960171783,134.9191670686989,39.20897519962842,111.77337946434413
796.6209225410653,133.76178567572072,39.22778082628518,112.63649377656091
796.4047493879664,132.39422538076192,39.192525177545924,112.86772647470907
796.3212263110032,132.9667310237316,39.95964192721356,112.4892239468378
796.5016721773729,131.58805836676936,40.20972486393061,112.3721595851641
797.0003194273039,131.81054490750466,40.29899967330333,112.32824306158727
796.7150364867916,131.55899461069183,40.20747167653546,111.81281817398889
796.7526619835576,131.05553068161632,39.57123088588837,111.9479467419597
796.5327751408826,129.69730372384817,38.70367205552173,112.0817347372384
796.3374143013992,128.83890569419017,37.74254358247272,112.3754159007338
795.1345393332007,127.68177604028497,37.28092958912131,112.50949179789968
794.2490592742786,126.39209488529926,36.973854352351346,112.0977890825415
793.5489818022816,125.91205706095701,36.7176188678023,111.38910621968273
792.460456435974,125.7703687086184,36.6449423512717,111.35792030562749
790.4239520492486,125.1744732643659,36.86679846626029,110.97981282720438
787.9685456396729,123.69900364460236,37.059218436442926,110.9271674433947
785.5689349668555,124.22385591287417,37.592580178195924,111.57354752541949
782.7387827366919,122.26195820242145,38.57340885422148,111.55468142250595
780.0839465519291,123.38297026991891,39.50349118926208,112.14926092902104
778.2557921723654,121.58987118695063,39.91420568531269,111.97872686953951
775.5046015701081,121.19323326599088,40.352582468593326,111.57572771565518
772.4928715185748,121.32272307404165,40.69382449686117,111.76511956952817
770.227476756691,120.45493150416823,41.41398632173069,111.23612293632578
767.735425111347,120.92092656645177,41.7665235647501,110.94382881376524
765.3376396594392,120.66695126543792,41.87808968493529,110.31721191663217
762.6285520521565,120.2662213878116,41.79978681875131,109.97131075097874
760.9983928848795,119.12739638581002,41.51937181590281,109.58426692258443
758.753977571743,119.31190291839238,41.04554165268617,109.46144449476981
756.2864398344998,118.15006472417357,40.64828594660006,109.52504769824036
753.7554993901357,117.85077637778478,40.161026381989636,109.4232888287888
750.8754031584143,115.88464578746843,39.757291767185336,109.7635879103462
749.0611022848376,115.80052313510156,38.88667648095247,109.54456359895292
746.5588964712741,114.42930742929019,37.723687271134814,110.0043607523054
744.6455621809242,113.2394995928004,36.35214751977291,110.23923274433099
742.8265754689011,112.97772584508047,34.88228517416588,110.42373772520826
741.6536406838145,111.92914528890682,33.714783753585934,110.83262814949859
739.5541359242351,111.71253565614396,32.90862102008957,111.16567609488395
738.3792535799503,110.98461301992194,32.13215427669828,111.49949647356732
736.9844137688148,111.10734613010821,32.00073256725839,111.94305476119419
734.20125595489,110.98321797931405,32.5291334421476,111.77924099704575
731.8992362007605,110.62894804173015,33.359697065015624,110.9805608423826
730.2042328875482,109.78468846671589,33.777464197116316,111.54438552582025
728.7835550512928,108.34427473268397,34.51640287743965,111.23733057048321
726.6235866461824,108.88298321033525,35.22558376725026,110.20017772619285
724.5095053305912,108.85837566707593,36.192670663340444,109.36159199999027
724.0338656460468,108.24579116963238,36.62380521221609,109.46131765552951
723.4368247086069,109.41872041796219,37.31438877128467,108.78862805649868
723.0738127618072,108.95330767754994,37.900606364482414,109.31538521633357
724.5708557153761,108.07765507043771,38.09032043941554,110.02891694060594
725.0310322345413,108.06560084010148,38.26384412056005,110.62829319302645
726.139749956119,107.53923286300864,38.53875353366682,111.24750748903
727.754150401561,106.76335003446582,38.711231376989836,111.73022962900289
729.8878612500451,106.02091594170498,38.84607141403032,111.81360879513065
732.2301223023054,106.92190536018045,38.29891274334774,111.61954202177836
734.2763836333911,106.59392270735398,37.94901531768759,111.06618415963038
736.2002951083838,106.77685539167743,37.530800474315306,110.84181495757036
738.6318647873388,108.05518876142517,36.84279053001007,111.10000379363639
740.8053750404866,107.27274298208386,36.06994633520734,111.26920133490876
744.0216611128376,108.09969637982084,35.36672666471802,111.36699327181087
746.4668233698493,107.72865451027222,35.04652296215703,110.81315902308464
748.6049942014159,107.90452845202411,34.716073871426616,109.90883871040072
751.662934166916,109.36587348207755,34.64417644622492,109.2170992442422
754.2433094315008,109.26306988639024,35.10353833618369,108.42447275966009
756.1823122863339,110.04381486220059,35.41619644106221,108.34474152176162
759.9520968462575,111.08707514046426,35.68103348729157,108.0074734037795
759.9262643125785,110.4157559520021,36.31364172185938,106.76741677337961
763.5380494423819,112.35741707895552,36.82713677749908,107.02148179516857
766.8929822345573,114.23762011948929,37.08585239279434,107.52487919615668
765.9189435338988,113.67610259161873,37.67037686614051,107.58844264468955
769.2881147189534,115.84262108353205,37.82048416491546,108.35810207962513
768.2533287850523,115.54681813789634,38.36476840454392,107.86051116971096
767.802453313258,117.5361573220751,39.43664447497115,108.53496571685027
767.5194646962368,117.40433258505254,40.16243441274214,109.65485796681241
768.5773548361412,118.27988606379705,40.206295160383775,110.71650754771451
768.4674781521487,118.53649701056285,40.158053647692654,110.83013435184526
768.1992957056067,119.27668380486502,39.729634574235504,110.81272529800046
768.0165998164304,120.14596411197434,39.154373862925944,110.67552273985024
767.7978383651327,120.93027517918857,38.460256092837405,110.33712163851808
766.4770706170033,121.31611856457917,37.79724523289517,109.79199221193511
765.4856549087281,122.28953411567565,36.8314579990093,109.54628136711979
763.7205209703986,123.30982854068009,35.871368953518356,109.23424378568849
761.9124416248894,124.26405376622562,34.885426318547964,108.35360891496546
760.4852044174066,124.7947415860998,34.08152904657821,107.21248002533342
757.3617361413309,126.04501632037598,33.760256904271785,106.33565966654518
754.9718690238883,127.25821141894426,33.496364353878505,105.99007882419073
751.9644566144822,128.706179823266,33.133667657798156,105.52549749192661
748.1936868544885,130.12873957745924,33.092680970815394,105.29759576269971
743.4236008333306,130.91847948379475,33.530917626473475,104.83443703691222
739.3821548792083,132.7326026438784,34.072861620594495,104.18785465908196
735.0081712423212,133.8976196887767,34.89055297731548,103.10357099653145
730.9378708797824,135.11321603698684,35.808810734406045,101.95099329797496
726.8685518376456,135.68586879016877,36.46543225526416,100.34133980324403
723.3412660695316,137.2405192174748,36.64274882857095,99.4599904752738
719.8614791345996,138.71353041317352,36.74677383979252,99.4614318347156
717.2663378824452,140.47145240172065,36.43401650721751,99.97135470713914
714.505278306572,141.99211382816156,36.44776335214039,99.92123563919998
711.4461865024275,142.6326028171528,36.13885250089569,99.79697221981888
709.9446994457679,143.84965447145348,35.5872909868497,100.43996513504867
708.7786764281743,144.09273240575297,35.31870483133256,100.44514245307614
708.7220086942033,145.48810960822692,34.712153996326656,101.3653498668233
708.398661180929,145.70126397364942,34.23434850979825,101.56439184970816
708.6941619384007,147.6944585851287,34.02010792467782,101.89715307459507
710.401302093736,149.41112371327733,33.648958488641085,102.69412753631536
713.2004486862237,150.11124100951335,33.35195867677354,103.65068491695735
715.8967856201716,151.72353670913867,32.83909561896697,104.51009362833295
719.2895505595313,152.40042111114258,32.50801968540729,105.01039727591663
722.1683949102264,153.0988842245219,32.609438478371516,105.0281048000735
726.5462615669499,155.35465397204953,32.89381956769556,104.78104017379263
731.3279108804854,157.26913264920498,33.07059032996766,104.63908523990717
736.2955913356768,159.2705083811133,33.45912964236318,104.58289368209637
743.1530733559082,160.33534210444114,33.81541079538195,104.76394238763186
746.2997957995847,163.0263909961127,34.973137783029046,103.91834934977211
753.4323159777867,163.59833649906352,35.12101933214249,104.17734914530027
759.2358546703924,166.45790841614843,36.39248198599358,103.32725199921026
765.0173911951182,168.82871271591335,37.30152731422751,102.93428527208641
771.2070418839015,171.20950894599218,37.72886751533515,102.37127784534547
777.9984810139905,173.77342353740426,37.880580739227156,102.28257791972351
784.1375730947119,175.80745919684608,38.06624469179794,102.91063592289184
789.3798399812329,178.06791990379654,38.4960671504455,103.49267080400438
794.3922709535451,180.13465241570012,38.41760107984439,104.27134853379829
799.0174522645808,182.09450898073086,38.59163497266556,104.68510670195457
800.0426959577417,184.38804753478837,39.507826444147305,105.4008869928264
801.6538500971851,185.51267886791234,40.15965866628267,105.94162548052435
804.3932206512449,187.11788014253625,39.864891824215505,106.84154922140716
805.0458332867247,188.14395329353317,39.79001311373384,106.89784713328046
805.0245482598731,189.61503061473795,39.46330944526543,106.46350093775509
804.6244959794234,190.9676252953872,39.231639962128035,106.25340921363312
803.7918701978791,191.55204773165187,38.76583235544727,105.67946614125941
802.4792690370668,192.93557584932216,37.81453807596694,105.4388614935958
801.2812782020801,193.67721607084403,37.130046799773396,104.77433876339313
798.9131174899361,194.50048060867027,36.3864635724196,103.95728264678226
796.3035566222045,196.98489036787123,35.40798065166329,102.9558732159658
792.4398099490022,197.93643690803088,34.904431136129574,101.75942800857123
789.0854893803147,200.405938304854,34.648638603460505,101.31124991432688
785.6178929545932,202.2787263394184,34.703261520058525,100.94862629690402
781.2051529102141,203.51654993647725,34.822458993155124,100.42300799911811
776.6439446184866,205.35151488186102,35.41963563215213,99.90225804380592
772.0886363764188,206.26199061661748,36.18146099385122,99.38623606915074
768.5705849356232,207.341005880529,36.46561075044254,99.48521910066918
764.6837018491954,208.15337441794972,36.87999524757785,99.34392302104409
760.5702364915403,210.03454417934194,37.22181558462263,99.44429516627415
756.5130688937503,211.91886552333804,37.262601509572676,99.23323986345956
752.5753561952978,212.71511177619868,37.30223674915967,98.77426068915153
749.2552440417431,214.39842736551623,37.24562792257137,98.86595728074964
745.62930021682,214.88083444211594,36.94171990286224,98.50801210986529
742.7637784642345,216.1931519631229,36.56915861448434,99.14459943036971
739.0967669939245,217.52385843646766,36.21001053078203,99.73269152670993
735.8883173854903,217.99761921254517,35.84007407717924,99.61271508096587
733.3538406961508,218.8597075068996,35.31151568751714,100.18212498479545
730.0703793556602,220.66637030856378,35.04143990582141,101.60107124349715
726.5949606920167,222.252856933815,34.928112117751986,102.25052097425689
725.3194916756446,223.8013887364262,34.58571862278599,103.65193005961682
724.3660147335831,225.06945764197872,34.28194314632847,105.41076085355324
723.5860988301266,225.75029155494383,34.195199979181545,106.52922036221779
723.6081460011236,224.50998677494087,33.81011205398512,106.21231452992019
723.0141271355269,226.9633503476771,33.81053081430767,105.84623679851023
723.8350798028487,229.37853822792698,33.86810350986895,106.11174869899068
723.6887747279052,230.95887713850618,34.32667972349384,106.40728745154749
724.6625870867429,229.655000708906,35.11742470911133,106.11263886345176
724.710123553413,231.76982374148452,36.15437224925101,105.43843036314459
724.3158601868984,235.50946369154403,37.695960813278006,105.10391202537295
728.0039563185813,237.86218485610817,38.38514578532447,104.96132970829909
727.3929091274013,239.5079802861894,39.03310426814085,105.53189619295478
731.6439056802915,241.04992148723466,39.0210584813913,106.04433632733279
730.2630988713722,242.0288499160514,39.7835026303501,107.19126586572585
731.2477486233768,242.86060386408442,40.728637320905705,107.14960512236979
732.9857033632838,244.52309127097266,40.920561646176,107.89467196508744
735.0649537959254,245.9590058632377,41.27927746332698,108.70436061998915
736.7444776274782,246.5728567658606,41.40040195750876,108.83952164013706
738.2946690574271,247.40459210005483,41.13219625978158,109.29329283118459
740.2903554088753,247.8204427122563,40.645605995163265,108.90338734333298
742.61284590464,249.1821792999611,40.062568057833005,108.98094718794292
744.4213775363664,249.61384040285685,39.61232198264322,108.64137212828099
746.6651341844025,251.29401703750216,39.15951623280502,108.27334106548757
748.3304072740681,251.9846671724621,38.71038804320478,107.9797950451404
749.804292036893,253.35749097606532,38.1465534922254,107.54749358547123
751.0026846568823,253.93652882026905,37.34890841948333,107.24083704789308
751.0123003561397,255.01335908291642,36.89293817228206,106.92560299335486
751.0010466993824,256.30320040481615,36.432421752896154,106.89032390256443
750.429548589401,257.4598854420881,36.08919534808022,106.89501208035517
749.543202687252,258.9234519774605,35.81065362233367,106.99656982458222
747.5078632273188,259.9060142569006,36.03863587548255,107.2888047704017
743.3644309137379,260.28857789987745,36.499093070088136,107.41771252578027
740.4150827971184,261.4231898226933,36.8993466534857,107.74727288844636
737.3740061956973,261.1939824712872,37.157514279698226,107.75741616768032
734.5991888483575,260.5711584622712,37.44078439994575,106.9784627262091
731.0632851940956,260.8232604727443,37.90399490671176,106.31718395579311
728.3614360698135,261.0086593809224,38.08810296820292,105.61719570641158
725.6658991471091,263.3572400934598,38.0602334084604,105.61693751009659
723.5208272174879,263.7983056267419,37.839378541811826,105.7470050109228
721.4822959687168,263.9031831613187,37.486006335527065,105.46470255816277
719.5008950643279,264.364713591396,37.18795390007267,105.64134274495174
718.2485077460308,264.8146804063916,36.742877262176506,105.90289752877145
717.3089680415435,264.3997249763852,36.46597560730832,106.02821896226669
716.1204904144344,264.52252851166463,36.30520159822086,105.72766576715412
714.9790602031386,264.84856616668526,36.20086547997992,106.31578847327953
714.8384172568647,265.07884694141313,35.93945430049877,107.14207046210808
714.7311135847453,265.32151726302897,35.39312323874664,107.18610942512339
714.2105580675484,265.7110177448097,34.812852751915685,106.93645701378898
713.4619335122013,265.29422143609554,34.586411233604345,105.93080180845573
713.4554620362347,264.5627318449895,34.65155638791728,104.71744565588992
713.6352070391983,265.66921526744864,34.58653582793396,104.26922106618255
713.0449462007807,266.15184827726813,35.00347628843373,104.03890320480775
711.5418429112767,267.21593346754344,36.15668008080558,103.94093211357904
710.4242621587608,267.58503203195437,37.74222200652204,102.36962834775619
710.5065793189104,268.7757097841984,39.30699487749936,101.28374033918638
713.9524857905844,269.90470781366196,39.55547839334949,100.47523458902089
712.8252790225584,270.0035780625664,40.653804769290836,99.70707525652561
714.7596652773152,270.68159807628706,41.205703245952876,99.15269338261825
716.5950067103028,271.5607727950155,41.828525571780816,98.83843645729215
718.9201812146031,272.27271186526406,41.98625723639802,98.82739546450773
722.8975739161328,272.7079962551744,41.76537619506314,99.5591865756248
726.0857143252324,273.16985655190126,41.32441337002818,100.08961797020059
729.9017330644419,273.25204068057525,40.921407454414314,101.42268587866225
734.4121413414981,273.40536704124327,40.809268001437154,102.75531156919152
737.9820087395482,272.19003534901896,40.694875669784004,103.88072264002622
741.9918149831967,272.7911399626396,40.31121565517377,104.77683055908614
744.3856929374448,272.18667165700094,40.06930477841582,105.30065475361931
748.6533676163414,272.6547290433465,39.58313735879411,105.68970155719927
751.6755509479086,272.63330846944075,39.41265918824386,105.67269397176439
755.6799797768936,272.6474323901447,38.74059590664735,105.40180956896276
758.8652150012001,272.5742654286427,38.072593853267264,104.94576035521746
761.8284734083246,273.0605224106962,37.636409642473026,104.88815092592719
765.0560002791044,273.28533627176165,37.39359516635524,104.79264393515008
768.591381071065,273.483688100127,36.68252806332988,105.06172249163043
772.4348470921575,273.1841794075963,36.276381581752965,104.7602463144703
774.7850715006119,274.5232792534776,36.168059611157666,105.13894044823871
776.4414554409027,274.61413014585554,36.617815620117575,105.14366917734164
778.3345031225281,275.4068799507615,37.16428794866994,105.5575738787098
779.6868445322079,275.4048769550636,37.83891263777868,105.60510669466933
780.7721630274913,275.46932635408837,38.17021995072466,105.52132795333836
782.1877098438212,274.6311318297891,38.74065181550148,104.6322351007681
783.2589491441057,275.8608295059041,38.764206006070104,104.88624535766894
784.379508384389,276.1445812765555,38.614416861669675,105.87035085567274
785.6483420804262,275.9281989762547,38.460683967428515,106.59992810981596
786.1914902061192,275.8019320910893,38.188013051736185,107.38569522470164
786.8827748442334,275.7028671947253,37.93642557844812,108.20748158834107
787.9013900118383,275.4199756450457,37.39587919843064,108.93899087254522
788.1332109210955,274.6960766195226,37.00446094638894,109.14292653307331
788.8704769442685,274.38325574538294,36.85462544087536,110.01381332081559
788.6906346575516,273.54751745402257,36.57910104996121,110.10258452500398
789.1066020253214,273.07112589770907,36.3028158333884,110.86298726892136
789.1428715371843,273.09799272925176,36.06849511119736,111.17016774677577
789.2567285078815,271.97988405305534,35.88654569801787,110.27097121405197
789.5603955155769,270.72505932648363,35.635221344778266,108.76913032219417
789.8972364262195,270.5303721200318,35.434704439531814,107.21092225180617
790.0613440606861,270.7640937734994,35.36312376360843,105.58174579438885
790.6744026978762,270.55894656630034,35.651430694054625,104.31505089184668
791.1558514680668,271.87085186805115,36.251602854868175,104.25255177172819
790.6926861062486,272.055819936564,37.43412417651541,103.72363566746603
790.7460087540538,272.7117471093849,38.770017023109304,103.25270224696465
790.5877415779331,273.7641873182218,39.98733390089033,103.35034315344856
793.9169934054343,273.22978939236725,40.4904751814958,103.81717775008411
792.8871569620334,274.0080619230504,41.49884837709748,104.79721444340228
796.9048667009104,274.0627050730378,41.49650232463625,105.32052266924141
797.2121190194346,274.5186715780225,42.29073570467017,105.8020316939934
799.9688006567714,275.199045658439,42.724232743412024,107.07365305144046
801.9032152189462,275.2179182764339,43.138996320020716,107.92017043685337
805.0384278212488,275.27675137007066,43.32179005233562,108.68921089983701
807.3654625531034,274.54075631541446,43.27267292398413,109.24289853274335
810.1328402012372,273.69688200606356,42.78173991622978,109.07680382010808
814.095052986331,273.6022868562783,42.33637594958816,109.4357831806289
817.2487500624438,273.91803763063547,41.68806897845383,109.375801841227
820.0838051768977,274.77181672032697,41.10069810272596,109.79865624042675
823.3727069610799,274.77811178223766,40.71137872625638,109.22614693811956
825.7473911660321,275.6264415455415,40.54206936786552,108.71589724255884
828.3900957936077,275.78462291272734,40.05802215037298,107.4315309371538
831.6248785122646,275.34678052094523,39.43175943980487,106.04365447193865
833.0944910033163,275.782306428029,39.197306453245744,105.23870757648942
835.479775996084,276.5753571420861,38.728600138059626,104.8341244646442
837.9035000687594,277.5836632563052,38.01896889868404,104.50220736083213
839.1960746402824,277.44384614732536,37.55159591110987,104.20176291735008
839.7069835715522,278.000794799932,37.49382732825999,104.64241399489585
839.6381579390714,278.93562897760216,37.57286403375004,104.72566536115895
838.778342380697,279.00504137407745,37.77891160958227,104.82811909737558
836.9352940422252,278.909777742565,37.76898219971873,105.03028734124013
834.5547408770592,278.6222570906326,38.352604494558854,105.36930605351407
832.4649587737312,278.5115168023925,38.472366645855935,105.91535946138647
829.6037899505853,278.72357241579095,38.68084358963297,106.60752247222243
827.0424794794582,278.437495187898,38.51183092593031,107.43640212007833
824.3398317467504,278.2146621138917,38.31268904011905,107.69529809716389
822.0416339343768,277.6548763226498,37.811714040324034,107.75505439205762
819.2534462651837,277.18919817357926,37.308100422258825,108.23993265117244
815.8883038207834,276.28085671087376,36.8572940024656,108.48297689898646
813.6613634859939,275.0512484372029,36.39497975627309,108.36414044873901
810.4794348696,275.7669966197641,36.00905728782804,108.50312788736574
807.2870086107241,275.3519377389044,36.007083767219285,108.40172786925805
803.4621451005316,274.28677661475695,35.87231400339392,107.64619396597215
800.9440796112183,273.6890896111674,35.51545057818163,106.5288371839666
796.6828873592359,273.2247685794629,35.15722461614281,104.88688493661522
793.844474636384,272.50578003080915,35.13018548741441,103.32620290001145
789.9711233525445,272.16392262982515,34.996973294503846,101.70620199610784
786.4383506531801,272.95985027095406,35.25580654265873,99.9659515927525
781.2467578382303,273.29493107163955,35.45996652253391,99.59495294547361
777.0552611589148,272.51315663670727,36.32237339053392,99.12301201774599
772.4338449631603,273.1181615886794,36.89112779437211,98.80755112598578
768.1687714292103,273.3513369745675,37.52592392919692,98.76643195997782
763.063400882765,273.2394941540706,38.37121607036644,98.983028869463
759.2565886408015,273.35798433587394,38.47904030710102,98.6892493176
755.7212262637378,273.27586562347363,38.282720040171384,98.3198802131648
752.4246135297042,272.50160024151086,38.12447971081429,97.92032006617875
748.4561879864514,273.1726845596619,37.97234535420463,97.63963028310245
744.5730225005192,273.510620541175,37.73251845100793,98.24016878054826
740.2787404745325,272.2461646953496,37.720001608511225,97.88589699289005
736.4219876105611,271.29656735604965,37.48726118929815,97.96272865250039
733.007245047157,271.1441406589871,37.38747843280565,98.08848095202185
730.3730514335324,270.16515655263606,37.44440506969225,97.63571069655384
728.7036488370903,269.8813963652765,37.31444190434585,96.96549472693546
728.1505309746756,270.6364807757086,37.192488995256596,97.11620229938941
727.6882772648124,271.2307824179393,36.94753433021272,97.05103045909618
728.3790467804424,270.9076242549525,36.55911632689917,96.97606680631763
729.1224684424409,271.23367464976235,36.1077214348709,96.71304204099181
729.8229411256101,271.6848569230718,35.3899382809043,96.4752882378956
731.9737228983589,272.2004179207171,34.84426224379908,96.54536980343417
734.5851167796568,272.8505324729785,33.95197413025102,97.39092412328871
736.9094379460997,272.4986009396271,33.21063560748484,97.99349232974771
738.8310726832831,273.26998397454514,33.13763028183027,98.08620857116045
741.7890508806989,273.82630462323914,33.25748817227684,98.07396784082725
743.3918994462535,274.29868829513237,33.897270052703426,97.93954781569005
745.0543916259883,274.3130451331957,34.60819963747818,97.65671784279522
744.7665761309748,272.2430451151689,35.45690132052115,98.27080177930037
746.14959067701,275.93492839627646,36.87525848180783,98.67623456934969
747.6071270204463,274.827643123104,37.959645061597726,97.20644461154427
748.7495418551404,276.4287669496019,38.67482707471997,96.50463016510678
750.862970084941,277.5570705772491,38.88149665424218,96.5574878413004
752.9138242142602,278.3121343537454,38.759483954151875,97.02627216498614
755.1041162336804,278.6999836462211,38.628749711606645,97.13975185609686
756.8745769790063,279.75753632606256,38.41387802564235,98.1778037306058
757.329965631812,279.6904028705478,37.98874550758103,99.54797426235524
758.8436519702643,279.60181190780156,37.56612513284613,100.30782186968668
760.3121237569848,279.79091783962303,37.16864674838539,101.56702040834176
761.6221080745122,279.2451326426806,36.524270011294995,102.53545217332653
762.6460532505123,279.2207656198129,35.86566784632164,102.88029604443466
762.7025084227871,279.0378964204537,35.362045657804714,102.5571207997929
763.8618374655122,279.7954392553293,34.87567059237403,102.55747428275922
763.7825122692698,279.83754453156973,34.37775210000939,102.32744022177741
763.3897580359077,280.1959338147871,34.108760582945884,101.89751827684643
763.4008791565315,280.3244206264529,33.802788460650106,100.51290869770432
762.8503239039176,280.6608883132426,33.57608033375202,99.21680992204443
761.6217413245282,280.9573622921953,33.54632203633875,97.89653187552352
760.7189935506937,281.783595644804,33.84454212185729,96.7925881791295
759.304628907763,281.7652442008917,34.42396306001659,95.46338494760758
756.9127337758523,283.34700625302355,35.17960085801771,95.11479915015224
754.3350298921206,283.084694076018,36.207911495659374,94.28796447782668
753.0435788619019,283.5707761388516,37.3038782981851,93.08345836228463
751.5620082736766,283.5600129496212,37.90323611510813,92.6226011915321
750.9193581828164,284.1718725854201,38.26436240528407,92.6608489828844
749.9696739017497,283.5707479321994,38.08215676583351,92.81851723368459
749.1354251419264,284.1865921663742,37.94871324830228,92.91833251422878
748.112860403586,284.390966065208,37.838071469489826,93.36477719903272
746.8035909607743,284.31937382515883,37.547921571467754,93.96094803872725
745.7283819703982,284.21652135900797,37.64843305998651,94.00752147388428
744.7275383035925,283.8624778193826,37.54614271339161,94.1874725978013
743.4158827257346,284.3131428021034,37.176697025540506,94.73634378611487
743.4737874034389,283.4077907900148,36.669339304777466,95.26523192379457
742.6266073419256,283.602350824892,36.0392386829462,95.42877947183796
741.4726519433522,284.6904931016205,35.854746688116265,95.80419694093345
741.3241030012523,284.43738659741916,35.312706958542535,95.81327386311065
741.5316102146664,283.77335493505814,34.84601853079532,95.51088610464942
740.812211843243,283.82076496712386,34.41571708714953,94.56640176964018
740.1310828155007,283.4260232454272,34.091203392183786,93.7875825816553
740.47672040426,283.5303240630458,34.05902433645313,93.60784873316837
740.3129019104904,284.2186621402235,33.75628617712656,93.79234458732732
741.9200916538309,284.3178741497753,32.992312526550975,94.56192467569889
742.7625426754438,284.4936013943766,32.575648789370774,95.16176860215728
743.6543070892492,284.10081969893486,32.627616029760794,94.85684892362086
745.5784787171614,284.9944745530402,33.047349670603865,95.18191900476259
746.386870225564,285.02030143356865,33.22275172192906,95.52580524271383
746.6474224757845,285.6201570748053,33.53469812814605,95.84200196309388
747.2023087726732,285.79450799334006,33.77980586731576,95.31030288440826
746.9105035791786,285.99499103224474,34.2774159161081,94.7126968217527
746.5447985967503,286.19195675464914,34.86134418614713,93.62971893443527
746.4131653227216,286.69931900086164,35.023513649622586,92.92802623465096
746.7166995956986,286.79176934729327,35.186403838180965,92.64293190715837
745.2597604530868,287.02820164192747,35.136679103690305,92.89206517498387
745.1691757388392,287.70212851078713,34.78064766405571,93.3689653177653
744.3576745419484,287.9302026531109,34.678928983732916,94.28537360030987
744.4259574524557,287.8530488605993,34.23814609237739,95.2347031365316
743.7598399739893,288.1355688248669,33.50759756961962,95.8626599483376
743.6212420157511,286.72619738699905,33.07702206561705,96.7614667631679
743.5287186474067,286.9013162483647,32.53694396633789,97.6089364550636
742.5151948930172,285.79241400268523,32.36264460087977,97.90606113875955
742.0117797867904,285.88332610099195,32.162248775354215,97.93539079210552
741.7600964865375,285.7289437076624,31.91433256469541,98.51055654183263
740.2511808031699,286.16136292771534,32.02001688629504,98.78345430301312
739.3114293652247,285.4725746833634,32.01978214659994,99.13743259759464
738.9248486672496,285.0440503345667,31.631959741662058,98.80361279829319
737.1607424764824,285.30580706532663,31.630726236584657,97.76552039828917
735.9537362223492,285.33284625602613,31.658944343682183,96.99635227852119
734.2091110724994,284.86760756882245,31.939821335200055,95.06369979872626
731.6928822856995,285.2308264405187,32.55081446559313,93.98850478833545
728.9171967120163,284.7379926194982,33.48241556291059,93.30166144881679
725.6338257483775,285.6773543733304,34.1201156277005,92.84119994600458
723.7317634953521,285.14555735753595,34.639524481285484,92.86467611775315
721.1805239928201,284.7358572288524,34.837670848562425,92.62659043704792
718.547786022664,285.1101403404772,34.877418753901644,92.99905072975912
716.6378494105098,284.73888150277094,35.00849498113958,92.9852908439839
713.3085562267713,284.38692572758146,34.98215293141084,92.80522963034765
711.332045625427,284.10245572816336,34.79978862079394,92.4262331539069
708.461417838394,284.07423717272206,34.8186940743153,92.79581104452319
705.0807973469682,283.2087896998968,34.494103415016056,92.7500163415454
702.1282413327256,282.07504870322026,34.25911925590992,92.71219833756882
699.1673289645139,281.24321781755987,33.84053280611495,92.21946300462625
695.7515624741555,281.06237433224754,33.4921761078766,92.08259175200338
693.4528163251159,281.0959636355588,33.15796912998522,92.5994938414868
689.8018203786557,280.3097363706108,32.64101942973558,93.28433567092051
686.614777195265,278.7955574355604,32.218968940437925,93.53348058936115
682.9986659185813,278.1079265358159,31.937404701050134,93.5981716719922
679.7269789725044,277.6854817715015,31.830890554568676,93.28755983495947
675.5697641167179,276.8078029644281,31.513008445157695,93.87620695315738
672.5559365598798,275.96047503466747,31.45529778658667,93.98172859637012
669.2637314690089,275.6479647736864,31.33244592914378,94.13242751455724
666.1800605033338,275.0838812289269,31.625019603352953,94.64947753912344
662.8172740529261,275.3472889590452,31.853581796313165,95.05927408888888
660.6091377351881,275.0382541900624,31.969784145991994,95.01535685860884
657.8414595424324,274.15363387844195,32.21026014133618,95.44451996243285
655.9591137731712,274.18645899417254,32.2233769251436,94.74149378015844
653.3670252275828,272.56812719317526,32.425006256310866,94.15218148722496
652.2441981442619,271.9015712844588,32.55732505193516,93.14928451750285
650.7509520392451,270.27414574621014,32.34666798523524,92.47263802014751
649.5641975621317,269.441614825011,32.49521661231364,90.97939493281254
649.4358480932477,269.9630221327408,32.64961074873665,90.41848163518779
648.8993785838617,269.71749794110093,32.62383446218033,90.22615251411874
650.6407020889772,268.65625102422496,32.13259794580007,90.54804999147888
651.954546137528,267.4067073331229,31.73268542242885,90.86895143389421
654.1582120732058,266.3838417396339,31.32126681820884,91.44921922098504
656.4194343376093,264.837606319564,31.175222760135505,92.67698306802191
658.4598754619067,264.61245102966535,30.736070343236364,94.16020244508323
662.4921050715975,264.50101806905707,30.56649952488635,96.23547641779058
665.8482686490361,263.8107708570789,30.58393778520081,97.53217784236006
669.2211255637092,263.291404544232,30.85456659577764,98.83522276515968
672.9704985934246,261.9118132478443,31.03051173660308,98.78734130153856
677.6306890742712,261.54258027327677,31.229149901801996,98.55914198272936
681.7294745170972,260.24787295507474,31.434772489965972,98.13839498087353
686.1519234630798,259.35777392482123,31.508588167641776,97.60518180557122
690.2262607369256,257.9149234284838,31.470630439713517,96.44574157815332
694.0998331873612,257.77960189574685,31.85482651937201,95.64605581195445
696.84421622076,257.2628584481621,32.5555975009142,94.64971248976263
699.1610206625518,256.1248588929877,32.84342683449389,94.83078405074923
702.4095537522337,257.57676435068635,33.57817313224169,93.87347820508458
704.1730231877341,257.30163902608126,34.74904300376417,93.13640478336427
707.0687902998785,257.7243085018732,35.17572329134676,92.7799037295579
708.8641664730601,256.11014394619167,35.85954331742012,91.82121873798522
711.7269084001634,256.37190259861524,36.06824925966119,91.55082736893098
713.9788219551131,256.39827138074196,35.7902665330015,91.61534876319607
716.1259549101965,256.2292699602018,35.38181672009432,92.01948662334033
718.1895506818578,255.35074228147045,34.78587374626016,92.03444078832862
719.7084457796118,254.78239254380327,34.36434884768817,92.3043245178325
720.6219092108832,253.90841060867507,34.10164825486723,92.13604519255512
721.8641902155534,254.51623677564936,33.742630793561545,93.29235683642023
722.640304226645,252.88472811431907,33.445835377122044,94.53311516211733
722.8374939513353,252.21437390832813,32.99875504310111,95.65762581518615
722.1003675804077,251.3058571445967,32.83834515678241,96.76043601739647
721.6762520873184,250.3423287054764,32.579429283791995,96.98167877248339
721.1834997610727,249.81910747688167,32.27841631619674,96.69274890091464
719.6247583733589,248.46426374558015,31.980201278590314,95.97500478011312
717.9878368302215,248.0203213382632,31.6952582110718,95.93380916805411
716.3456948714125,248.292255084607,31.719166390545812,95.65068037599471
713.8702438465901,247.10471999676406,31.83696764444481,95.08760968253998
711.7998500106613,246.7679529581029,31.895268209979065,95.40576304592264
708.6717599661856,246.26157865747467,32.118080665110924,95.17005838771101
706.4343129334341,245.53400035623068,32.20780427086684,95.50920110565467
704.2566760122726,244.56802149628555,32.39033383905024,95.19250875153979
701.550711936208,243.80274559142134,32.43364302603042,94.41117496594656
699.4363109798334,243.5495295117649,32.371170868040004,94.21216648480993
696.1642730865108,243.14320757783491,32.65802972429574,93.24264565979118
694.2794928977518,242.54631064444825,32.61947581157651,92.28697539616286
690.4527891334994,241.91249170670773,32.85218040581593,91.54093805878378
690.1939223036547,241.67000861348626,32.54377461543204,90.99727255806243
687.6411161373775,241.5575651935199,32.18474728429039,91.00566577652663
685.9354273646667,241.41568202092037,31.885870398941016,91.39609116158064
684.3068485624955,239.8492293185485,31.71292851597874,91.24136839249626
683.2104585628435,240.49971411242672,31.43632599079231,91.95691882808578
681.4802748403166,239.46837576095805,31.2230572378023,93.0512003574735
680.7973420655612,238.3891776408314,31.227657724027356,93.93292852597997
680.2930911127901,238.82695897096357,31.14675409291801,95.63959571839197
679.8265920514348,237.95776460316108,31.267712959532656,96.98422615703045
679.7223214431081,237.93074547164184,31.21717689542637,98.29412439111535
679.7186189178329,237.06092718483714,31.36630177899303,99.11951875672077
680.4126159535318,235.31158028615343,31.448276384162128,99.29802570067937
682.0046989793337,234.7089033665723,31.01342726332923,99.40322108685399
683.1619281727338,234.24061769611615,30.988741387057665,98.92563777898548
686.5047551425066,233.53427837205837,31.008767341005672,98.3363690241469
688.7629938189091,233.0965588615864,31.076546637218257,97.85067923802293
692.477937633952,233.11142346132834,31.518341651022656,97.22600371371381
695.7871650589942,234.31881294294786,32.39488954752031,96.21471076388723
700.2892093784719,235.33193539937253,33.31993146276416,95.57679571458621
704.6003380000732,236.2096765040967,33.937567179156346,95.81312895294514
708.544999184142,236.4013492024933,34.742658949812736,96.25127181737477
713.8995634078352,235.78031090637396,35.57706287394728,96.46631293483625
719.1923001956952,235.83289302733883,36.07451318738729,96.6018199699527
724.8007482583455,236.15158034183116,36.23855273103197,96.85040091309635
730.8409552731621,235.27136069400916,36.19771713920417,97.37421000740062
737.3850853859946,235.9794868839403,36.022036449977016,97.86114895558705
743.9088306225672,236.96230816384247,35.49797966213464,98.6446335453646
750.6000223250328,236.43271978235748,34.933134518616974,98.94326433932522
756.9344877759303,236.09305862251006,34.51755768939287,99.33107387167794
763.3080860114147,236.56703619563785,34.090154919595776,99.88026247084471
769.6256987679219,236.8927291133548,33.71202760451851,100.9149526804472
775.2586650834522,237.19539193078202,33.70349357880445,101.69341563125559
780.3309015866434,237.07289976470184,33.72119384360113,102.50556360963708
785.752395437879,237.10079383828608,33.80504406227253,102.61618057401991
790.2183323802707,236.69756794551193,33.81981305316069,101.98427107245115
795.0198416545796,236.84556717792162,33.72264720382252,101.97892875701919
799.5646972761173,237.27396032343023,33.52445455358183,101.87865051835104
802.2576151901573,236.8159682818679,33.44098450537847,101.97023703754138
806.3067005671365,237.44788699304888,33.12976958485493,102.51154988564141
809.1883737761312,237.0590067929834,33.131107367152545,102.14424366685301
811.4373022338847,236.90189690835075,32.907166696152345,102.08393434261436
814.5681675084668,238.09347382709413,32.89778409315516,101.97164904493782
815.704094958295,237.73964405449414,33.033778982164634,102.03302466555814
818.6002771437436,237.57247117275278,32.91810709707664,101.7571747922916
819.2866151546955,237.89126602577736,33.375115928726636,101.20498729927948
821.6930386022818,237.68001443011906,33.354788602950975,100.4371883570359
822.8747677548643,238.24216104817438,33.508814009028846,99.96136588031703
824.1516467807163,237.99670104977085,33.50946307707565,99.57393895711066
825.4559290610883,237.62497241477,33.609509289418256,98.84448856472069
826.4184231958633,237.14347864672482,33.903299391679134,97.98602097977071
828.4789836515736,236.8603182892976,33.88027818881579,97.1422569701989
830.218651483536,237.68644042560075,33.551394185047144,97.50351934851729
831.5334896768933,238.2911771149251,33.267950689415244,98.76533608141034
833.1939813153667,236.8372160354548,33.15046529912616,100.18637603057309
834.4430198902221,236.29628658893202,33.24575548759606,101.45364461852868
835.4051673002075,235.23503799191766,33.4452118311078,102.77992800688192
837.588790140455,234.71132878428068,33.502964910836326,103.56577573009346
839.033825324935,235.14858723800745,33.59714747156366,104.02757803078512
840.382114428557,233.70853589137252,34.02572709741919,103.55313608446755
841.8056491383119,233.4932178236368,34.175129798194405,103.84321808986165
843.7418783262988,233.4410618013,34.37030123636858,103.5200303932194
845.0125927953461,232.9047453475549,34.88864979651903,102.3704805500077
846.6131399008793,232.02796330638867,35.08170035893597,101.56353924217291
848.1985501988121,232.66029987242152,35.564810665551434,100.12085056509666
848.9805157592107,232.63694781377905,36.38183595611597,99.09429818976683
849.9885185480739,233.45362583138814,37.304842190599736,99.05363798680116
850.561468729737,233.76104382200273,38.34909018085003,99.17066663674797
852.4250168479468,233.5358519306017,39.06547586658019,99.23263877842913
854.2671189240358,233.94874195407553,39.14777600212186,99.61672310945693
854.6596946983735,233.58673156968865,39.60556583299356,100.14022346709689
856.9259352978418,233.24743600251063,39.632340234032704,100.81279477866549
858.3489235288494,233.94992589365728,39.65811865673725,100.9137219358787
859.6042103108252,234.5218265658697,39.32874512025133,101.65581179056579
860.7772543906499,233.95812809236017,39.26167846214319,102.81570358804157
861.7581061491087,233.7128419133774,38.95708372894758,104.1909571112255
862.2945385425209,231.91445603362033,38.51394702096531,105.20772942387072
862.2913911759528,231.33263778091433,38.29464417879457,105.75347271028859
863.1185074511129,231.19178402729744,37.789880050410346,106.56401956726907
862.7303722697208,230.5003401668891,37.41184853140455,107.59416568900284
862.2507877179197,229.62819325680596,37.070238888401796,108.36165966347355
861.8426392136264,228.5806729965917,36.73241044494672,108.53119549945389
861.2313820072045,228.2463113343058,36.429446375544195,108.34926595050956
861.6614915863393,226.65921044729504,36.08816093071069,107.53177565833846
860.5379879104698,226.63697422160516,36.03360263532437,106.34939485826101
859.9660851533548,226.58779938343002,35.74852268965451,105.39735297977882
858.8150532646598,225.76745915118747,35.71939492728014,104.11565633473633
857.065731066664,225.8775710141348,35.428063680113915,103.27892257523419
855.9972013716159,224.87426638709036,35.200625647037945,102.61564357134274
854.146474637322,225.2803777997277,35.229052553888685,102.01633190486818
852.5978732798751,224.38687287425634,35.212840027541034,101.17695487493626
849.8925035630698,223.93334882733478,35.35897155481011,100.35711443137248
847.3627346018794,223.2238732723605,35.332245820574535,99.93427772622704
844.7313238486765,222.64664321461404,35.218704049545,99.813420530433
842.3401785179108,221.91705579533567,35.1065483380908,99.6161512962664
839.5551719755683,221.5135011179792,35.05491215748644,99.76190020834093
836.6530534640401,220.58432846980148,34.94058438409497,100.01951472790955
833.7970084796183,219.86377186635912,34.824127828890916,100.39598896251184
830.4541779197715,218.88429234166514,34.49662967352957,100.62575086739145
827.5323966850003,218.06372685243772,34.36392051373835,100.52806272353185
824.0374371577846,217.34465143826046,34.24510257628763,100.6398701347187
821.3234567348379,216.2628492324606,34.0445853719489,101.35135674560578
817.9547216136363,215.70385058474884,33.846477268099676,101.88782895367281
815.0056154320288,214.47783547440787,33.785093474240725,102.36375193463155
810.9812937699911,212.83680849986993,34.02493657782663,103.24681119948804
807.4282749215827,212.47578105920448,34.265242081650385,103.82047733741835
803.4499970603123,211.53309611866757,34.383724550559464,103.30353756234896
800.5322276165117,209.5692115496746,34.26552474873803,102.62243667088549
796.8963020354745,208.76357917030134,34.259225352340806,101.8951458552149
793.6968527872937,207.52119444338808,34.24639403608044,100.71500117787684
790.25449417525,207.40574453019883,34.2911788184563,99.7304017223721
786.9076337773502,206.71955100275298,34.42604074279605,98.45711431017702
783.1630395710904,206.06632315796884,34.43729765583423,97.4553467522172
779.6946939356659,205.78625868608708,34.5042751434191,96.8820502218139
776.1735732377941,205.45481722334932,34.63330805451302,96.46171767220699
772.5856832784408,205.94153893747432,34.405215483290455,96.26170870412014
768.7171106933657,205.57668691681442,34.168129887144175,96.91018538328402
765.2145577666664,204.07682747000797,34.02109989154379,97.43684772210258
761.6868611241032,203.92807998067528,33.725019368381645,97.51578736953782
759.013537404992,203.80183836172063,33.03010901775525,97.97339173719834
755.4791574927314,202.389717496835,32.65834760204222,98.15889411951167
753.3419170293957,201.82015382198662,32.26587782604607,98.43267426261588
750.29466011612,201.55763890717895,32.063373124613015,99.62084707137626
747.3407548285517,200.63438164514776,31.937635821484186,100.07879832010144
744.4505596233473,200.24211545186904,32.04384763158158,100.8920903594076
742.4635610690709,199.76269080062983,32.1585910951913,101.3738658434408
739.9722191015594,198.86659415622375,32.23352776153761,102.49412148777131
737.9092771115538,196.92613998417247,32.36461522703748,102.95267680262278
736.4917009366362,196.7023027168424,32.324122893034954,103.43053740368686
734.7427384413056,195.52655530915555,32.55361812753153,103.71226092923514
733.5113803100894,194.7583676196698,32.43190345696524,103.07984239150434
732.1585613194018,193.98929655273386,32.155235434769914,102.61421655815212
731.1388283798533,193.28105237712208,31.878963827981373,101.76257222276067
730.6101644972433,192.59413108447336,31.601370352394625,101.06739167573389
729.8991742178991,192.12612496478872,31.269755201282308,100.04836536758732
728.8561512779834,191.21772452048342,31.07540199702278,99.55868608690167
728.2868166100685,191.20699327894812,30.88854187671384,99.03374879780506
727.4557563768985,190.9247722196757,30.682815138845363,98.77774424629452
726.0850415880859,190.4202226055183,30.602212980096645,98.68805235217283
725.1517918859346,189.70643123709917,30.793306286033584,98.28564017209517
723.8381858252882,188.98473525976902,30.886085519295456,98.1589253819892
722.4499317473651,187.76637489107685,30.98034484434624,98.21223351980996
721.5597514076192,188.4566714519189,31.217392974247005,98.91056052408712
719.0040335316564,187.00874141475902,31.587868128180638,99.32246855296628
717.9472028110633,186.43685883494192,31.599290199020757,100.14402509944321
715.8318270156344,184.8020521807772,31.62049331652051,100.86961298663006
714.0482539019788,184.76703765036729,31.59739763480461,101.5916570778339
713.068177971647,183.6115320303167,31.539039630661136,102.4773796407195
710.8591568909252,182.4091942172009,31.67810439800063,103.08314131126262
708.6432878791203,180.4934280800013,31.824734332163473,103.69935371375936
707.0070134622164,179.45827566411296,31.891533177415383,104.40990684418108
705.9202482068712,178.59428772357242,31.895334693736235,105.36344887402008
703.6987722594105,176.71210519549072,32.00534410284833,105.10543357816321
701.8539778645176,176.21018601696971,32.17327280314132,105.14444529173831
699.906373700795,175.31673985649797,32.09127013205129,105.27344526629966
697.1530555050049,174.23620077494934,31.870525294230916,105.34189614248591
694.6271485554137,173.9291672111816,31.78716396529449,105.57821078713025
692.9520457761358,172.68518958604193,31.732146631088845,105.29376685032162
690.6416827768413,171.03342155592327,31.849472780740015,104.41773032831404
687.8500514413723,171.02649550240233,31.92495871446485,104.69951091645794
685.5278277283222,171.19910919280795,31.797377217530247,104.66692354695726
683.7643922779173,169.57409157031907,31.739270968376808,104.2749962637063
681.380861267643,169.8431870792635,31.732222194857982,104.18756707066372
679.0013077372226,169.17741564749622,31.59446245729772,103.9503948386782
677.2249212830634,168.64554929464813,31.38037488053952,104.39980422636977
675.8176767170369,167.5790391077819,31.376041867130386,104.51129349506074
674.5728951749169,167.2845399148467,31.471277310837007,104.72521570619512
673.5469703787542,167.1877725450281,31.464843574152482,104.38292727946188
673.4576214256812,167.36319645620136,31.32051288604292,104.72246181852746
673.075324038516,166.43565408388366,31.357997274478436,105.22468658925541
673.5038357686309,165.58939663241887,31.116372578858986,105.35454485117852
674.4366536320155,164.25454728501757,31.048329015175796,105.26964683577606
677.1451498842924,163.50884039028185,31.107443631135716,105.23789504163695
678.6622918834148,162.6496998400594,31.103877721041062,105.00458321987112
680.3959454492104,162.3907487371469,31.28571643104832,104.92486744187804
683.0277599721946,161.94467431222083,31.312279512307683,104.23680191051226
686.0555444352077,161.22902137242232,31.302299556465854,104.12714843189396
689.5218122257293,160.7379406034476,31.3632203391008,103.508118687571
693.3216803051223,160.94201096382008,31.162713706834495,103.04466865627063
697.0152995994076,160.35604134241737,30.96250686417443,102.26822814405591
700.4628182549592,160.02592805903942,31.07421441467403,101.58837528404639
703.9939261207638,159.39597010127517,31.062142401784328,100.89357570923367
708.0000468217951,160.07414661850123,31.013440600094075,100.08780329554723
711.8169676863605,159.35026026698335,31.132432714194415,99.76545633152978
715.5065204663009,159.38130694947284,31.19498755851894,99.67243216618739
718.9376250180932,159.48505856012395,31.34332800022254,99.77768280106727
723.2153045448454,159.23000012504258,31.546944929384182,100.1666295602295
726.8232497142192,159.91540551394826,31.968012236052914,100.84043715056691
730.5047239290751,159.1296229830465,32.48622644977361,101.45250249561175
733.7751817427013,159.06980492155728,32.74866890052412,101.44730716562441
736.5354033150153,158.339385761445,32.54236512204609,102.29696214053112
739.1955087394554,158.88524502883297,32.68793929971628,102.90289594569049
740.4314709002795,158.34439275732512,32.99014389194737,103.80970535115776
743.8017673595562,157.05763927707642,32.99179378650435,104.77923796930895
744.850608328959,156.73979816118475,32.90826652032129,105.04337196567587
746.7089968496603,155.23722883879128,32.77215554413478,105.12650376498857
747.7821499328778,155.51357709343938,32.518390309401404,104.45972945667015
749.0009551388889,155.17043002452442,32.52711521308367,103.97034426844267
751.311475558815,154.42949913991458,32.500848619447225,103.66546418490199
751.5116707392416,153.59206285123722,32.6670832576403,103.11061545450224
752.9968827143564,153.08824625243193,32.61587307923087,102.89435930122173
753.5197319947389,151.9981107811691,32.75907057845578,102.74124954458966
753.7122348437298,152.8273755181393,32.690120833976714,102.43003430919755
755.0886373086569,151.6197508373544,32.89492221973513,101.55151025806288
755.3085211172454,152.1440008758916,32.705851410658006,101.0882531676675
757.0891251136057,152.01849259083502,32.8205927530356,100.4299352570182
758.4988833322549,151.6817885452482,32.90181598553702,100.08595476596226
758.7670881463114,150.4898676074368,32.81874673880784,99.59872697186154
760.8433410964848,151.27287917747302,32.79359784453417,99.46944315731247
762.1531117731588,150.77952760982595,32.513177832891316,99.65671103469495
764.4304016462218,150.8150388302372,32.115629146030614,100.13393259335365
766.0162465372521,150.46203961955194,31.676818525804688,100.15182131881275
