820.5,408.5,123,235
817.2247496013949,386.3836150520847,119.31264011758364,233.85574810627983
819.0492213932491,374.22751751611526,115.91965276642313,230.81390493969332
817.6603260063008,363.083874688096,112.61113887570781,232.72137835513132
818.0623692596878,352.2045302156391,111.63564984005177,237.24869828149028
816.3067719483,339.24989648719463,112.22583754487388,241.72494991501497
813.5340141145265,324.6901276644556,111.76167246443522,245.63931979010738
807.9975852152776,313.8909993683932,111.63355675219074,249.26797951943925
805.8141128854242,304.1522271090698,109.70288588379088,251.94867955566406
801.9023751683338,296.7985688922024,107.81031975303021,253.43092503602972
799.414320337684,289.1802195136376,105.51366425472293,252.444158827339
798.3797822279691,284.0263247423547,102.82424943487658,248.72838689224375
796.8222530209697,277.8502004909534,100.39915816015466,243.72527727126703
794.5008148698637,268.4068504456102,98.47706444588715,235.96410252980007
793.949753037812,259.3182022916906,97.27124333536287,227.02735655553477
794.5070878172394,255.0101369231459,96.77587175777036,222.56569989333224
794.6180205981141,248.68700795171645,96.76957351660624,221.6522110939426
792.6188583281377,243.20145327944482,97.00917789702842,224.3862970849092
791.9100060175867,235.50080013680514,96.71726561863996,227.8782462992657
790.7846085791524,228.73538314742726,96.6890275498757,231.03043438110984
788.5188931161022,223.2867089223996,96.93347593966016,233.68981915471252
786.9605921460679,214.14831513401734,96.82258292466582,236.47389089590575
785.446619209983,210.4741468166706,97.03710444800424,238.9681268264061
783.2556948800728,204.382339687796,97.23440329932251,241.63663392930917
783.0654715514245,194.74447966461884,97.56834739251693,242.56024978865176
780.6751181998548,187.8039089595287,97.4900944208211,243.03807756205217
778.6447991449207,183.23005365148197,97.54303685579285,243.07884600132684
776.9300403517477,175.67635983013588,97.39077567741435,240.75797284079636
776.3913968874175,166.41731294755144,96.30125423929925,236.8679016279379
774.8934250859758,159.66046819508549,94.12781383949705,232.4895127332116
775.2221878238438,149.94693914526053,92.03339633113767,225.02373903049335
772.963596476131,149.21038142443146,89.41268010459672,220.1583830594928
773.4253021924742,142.88996111615262,86.77677680198406,217.33313538106756
771.6436764219426,144.28480097732503,83.8128247831716,216.68834739761434
770.1907889192312,140.25380630469988,82.15619181816604,217.84890136765102
769.1114580838771,137.30746310884365,80.24262028880088,219.4774523986457
768.2306494518036,134.7471441176495,78.12291421539287,221.49372169435796
768.8116752694276,134.35191294083313,75.7276361616499,222.74342010360328
768.8584048990941,132.30210544988188,73.20127051308032,222.26862607747967
768.2948249491151,129.6084857084647,70.78438663366525,220.4202402932852
767.4275245612621,126.64353899693695,68.43689130951775,218.51805430578773
766.4334816381463,123.44937888567105,66.7864366493863,216.09743936291426
765.2389221112603,117.41068458933918,65.28798556041242,211.68254508814636
764.2213979003119,115.48125900845665,64.24778121093156,208.21120797552788
763.1402393752453,113.20447546777217,62.75617927951265,206.2954299641234
760.8648706187707,109.0991114493304,61.177000601360774,206.57619250494372
758.8114112699784,107.17500663404786,60.34241052895652,205.76359977115942
756.2123110883908,104.8918962652806,59.83894882853289,205.10965573284557
752.9119858964283,107.05042705721307,59.99653976803046,205.2800166152587
750.4875349726735,107.64071960660591,60.673033034760024,205.46366477185936
747.7147949849372,107.21795466378393,61.81124400922558,204.7993495199072
744.4925260377935,109.79975000345765,63.79735495115088,203.63626190376166
742.8085560569912,109.04638407555319,64.5039408478143,203.85362548774287
740.3286540833087,112.95822456031905,65.96055976138095,204.0898438483503
739.292889271137,112.30020177782191,67.03679982159167,205.76338659881327
737.371943508701,109.91071449194595,68.5266439030737,207.6243089740625
735.2700529967877,107.07556036478584,69.99471311392713,207.81283860670914
733.4444188586592,104.21542727275889,71.4081729242267,206.8508018389503
730.361845095889,100.18644146956393,72.26455646890165,207.2663917772494
730.3344949000771,96.0348581563012,72.5075481717895,207.8675682762114
728.5927331604603,90.95033301415799,72.74970025781923,207.75676473969702
727.8347093358122,84.83562699245809,73.25077307458068,205.53506594325307
726.7312069495609,83.8818706323483,74.69134144905397,202.99127327406836
726.511760501748,83.5724410162004,76.08803419657423,200.88915543841676
725.3724108320911,83.9491841401146,76.7608896342537,201.03895767420806
724.5194444370062,87.6005065691613,77.36373237658724,201.60420460459733
722.7516048390099,88.50295795955103,77.68460477745943,201.8879839985005
722.7250257868159,90.63779148758613,77.75689758773399,202.12753277418688
721.4555436902513,91.01562016937854,77.72919923089052,203.675016527698
721.2665520530325,93.41224239987194,77.58055311699573,204.50570156729103
720.3264634960149,95.3516395185163,77.54317799828871,205.31330965086414
719.8080350630278,96.52508073420776,77.82281513245519,205.79362953958008
720.91688667509,99.62024058951708,77.99492318572017,206.18609162064845
718.9245192951574,99.96882462978724,78.68193822855969,206.86433063983196
717.5514303157938,100.43067539974118,79.08913622779883,207.40565559776496
716.5631175327817,101.08273846509798,79.18380819675433,208.08300601238523
717.3303934631269,98.51595826481363,79.20855067905862,208.32276567748028
716.9492115399472,95.23690196044977,79.30753855171666,207.26531632408032
715.6832005432171,93.01907417143045,79.01968149015357,204.31012803386335
714.7677026334494,89.53716877915845,78.95825666016056,200.94835059208899
713.5966964581312,88.28429739343454,79.49833214594403,198.74494638706585
711.475826489079,90.88580465595183,79.62871248779582,196.7471647206891
708.9741014495823,92.04078595904866,79.55636453212134,196.00405229988974
706.0026233782664,97.12436608811655,79.25531499466896,196.1166609855406
703.670679524558,98.57764990902635,78.97121276144254,196.47451647566373
700.566474452603,99.58591672393327,78.31797053108491,196.41318709427824
697.5032773413584,101.6682915988691,76.99148341736188,197.09044641194197
695.3241491543922,102.93646348017435,75.61041617526647,197.53164195025005
693.4878233373717,104.17310126185996,74.19840680237998,197.72086033104694
691.17297194288,108.00136498048793,72.97953304564794,198.81422036022164
689.4220194685457,110.12511675960891,72.08574183113906,199.16602672324433
687.9117732421834,108.17579573521604,71.56134101909333,198.12964260320683
685.1505805187028,109.00296556482834,71.5508499745079,198.2403066251651
684.1892903355797,102.65303295649747,70.70368403719573,197.14496195718328
681.1793922202608,103.68273998713062,70.90648130924588,197.37178751994043
679.6570915854759,103.46424687466347,71.05427180878075,198.04542598503184
677.6781974626884,103.28827013056318,71.3778415999948,198.37878736705403
677.4375957524659,103.46189579209448,71.97579949269567,197.6190760148662
675.7303159093512,105.10391778175287,72.69537283554118,197.7516422764857
673.3436149076239,108.30884634376073,73.5921006637333,197.83336182407032
670.9286499003059,111.20896848220104,74.81298541126431,198.83681656376075
669.9516154010771,114.30254415440086,75.89040485117768,200.43462739663772
667.8800420116762,116.78010002784987,76.59407180209867,202.37108192629
665.5159416912135,119.58111666226341,77.03654255792267,204.12620111946853
663.9272227336869,120.33650881973975,77.93326619952302,205.7721500789757
664.73295532774,122.16255050486612,78.8396878884769,206.03971130291546
662.9806872442892,123.69212020664949,78.81795914944884,206.08917633050106
662.137613943424,124.43909248421662,79.13267022814637,205.43797934445098
661.0957179839146,127.60105318353769,79.66553617708747,204.93789188822217
659.768363846631,130.80963186664468,79.72123207677662,205.50069257941172
657.3459901845753,132.5407510020173,79.32788697840282,207.28662039295608
656.2499731862232,132.24264206954,79.2668010295808,209.41678465283098
655.7930302495764,130.63497395656427,79.06933517443512,210.9003477407362
655.1744967868907,128.07707730226008,78.93244446583438,209.70606624313123
653.5202157438983,122.40343728971479,78.36598771675125,208.00097619681065
649.9170664869466,122.91023492711824,79.21825037631507,204.46142071501828
647.5405671532019,126.82942527344673,79.00712150321627,202.17553883980514
645.6226468402684,130.37292541254743,78.75433717485953,200.5390743358347
643.8656251118952,133.95646236743568,79.20113610188189,199.81904861331407
641.2253757691817,134.74788306622077,79.10026281236375,198.51299893732633
638.3132212944015,138.75073825206772,78.37396551116137,197.55872165202763
634.9267814599787,140.31127766591297,77.86355813166712,197.26246668069092
632.631557542586,144.9572064424408,77.27057386424897,198.3225740781968
630.3935785617202,147.97630120166727,76.53825746150915,198.85636837398334
627.8446651203554,149.54720928973273,76.07187059149211,198.72743013898403
625.8466573642838,152.33112842453613,75.8432237997108,198.14627142336278
623.8621795252095,153.56756407144735,75.69912567918391,197.84360381530084
620.401182801244,153.7918247268526,75.99983750327462,197.99273821804854
618.7756649812596,152.83567741234523,76.0199652262206,198.00282523407196
616.9333524197399,151.50518877156622,75.80306413656776,197.74190486586497
615.2159443375343,146.8025607767558,74.30486304710332,196.8568004047412
614.2325217647103,146.54665581388656,73.33667105667344,194.31689686383538
613.9464094589837,150.69630061727517,72.6202928391472,191.5859914275904
612.4445730250145,154.75597211279953,72.69635411765383,191.35228333568108
610.1184388451721,157.17819930519423,73.72470179824616,191.58958363533992
609.8619722060829,160.61670365678395,75.09509152211857,192.8752975197459
607.3819335671639,162.70386721480043,75.7219163699944,195.3143083973348
606.9209313271886,165.38435672598115,76.57001851120181,197.23172931927877
606.0223247178957,167.20680457610845,77.05986690835354,199.28504481210888
604.9817580144792,169.64618361076546,77.29374174737656,201.21956017266547
605.5283836504394,173.656856281628,77.70055711344892,202.28794795471973
605.271255222513,175.52542545151618,78.16618849636865,203.89329027442815
605.4392319892218,177.72613240385607,78.55956878090993,204.8657128870824
605.0189317963525,179.15531641011583,79.08405629071002,205.67915740889515
604.2215745657617,181.27790282811162,79.4433321666103,206.58589297057813
604.4448604542295,187.55333417087752,79.70145632969246,207.118281284497
603.2806282141614,183.34553895390854,79.37336611088445,208.26847941496814
602.4127915534007,180.16246515999475,79.46762347876995,209.17308344276768
600.5686548947718,178.13961541563873,79.64429558638689,208.8864746390908
600.1910634863802,171.37883510763027,79.17144247635132,207.0879382855032
597.2625526380143,170.96332211072678,80.47109064937113,203.42292298139765
596.8816028258759,171.05162117304525,81.52976782005352,199.60211904812115
593.247643270158,175.07619704289965,81.0947431296095,197.98574805105758
592.5216109967339,177.45431090557634,81.04977539172104,196.78158569817128
590.8297675366107,183.32814058675513,79.79353873942716,196.1921094336531
589.797095163535,186.65394669232086,79.28638277985955,196.51421634254723
588.4269319387594,190.0177442037441,78.48592677778133,197.90991996472027
587.4448259436173,193.7666247682619,77.39118929754547,199.71522222832385
584.7960247719061,196.36123825371277,76.38995731708474,201.41600656799952
582.9501895543208,196.50254374358406,75.62370863146674,201.81219831690984
580.471195912607,197.53061213262487,75.12693250241887,201.46122167981946
577.7872040869167,197.59529323312307,74.7973610886443,200.13489390360488
575.2447549275395,196.16496496337572,74.41333154713872,199.1628444685207
572.8576506725229,195.54260661720303,73.97105884837055,199.243851877991
570.8358293235124,193.94345315321988,73.57959193106592,199.463633167377
569.5302788587136,191.3129265154708,72.45787449556641,198.63442307617595
568.9510532934427,191.55981134451778,71.7759842965335,196.0022402272403
569.1932443493822,192.9642072453351,71.6374450229419,193.97509306795868
567.8702184028999,195.89246519546688,71.16051441392281,192.8553611490184
567.7422737609246,199.15868659622322,70.9634493459715,192.35430472293294
567.4369209047677,202.84857445706038,71.13900690855655,192.3102080555189
566.1023167184131,206.07991027650073,71.95621361424296,193.2410033661011
566.9088790950597,208.56113950271225,73.01626610322897,194.22377682819834
566.544393460527,210.92692614713545,74.32842548884476,195.5910213646693
565.700125349209,213.5242422285156,75.32785143239744,197.44522304895492
565.7745201130546,215.8559532356008,76.19081296042364,199.963536550379
565.1092462826623,217.07488889622968,76.89965419506466,202.4468364174757
564.2408369752281,218.04911577231695,77.37486766638582,204.17253027119713
565.4943598657092,218.70355140155198,77.6791293156912,204.45229457657751
566.2988763883835,219.13001171988773,77.94185091664373,205.58051050034607
565.931897017626,219.18155053998362,78.00610152541486,206.67905904175674
566.8595925412227,218.36091298202106,77.65263022462055,207.23790200684113
566.8573953890973,217.02119727751523,76.75563081730445,207.72419457803844
567.4975030259021,214.94836388552133,76.39298798241147,207.2124278521996
567.0140238497196,211.57550261387019,76.38822397035099,205.44357634459857
567.4244654881886,208.22347461712457,75.27671866768459,202.40765068678368
567.3294760272964,209.29206764077588,75.73090459496974,198.3650693700871
566.4497631166652,211.95183519441517,75.52378352311266,196.74700487628814
566.1461480918725,214.67139100044156,75.72128644633784,195.21642826789747
564.5070225228912,217.75901433762192,75.59405123900929,194.5036874109501
564.1037887813957,220.5718028138249,75.21209985679663,194.22442822664107
563.8490496250863,223.35211224283353,74.54175119454646,193.91564900638016
564.5028427435657,226.9630786315961,73.56565484840165,194.4350973972205
564.0067285286715,229.7904575838714,73.06315220957886,195.84009052645283
562.996410580613,231.99653928426767,73.00540275260747,196.35016309138902
563.4113010556447,234.92968815608168,72.88429730627482,197.41482314195048
562.4251467083781,236.51532855339372,72.9133969487223,198.1744174102689
562.4667271386747,237.566900385731,72.84455972688109,198.55156082063706
563.4980809728302,238.30931938220547,72.64171986977318,198.91048415257063
565.8642810992571,238.0816381836429,72.3387977854068,199.38499705267552
566.5421379263198,238.44985037501135,72.52306692699665,200.24139855952603
570.787213008882,236.82803483812293,72.2398335709545,201.31316488530177
572.1222533024337,236.1914246305718,72.86337476233922,200.5010028388562
574.8219074108584,235.61470410878167,73.46527103615138,197.77481093260735
577.2468292354531,234.92543157009533,74.43806303759683,194.46499579574666
581.3499325934165,238.22233766740635,74.4420699828637,192.07911607335356
584.5939333162833,241.37791553535092,74.45396840132696,190.97988155252182
588.6651499742297,244.7526141527679,75.004077161545,190.19431145086656
592.6969533736856,248.42865094100904,75.66818871590483,190.8903459752754
597.2023682511266,249.37936170625466,76.25547583571756,191.93535632001308
602.2202989098848,251.63007903610216,76.64401770881383,192.13042959107366
606.4669519969586,252.80779406096872,76.8132462484113,192.89694706827234
611.4611213744694,255.72916434329198,76.811310958661,193.33177341341585
616.044818880283,258.80882499916345,76.60319214637468,194.14005101677293
621.0784623321974,261.61319794375237,77.07519757805576,194.5356615118725
626.4303008693589,263.3225514954776,77.64124248859619,195.09224542213963
631.3915745942916,264.25393251688047,78.43211018460482,195.68333412548867
635.5924980871982,265.1964556939744,79.07835413354502,196.44772186096148
639.7232102886687,265.01139816758996,79.69289484901219,197.96486261811424
644.6322224501075,263.64924273787244,80.2821199768182,199.83406217660394
649.1291792037955,261.3784910857903,81.205867182638,199.84218211132247
653.0609385403154,259.58178427757923,82.2846264179234,199.23628923970756
656.2190518449944,258.0010525541561,82.9530756928122,196.83807270150737
660.1245235505625,257.9632980519617,83.5134043687733,193.89850745281387
664.3020453815145,260.23477626766635,83.88929961830728,191.2382308414654
666.7874324364395,261.46667799637225,84.2189620051918,189.84355363241326
672.1339081777176,263.199509698335,84.0046348665078,189.47619783804578
675.6290194195104,264.513089418329,83.29067466624718,190.7120664475268
679.9190512649416,266.3226503765822,82.24532472050203,192.59599152046133
684.003282360096,264.70143141157325,81.14556522794723,192.62035560556956
687.5974015371804,263.77746964010066,80.11741112136738,192.56250085967346
690.9927004882342,267.9794809397034,78.80101299114105,194.55273962063643
693.860353518989,269.46804358531097,78.64401741928602,196.68964707478273
695.8273021338767,271.96479821765024,78.78549526961902,198.4616106990507
698.5190648160736,274.1992283295439,79.09590911420975,201.9131916259286
701.6198606729326,275.28068853264955,79.40939975980554,205.81185950707084
705.7731793553464,275.9973181389935,78.91897218806886,209.48526352146433
710.2389121553316,275.04843416630047,77.96339340984531,211.88269252503784
714.0523039760749,275.3655338775675,76.69539253660835,213.0575841936597
718.6177088281307,274.43851571358545,76.07676125351718,211.82814779289455
721.7367312973221,273.4759438949884,75.45684890638205,209.29542333087596
725.6987381069664,273.1220395561161,75.55185441398541,205.25368929545544
729.9996708791203,272.8945638312743,75.72337677861302,200.20634620473368
733.8347906009802,276.19788279974705,74.91609862716025,195.45239944134158
736.9977604063403,280.15879722518196,74.111642914603,191.45294078586062
741.1566446493009,283.1092385306835,73.50019423764168,189.3207330253214
744.2671270402133,286.5782784268931,73.3567522104861,188.96068954119073
749.1207550862295,287.7363901424643,73.67040447416656,189.24268455105792
751.8978708866455,291.51017159443,74.38051708872757,190.51686465860112
755.0996933849403,293.2092091606766,76.2309042271477,191.80890688526927
759.0911011743158,296.05223660477156,78.81791763551838,192.8039351994414
761.3624006373798,297.5534669686307,81.83988865949425,195.28102721754226
764.9277380269674,300.40744889396285,84.93309941651279,197.21775578783743
767.1992826740623,301.9694468513233,88.01535344507697,199.5177200820093
769.2883961885573,304.67295019985386,91.00878302466846,201.28660240014602
770.2300565190817,307.48139216402535,93.8434012636136,203.25574561718872
771.9731570643469,309.1013647882661,96.49101641530105,205.77783764592897
772.0138618834237,308.7702826403739,98.60185965152175,208.31208644011866
773.4736256829742,306.3161514282534,100.14249373836454,209.83789613799564
774.079955552595,306.5735172236774,101.88875090166505,210.4976186401271
774.6944855965876,306.5720873943765,102.95274968590263,209.5773372960738
776.3792331225852,305.95209407056274,104.06673747158455,205.56767871054706
777.4574094948457,307.0069535033846,103.56047875935107,200.28491492493578
777.575361242096,310.23884265321686,102.70226879874774,195.08903208539994
780.0694760840516,314.39743084042044,101.26653030288598,192.1544841518497
781.6010013697133,318.316641255196,99.63242992210671,190.857013620608
783.6554099073574,320.1883931467519,98.08447061964571,190.81113070617903
784.6461496608881,321.5072882373042,96.60026667367849,193.34138843004268
783.4614890934528,323.6321392430678,94.95711947053653,195.78293626592756
782.5500944938738,323.5942715062319,92.94489504168854,199.42504341890537
782.9653115161707,325.2035891825793,90.74607270192101,202.6679959720944
783.546502848312,325.66811055746416,87.91860150328327,205.31985079198097
782.9341231615551,327.3177326942532,85.64381649470158,208.65584898056116
784.4035591860319,326.8411474235056,83.46388585772031,212.19199467121092
783.6476655550222,328.2265011302248,81.45411936493309,214.4742662502348
784.2709829224942,329.435198029558,79.97716097259564,216.65600069787564
783.1940883587034,332.8731627143397,78.72824395393687,218.39313418689392
782.9353229540961,333.84458558790544,77.12326289944315,219.79064741231184
782.7355688345509,334.16138659976497,76.5547287648762,219.26254187710435
781.9137508933114,334.80880488538446,75.86209121557722,217.80653957670026
782.7155511129145,334.6747208971492,76.31134102280066,215.7117612812744
782.2249543532506,332.9940121059999,76.887133967921,211.6667171478748
782.5398031907754,331.6093690517414,77.43339504550354,204.70584254319607
783.3548683851592,333.85216338390126,77.28778151579054,197.95552676324513
783.3798190468519,336.6249247521849,77.71655710757393,192.71741492250234
781.7405034815721,338.86326348933096,78.57838058661372,188.9634667735047
780.8443100472954,343.63944550707447,80.50749437100362,188.7519621511646
779.4102748222145,347.25608332182514,82.57424963275739,190.4777510053059
777.4020296604108,346.3338221779054,85.02201818512462,191.79480336011244
776.4458048631469,347.30785627604985,87.79800759460143,195.26100127329005
776.8452921527663,348.4344064165026,89.11106852828675,199.269458571425
777.2304722778722,348.80689514354725,90.30643787230562,202.34526187142512
779.2859337091254,351.1644720195777,90.90429291430976,204.19351029526757
779.6773506160742,351.56638365766565,91.04976627604823,206.37947912762738
781.050439257262,352.5599190520599,91.6175571752829,208.11424824362405
780.8136215153136,353.7942915623798,92.64650666360097,210.01191490892793
780.8361126092337,357.13734006851473,93.07159254307288,211.05596430473912
781.1132155441205,357.48467972838716,93.64771890482092,210.94404716675314
781.4894781830901,357.52128102533675,94.20411496400959,210.49158552296143
780.9758051192529,354.95376204515105,94.89542953555461,209.9965551811784
780.7476275202006,351.98388740689313,95.81910028827797,208.03214968016738
780.0391947690564,348.7785491376376,97.3939738891687,203.34298986919111
780.0749615031725,347.22682711672485,98.93650892908448,196.91860187976658
779.4197726964231,346.56420964447824,99.56548803165043,189.92711204703812
777.7513703240021,347.72872425030073,101.18530075588549,185.45474057884718
774.8950856770047,349.1656154005255,103.30527876417483,183.1608144953051
771.7152592732946,349.3432629886533,105.11241558801348,183.55965099381606
770.3824868360837,348.8815411825701,106.65648059354636,184.91781300622236
767.8236204984505,348.27274620534513,107.9724542642198,186.7194765042209
765.7868050831842,346.6494045947828,108.78598902160174,188.8257789851798
764.4601476823619,345.00683093003886,108.12119717194008,191.5684785688677
763.2585281796725,340.6565177978352,106.18402356058937,195.48080288854237
763.2716295211849,337.8486464642642,103.1842262120372,199.6222940469715
761.5917206487309,333.96045972784293,99.20422643298883,204.0584802086416
760.1141674379413,329.7296774258457,94.96637116175788,208.11593199677918
756.2529703693722,325.79530344938667,92.02729011731674,212.00251103680966
752.9322307303856,323.0555327566345,89.53246930831463,215.9927849538616
749.1946670832008,320.16276790103007,87.91228448415401,217.13099868606648
744.4833188128973,319.2694989443761,86.43749815275176,218.75268949363291
741.1832753594528,313.7816020548511,86.00583247327609,217.74288566220932
737.214496348101,307.7284694113788,85.49929393073302,216.15084581914897
732.9556108209713,304.8784054053504,85.67707913751934,213.63631795504614
728.1306224894653,298.7752647996673,85.88231645879546,210.76056982376105
723.8181326559281,290.8991140555565,87.51175026176463,204.52610831149437
720.3178263933165,283.23366487801104,87.90015918896529,198.43475019685866
718.1290551499822,280.72887889861113,86.40723448965981,194.38826041096854
714.7873897154191,278.585516998808,85.13379207768875,192.79748558386586
710.6373907404384,278.79121929212187,84.28998547747905,193.78886999393458
705.9733288355237,276.3376500394901,84.10111194996723,195.1231592255165
701.9553977000826,274.0910696362096,83.17301357326632,197.45887746234473
698.2691749007257,270.7230191468964,83.3312748877699,198.2742335450362
695.8904555033342,266.7943108952297,82.57099107589406,200.64602287399208
693.1049640078734,262.2934036965588,81.58345851810952,204.15365468466388
690.0955112648937,253.6112323540156,80.9957208041482,203.90768776892025
686.6264981088685,247.62171488305415,80.73619777308957,204.46932998013028
683.8849335147117,241.0651013666793,80.1039581183245,203.19251852258458
681.6185735459987,231.43685211451057,79.1644347467294,198.94619224359684
679.1216206277082,220.41884370248658,77.64485562847656,192.08856664210768
676.6560723002488,214.91342568031789,75.71676324988712,187.99397303709208
673.2868468682008,210.43154306771464,74.24393519857799,186.02929912197874
671.0250717381514,202.35630569038085,71.94876511794801,184.37169892547445
667.7616943383848,200.66735455107977,70.56331755923523,181.5298279115351
664.5473562989047,200.68978891771383,69.60000154606301,180.36461251288463
660.1705643812392,198.50841869308016,69.17429174888653,180.39563547100207
655.7012907010952,197.34364780498927,68.97413671659628,179.96427603449155
652.2370302948617,196.86293724295098,68.01780225867755,180.40647334932586
649.9272818250682,192.1510594931326,65.68658079540197,182.82230000069603
646.8542795734556,184.70761196977247,63.85587688645684,185.72209539989436
643.9540616715411,177.5616102686094,62.19717238953521,188.46054426730836
639.5729852839124,171.40319187326654,61.27487501525636,190.43621551539155
635.8578003961104,163.51785164985228,61.303453695126706,191.59291185424888
629.8603710724472,156.14688942362454,61.39424530296349,193.2689498092068
623.9566569081314,146.42445870548508,62.219848756717084,193.95213636450427
617.7271737868238,134.85128967546416,62.94459830926898,192.18154517955097
612.0978110773489,127.01804444636534,62.882728940620964,189.2083509606246
604.8783912695433,123.32800170845084,62.651157446307934,186.39422066191747
597.9186565004364,115.97742379977042,62.860290299340974,184.97964810098242
591.665347315256,112.18008463844667,63.250554681054425,183.54119482420364
585.5425542228022,108.59691333778704,63.77809563128177,182.05093170500288
580.1813182394335,106.54054558197022,64.06302182165197,179.79361583266436
574.8955338547138,105.64729779234925,64.06469770779066,177.1353920973311
563.7201102091527,105.50191017743106,63.790684235362875,173.72260459065626
560.1062181139433,111.91843707418701,65.58207468798877,170.12731992403644
550.5535553313048,110.32043790948374,64.65158787533619,167.64407468883726
546.1667950268497,106.98019659759666,63.99607520482726,167.20308781493077
540.3354487625581,104.32457311105773,62.64114669306639,168.49351893870443
534.1048648654619,100.81110401122956,61.67931796626266,171.8361841338289
528.4470158156599,96.2801744392213,60.173926321298765,175.22382033167844
522.6821724089237,91.5332103933064,58.14392075195855,177.98052098362786
519.1781173930395,86.95454333445865,57.0150497732899,179.95053582260633
515.9201701806611,84.51273425887553,57.045030444537446,180.60322698326354
512.421224449033,83.10664104059799,57.336779959093434,181.4015863343236
508.72981205187534,82.41134527440352,57.864390634451354,182.02161319138145
506.5267440484166,82.41403701456241,58.47404980039602,181.86215617466763
503.5585970936089,83.3061549277163,59.0428271923722,181.25039735527207
500.21209846907584,83.99734438905793,59.7585838789994,180.2675432107165
498.02742076191765,85.08130978555535,59.86540324442657,179.21939546158305
496.9106566363191,85.6503085563246,59.71850723453055,177.85443767824995
493.9915210655354,83.12633689829018,60.02458376168766,176.68986754751094
491.8981628814323,80.83450367922251,59.954703564647176,175.89629952672294
491.6526049065937,80.70084222203246,59.06272842221474,175.66674560527997
490.28638422101034,79.02440430955278,58.93928714872811,176.3238130195948
488.9995933751339,78.02823093495962,59.07034416892642,177.37432919331496
487.2363139897535,79.45316042515458,60.08329376877353,177.7008429794198
484.59950093765724,78.77749200849686,61.74154292365575,177.92975449497095
481.5851764121227,82.3591644261281,63.19976837166699,177.2314174416909
478.75176019763336,84.21180287909485,65.00521473993089,175.82277211038814
476.1008467826472,88.57544860523595,66.79741375084197,173.96291134505663
474.26857635650134,91.42847057389803,69.04123319142865,172.83652257817315
471.0281503693419,95.61173175423946,70.64149425006752,172.9695357780982
467.9333309672699,94.75728163721604,71.45515649171163,172.44483563410853
465.85010134430263,97.46225551468741,73.26993212100803,174.70697125700391
462.86621282981747,97.55169255884219,73.19157896961936,174.5815768103703
461.88423990606856,99.46601784974553,73.06466993392323,174.9052704554008
459.95811247299895,101.1271095330718,72.98695596613916,177.2582846900666
458.27910274450943,100.8429209914715,72.7069112770763,178.97620636993926
457.310502369273,101.2222429630531,71.94505969371731,180.63467549249566
457.23555518665944,104.92649185162938,70.88642399054697,181.63203575519907
457.64198786595927,107.44956748029651,69.64181101660999,182.5397638542491
457.8004558440835,110.11750631306677,68.31134087209088,183.11804596348884
458.4100327767318,113.5076242253773,66.77512668522496,184.07812843720762
458.8808498856799,114.933864683861,65.36930055372396,185.27987964075413
459.07711809376576,118.81616689873141,64.12276964883606,186.35668489424086
459.4033155081978,121.4345997413358,63.29305776689235,187.7980380505848
460.01190646221744,122.39575232589675,62.72003380496288,189.06275342170034
460.4287235320653,122.65286246700268,62.3648254660675,190.0012690403674
460.4123471247577,122.84856708981218,61.66765693974038,190.0475859943753
461.6899583083589,122.70513985807517,60.88844258244851,190.108003187208
461.5609372517481,123.27845668300176,60.28506507754035,189.97268953228127
462.65597409938016,123.87246698031157,59.505328115140635,189.3005039248252
462.92520061594695,123.55913233981472,58.82995863830151,187.95064158102488
462.4856483063418,122.79346043052107,58.63238259726407,186.2515624259794
462.92094470364316,123.32845412150445,58.50696355496912,185.48392744264657
462.81366108842565,125.53110722923587,58.57547432705019,184.97004469100514
461.8211827829042,124.756451433985,59.09629839071451,185.65682271217094
461.4835856702699,126.2285610840106,59.09514637355528,185.784179530589
460.2066303136867,129.45831286798074,59.28636330010072,184.57123605938946
459.5757122625563,132.61767139919073,59.94304470923478,184.00864015556928
457.6719893427291,134.43122963227518,60.955320241729765,183.76493390477825
457.36837197247496,137.27685191367172,61.97954097085499,183.0594691042532
456.6055097094947,140.44830884643477,63.15387945636634,181.3653622875247
456.0754320396301,142.0585275299521,64.60817647013728,181.40441898672844
456.0283289362768,146.52121159763902,65.92203103804991,180.981827950964
456.3543615964481,146.26334125001452,67.6573935245616,181.66205545677798
455.03164775601374,145.97992288877631,68.44370202856572,181.362509818796
454.2986356455331,148.0100213713492,68.56742643053428,182.24531603129304
453.0515904296569,150.95092365637117,68.23218522585783,181.23243703269077
452.7465645388783,152.463246870918,67.5313328621743,181.2588500880789
453.1763255699347,154.29202863699743,66.77977323703554,179.97662749448818
453.06855360753366,153.38642974291076,65.93610447720636,182.55128401145177
453.0911128830406,155.84689544510832,65.01997246364898,184.19808398751934
453.43425383157114,160.4000421637121,63.96976856665654,185.50717388923997
454.4146020393975,162.8574823573678,63.540051069079404,187.90856146915274
454.99160260860964,167.29417471748553,62.61751765450152,189.81285619227663
458.48052589735687,170.37829200906697,61.33814977573746,191.33110260810665
459.54548831456157,172.13551580679902,60.80320959194003,193.187828394448
460.9814819673459,173.8790286278303,59.86058279529,195.00001234711198
463.012079484153,175.22179354682643,58.72664935263357,196.2912664999797
464.1414632906201,176.11376867056276,57.89035731610013,195.3092522828949
465.90841400349615,177.9923712213565,57.124407140424324,194.12489383238474
468.095784072989,178.37595481602892,57.132439447117314,192.1546506380579
468.6968489161969,178.32110545103063,57.4217463613866,190.52640214248382
468.6216724899654,179.2830629396231,57.71866515780601,188.92812948283236
470.2290993302256,180.81915185216928,58.09067690239546,187.87770210787426
470.6787888997765,182.5562905311859,57.96431266636219,187.89883042382172
472.4246652542402,184.68349444680132,57.504335670401666,188.81543594784605
473.6264369240865,187.36177006059276,57.07054273506706,190.8329520267817
474.78302470893425,189.28536875181928,56.81612232474954,192.69859806245
475.2863145143444,193.25585667241646,57.00292879181022,194.46515891864334
477.1042957342732,196.56142231786308,57.17208014437199,196.56595218066758
476.869257853358,198.5452763585358,58.06638597512433,198.83033934086876
477.2592920971803,200.39815712315152,58.79531957698019,201.05542116490884
476.3277657327155,201.29431202851777,60.12230362800763,202.55435347682646
476.287162072167,201.93062594865572,61.49015707680539,203.62067412478604
477.0906950473575,201.25738496198397,62.79626408670585,204.30485050463895
477.2505267168617,202.08519099385387,63.883570056550475,204.61392793407845
478.86592399363604,203.74875870122787,64.86293146689952,205.5018208053107
478.7694202981156,205.24579568774172,65.94165052786228,205.49875129929347
479.8761776946447,204.15492184017717,68.95291295648381,204.22722927434506
479.18009855555465,202.64594383154605,70.67101035352603,202.3625897525143
477.3150012518564,201.37210590563814,72.50232769785336,199.99786249764065
478.18632377595685,203.63339000639328,73.43938373951153,197.84240645585936
478.71780538057135,205.95082229215416,73.89225021263266,198.02311605349655
479.4694272030267,210.14400465130475,74.33823080134925,198.7055722885645
480.2298243250558,213.32690803334268,74.57772265004931,200.30699393711683
480.5614778824524,215.69758665897174,74.6346186368911,201.8449016127691
482.3199568502499,218.7687968597372,75.1661736369345,202.72179883819132
482.54181119061656,220.22240312147434,75.97810689345704,204.64092460588523
482.59247578855764,220.75464921157803,76.9782811889766,206.48069186896095
483.27162290270377,221.84796386426757,77.50079579094555,208.13190717379612
484.4451952056947,220.62256448831602,77.8707420300717,209.8821883308849
485.83948531622696,219.62710610583824,78.13677516082905,211.78937280378437
487.3747115103507,219.5985731818001,78.52247711904758,213.42693651276915
487.9837095264767,217.50346302530153,79.25607818133156,214.30643471311066
489.3534900935841,214.7227152247824,79.44276845855457,212.5682352991953
489.3493785573109,211.45211828984185,79.59845123180467,210.01838283576342
490.04288509774597,209.45546465239494,79.12640062146608,207.2333678908086
491.38098091124164,209.6931158311406,78.73764857920672,205.73129482237215
492.3970316102667,212.0320591673567,78.7194517526898,206.30351591513772
491.41627522839156,213.35927860570558,79.40946905497616,207.81474361864016
491.4676844942402,215.24599578556118,79.92448491248861,208.90482988118237
491.01870517960185,215.26546259838148,80.7540174542667,210.30389693455788
489.8976577046017,217.461018808991,81.33559542695669,211.4703878725612
488.90932922062416,219.04027986150118,81.77371596550671,212.98702045351502
487.72429319810595,219.05084622593512,82.17560771173778,214.34864062000233
488.0853982499054,219.7289467771876,82.10621748004144,214.27963722658097
487.7407640571096,218.71792314421552,81.95087279037668,213.0720840629902
487.50265887062017,219.5607495507252,81.67323663720963,211.25638158916894
487.31555344008007,218.14882716241374,81.1556239680926,208.85914701627402
489.07794342011516,215.56930969143508,80.62310303359618,206.18829695228044
490.2416215497647,213.935584808695,80.1127031751683,204.17600304634334
491.119620067871,212.88283076611208,79.04954647670905,203.73321873305642
491.60085297322667,212.944614494828,78.6065932597439,203.76301417564332
493.9067697437947,215.576605337625,78.50863186521427,203.90162038067427
493.9476742826722,215.52485703482455,78.79847920530591,205.31412963771865
495.9106565925986,218.59720392735875,79.21605286975488,205.8451484380995
496.9889312883888,219.11724666525157,79.244896573191,207.41425557210087
499.9077369452796,222.0739679350652,79.01261477295918,208.06434300073528
503.13039635027513,223.40792192958693,78.68055051008726,209.39401506311395
506.32643021488536,224.5193069845367,78.37760316889789,210.56419453436064
509.1863072055098,224.96237873953277,78.33250939349001,211.77825406163052
511.6873814514536,224.02457402425114,78.36858559871553,213.03997195023592
514.4424658538305,222.8399993594167,78.4491989594889,213.23245215911618
517.7362336849368,223.0005924369843,77.88188834534164,212.58550572885548
520.8796398061181,222.1945642920617,77.53113891578417,212.10160926944837
524.0442221636766,219.9324267111043,77.09473400062429,210.3147472319613
527.1473134800744,217.91726002440876,76.95139945895431,207.46092962344932
530.2365280267393,218.21901732667789,77.03417365465657,204.6173139198968
533.7411233040715,220.9007600178689,76.9140569487166,204.05972720389659
537.4027433396196,224.36262823903382,76.7058452589679,205.40825333480893
541.1063481730841,225.30768980980972,77.06398116546413,207.29708016922456
543.7750691485792,227.52261340228762,77.32042320571547,210.05799121257076
548.1433414345753,229.23586306703345,77.7615910742141,213.15831969527395
550.2996775869798,231.05127450166665,78.25416035418287,216.38278580839886
554.7125384091484,232.5055353056889,78.49727396832972,219.1019354421146
558.9942592246208,233.20872860774892,78.80794160557315,221.18798214754963
562.9680313022747,234.63488296755182,78.92591582947693,223.3166357044026
566.9936804760682,234.1215077586607,79.21086015767106,224.74988491197215
571.6468512348744,234.07735374758096,79.20090726615734,224.90551928613183
575.9834482128791,233.8166243494473,78.68141604604885,224.40036568139053
581.1198468295214,232.37016099893322,77.11509120961476,222.96786055868827
586.0211409443756,232.33888889142744,75.13691627946696,220.57908722494795
591.8941635889357,233.00482450478623,73.30830377538095,217.2943750739674
597.0849343126886,232.2585242050323,71.80397580596363,212.6834252393627
603.1459699977981,235.8567555501475,70.21968424378878,207.5540625971975
607.8837138146101,239.25417722480768,69.62749643774056,203.77570303159905
614.4112908838749,241.16341438451443,69.30480041383505,202.09298234377735
620.1268681388913,244.38099093836496,69.63827336046741,200.6089930048446
625.128145007882,247.66104696188142,71.74400934111362,198.9773010246452
630.019645154424,250.53714551356194,74.42093660692868,197.2650576299328
636.12388171197,254.76489137237576,76.1308833297886,196.0054873333562
640.1576426471547,258.14695210050746,77.2862589890209,195.66849466890187
645.0359175805958,260.69366656279135,78.42340304608916,195.4960972194013
650.2740595690215,263.6087513020362,79.15000278963558,194.34680733380708
656.2741246406107,264.7132607053935,79.31386934292931,193.3273392845005
662.8121413179816,267.7618879814016,79.3073063937661,191.70978672833394
668.4811196117586,268.9490898198453,78.42609304656861,191.02859138827677
673.0905071033238,270.67238356558653,77.63919138497141,190.37144119080057
677.280415663139,272.6588982095589,76.48214209523596,189.76120630211733
681.357377531292,273.288337353466,75.13315858262409,190.3546739577541
686.0425596915552,277.2625835909548,73.79958892457319,192.21572413872127
692.0499742893178,276.6607761526721,71.8043377090893,195.36062092999774
698.0687130735935,278.03006785206856,69.75072683212727,198.63760006553707
702.5608499483676,279.8380322709621,68.64671450378262,201.7618440907566
704.6696144763263,281.4213637782866,68.69162899034593,204.70440539556552
707.6918282688055,283.250435337594,69.34172617040218,205.92245055514903
710.6704538252493,286.3700724532747,70.62140495100816,206.02378396691512
712.8093678701355,288.3716150434005,71.9840173252556,206.03422141163298
716.2322374127873,290.5619140333218,73.39664291738112,205.4768258033877
719.310183315845,291.690845940303,74.56609328961042,205.38553670599322
721.8057710953003,292.54857652147894,75.8587331146108,204.88314760518003
726.5230083213816,293.5060730320657,76.69490094302715,205.38542214496542
732.81505114722,292.20682243382885,76.60303044790543,203.13404932181624
739.2873995950788,294.17405835389314,75.65504051477318,201.16809204334083
743.7736051413754,292.3369058625349,75.4327305116576,197.36934595489032
750.009421926865,293.17718122429267,74.4624215943039,193.91737439492616
753.0823351653373,294.27874565934314,75.44950966051107,190.77022733968647
757.2795269958572,295.91715313663946,77.7544305801599,187.89791269074647
759.8328380621343,298.6402314747791,82.34201277804972,185.26618052923766
757.2091251741361,303.733588488887,87.33710169434306,181.71641604020647
758.0902651442259,308.3501920085561,92.55068807191262,178.59316526536404
759.2707854891457,313.20432616662714,99.18166608171884,176.21843166678184
760.8333263443104,317.1664424305467,106.6619072092191,173.9889985621606
762.456709922468,321.37452374454057,113.59050550090214,172.6260161519157
763.6864886576341,324.28743217871533,118.93616100511815,172.70072628399345
765.7095417264536,327.4416142837374,124.42156617424192,172.09354873090115
763.7488169927681,328.51549518847816,128.75893107120515,172.75346895877317
766.5841166725875,330.7671447863044,133.1408114555237,171.50342846825978
770.5936997045987,333.2406804643147,136.22382396510957,169.6228656438096
775.5905594185479,336.2288313912799,137.51833543320748,168.0462963796009
785.431813651663,339.41250940127827,136.86268434307595,167.36911923075905
799.2680023915075,341.56763452204314,135.0352432342366,165.1947663872242
806.5643442839248,343.187685860095,132.0451557323608,165.63530989222718
812.9752036560167,343.1504720464644,128.8403240807674,167.8583941261624
822.6910340308714,347.1870400650481,126.19202285864591,168.40119436829193
829.8202425313262,348.05622650023815,124.1353404005828,169.89821406840747
832.9058903272341,347.0719971914144,123.64589619579098,170.5057213816192
832.9467614070568,344.42795553729206,124.1029792500549,173.32947139404178
834.2153837982494,346.1402878892209,125.69791801945814,174.45530851360945
834.777216832009,345.409035470277,127.41354400134675,175.16470407520256
836.4564353370497,346.15984645905166,128.79386364791205,174.41959974635012
840.1319483003285,342.3429982281783,128.72481966639214,174.26742851705666
845.884640350169,337.6617976631703,126.88064085845936,173.57951474381346
854.0227731140521,334.3010598763583,123.24750467944789,171.82560560521827
859.3916385418694,328.72325179468453,120.19724712093252,169.71427783698624
862.8378029957896,327.5727715456096,118.18535511037005,168.21441369295462
868.4089612066684,325.87164368444974,115.99124749751118,169.28345417861058
871.5314362895083,325.235760242766,114.09269902326838,172.77900646236873
873.9151255103316,325.39223324889474,112.81509671611276,174.51376490834787
873.1685537350068,323.8639900631238,113.46203384014193,176.98816018682635
872.845398925084,323.01881947342576,115.10900542917224,179.48288303479006
870.7452618751972,319.6439878159736,116.895864335388,183.09444191091268
868.189623577441,309.4272723006142,118.28785091281883,187.76753797306458
868.1561394237997,308.03092184364425,122.02739016393387,188.53444104307135
864.5240441998731,308.63031361321924,125.93368046911752,189.24452307494346
861.9838937122647,305.46822150656476,129.90811870763218,191.72656756733574
859.7903617167613,304.53786638830206,134.10541135934184,193.27685651584767
860.9402170837438,305.0431231847311,138.15269073386673,195.15406589204474
860.9017814506113,302.3567014148198,143.7685334242344,195.8549528927133
862.9846177740483,302.6075911474187,147.886212675554,196.39973180764247
864.5057804337397,298.48465750302955,153.25800326193283,197.1941158467564
868.3979232281686,293.0002323431949,157.93473814274046,196.88109818546866
875.0365886109576,288.48293508445363,160.30576476852013,194.52926005524614
884.0997235725353,281.8484685449647,159.81990050027184,192.74361530677038
894.2890189309163,274.1692156476119,157.62905773883193,193.20554040537002
902.4431997706723,267.4725193860701,154.02658194646605,194.5231463378775
911.0403428690109,262.3561266233719,149.6135152322106,198.7070822806017
918.2858608717678,255.84503250479796,144.96140649567874,202.6256251930426
925.6954846084578,250.72620595464903,140.6677537336025,207.10025396320128
932.8800614007997,246.93360510199932,136.6947707650686,210.48822294526465
935.5707719052807,247.71006672238684,134.24020150552678,212.0941537122105
939.3318677512226,244.78039014027496,132.49418340525673,214.53098313948053
941.0545190349112,239.61864425148494,132.27239968629863,216.5115326792066
942.8134273591148,238.2915741591874,132.72790018419272,217.2968070162141
942.2738255505516,235.27395843823695,133.094230998108,218.69202237916605
941.5463421757818,231.53429552134742,133.91068704360725,220.15006315587723
943.4148298547916,226.4439499797642,134.49942341272987,220.9525775498957
947.4248301263016,218.16153203733273,133.1030920172014,223.21756678558867
952.2239776486183,213.65430559269882,131.00099705725412,224.1294148088287
956.5993440691107,205.7582773095727,127.77845435222515,225.04485680446328
962.8761516940307,194.56732835225415,124.2274369112231,224.41013026841676
967.4486602330577,189.42104846275913,121.59019180201068,222.4582642737862
968.869594132847,184.18813227794948,119.58652647893328,220.62517219729952
969.3470273413585,178.33943463487765,118.78504851742052,217.7049613204183
967.8560851169495,171.36090675761977,118.63007974815989,213.41203805576902
964.1389710935002,173.39023046382357,119.6813517670738,210.28033847546897
960.3609554206093,170.2743935783484,120.75460360998703,208.69152474718223
958.8017520473487,166.24220615972945,121.95777340658758,209.10330740226073
956.3133745451906,165.00658801131684,123.31788379000835,210.3456692541244
953.2585014211727,161.03509102820098,124.7653656909678,212.40851767058194
949.4281069468267,158.74524124236444,126.10105374091712,213.66248787213783
950.4213154594177,152.53972478733894,126.11355083831677,214.95493424196667
949.1003558803436,145.56464742804746,126.61056013776135,215.97631031217313
947.6146709498469,140.16633633730768,127.11391408955981,216.09539171453895
946.5925437707014,133.7651222525467,126.7220896610009,214.88770521426116
946.493491599581,130.76694171339304,125.31809851850798,212.5267292945826
945.0716518427917,122.39908309152412,124.7976790063603,210.59803499352063
946.5512818633628,118.25673825190285,122.31404054629564,207.44172850271923
947.5223432422761,116.03227977216272,119.37755209633049,204.3830141603196
947.067504264482,114.88483709899336,115.55056718723355,204.25278964337707
946.0356575049518,109.66636343115545,112.94078591762798,206.36393322233903
944.2776487462088,108.89645826712001,109.95126449468444,207.66209012292825
941.1223223374047,102.89829714349193,107.56985779538584,209.94306603381966
937.9720694403762,101.68833126663101,106.32479273907055,211.02263643080627
934.4668983234269,98.98585284301413,104.98914956037163,212.2380538455144
931.2707125864296,97.21634971671233,103.99711971295508,213.10348135895174
928.5255421647228,92.25924453428638,102.60104841266148,214.9384900255004
924.9960325314887,90.79530568188449,101.11184990569211,216.31061962525507
921.3155279778417,86.21960392372742,99.466562855149,217.2709068085614
918.5356046933061,83.5096316024561,97.39986447182758,218.45956015700614
915.989272998482,78.49541617229835,94.99759520995619,219.3191305818358
914.1626602535855,76.31221945480573,93.37679812055615,218.88914826532567
908.3460095593754,69.64368063422437,92.39543447754326,218.25571923839757
904.2273652174014,61.85969135131049,91.55613643816349,214.7141225326189
900.5847911679675,57.24281035995131,90.35451581449705,210.8109597716849
897.5721960900412,54.53907741166782,88.74920422321844,207.5092744002465
892.9716276904092,51.747592689954544,87.34159354018271,203.7066151434167
888.1394248670563,48.69086747071478,85.91768417681753,199.67611988792652
883.6509516841776,49.061491987148344,84.89907180386646,197.17026580974078
878.1097937279477,47.32439465136618,84.08126602748357,195.9454906403017
873.6047756188558,48.404876312566444,83.32538160662912,194.87349082650712
868.0225362711958,46.7302422342419,83.0214068946617,195.2030167327137
863.3845879449244,46.04475774090939,82.8486426966795,195.45904805630042
858.8443903379145,43.10904358472757,82.88943753838473,195.81562479853466
853.5589626308995,40.31409868431254,82.66900457656038,196.91452729849192
849.546607234204,39.032075016148696,82.54671219612317,197.5517334950262
843.5174100692949,33.20177098350595,83.04031198553625,198.11198355097332
838.8888070575181,30.374237009058163,83.116299861812,197.33905438759473
833.5913369046141,24.871354289808636,83.01316964149683,196.14588241001712
830.2494714895855,21.303386910193126,82.31246243368172,194.53561374670176
825.6499590979959,19.9485465941261,81.21574327460038,193.15765886171545
821.8558193385875,14.641524341837396,80.15730858290672,191.60527861501112
817.9153970414009,13.459412386982052,78.94069433786342,191.2985618871333
812.3728109714951,10.458205347878078,77.94878193635425,191.56398265250556
806.4304463899673,8.949302630852088,77.38082478959531,192.90208091702476
801.1143659916157,8.877856949955316,76.52424847997537,194.14755449508112
795.8768974893383,7.872834375184439,75.20475952017472,194.98935945507057
790.3234991056304,4.7753398959776945,73.91852612096466,196.06215030862566
784.5368529815831,3.3232893353335555,72.63012403312146,196.72356515824646
778.5057969672193,4.499112781326829,71.00529682234709,197.18387562557388
772.2409031287415,1.1387148987679439,69.71704937357042,197.94953127686108
767.1574636464434,-0.9969352671594152,68.54474929916532,197.88084337705686
760.5947600379983,-1.2917438389906835,66.84293750665607,197.2984109983195
753.8034727640575,-3.091063953803854,66.0529601365079,196.23198593940214
748.28392298307,-3.4914017660662466,65.61985072173698,194.37048233228325
739.9580903449269,-6.479738732425687,64.81998363413177,191.21757672093474
733.8529952522982,-6.422851209461015,64.73883299144724,187.62487573163077
725.7428374075519,-8.262300800799522,64.27200535513418,183.96432836966056
719.333840416703,-10.100412588264362,64.03760542356294,180.29191770157877
711.5979371240562,-11.506426627980787,63.263751226996106,176.78342538001064
704.0097964598848,-9.455090014964668,62.427775933024535,173.35759251891142
696.9086118546085,-8.773637148300253,61.885987352439614,171.21476763809113
689.4037722625644,-8.602005764070071,61.49122947140303,169.79770764367862
681.1027712481954,-8.020799259421409,61.182071984760384,169.73221703199482
672.9856262526364,-7.58763595006819,61.02632634660575,169.03659588075092
665.9769929887469,-7.585781056954147,60.70057911095705,169.07911460019386
658.0396248787827,-7.115893844500732,60.390355919264564,168.7943868767183
651.0897933701561,-9.520198640841528,60.15867128026753,169.0805846461272
643.7672649647758,-10.466136087678308,59.765515314844066,169.30746649208652
635.7103374368452,-9.46705354481341,59.81890551169653,168.40257504603568
628.4955765776062,-12.399021201513364,59.6356056511949,167.67680155435136
621.2464477648646,-12.166340694994616,59.515557116705246,165.65391490654824
614.0946517408277,-15.62671426198051,59.33565822087026,164.0897215116504
605.9839594134468,-13.38036504957907,59.221183576925995,161.04783959895536
597.9859928578496,-14.732906066037714,59.80069479786161,158.7650824099183
591.3257532166713,-13.111839121817198,59.86422560914878,157.0519802750173
584.8670590095757,-13.87551263568001,59.46300287832058,157.07945259170626
578.8826283688609,-13.219999294663111,58.830638306783754,157.87565013567038
572.8885799391561,-11.6892328425958,58.34657768786093,158.79900030152783
568.1481786607404,-9.574016451583503,58.007671420534585,158.04580069096625
563.4168885235835,-6.143358728428652,57.50783504598367,157.87982587804888
559.4987663846492,-8.893407534238179,57.22485572918666,157.67071500120358
554.801564124183,-6.136835977202878,57.07429069140332,156.24532709038004
551.7589460615412,-6.933069708856266,56.68206833966663,155.25084711258575
547.9108296304187,-5.380366774352723,56.23880249127939,154.60702461950945
544.6129690998504,-5.69372369966888,55.81009327745251,154.08608608252274
541.9870057543319,-6.183682050666789,55.5091449265279,153.74004965856489
540.0805649106692,-8.009473717961725,54.97743022789744,152.7252015661528
538.1996372779076,-7.017201669713273,54.60333969645409,150.82286753359023
540.9818797232195,-9.559521724110354,55.574574677351094,150.1617286049088
537.6191369611921,-10.863096211323466,56.02910893034902,148.3899751440323
541.7598391605057,-6.3162420719458225,57.15469553666556,146.06481773807974
540.1145992875984,-9.61703075579365,57.411767832757846,146.45232335513452
544.8486144728496,-5.09180786002743,58.45015092203326,144.21020714581644
544.8807525509394,-8.598677894612877,57.92415295813535,144.92429177751785
550.0148414932245,-7.31165119105745,58.60511180757416,144.827964353073
553.2839655937626,-7.304078221525259,59.271587441489295,145.68624354008438
554.5485845619268,-5.870024703898224,58.470221280788095,146.01844768875975
558.2523829746991,-6.134049126536226,58.44271993711601,146.08992063371952
560.8736361473441,-4.856775728108957,58.019312541258365,145.59234538685277
567.2206591598211,-5.754886633397788,57.99121538410205,145.7634490610245
568.4348265842235,-3.1928368999851813,57.299034972362435,146.79598011025152
574.1786250897018,-3.9432606300175337,57.4321778982347,147.14831687581244
575.663869046647,-4.9588238931942215,56.98687366201746,147.06054071890776
578.118189226681,-5.792312390704652,56.60048347742553,146.481449236298
581.738504294188,-5.726043972419575,56.64913709485289,145.3479662355967
586.3433216247038,-10.552153986798558,57.15905447392163,147.81660395844645
587.4367864298582,-7.978693654188561,57.39672355746037,148.96796257865736
590.7509322358035,-10.07406654081835,57.223679347760914,150.13356520540205
593.5655389973916,-8.60080333665124,57.436635586242275,150.9683405338995
596.9589848837817,-9.049496622573074,57.2058870973062,152.49486056864905
598.130037873252,-5.051539787989057,57.364228630038454,152.30706524283428
601.2141882746458,-3.0013522905383354,57.294604508769424,153.84866278974192
603.5938516065594,-2.758646462279472,56.94924307016216,155.58751503970308
605.8512856644945,-4.065584467627332,56.703010704108806,156.94108779150292
608.1487344329629,-5.229160587421504,56.71539294469874,159.50665574916988
610.4054548692214,-6.120769819085041,56.78589877704631,161.43312797104664
613.334205167946,-4.28888307940386,56.827627229279585,162.2935000948642
615.7069658764294,-4.1168923120047225,56.79804390359101,163.45100617279024
617.2997707872825,-6.160738980108334,56.28968160614633,164.4229401362863
620.0988916271867,-5.479521265819116,56.160573780250104,164.44060984553286
621.8307960986484,-5.056364129198698,56.07355297666999,163.78260819221657
624.5250839841856,-6.798838177215302,55.64087215264768,162.93243799448757
627.1494142458157,-5.9144015556133525,55.35237999105141,161.8376257516308
629.6141183270809,-7.702179495983017,55.08332358175584,161.18506750425735
632.3922915564494,-6.946889893732518,54.80708700537346,160.631379836469
634.9461043196586,-5.642605811383291,54.45985557532961,160.30000569490286
636.9063042092827,-4.686705312641834,54.1130594261473,159.80923867588217
640.1412138933349,-3.6772296434656937,53.470807635405066,159.53263159774565
642.8741404015682,-2.0184363460313364,52.990398211010074,159.83327415364903
644.6256491698499,2.886808038268782,53.00538080033162,160.27893372336666
647.1607041473883,0.6342612946737916,52.94709068473237,161.91378890641846
649.4775655868111,2.081565169205149,53.045815430093185,161.95368900418802
651.5677869666541,2.699602186991072,52.70289756130688,162.6093256076161
654.8798838430085,4.411440509193838,52.57867615204283,162.59090356564283
657.0744868968906,2.0693271268284974,52.258513203763584,163.92245370035337
659.8140793033418,1.8550107678701977,52.076539561057615,161.95662025654207
662.8470246916455,1.6366261006196225,52.15454107265825,160.90578366166852
666.0987423007257,1.7895708939057613,52.07736680267905,159.41201034039318
668.5000249492022,3.2501044502328824,52.096189273517965,158.2051861629196
670.481097467726,4.164074027636985,52.12300354890914,157.17937204482786
673.0941178585857,4.823146513158065,52.15067494446644,156.58417264473144
676.2506733466955,2.389429895461035,52.09999558979827,157.1937843202195
678.9833569740332,3.891092039115236,52.02159599411956,157.34052140185335
682.316102602178,4.19023044142692,51.856832391333114,157.91149758890631
683.8106186872938,2.668556419469965,51.56099937881652,158.90749093463907
686.071798021929,4.957389084629625,51.26821252885161,159.11930819785613
688.8612139509493,5.238560440748017,50.9344063055766,159.2439838204849
690.9651565021339,4.040077981388919,51.2482134792083,158.99342342868675
693.5249440995633,4.653701079025197,51.60812522664092,159.4181160294576
695.6701151305384,4.703026987513709,52.64455347032422,159.459636932436
698.0973842461174,4.560369354055879,53.6331649011841,159.26485416043985
701.2892025271827,5.221731151863821,54.289316585208006,159.17093419946752
703.7360877885037,5.032724948892522,55.1496540146841,159.1727836591859
707.0244430188446,6.978574384271809,55.040737495500096,159.36455656348227
710.5974076137898,8.171368691155322,54.65806628595642,160.22823338207303
714.836994123226,6.763693055259424,53.64875668184854,161.11472768498513
718.7872067379424,5.558886435292209,52.258181954429816,160.84902268380017
723.4414653321097,5.323175526189388,51.062135392926095,161.018521882663
727.003946539742,3.110438943438922,50.05346640798997,160.97199158823352
730.0070336516701,3.1327184915747353,49.871685456533726,161.6053150441088
732.9159179881893,2.4127842547046043,50.39042410389925,161.6943883680459
735.5560338686471,3.9808368766339015,51.10258154510177,161.11732033274444
738.3147963151662,3.5112800713129673,52.279156555170175,160.88537648069405
741.3823389793829,5.292069002456969,53.63565552773155,160.15440150269865
743.4270258156398,5.837778610523756,55.548681299797906,159.8471552387402
745.8214311045111,7.860849104609272,57.38945455765699,160.16814071541293
747.7499228236094,8.039387548161287,59.34902232795665,161.3619901560143
750.8832848145171,10.018213330404052,61.10711867389999,162.16217254920087
753.8244120066179,9.902113967335268,62.812191293177314,163.5008593839734
757.704948908938,7.789204961693031,64.40824467817328,164.6318592800235
761.6632297838248,8.809833794124657,65.57817832787495,164.34369295045687
765.7660624977674,9.677002607241448,66.3573542467305,163.88788103432918
770.4022798399105,9.55061679168422,66.32152139197294,163.41307581359885
773.4999171301663,8.817031992516718,66.43749177606115,163.21888824755092
777.026968924798,8.433121589019535,66.61719956527676,162.82754701002014
781.1895555142343,8.070746440576897,66.78879533782016,162.61187763298574
784.5588225430395,8.594632803062098,67.01958539214829,163.54227244188985
789.0318911854973,9.993006527415957,67.00751678704206,164.62043034100623
792.1009598101862,10.549248116924161,67.11146785553547,166.5584764035517
795.4482604072938,9.07367124002414,67.05460393549005,168.364880396724
799.2181806725947,9.925785877454189,66.63897566990285,170.44326702190358
802.7522523383184,10.264721869992968,66.30340537083472,171.89456640828598
806.024342796622,10.741863913645986,65.97646621829601,173.28489563465487
807.511779296501,10.126530338865763,65.97933851310901,174.70466854824673
810.7128618895365,9.577373574444493,65.88374767167318,175.75124009707304
813.8444127249554,12.37425177159912,65.54220342728777,176.20987761603283
815.9630745839526,11.908256334210776,65.71034388165685,177.8972898908797
818.8370771782639,10.626783630806358,65.51008392084773,179.6139286756602
821.1410781602071,10.956020810583738,65.09226273546491,180.2099815272947
823.6966435378856,9.229513298068298,65.00095934598318,180.62264492306838
826.468168805927,9.40482091180337,64.81640213799474,180.7021038509289
828.8005895925035,8.164348789951987,64.55675007900197,179.32422050368928
830.9809396399057,8.511185190370341,64.30373316596021,177.64376735741266
833.5212019458522,8.492171381428363,63.854717858113986,175.8103751878897
837.5775264757933,9.331602513053497,63.2039256402728,175.61248914858504
840.090989111424,9.425054838717784,63.15324005025522,175.0406064711048
843.0591527427085,9.628955074455533,63.049402278195146,174.41249456655245
845.0646301891549,10.406661924213864,63.16606283711528,174.04171674464504
847.7345619275328,12.32808733603882,63.29132206009686,174.13449338147487
850.4593167253851,12.844094094095311,63.573724600470285,174.12345950822993
852.4153598213143,11.946686713358673,63.99735513300766,174.40544496596175
854.9140748947757,12.981844902383742,64.70791801663282,174.35674909992028
856.4723650040618,14.827197930743964,65.51437651914542,174.32319426542884
858.5690387290463,14.627063231510704,66.30740869258955,174.6292430256202
860.6722183396,13.900460252919089,67.62492852269041,175.57546755036554
863.7427118340424,13.663470141183097,68.27047107482116,176.1982008804316
865.0774476835504,11.943268134919137,69.52901675365855,176.57157088684076
867.3983040533504,11.175040243912434,70.47305364021831,176.64045648319285
870.1696021272976,10.51576419891046,71.10720719859235,176.41804706921425
873.0458693313399,10.055882511289752,71.46349418256715,175.4280920501762
875.4744460705793,9.386351667892853,71.28868561757068,174.90646040143685
877.8270522989806,9.425709577185117,71.33468814184755,175.1955602562036
879.2960503707127,10.562534390769187,71.83774586572333,176.1724191758647
878.7944629530042,9.201366628240379,72.28964073907738,177.48450320269995
877.1099098196548,11.644525626620947,72.18742184670322,178.23956646967173
874.1987876810035,12.146325456228908,71.99217430653141,179.5078266947179
870.7566995767764,14.019909884937817,71.73985540161289,180.28139548531033
866.1705694665814,13.928741572501792,71.11148314519644,181.59167276493702
861.255630399209,11.842858076172135,70.32434925601527,183.18768654562123
856.0020881111956,12.286346844354398,69.3589492434192,184.45204806336437
849.7672504559969,10.25724754789374,68.4190653039386,185.70935072694914
843.3342141962515,9.338678380119376,67.49076526483552,186.20462852973725
835.7998329673067,7.493034775609999,66.60632547510556,186.8117101113146
827.4695569765657,7.307782253925879,65.97097711173878,186.77290916494056
817.9210620498319,5.867072110921114,65.53352978564106,186.70163575015968
808.0160412899766,5.302144585620638,65.09037458904318,185.65399389066542
797.3075965742929,2.5436422973593267,64.88735091921413,183.75474966881768
786.1745733611111,3.086177393298186,64.54327275756512,180.6627360126608
775.1802291889977,-0.41390094924165055,64.41045154979005,178.82072675078
759.730283516668,1.8152478489299142,63.640373335733635,176.5895152216366
750.4700511959868,0.2907169572270618,62.63155636088494,175.15852024234698
736.1230541160025,1.3302509130184603,62.288341963724676,173.43654071777667
727.8265289758523,2.6790691650838596,61.400496247931514,172.87402722809594
714.2228323389071,1.1607623923497243,60.97994076083552,172.17687946298682
704.8150611814488,2.320358410773693,60.50843664325694,172.30600543074704
690.5688845093133,4.123491545866386,60.60427700229853,171.55103844645032
681.8093430079886,4.167554596423315,59.79229196600743,171.89447086493828
669.4641020615868,4.5953753697693145,59.53797062089589,171.4905207669348
660.7200663322142,4.04226463225794,59.19637975664309,171.79341831741607
647.9933622486083,4.838192627740142,59.226173421901954,171.7796287946905
639.5902746058515,3.728242655996894,58.82837493727388,171.81057676903026
630.2559867017724,1.525460609745366,58.59880697712143,171.773512954734
616.6828910347987,2.97177196395387,58.283671711947775,170.60625528900346
608.2686020196647,2.019229301585085,57.823261628812375,168.9773323491994
599.1998474307424,0.2387350542746276,57.43937035499692,167.2670682116792
589.3013830715474,1.1398537845786336,57.48553994863101,165.83105468238375
578.928869457403,2.733635119300203,57.95396347818932,165.44144037338373
569.1400632199122,4.860523035926974,58.03089693705763,165.46873715670733
559.2801199966675,5.620493374472005,58.41208213537817,166.54045078030697
549.1640536256104,7.187777458429025,58.9615385621846,167.58383728616002
538.8264807297019,7.475334044760814,59.48813622778118,169.1073676548325
529.1788771367869,6.025176943393689,59.625557997961565,171.16156901023857
519.9701093677197,7.287806859028166,59.35071835299054,173.23381236424183
509.7727802450945,7.6161476485636115,59.696491252781954,175.18906139392033
500.2750612812971,9.131556324369598,59.75111420845292,176.70194855204346
490.84171139100556,11.314886510021978,59.619151040427596,177.8377934831679
480.735446701573,10.977044481842569,59.602491500225405,177.68236497591664
470.56663804223064,11.481689940249026,59.736236138246014,178.43961053333163
460.6288649031002,12.435139634893602,59.756470069094824,178.57961046273755
450.31602775352263,11.055993719066208,59.97982350643352,177.7813203203628
440.1983145571536,11.56319687589189,60.79389179065112,177.22617754006524
429.41003656800893,11.325622215237047,61.78768981911131,176.42891694545085
418.1346763938909,11.226538687805345,62.97742155040393,175.70730613013603
403.6854354297193,13.778902802607718,63.17872559178427,176.3136145826602
394.4828463277441,16.901361511615022,64.02307272578841,177.7500602704195
383.91685090526767,18.563191292661386,65.08501428485256,178.99399809754797
369.9207671004609,20.10955529144644,65.589451868221,179.9176179851097
360.1586320828286,25.049917016016266,66.55939107767996,181.62964317793782
350.00201021249995,25.501426528313885,67.45097534873281,182.91050948926483
335.25185006099514,31.738786814304177,67.21927813465248,182.96385364506745
326.10393563674313,32.54037691545706,67.7427700233177,185.1516909751103
311.74010946852854,34.659348963463714,68.04072150830645,185.43926386594393
302.6295825145172,36.92508225479058,68.8115953626181,187.2621240082963
287.35985980553744,37.81527007237612,69.2508668303824,188.4737158127767
277.8080932006256,37.20057589246419,70.17884576469335,190.5377356752289
263.1446288929416,39.38394813493463,70.79136359820093,191.0450022300219
252.99292150372818,38.45269907029558,71.61290200333683,191.61166784453712
241.5690288823435,40.22838584196771,72.344243612073,191.74728933064233
229.91674811036495,40.2225305449971,73.35503913430159,190.89664105646145
215.4246338077446,42.04596108666061,73.37989808011845,190.03586724768581
203.64540366022305,44.47137459988933,74.33758551749554,190.50811313153721
193.0291802284946,46.85339792516879,75.45217158688509,190.63419127879934
179.94281598197318,53.33816681531239,76.31465838070913,190.88975115476214
167.87540190016296,56.67979718933981,77.97632675429053,190.02487410040237
158.49793542161984,63.487591312569805,79.33908403693826,191.4176285968623
145.38251344686546,65.67797123204608,81.35817032653497,191.73843306989096
134.14147031760348,68.5259527461092,83.96669854062532,191.77100474025104
122.61922579571728,73.59427209031571,86.25914862870923,191.95505906789026
108.5138468684195,78.0803041465501,88.83305612624913,192.8569268401871
95.7739193839474,81.92982573103835,91.06608683066698,193.04202940790495
83.99377822402246,84.72697971939209,93.50518956982836,192.90445704215938
69.98302348155401,89.75280159470061,96.93197249226526,192.96523909568052
59.0720110604029,91.99119828515097,99.17175246152061,194.02834267980666
45.091636287669814,95.31905102994007,100.6677345509321,194.1408971923647
33.51931634832927,95.34635425072833,101.54123337736709,196.00571576146933
23.80736949353846,100.92987055081642,101.22308645279344,196.1211853356706
5.172549013564449,98.06480904589577,102.1935292621067,195.7306857106242
-1.4407428920978447,106.00790779562283,101.0051970349181,196.7124443726691
-7.418410429044542,111.21792207267526,98.65797797825729,197.3988248914402
-12.223587492687614,130.7432529789265,95.8199716624282,197.56766457429904
-16.49171947009104,158.27603919034323,94.22801696641719,197.21325090390698
-37.903406251675925,172.84473940410209,93.92901122660844,197.30186747468028
-43.13133189058522,172.92863048404473,93.91145857376297,197.30961935453084
-43.32255150598707,171.62874173967123,93.90983339841013,197.3102783721322
-45.24653105926087,167.46771412931898,93.90972903602461,197.31018050140602
-46.954843476566644,160.56467023433754,93.90968695313329,197.31007589329758
-46.954828418315735,153.6118095504748,93.90965683663147,197.30999071958027
-46.95481346374087,145.52809658301274,93.90962692748174,197.30991329757074
-46.95479860868639,137.05508418309557,93.90959721737278,197.3098397697684
-46.954781589160525,128.16591052317978,93.90956317832105,197.30975042883335
-46.95476517072084,120.613302379519,93.90953034144168,197.309661044463
-46.95474928571979,113.88984164792211,93.90949857143958,197.30956579165337
-46.954733585565336,107.54196684430735,93.90946717113067,197.30946407289412
-46.95471729347522,102.3403557306697,93.90943458695044,197.30935454357763
-46.95470231260014,96.29941477122075,93.90940462520028,197.3092614792602
-46.95468694852507,89.45398414257004,93.90937389705014,197.30917711125645
-46.95467122384166,83.13009467227587,93.90934244768331,197.30909266378325
-46.954654983323046,75.88348409555854,93.90930996664609,197.30898763008412
-46.95463952829822,68.94348326302621,93.90927905659645,197.3088575736522
-46.95462359109453,61.67243299978544,93.90924718218906,197.30872081833442
-46.954603473728284,54.78426069494985,93.90920694745657,197.3085761701931
-46.95458462080149,47.3991989531965,93.90916924160298,197.30847508247177
-46.95456571278988,37.71568730331171,93.90913142557976,197.30839289823257
-46.954538587319426,26.320694913162058,93.90907717463885,197.30829093231605
-46.95450703892055,17.24028218567439,93.9090140778411,197.30818003170057
-46.954479305216296,11.275487396796748,93.90895861043259,197.30806398964384
-46.954458273221384,8.49886400769796,93.90891654644277,197.3079617497445
-46.95443794589414,7.93036890418044,93.90887589178828,197.307834451706
-46.954412719061196,7.92604888808448,93.90882543812239,197.30769399049692
-46.95438782918659,8.15984013819211,93.90877565837317,197.3075519166313
-46.954367801951626,9.270845240387999,93.90873560390325,197.3074166645558
-46.9543480885859,9.788496115379289,93.9086961771718,197.3072771250377
-46.95432797408868,9.27815235763839,93.90865594817735,197.30715737428415
-46.95430760247769,10.515214663432573,93.90861520495538,197.30701938836717
-46.954288681357106,11.498763143880112,93.90857736271421,197.30689203673265
-46.95426730755922,10.494695809986254,93.90853461511844,197.30676001712717
-46.95424521022369,9.973599064804318,93.90849042044738,197.30662789160817
-46.95422176218246,10.965735708901818,93.90844352436493,197.30645983279092
-46.954203651220006,12.141952093679834,93.90840730244001,197.3063024347864
-46.954181268186375,11.699843046299293,93.90836253637275,197.30615008334235
-46.95415521956711,10.142361789048437,93.90831043913423,197.30600625362104
-46.954135260053306,10.575483774103162,93.90827052010661,197.3058605086283
-46.95411430171164,12.001430146064962,93.90822860342328,197.30571790012647
-46.95409139908071,11.644289484314783,93.90818279816142,197.30556644765255
-46.954070486000965,12.03369160958674,93.90814097200193,197.30541200408496
-46.95404894208259,13.00999479182768,93.90809788416519,197.30525663027996
-46.95402637676064,13.50201362396838,93.90805275352128,197.3051050887021
-46.9540024527857,12.643143887496194,93.9080049055714,197.30494023234655
-46.95397946970059,13.552200063811853,93.90795893940118,197.30478873806027
-46.953958720420836,13.245275692057547,93.90791744084167,197.3046395453201
-46.95393936724179,13.936027288811289,93.90787873448357,197.30450379680468
-46.953920871497935,14.15939235481109,93.90784174299587,197.30435851535478
-46.9539004817525,14.301229333656494,93.907800963505,197.30422128986078
-46.953878612647884,14.461900729037197,93.90775722529577,197.30408450252688
-46.95385652380403,13.389373101596917,93.90771304760806,197.30394570375753
-46.95383633944417,13.1948773653057,93.90767267888835,197.30380440842424
-46.953819695572115,13.495517898504687,93.90763939114423,197.3036752256284
-46.95380102964434,13.211592985391647,93.90760205928868,197.30353218581521
-46.95378645805498,13.171193552893442,93.90757291610996,197.30339708506904
-46.95377106506177,12.997297874810485,93.90754213012355,197.30327243419302
-46.95375582730618,11.937424276966837,93.90751165461236,197.30314086095942
-46.95374060679903,11.334863215572653,93.90748121359806,197.30300997872
-46.95372807526739,12.098912459110636,93.90745615053478,197.30288752771582
-46.95371312414087,12.11250335166558,93.90742624828174,197.3027353072101
-46.95370103623589,12.988938261232335,93.90740207247178,197.3025896587614
-46.95368900692533,12.774794957351162,93.90737801385066,197.3024538453068
-46.953677610255674,13.22167506890105,93.90735522051135,197.30230761632856
-46.95366658829121,13.59976661242355,93.90733317658243,197.3021587247067
-46.95365234027132,13.04442761258916,93.90730468054264,197.30200653657792
-46.95364347996251,13.55098389349341,93.90728695992502,197.30183199738295
-46.95363346136799,13.283584643349784,93.90726692273599,197.30165818760398
-46.95362587821819,13.888583221301289,93.90725175643638,197.30149095819175
-46.95362046991017,15.012813775791614,93.90724093982034,197.30127961842192
-46.953614522262534,15.341903910340733,93.90722904452507,197.30110607701914
-46.953610370028954,16.013706975350928,93.90722074005791,197.3009378570787
-46.95360855110215,16.222984917190956,93.9072171022043,197.30077337993475
-46.953605863203855,16.669437037777826,93.90721172640771,197.30059108976886
-46.95360208611517,16.20753680057821,93.90720417223034,197.30040566567337
-46.95359573744327,15.586938608126331,93.90719147488655,197.30024603537174
-46.953586944643995,13.685867039582206,93.90717388928799,197.30012328996793
-46.95357050894809,10.743862904534623,93.90714101789618,197.3000091883895
-46.95355568278597,9.089184129791263,93.90711136557194,197.2999153962472
-46.95354008161454,6.721705967234698,93.90708016322908,197.29981293687547
-46.95352606036801,4.289515102748538,93.90705212073603,197.2997074946747
-46.95351121522746,3.2220955771095134,93.90702243045492,197.2996149816217
-46.953482970267814,3.6259372157648357,93.90696594053563,197.29953768613782
-10.064342157000183,152.94865221494462,88.78920677493787,203.02398073465324
-3.292964056058622,127.8947450305691,90.23528018578668,202.82629125818946
3.7726987583052036,104.47445633232802,92.8380835090854,206.29420706409545
15.685987535618736,95.14333396878206,96.6707714726468,207.31135405864342
36.62102183925713,89.65472326908586,99.02590733314345,208.41954641293083
53.23749496047965,79.21962244554518,100.62578961242693,207.80135427644285
74.69975065259496,69.09621450536329,101.12245132389945,204.42345435175292
96.47993205126707,66.05320803673965,100.24163869745365,200.68204800799435
115.4983516312887,62.72729517531971,99.87539279912914,198.30403802984546
120.21288068526756,67.23244667718708,100.629200787668,196.3644571292296
137.15870358140165,60.93072570688747,100.55908056913026,195.87254975800022
163.28923267581035,57.497569641642514,101.24320899530315,195.66772541388076
182.28205428125062,51.90962461398463,101.55684404369993,197.05692189619847
208.7071827101723,53.04856667641312,103.89356075763389,195.46481871378154
225.02872021840238,43.13271588593746,106.15152867940617,196.1727600713442
245.85549496348966,40.589420487809875,105.80628302223946,196.6770440057219
268.2210182794207,41.69255133095899,102.18522174193987,195.7501119769783
289.4879308121656,33.162173640986666,98.9566029752782,198.22296624150547
310.51712777729807,28.81023894985543,94.36154980429056,200.34335049727258
330.3130832268928,23.249800795716624,88.99510658698594,201.7533293598715
349.95243472997623,19.25822243137631,83.33005867115105,202.18472922972643
369.25378403291586,16.875013547498327,77.49205427913893,198.25866977122507
388.00651918198,14.306310472644554,72.12194469878409,194.57617159354004
403.72553870292194,13.291499281434454,67.4479036885165,190.74498941815995
421.2366622118787,9.76215695651176,62.790139550241676,187.0741275210693
435.1281118967184,9.630409993661345,58.97583187062567,184.27972364060253
448.23527683885675,9.933171340391596,55.442984301412494,183.38597690568008
460.0417889414392,9.806726017136825,52.9556009653881,183.2584201644943
470.2929904863371,7.190410170679215,51.516342559430285,182.98714083903795
479.4422563170622,6.220093992959335,50.476825027618816,184.9437706061609
486.88384873570254,5.378651987956545,50.44909463522329,186.93447812514438
490.3393781659692,4.342309180951446,50.51986684845099,188.13987717623496
498.716919914285,11.55380391983735,50.9978060416388,190.23103641062136
501.26977301048123,4.966642359748263,53.281665317080794,189.5882542375256
504.9909819082308,5.87067744565141,55.04974251669874,190.807798182388
508.3273590645803,7.238720520295772,55.960105212208944,191.93876172716057
511.27004233072057,8.951108111512724,55.78195637325733,191.63163848411875
514.2602548580959,6.403527239216487,55.5127038992258,193.46314027464018
516.7239206287788,1.5961362780259094,54.360491900935386,193.97615656439194
519.9871984665783,5.670876280786985,52.7041778673347,188.537705134767
528.3607274390603,8.71075134048715,52.00654314014428,187.2475763685161
528.0788784277671,9.65248320918819,51.073335835887264,184.59114761713315
531.3767503716828,9.533024641910345,50.223027662777696,181.27065203386962
534.53257464094,12.165616274924616,50.272771622279535,179.97611634131215
538.4753557736553,8.981678445739377,50.465984762732674,180.9749281454651
542.3808545131797,8.850284272429349,51.0089663944018,181.41003615763634
545.6680294284854,13.39741973268869,52.292950151436756,181.52520356109227
548.6975292157651,10.704516085239476,53.48894401559791,183.70591628010874
551.5201036444793,12.247194531747894,54.694830276272825,184.24454992282799
554.1420729887619,14.812587664978508,56.07689723727422,184.99327453588336
556.948233064844,15.370431860727052,57.88727319869646,185.73025419133756
560.4977534788143,17.187388426280563,60.35986570968409,186.44067375523787
562.432684822417,20.569110454251785,62.072830113695716,187.72548561970558
564.4090990402375,20.881700302454306,62.557321433608806,189.25852144606665
566.9503486199645,22.071309301921417,62.607206574386794,190.31994842660936
569.83003798315,21.945170256103466,62.22705882412064,191.90097450599245
573.9848241855933,23.744493284616482,61.35136150315715,193.15645299501745
577.1687647979585,26.621554071086052,60.25112468379191,194.05960042308539
