564.5,29.5,80,201
572.6850115324937,25.458429685673593,75.81841153584276,202.97002293379808
578.7045534855257,29.450637111980285,73.08200764534269,203.61991594251282
584.2363835539368,31.058550030814757,70.94532180509036,203.14174073770215
590.0199271324622,35.14817069718475,69.60541512899648,203.70394399266968
594.3382693898104,40.26333171168629,69.12591616880452,204.1560417405831
599.0001313819627,41.643446065692416,69.15346286015925,204.68669395107366
603.2626633065299,47.31135892263825,69.7314435209124,205.70479394213805
605.1415353714226,48.65537368314,71.75657826685946,207.7071478554302
607.0688289111445,53.84546994259087,74.06750231870232,209.6353583516652
610.9863744742167,55.561599925577,76.30357437004803,211.39369115150103
613.0984931464935,60.01285487178093,78.32292785725107,212.8980730819081
616.0270921611539,65.49538139017758,80.21785985951603,214.49774973566656
617.8217506401362,66.96229534732481,81.77211427835192,216.2345875623389
621.5103937915742,69.67187125359517,83.0831605331542,218.61997209241903
625.7077177756626,69.48860907526748,83.78052020200137,221.032062054238
630.0511627346903,70.5561550237309,83.77758070814028,223.1599067494132
635.2862736545258,71.92251353124753,83.05961716925037,224.2005991009876
639.9149240290549,73.08967498811343,82.18057703268002,224.91972438748164
644.9531964292839,73.96991003639639,80.9975640315383,223.7373260043633
650.8865879068833,76.52141572754321,79.38661279478453,222.4338105575097
656.4901766647132,77.93176890589861,77.66498234485954,220.7357668642587
660.7233478851853,84.04806570418774,76.55988410557549,218.51500359757546
665.1736616771242,89.56080236313886,76.07838398599209,216.60552950147496
668.8609842952283,93.74140307030812,75.80058437661498,215.6058722193691
673.4019936243291,98.37769368333942,76.19554974246122,215.96915525111902
677.729337752011,104.07498494798983,77.20194280118422,215.902145544389
681.2951935977832,108.12943055083679,77.88249269106083,215.86770006318238
685.2290646416184,111.35667286766007,78.65967667455746,216.69472053741546
689.5558690704906,115.15525638505737,78.61084324558499,216.29451252132813
694.9260027000335,119.17326827136051,78.48382671892108,215.85050782983757
700.1390351088039,125.34957062545514,78.00242781019381,215.4051115643363
705.3495841390398,128.9560885256263,77.29648821224625,212.71052077894757
710.6413529135565,128.7940589630694,76.81735606635014,209.0753845286189
717.3840344740083,132.41185835436679,76.09279235340549,205.8357223781805
725.538789041605,137.15404744624666,75.03993700391759,204.70445355416194
732.6868179215801,139.06123405174912,74.35873119556655,204.14635289755464
741.0455396678854,147.68385018039496,72.6503151840352,205.69053790710865
746.5730122347575,149.95875585078272,72.81942152581578,206.63416194917613
751.1325554112044,156.62193329787704,73.30941167286106,208.78053959893282
755.5597987881789,160.47733572648548,74.68367896249109,209.45904653218224
761.5052896209006,161.8811016120854,76.06665550322435,209.7094192428702
765.5291489690305,164.0744262104319,77.77499073152524,211.87394087213548
771.567133966316,168.01561044728416,79.64620720698609,214.52518941808427
776.0101484447682,170.61753165598626,82.00069014430754,216.9141075635768
779.4084305335866,173.21966569445297,84.70846041643891,219.3583337302652
783.2410631827865,178.88627753201456,87.6182292595796,221.21821003072793
787.4462909554541,178.8230398906282,89.99343064326058,223.45399689415862
791.476417157894,182.15377549846687,92.14924555252867,224.43741646369855
795.4437146470201,181.93870870150104,93.84834713036784,225.62964902565926
800.3667491690078,180.30841647899092,95.3769414393587,225.42067713904498
806.0356485755814,180.94702548041286,95.9209881004546,224.7462549755108
811.8729549343972,180.72199293868528,97.11682635633383,221.81752205100085
815.5612513287157,189.0736394896358,97.30546584461328,220.47048257306218
820.3043374985253,191.55817036824516,97.9224181235242,220.01920684184452
823.9252755445767,197.96455570921145,97.72582821001038,221.039344790283
828.0215301219737,203.22615787853897,97.84038978733307,223.87256096859576
832.7059844320966,204.31234083899406,97.36237128854745,226.58718797905152
837.9967130987977,207.4890725851427,96.38292849677097,229.35548676245003
843.117503072598,209.1966147807255,95.24339170102596,232.77531800925442
847.7738490199104,210.1604089251845,94.1654629518479,235.3253727333369
851.3582914073797,215.82040031161296,93.75293870776241,236.91013220138572
855.3665208861551,218.4574691720949,94.01408576064875,237.799382255843
859.691473976775,221.05392799748572,94.55607029596166,238.23755238506016
863.5153718259311,220.3187976016065,95.2898845143365,237.10940209359717
869.0809011097025,221.21404624770446,96.09400184248457,234.41244392016802
872.3345862556528,219.53903655930134,97.40365625837835,230.810986246193
877.3846804594159,221.75079325356393,98.06541071431639,227.95894502563655
882.5225936146279,222.01635299042553,98.84901452626778,224.04360542862236
886.8609422779241,224.58628613471848,100.36900585171401,220.99735824823654
890.050775425637,227.62807873881155,101.32397195298623,220.11779973911655
895.5086656178013,236.52262425929314,103.00530803899453,217.85846619784817
896.041460697029,240.6100544308727,104.93051134710699,216.08788890141145
900.6899149894363,243.34532874576263,106.90899529464122,216.75525254503862
903.8136970286894,249.12733894743639,109.14089956177722,215.53584903164472
908.0407198226062,253.4527542449433,112.21661814935842,215.50244054051274
911.8586135318841,258.2702238183022,114.83646027029249,215.96283163213715
913.360000978853,264.346953828417,118.08916423530238,216.73933472378513
920.3230266678868,263.4430681697131,120.42218039263517,219.44058157372456
923.8885314823157,266.2740360210095,124.27420012931708,222.46268784806045
926.8097468552112,268.9000768319617,127.3546257143976,227.58898795528205
933.5952942828114,264.831944378054,128.89373078748073,232.51988744370965
942.907925008635,260.190643831403,129.8903222105896,233.63171503084706
950.4568021989502,252.31576216507318,131.2023864792512,233.17527681016202
956.5472084722396,247.5882492442018,133.64650717547005,233.32638858177538
959.9807625826932,248.8059992734942,135.8204231626319,230.70251862320242
965.425371522789,244.79231039158446,139.52277041458126,225.84042056457312
965.1965409382245,246.1299743479027,143.8952486785131,219.2693516660663
966.4613391514489,246.8305043031572,148.1338421591383,214.14113916957405
966.3637873223737,253.74925752787132,151.86473268443046,209.99854753795586
966.7512537057459,254.15580732634402,154.9487488636852,207.57127727050113
967.882952091924,254.7488736995428,157.78898835613003,206.80178873968737
966.6842555433525,257.7463216540838,159.87729974984865,208.1820110862206
970.326342914024,258.36474129185314,162.2468525399387,210.60952637344133
969.9640602869158,259.96609348356156,164.47867847435367,214.38624122143924
969.0908081491095,260.2913339388448,165.68346349213465,218.5572901761377
971.6563522348501,258.2844979831104,166.84880018637608,221.90380151698503
973.1342170405283,255.12322429015904,168.4569328987809,224.1748318931526
975.6031735204314,253.53316066272288,169.0129560008338,226.61107839927615
976.4323673765401,245.39348981493157,169.70400337963503,227.5326806463114
983.1763726540498,234.43368634490378,169.3203286095278,227.38293829742653
987.4829504379994,224.8988108804598,167.61556451730604,225.35110002343367
989.8093139304677,226.6988658004572,165.87616594156438,226.30486181506112
993.0159421929507,219.63995251242562,163.04306168977647,227.50733556977426
995.740918508889,223.8433731331171,159.67288606023456,231.46016592110368
996.1922813493929,215.2712504061774,156.20268219929488,237.4294493312209
997.5955636710935,217.09024911140824,154.05240790823828,242.75976132322504
996.8010181074591,209.10934460483338,152.85364674821471,247.6657212610573
995.6398307651382,210.4418717929052,151.9466401099958,250.47455575896765
994.9478760787276,202.69805250035503,151.0032742066329,253.78596486713928
996.3047901058553,201.16424997481568,148.66633538119822,256.7505029150275
996.6352290372394,195.32649409615215,146.77697181496188,260.1448943720616
999.3250021149408,191.4059308397238,143.6844801982857,264.2133839945069
1000.8980889337604,182.1521443804999,141.12460276139885,264.656601062735
1001.360173882539,182.37185051458837,138.19754132331423,261.33210798019644
1001.2612079390354,174.43227046776215,135.11373397539714,258.4662405317346
1002.4740870990386,174.06740662854057,133.28068519671163,252.15228277392902
1003.0925816675856,168.60449696915734,132.08958839509205,246.13348958964372
1001.8618680453962,166.71407767806215,133.0465899945961,242.11020524702943
1003.654985901831,162.03340541060905,134.78907628184885,243.42628172315875
1008.1018807257462,153.1247433370238,136.38704879527307,247.48052241238247
1009.6117324369064,145.9929669620833,137.94027761629994,251.1247209142166
1010.0684854207296,136.1511043908072,140.46553383661123,253.67579949609984
1010.8730534727349,134.84372425862435,142.86273251424754,253.95558976305955
1012.1484103678969,129.04965160559115,144.15057835145646,253.29001478561764
1013.5560698267581,125.58122788842262,144.74729775999745,252.85712793269275
1013.7675228231788,122.93176148180106,143.7409816829086,247.86854224465412
1017.0140879437181,115.88773233827793,141.4303141340905,240.99595676338984
1014.8199240540159,116.61038952060852,138.32699848469252,233.71500387562685
1022.1273476444902,115.42515256455482,133.64899231479126,230.14528842616198
1028.3080083630864,112.5379334958708,129.51071050467408,229.6547305117417
1034.683422911829,107.52446525915312,124.90270367281389,231.17296661438849
1038.9421867015924,106.26194989169309,120.91981926650479,232.06689848284583
1043.0529989571621,94.21550515179723,117.74842335109886,237.0941293933016
1046.8781946385982,87.86647511406382,113.93103741654122,240.27473532142957
1049.133847121861,81.3754795375551,111.1388971791337,242.12428972212768
1051.5077022528674,81.56150174502466,109.7118208053657,243.659565091353
1052.6666984460082,75.95305255279237,107.39181179464842,242.2284351020993
1054.6324780496034,74.46323715909782,105.3722263022866,237.915035627495
1054.5820933917978,71.67298803515092,104.73195038131028,230.08555405513732
1055.516986223895,69.77185938033493,104.6542531065123,223.076718034386
1055.913241598395,67.19747363164963,106.387737135192,219.14542666554567
1055.0819134533222,61.61227725668053,109.07439979206701,219.097530993853
1057.5808491874966,57.61034466720611,112.95350433690209,221.58995732621372
1058.0908919528629,47.78039315270085,116.8703499394394,224.5654388159176
1055.6987168688966,42.97511718034832,119.72291666964333,227.67157381802622
1057.1592051205923,36.41250184008169,122.96064301659374,230.0006285418334
1051.5590281577017,35.6706037399635,122.48423245415472,228.90400067171151
1054.3201956729213,34.325406515569256,125.17224841401094,228.13177843844738
1052.6817078308136,33.76438785191934,126.04611907770345,226.83744537390152
1050.3754566729945,31.131630294342557,126.42546423544343,226.2783740976061
1046.2858783946115,28.716120674937642,127.02247939282594,222.0340912123925
1043.43131579167,28.527393679472254,126.15976860398858,218.09408371269217
1040.5582784047178,25.645455081221797,124.89597094136913,215.1493084128552
1041.990638550339,21.453985021177203,122.37705745740621,213.94077972190922
1038.9640443156584,17.097704536997796,120.03832392969741,213.43584858669138
1037.1493743282128,14.754605396794915,116.73726257936282,214.31916300364804
1034.6468756013062,12.44195512827227,114.4339218678927,215.15261178173643
1032.565287724529,10.993915584863714,111.92743753004684,215.47056133860053
1029.2561380827583,7.601631028351775,109.4987435579734,216.87755505413296
1027.211479643428,0.0934583523206527,106.87550216713306,216.7094979403749
1023.5549214835397,0.6819164279492043,104.62884313443173,214.38356159411046
1022.3673587343745,0.3761995181574207,102.01458445841513,210.9042919262978
1019.6274558508378,-1.4686945127619992,100.26974604137615,205.78842832340274
1014.1060760841929,-0.9926430690720309,99.67903980775927,201.3766658596068
1013.0285410235358,-3.6558881002011105,97.98366680430216,199.78063194649263
1011.4529196795352,-3.247206483661074,97.6820007379546,198.16987903541116
1008.3600618962557,-2.3763252496013934,98.25515746280819,197.63501919046837
1008.9781836328121,-7.589662936048313,98.67502129617586,198.91364902350625
1007.7098493741985,-7.561984156765078,99.20614681985771,198.77899261106558
1004.77545984253,-9.355081367257725,99.61612890519774,198.6472605298231
1001.9293024134047,-7.7751041979219195,99.94834110994495,198.61769325894628
1000.4857986363196,-9.187715096792402,99.81587201196984,197.57641682479942
998.3109379282605,-12.546744672354407,100.4116261429316,194.13731521695127
996.5377534157099,-14.321196608184266,100.88930963641675,190.00584255891738
994.8814941593293,-14.544797788036703,100.87881937346685,184.99060156687665
993.0214338695077,-12.81159455315526,100.24825054194663,180.93992050709835
992.9094037714467,-10.087287490992694,98.63479490707513,178.9142745319584
993.6772794937481,-11.070179983594898,97.54711357136293,177.85156158282138
995.7523982143736,-9.750188299880108,95.55139688015771,177.47847827795283
997.3198249220219,-10.405709673381836,93.98170767327315,178.38365860415894
998.5248986205629,-11.76113034395334,92.73623884979946,179.88065314259046
999.9437557229409,-12.7198299466464,91.72337508506894,181.5205357147044
999.8711890828873,-13.218178491130502,91.36076810600547,181.80403563198453
999.3560740273098,-15.569351850304457,91.3519218888829,180.72595680177898
999.8648109513069,-14.937300524079419,90.80286875502867,179.3213355883233
999.627200585993,-17.369542718724915,90.31576468754929,175.54141270527543
997.2767696238744,-18.926014984680705,89.50499798400946,167.7439740126997
996.1475649410538,-15.574403837085242,87.8576704264328,160.4878014544854
993.2412025845912,-15.69364467674204,86.47597813954127,154.6234737046303
993.6750786211821,-15.46728816923283,85.07147056413544,151.35757523619696
991.9218780345236,-12.74540601440765,84.6762124871929,148.030318456759
990.8450936714057,-13.804208286003501,84.57896701398113,146.95436430701858
988.7694667537339,-12.76326684053663,83.5581131527915,145.67223752579935
986.5625752693987,-10.523675879709145,82.23451561685366,144.4629709464753
984.9037615193016,-12.164852213034578,81.76977564916764,143.21262975021114
982.9791612928302,-11.482014749501104,80.97155807995476,141.28957796157192
978.7621292739052,-13.731438581758653,78.16571962146695,139.74638718538267
975.3013733013429,-14.508012545344997,77.04440491406464,136.36462576883588
970.1372574618937,-13.623486267931739,76.08213023004802,133.35414221616085
965.2307975225849,-14.425942714870132,74.64292341494011,129.52635542970927
959.9904498759673,-12.830760713600753,72.27066670469611,126.27059700326848
956.496640852005,-11.6790641278548,69.69768924023053,123.18279848109145
955.7600154152502,-10.061083682034003,67.24658174582025,121.4976457807493
954.7365428167504,-9.577801344011029,64.97215538749157,120.99784287256757
951.5733788312909,-9.931385838295071,63.532434450176844,120.66914405088633
947.9128794180765,-10.414207888454094,62.74911656517988,119.05248891872147
943.3543106084248,-11.204752706805643,62.01423392081152,117.44229222996985
938.3848344586908,-12.48773111279234,61.26425666247928,115.21680521717518
933.9861420393001,-12.048327972958049,60.106298254800606,112.65352733029835
931.7483648264625,-11.426462410471942,58.5528409540963,109.82149693088155
928.9978983388396,-7.416577069435178,57.10767989324002,107.3054307966901
925.2880752823503,-8.410630525817233,56.09578933171905,105.04775008890978
922.8826021472952,-7.279489307705411,54.480069818900894,104.85507705629637
920.3276463821512,-5.958172529153082,52.74970129318902,105.06360068760723
919.5642108832348,-6.092282619445591,50.92455512679159,106.61736943596416
916.8148014317967,-6.163463683372093,49.45088324216151,109.01693323541751
914.0047907324911,-8.189976741239647,48.337676910975574,111.41908807429715
911.6704773934573,-8.392779702219002,47.68747071474479,113.48570509607123
908.0062319612906,-7.700892677322599,47.44842856287349,116.91240305784459
905.1562119375287,-8.152219955579397,47.52519333039856,118.9098148136456
902.0159370598278,-8.432373430648376,47.63172994798292,122.82840266092406
898.188490928716,-10.754912126354078,48.97090403622596,125.9564206069543
894.0025086205621,-10.635914166501088,49.633722629736866,125.17730010495767
891.2675506918703,-11.304617738825314,52.05022819544888,124.51420490165995
887.611059014876,-13.252855042456048,52.89545146337791,124.15776126551322
883.6936437492569,-12.011944803805271,53.48597829130783,123.36170927328094
881.3009212984933,-9.04474009644128,54.55181011757874,122.75922429702952
877.7719309364053,-8.826753653511076,55.4350305001105,123.72093419715696
876.3603109758941,-9.113681504999036,55.61310664664254,123.95060228283094
871.2704042765342,-9.186771841601576,56.07307236622416,124.4536873733124
868.2316514186284,-9.608019708371017,55.551613390873655,124.96515282745332
863.4127880283563,-9.537869647013096,55.453530845246064,125.37062972757607
862.6844027284836,-10.413394227364947,54.21036553190532,125.12306386180578
859.3431449388238,-9.216790292300978,53.8028790512885,124.83068845398863
856.7811542500003,-7.60563092522068,53.54417858231683,125.34296168073502
855.2205668882938,-9.863672989450563,53.158508546742596,127.19022256700728
854.1493614314711,-8.48391098995313,53.544442462058754,129.1785437408945
853.5000138873274,-8.118657046664566,54.050431954852655,132.14987553975743
851.7317036036271,-9.089933385144931,54.84865015561521,135.21967602708193
848.5102166074363,-8.610009256839135,55.35420997868527,138.30016914772864
845.9973712842801,-7.5555218192963025,55.20854013229132,141.3288128143605
842.4944470358737,-7.27529099083003,55.71705605616715,143.97516830754392
838.1724370502355,-10.305335889483956,57.360942513039156,146.0618863606959
834.9464608219209,-11.374053869880129,58.550625949587825,147.8921865607041
830.7354590829086,-10.7922454746015,59.95312774151624,149.50430347948216
826.9865007292104,-8.072154883521947,60.93984354406645,151.0425539989832
823.9491298644407,-10.391893165565989,61.463724868637655,152.85780537576966
820.494383920427,-9.866227704529251,62.22703755744621,153.03595996547597
817.8549810811954,-9.583446172848355,62.14983279889772,152.84625750377776
816.943383341393,-8.493781434095595,61.808689689788,153.16913315971036
814.1841516466624,-8.140835519599364,61.88057839129141,154.17625784072766
810.7646940391169,-7.327537442930094,62.128269889646575,155.22537379600118
808.0484956438713,-7.584964948497458,62.89866220931248,156.7151456824983
803.5324370835425,-5.727864715085843,64.58204495115537,156.9333955101697
801.6358689774054,-6.842072291802893,65.50005146372261,157.33569159831907
799.023111413695,-7.471062332363061,66.44102784526329,156.80322122568117
797.8064472341148,-6.869837120034333,66.41727870121943,157.07003113599228
797.1367832463363,-3.2296630033880263,65.51763353605966,158.25271753252144
796.3574769004381,-2.01342211773526,64.49679585897513,159.77320149760507
794.5420376799598,1.9967511530941522,63.866634566045036,160.05467857197408
793.1819685592783,6.8452471537810595,63.14756120042848,160.2248988661325
790.8964949059534,9.742379305604373,62.70588233596621,160.64182669352834
790.3871389640749,12.24103004725525,62.53995941499771,162.7669889133821
788.6533348091363,10.597197001423936,62.852551302603146,165.33681063801745
787.5865803541491,9.647660847520697,63.12583262773854,168.4844413478854
786.1826016109295,8.520676567344196,62.84063496853265,172.65255513948534
783.9699588911419,8.896415337449042,62.43638206277099,175.94952282403762
781.7477074474117,6.842312621382646,62.458693807195445,178.18805560011114
780.137247089768,6.724280868792874,62.61809442284297,177.60269438261918
777.3214384275257,8.946124896332904,62.59936022297468,175.83701273813787
774.6207291364392,12.754246480742921,62.5770322193016,173.69814841453268
772.3545482393315,15.560167720426605,62.346140801541864,170.86492450930777
769.4457940067282,17.806625488110257,61.982438272028034,167.97668510137424
766.9223163265509,16.762191444708094,61.09761949297837,166.5052180288768
763.9958880246162,17.116843240261602,59.81890337345912,166.17197110891237
761.4991585084854,18.23855567181667,58.868441316548235,166.3089461882003
758.570598500671,17.94000620138908,58.284628104638,166.99494780367087
754.1125706772458,15.98306782104018,58.42725674190603,166.94043338433022
751.1449776621537,14.87090348448622,58.15950803011634,165.23223499216104
746.9823202015826,16.484461622121174,58.24878569692478,162.22485199981483
742.8234940530058,15.201578683753098,58.72961310012715,159.39519255687935
739.881419593148,17.963077467184178,58.53146564838268,157.50793741593577
737.2426029366723,22.4159617040617,58.097899200897274,155.76167097159967
734.0677767504887,25.924317615258715,57.76124128197398,154.85073736652132
731.8435566428367,30.55225779325326,57.244894014062766,153.73014048068603
728.7800101928059,33.618339398669264,56.8817039017342,153.95815430995412
726.2112266243573,35.424259471413336,57.063959263423754,154.63227150089176
723.5790911432664,36.07701533027668,58.13482364372693,156.57643744124613
721.5664531367368,34.726909453884915,59.099338443483745,159.75426264312634
718.8650259355212,32.31944762015766,59.41569696960265,164.4505377442752
717.6140549404066,29.823687496234356,59.70696133608298,168.89566865076745
715.3811389873815,29.232058071755148,60.14367327371891,171.80342601008658
712.0451262966465,27.294508859818876,60.8823399859079,173.0112792843467
710.75955884307,29.46116419050091,60.7026714224495,171.70037377053512
708.0505396967673,30.095342464806947,60.533601102994254,169.495774343486
707.4302908361415,32.86353793478493,59.81859607575633,166.52086082624427
704.3071841325739,35.27131995927556,60.06433073838478,163.53380122043166
700.5708150693483,38.8532301778875,59.9048404903547,160.86529299710548
698.8495114052072,40.81443629081903,58.6555876196624,158.1575582242835
697.8712053874727,42.53429677415488,56.83614503438848,156.95878188155893
695.7527865623653,42.95446884213227,55.35398282193261,156.3413707995745
694.1656355773639,43.72762013949851,54.206683877933855,156.55364328666727
690.6685710149785,41.63684513986867,53.9138671828497,157.08659270761885
688.0845991800498,41.10222692230522,53.4446414915926,156.07324094694496
685.0715555620851,42.39072267744834,53.55623993510265,154.3067030899943
682.3225900605557,43.82954997880233,54.1378892380272,152.1885740843818
678.1307313230552,47.70169643199904,55.237921505661234,149.07223756836925
677.0875714384974,50.96915854983267,55.22109805959737,147.0318144465936
673.1775142688916,55.87559540756048,55.382046062749424,145.49307441338894
670.453272421438,60.50832957905418,55.48329932323889,144.85315347945917
667.9654060501912,63.83274168554013,55.444803721768835,145.13710190290084
664.6397844304894,65.73546497561948,56.127894438131726,146.8603056065556
663.2070425577865,64.9524543568695,56.33939602106199,149.8997220724415
661.8111763184661,62.76852849154656,56.29402370233936,153.52112927975287
660.609135853098,63.820195475848124,56.00403357861705,157.74405969255844
657.9054096595454,62.693450509936284,55.71212654876052,162.7621377419816
656.7531684576592,60.61509714265769,55.53991889859316,164.9416521938621
654.9957883360781,60.02554528280788,55.179184900040845,164.93556690484894
652.9944044354709,63.02265950591635,55.19093154494434,162.80286947784282
650.949809486432,66.45507677024604,54.84297096465906,160.25337689864634
649.1707184517121,70.40471954142198,54.38941664112394,157.95686502267628
646.4584683329142,72.85802386773642,53.79184027196921,155.19564139697917
644.4860701153902,75.81455181658602,52.913678237626385,152.7966951107912
643.9697349494437,77.23585526337234,51.27149572146647,151.6213662685949
643.7287783631156,78.89395573736013,49.36123918014876,152.28620317576764
643.0223346548298,79.7863121662171,48.10992509868848,152.61806079077098
641.140341581565,80.27206540537712,47.547065122476496,153.5843069169355
640.3289037114373,80.49317638052403,47.617626462059064,153.63703785393835
636.8765014216805,80.90879112123892,48.18969359574142,151.4836930704227
636.8781161806019,84.5340910421733,48.71123201317461,148.74075361750047
634.1893912488629,89.31203681544618,49.678100287907526,145.53835671511976
633.4645364586008,93.61438982607842,50.04106174526258,143.63455124851225
632.3167569845895,100.50349119575952,51.2164063502144,142.32427739556363
629.5959497286852,103.90764144861238,52.10257614461557,142.3115353424641
628.6982948785559,108.45011854735398,52.6533759094953,143.76408820217085
625.4420050227363,110.41514885599872,54.50099571360255,146.7250001991697
625.4186675979889,109.93214286722335,56.061074336405255,149.6265459386986
625.7311398830093,108.7893442988336,57.353485542197575,153.30009373427632
624.6782399077118,111.19385341509629,58.21137856949842,157.47708319218063
625.321355522518,111.13618303141291,58.81855158526261,160.25884966450343
626.0296497504219,112.34331741476029,59.24069024603979,161.63282824468672
627.8740381357952,113.22873867479845,59.252403949994104,161.87104014698895
629.7121560794543,116.99157666652366,59.10431194542734,160.82073409380587
633.2295972930508,120.94649195027624,59.04136335993958,159.82072360610417
636.5341255384176,126.39129972425326,58.84671126144838,158.13077122038158
640.3364320927519,128.18280795867517,58.28704625382342,156.27667103895993
644.274795577813,130.92317492646458,57.02914042780522,153.44900278483863
648.2337039062327,132.61143200084834,55.3775920242925,152.02659770875636
652.4289471769499,135.76506959360597,54.261020773690454,152.096618970995
655.1330202922968,137.6843702683974,53.61418225936629,151.74480947054852
658.5171744013821,140.54553338960756,53.56073352682198,151.12916648237012
659.8894417940571,141.22186464882634,54.08576265481731,149.46102700994925
662.7717354759214,142.81483086443455,55.52286596491681,145.95394069956717
662.0697340206008,146.78460325424794,56.53305884175979,142.8761984979128
666.2466628870366,151.0917578021081,57.111588460878,140.91078943423594
667.5425815978233,157.19642436958299,56.82870170191743,138.98752235458403
670.1707138828677,164.5488812395755,56.80509408754759,138.16240655008485
670.7322083622867,170.4843598554244,56.12508425587829,138.35585666701985
673.9227242567474,175.8571334732929,56.3487549396437,140.2441938612145
675.1213670689456,181.0852541473203,56.78695286627273,142.71075066989798
677.3803070039635,181.24522711187583,57.74340199098789,145.64295789897477
679.4828665972733,180.8695600185374,58.98563807475402,148.6507250957529
682.0157506756219,182.89096611199713,59.64664699477789,152.94143952016162
685.1160294252402,183.70519833222488,60.15096258056347,156.71561208455844
688.0255618816216,185.93792107046238,60.76983302012596,160.17194099544304
690.3108487855474,188.5395819114201,61.477789333123994,161.3589872982993
692.992405004162,191.47000425252668,61.41441196516966,160.4293688695957
695.4558031714955,194.01031307051863,61.1132612680148,157.78685228684972
697.658758713647,200.46255150104997,60.9324235212669,153.925455755682
700.6548517528341,205.82674065348652,60.460818688314944,150.89880293374958
703.4083328384227,210.61627485757472,59.50520329600754,148.5191292284846
705.9638733677068,215.38596460583028,58.288951272244525,147.035475783304
709.553244486657,218.64931750923878,57.24930481757772,146.8181547993325
713.1957192142194,220.56270347963772,56.40361632207829,147.06326224543648
715.3174621257855,224.20534540603379,56.389019487440905,148.23407599548858
716.6458656338415,224.86628298005397,57.062371658645745,148.0096530111445
718.9566905576497,229.56906481669068,58.841021360132125,145.65464456705806
720.2854003688749,234.331549803489,60.43587005204331,143.6277958550581
722.2059451274196,238.37514977535392,62.149384588451305,140.70022334891988
725.663202871428,240.5074664383125,62.37140045343133,137.96657275577553
729.8434393665004,246.26999677584064,61.66708734106344,137.36219212680075
731.7850572760132,252.51228266366454,60.70204533917665,137.03900779469546
735.1549449421238,257.3689008286111,59.9281508777745,137.7692634005323
737.9448243074289,263.4717391603621,60.127296108346016,139.39230301510648
742.6901122540307,267.72917914154135,59.96735147124585,142.99826598640277
746.3584313573997,268.15279462161357,60.436328212780495,146.77195282334702
750.2379675310547,269.65478880981016,61.06421494139849,151.02663000862987
753.3956571097583,269.81741779379905,61.78013489821831,155.11813916101337
755.6252662873753,270.93774504623036,62.745623002029774,158.38037190514365
758.0228407282393,273.10545348739487,63.459762908143546,160.71964765358243
758.7345513709319,275.802556884763,64.7430240663773,162.02736995125332
760.2183171632082,277.56450714083246,65.65813069784338,161.83222910937212
761.4825810923553,283.5020938695777,66.26501600941,160.56070955965737
762.4166258451108,285.8796471701469,66.2617023999712,157.654167821724
764.1812130067729,288.9853501494974,66.35897074746933,154.0031711705029
766.4955520667967,291.52409305056955,66.17086059769768,150.16309043008042
767.8009028878498,294.281946676373,65.8983192320042,148.33661457419487
769.871643181858,297.8827437315143,65.49910982890917,148.51056405827268
771.4080048561,299.36548724017234,65.4115327645285,148.4083349259359
771.7915345994093,300.7854218239448,65.58379115997097,149.5295923243242
775.2859335472987,301.51678648621055,65.92525401782379,152.03637522398998
776.4319325387291,303.6826585728264,65.97824008952827,153.8622524344253
776.423662358942,304.21682457786636,66.87239655656649,153.7583781150612
777.2394895815955,305.7153831790825,67.5539201736982,152.1301345088203
777.4370683130526,310.455708585003,67.63381208727193,151.73315526680355
777.9478784511971,312.8823984968923,67.85513032950713,147.85789296860258
778.9088567635962,315.87033306992896,68.02028613146675,143.5199132077525
782.6357560247824,318.02857468463696,67.15593320006714,141.6984184198039
783.8534981539041,319.9879376939407,66.40579053842725,139.6897649662751
787.9860071296473,322.05259550001733,66.08006120312122,141.37382339663282
789.7229828392823,321.61124746991237,65.88688103934447,144.3618630370887
792.2868844574929,321.27926867589684,65.98951031329922,147.32833756237562
794.2896893561364,321.8145100844704,66.12239882228664,150.95697478993677
795.3226876908953,322.3339974787589,66.37471217512282,154.67521168654048
795.5615247402294,323.3505030934426,67.00328025632537,157.04322098405893
794.3236900124546,324.70744578271615,68.42798619087124,157.85738769711037
792.7165126688112,325.4505311125152,69.41593287339714,157.1811803234353
792.1752435689299,327.1070573410526,69.2996562042328,155.16259042796787
792.6617089482523,329.3639090184704,68.85191609700482,150.71872366729667
793.6387288790695,331.6712909652329,67.64907488477681,146.61061427473294
796.8470787957262,332.44506442409806,65.71916570850684,143.2386945886006
799.161212888113,333.87432181187023,63.594306194158705,142.4988910461952
800.5780075859457,334.71263899567856,62.139537813851334,143.36786686801642
802.5558988691557,336.1244199095127,61.20152076943431,145.46301288794334
804.7299812786182,337.3659515131717,60.56218296924716,148.8270737803569
805.7201046224931,339.2683373856417,60.40160064059034,149.8044589796917
808.1492804503403,339.6786289117862,60.783199164949636,152.06648629613147
809.6018020665742,341.72007549610896,60.90976689821037,153.49825396275202
809.5511464264166,344.9370441161716,61.76643013918474,152.2449049680185
809.6901195295734,347.89523545154725,63.57455995406547,147.59761140001228
809.5210125851457,354.027487472498,65.77254735957571,141.43028915513838
809.8173937030585,356.48843807282344,68.77391444770954,135.77734580780472
811.8867924036279,360.9659870101645,71.62765454504498,131.63723368522835
814.056502576321,364.0980456773449,74.50910707868711,129.9680346019052
817.103752933936,366.99311445074045,76.69572284905277,130.17911585089038
819.3723429747727,369.98012806079345,78.48546232304348,131.05637122737252
820.951610613245,373.92760599880444,80.47552047184963,131.3765385279253
819.3962282597718,377.91137093465676,80.69060618175622,132.8048292738964
822.1734290608321,383.3406157327576,83.30422864274608,133.05659873378602
820.606130147716,388.2525933158443,83.76648702958605,134.25968691020293
823.8010898325521,394.7766491968606,85.9151580911272,131.4370733476332
823.1486562677601,402.30219282762033,85.56891588290459,131.30913710234915
828.5119485801202,409.61995903723806,88.38331541193185,127.78894014759126
828.8029251131483,412.7727160482797,89.08947176760586,124.87732032106466
834.9749058813894,420.3251987954864,90.97765744792046,120.31301377745683
839.4141224993123,424.4243837213737,92.25793373813671,115.46277915860767
842.9923289669396,430.86430283308454,92.78740670910157,110.44889533429485
847.3334144755613,436.29314997192586,92.58346521456316,107.6575271979697
851.5463917231883,443.5482976354097,91.55614896775273,106.98468475949073
857.9917967671806,449.8865888132259,90.41706216925795,107.59465674040626
