810.5,165.5,50,111
808.496667729402,164.43857492616362,50.441030767392164,110.16105922836886
808.0106899214503,162.95503139894325,50.53187148318352,108.83261071838702
808.0012364332254,161.33493508418263,50.47737556310986,106.86685213407156
807.1404852916163,160.68681465706752,50.241221820441616,105.3755673344627
808.3949876650661,159.52505279021887,49.82766842852235,103.58939324940386
808.0631290678784,158.44521197041576,49.02544550506176,102.72887940484875
807.3599520301611,157.99304786973352,48.45263295356605,102.52706067456498
807.622978943012,157.88819504799898,47.594258616523234,102.74865665863047
809.0609574281879,157.33108506756798,46.733200423179696,103.264974798356
808.0110030544016,156.52201513631482,46.13606527503069,103.7083680282863
808.6763330779823,154.70935968684046,45.17827865335279,104.56812926750604
810.1819633311383,154.08270150718087,44.28097602896857,105.36169849118602
809.8397724401742,152.9602765566529,44.089249581736276,106.04913803285933
809.400589887115,152.5340706882666,43.799873985225865,107.06322061835914
809.9861633749541,151.5885408718886,43.480843773139135,107.71687018260317
808.4215687175122,151.46181414468444,43.943697743708434,108.62922383833217
809.0100359580094,150.1192835701079,43.90789704796187,109.06798572067004
808.9573160188884,148.43145325865584,44.088291637104774,109.14606562458006
808.8430034529838,147.176977515692,44.08044291055742,109.31494900862478
809.8333133332343,146.43156941775302,44.26688114108423,109.78998141772905
810.657346859537,144.94509620855956,44.28105220951138,110.25955302112882
811.9539347687016,142.54497282849223,44.32001631237053,110.33137284797489
812.4632013868528,141.76963834779846,44.10542277619486,110.20489978532221
814.6100597231341,140.53438888052523,44.082287825891825,109.46203793343065
815.0349127321167,139.08950570333963,44.75612754996148,108.22092250145548
816.4115576895484,138.45314760152021,45.375451065121396,107.25143427737515
817.6578528121788,137.77070219256666,45.64072839455231,105.72755022345612
819.5728566254991,136.93262166044954,45.709980096753846,104.82469007225147
820.7728255142872,137.3768960430437,46.030165371774814,103.98637388513214
823.0058281305911,136.82551525271583,45.9482314892646,103.14897209184072
825.4560560125489,136.83781583585636,45.75368116281848,103.1772547368547
827.7078565756252,136.75522040530248,45.36340563252158,103.50956773848922
830.0967290369388,136.2226988788426,45.01831985906427,103.61989255925413
831.7416885457692,136.34922181467348,44.978904858279776,103.56190060774217
834.1817337595296,136.20907105884004,44.98614639334443,103.74406898009684
835.1507298578683,136.36288736438235,45.37590845577648,103.89114780623751
837.1876830200644,135.89951097880402,45.82338255588386,104.37499533018276
838.7405050486922,135.05013465043885,46.323384870469575,104.6677247229818
840.8849109061867,134.97743084741745,46.783202725487854,105.24572156194621
842.6354305105472,135.34498003942895,47.071198121793145,105.65523763600731
844.7060899402035,134.24185407669535,47.74286039117324,105.45068242875355
846.2544524407988,133.78033126532603,48.48175507801664,105.33560134441515
848.4767105265313,133.69099117154065,49.63496048324228,105.49193258230024
849.8646083174517,132.26038103445535,50.60622400822828,104.75967441523247
851.1266556570264,131.71246105390685,51.65945848786188,104.64839622275736
853.4321340000977,130.2428250954415,52.887677026023596,104.17411895488885
855.435968705312,129.6417821067862,53.133671632318624,103.18390818880656
858.1733067710651,129.42859758726166,53.35803925157521,102.07774155566776
861.8118624610893,128.6443416412145,52.53664400464456,101.31625853084623
863.812566203746,128.37179723175657,51.73385350083744,100.66347411501323
865.588436736788,128.6104439526222,51.372754791626036,100.36000438753825
867.5648850815588,129.50791381587845,50.249401454211494,100.60520886611917
867.38141030291,128.8463030427983,49.11891401123452,101.10720286177289
867.2942528362519,128.21689646437147,48.445121248971226,101.91624646210413
865.6177792840148,127.00576040502857,48.03581316164234,102.59958060681382
863.7120162560781,126.52676642114191,47.70888525709708,103.30186929766299
860.06229000847,126.49009095983467,47.703762309045445,104.53699998159186
857.244979141156,125.39744058847151,47.81118000696067,105.26920111589688
853.1350251341471,124.71493110283899,48.09164061802439,106.0006045933875
849.7737845706441,123.4444025082053,48.250047705571106,106.85332374134933
845.2029322470378,122.49415823832388,48.49719344622868,107.53817578933666
842.5461897977901,121.74986182738077,48.275919300076865,108.15939395263828
837.9088168307678,121.0107683348972,48.00486979344755,108.64923501656584
834.9435009086508,119.21855014396365,47.45236403010728,108.95626518276522
830.5581514058915,117.31974901488753,46.68728403629703,109.70787673542733
827.8004615611338,116.19918056811228,45.7560098828865,109.63560215474993
823.5508526072886,114.4769930163755,44.91092179845059,109.30534671165367
818.6752641484595,112.9823888581764,44.42725164732197,108.40539582547618
814.5223562830064,112.50931786675038,44.002414569085275,107.58725975409087
809.6809557615073,110.99424948383493,43.79648747029857,106.50543753936145
804.6168124013338,109.7908925618042,43.7404718606286,105.38230781462104
800.4644534000828,110.20927491462007,43.534010892793816,104.40081152777822
795.6062822999497,109.52126272812488,43.34996437540842,103.34133504055436
790.7571751954656,108.42169991046444,43.14044275979171,102.69096168867738
787.5659659928519,107.92466084750893,42.74484269044032,102.57260542738135
784.0173321701739,107.86973086112215,42.19692724940121,102.82132912760528
780.6883598644051,107.5687776827502,41.70744907041116,102.93563277362531
777.9680795775623,106.09235916249226,41.285900936668924,102.75269162543574
775.5411893660689,106.59691406379692,40.883941193945184,103.06088917584614
773.7650184244446,105.58588876540418,40.6972758426205,103.05296698095987
770.4030348420044,105.7197859424957,40.77862149031937,103.41061769465935
769.3199624535182,105.33151357777982,40.51465319012829,103.76979818439844
767.0586114988134,104.51670878482744,40.572867546895054,103.86822476592391
766.7703941034702,105.09274179138411,40.47674093049229,104.09686542071066
765.1183076996263,103.84911689457779,40.409004596639505,104.30369300362995
765.8614989264355,102.85221867503176,40.3136447060016,104.61101702679791
763.7093761974135,101.5440663358322,40.47464446702422,104.9232440799224
764.747940209096,100.71095737856828,40.71445412867216,105.10700697926774
764.1218761883063,99.5436180161101,41.11470793795928,105.23859002966933
762.6723794517007,97.14120441899075,41.80349061099949,104.5482227887884
762.5154761035379,95.73944897324444,42.08001659504838,103.3903641658157
762.8639161285238,95.32156867394069,42.226685260191225,101.91715002153379
763.2079684396782,94.26748011573014,42.28675613970592,100.22118537808247
762.9550883246509,93.36242973617834,42.14692058080472,98.64890136011694
762.2387437578519,93.70898076862241,41.86951883877711,98.11897425226579
763.1266628346667,92.2201930993374,41.26052409945426,97.35782655120876
761.8862254158306,93.2838792654703,40.80296385945922,97.9807899123023
760.5098984032247,91.7110115278916,40.29919321921985,97.98640392749877
758.8654652058364,91.0260289844542,39.904523322874226,98.869296397558
756.825264305025,90.77566224394512,39.72186646208219,99.82387314434803
753.3861559708984,89.63848417355408,39.67198731276963,100.50304829681833
749.9003393709071,89.56494557397096,39.53553297307938,101.3818015380645
746.0789207534367,88.75831704511893,39.60609456943974,102.11887705289519
742.3230886780173,87.66640944470076,39.68685719287393,102.82326062455061
738.0154855561775,87.02559509211375,39.58902976040602,103.18868308907066
733.2192063446919,85.76673523559379,39.61240197274497,103.74592068159667
728.5753152083989,84.39716642862665,39.42033252261349,104.42497085313286
724.6095994382756,82.6994515419855,39.31566272161255,104.75748863911046
720.3241773810265,81.90362700849285,39.0684850618189,104.99127106123646
715.6360978810985,80.47169873109695,39.00555142556638,105.61711887846417
711.2272175899514,78.19168773132458,38.98487302012879,106.14243094758899
707.4325008584586,77.97227202019135,38.724941725576315,106.5855032692022
705.1068961386659,74.67537466999559,38.44934805313189,106.01383166099997
700.234211011396,73.89018152546834,38.335685676751226,105.30702297324785
696.5549272542873,72.11062766059172,38.289803728077956,104.34684025576597
692.7771460472419,71.14527069714705,38.18469967640962,103.27725615943142
688.7383470568628,71.8166794046136,38.03390028778292,102.25783283443556
684.9557291175074,70.29842309301641,37.951087765614815,100.93371780641533
681.5641651256813,69.13147846756151,37.75220347738599,99.24845250868012
679.2103134812761,68.29540103002796,37.35878104903337,98.16986423303617
676.6369360522461,68.84353703438714,36.974170035663704,97.91387204189897
673.4923817625908,69.3120228247868,36.76616824815315,98.04959881582073
672.5341714481682,68.33349067329888,36.76163238457444,97.84324792523883
671.5269170095658,68.26391015772327,36.53930292101988,98.46138043771327
670.7416179957854,68.20336273800199,36.381016013201574,98.97554242846391
670.2063359608858,67.19166528249916,36.4906320925834,98.98657438246883
670.650976756425,67.75769275320695,36.42514015766705,98.94853420488533
670.5114718493218,68.28329155567405,36.4508670076441,99.3752834774307
671.2734333181705,68.26458917781433,36.66549592503389,99.52477247287143
671.697927017598,67.12401212714849,36.80136161503472,100.29605902526055
673.4734504455262,67.19329049535632,36.89118437664045,101.01685446026593
674.8469631614197,66.54234510177875,37.128520593412944,101.64007233768443
675.7231252975963,64.98383132671812,37.15819304804945,102.39035274692131
677.0560296733623,63.95203655205606,37.04535565958502,102.89443206522736
678.7782098694876,63.8019820532007,37.23538037628227,103.58105834923873
679.680903265602,61.69199157544965,37.228981330292264,104.22577508927148
681.3056270760256,60.518605719405585,37.26314238444792,104.74178405740972
682.1015013412874,60.79805966709448,37.559050661823896,104.36190227399234
682.8678694471866,60.02273618713862,37.89661212038988,103.54036066578882
683.6373465488923,60.06895354864537,38.23014903827068,102.66676397883566
683.8968782610968,60.28492278402743,38.663820620670705,101.68298186488306
684.664918672235,59.307759970326906,39.100270759431076,100.26184925177508
685.3123886101072,60.13392368218527,39.38931394738461,99.59014996087848
686.0350325915588,60.541202569941916,39.63788472719526,99.03976217638157
686.7679056158515,60.64345320773289,39.77977954107484,98.65011817509352
687.1920963713877,60.87737957943418,39.84007829018373,98.43374043803288
686.7234921366983,60.84406406182693,39.82427012080681,98.42217011969743
687.1583601652851,61.143945507868125,39.47621096163586,98.6818362294232
686.0984136089187,61.865067476901714,39.32398359859963,98.7836484684953
684.5344455466434,62.966206601507565,39.144317079183544,99.64055238633682
682.2883638538299,63.4016091669468,39.22197498309069,99.99318730653715
680.1807228916399,63.15603717658965,39.3077517499998,99.67712352405641
676.0446402341939,64.4629236698172,39.511752239452356,101.20116648990233
674.1341821398569,63.62010712054383,39.205622796717854,100.89055551553496
671.173528412845,63.4643474712359,38.893744959451254,101.28767271668721
667.7362103952086,63.67132454698519,38.6282876681556,102.00317735024569
664.3057745163503,64.42299160482716,38.30041821874912,102.94903337433226
662.5771721428877,64.57910512622503,38.15379334340577,103.12570904936527
657.81806085037,64.48948437274319,38.29681374948599,103.50326014178103
656.8346107932649,63.98923618314009,38.59546664079578,103.49421286368437
653.0666482066642,63.24868445894519,38.92965965533626,104.09408571934651
649.6430078627936,64.23524524029204,39.17436122625631,103.85118733551633
648.2968350732682,63.23285006354563,39.61644359119584,102.30676594851539
644.9196572696792,64.09881918434468,40.02603305838969,101.58914641152239
643.1492846969943,63.41948978677547,40.20787574938325,99.89361957776981
640.6329099048739,63.85826968145787,40.04748911841388,99.18980573350103
640.2500039791026,64.41088208381575,39.777872565148584,98.82484194706149
639.2641812492275,65.45425237972157,39.45347629783272,98.96910535495994
638.7447621572333,66.62624919441555,39.31912674912475,99.25898065829597
638.0089208982295,66.82208259563353,38.95088373955966,98.99132560339905
637.9740339707242,67.37450404264767,38.55644419349089,98.99962186189762
636.6862819574845,67.9822759480648,38.180356489852514,98.74077623030837
636.9399298698337,68.73581562309593,37.72396256613115,98.9615178727159
637.5871728709363,68.68827814555638,37.40179664372933,98.94937041973873
637.379824133316,70.12328341811721,36.80519903878498,99.36792264927529
636.7554121394008,70.67863426143487,36.51603495994216,99.06997446119419
636.5832056262922,71.31247903520398,36.15034191134939,99.21664400636837
636.5464430940401,71.77932677047826,35.85075250918639,100.0258193434675
637.0169899072691,72.07331864503303,35.62988976012783,101.03740872973395
636.699408010573,71.74030182933446,35.623146994052505,102.25736620642223
636.0071740327376,72.59920243366072,35.41035280563474,103.85844889364373
636.0827329155985,71.88960637647028,35.352999426983985,104.12284703028718
634.9978084387413,71.74611356536514,35.22629882205882,105.0662620028736
634.025768715903,70.87026637143207,35.30506306883714,105.30614644563323
633.1193620908234,70.69720373926002,35.387248782222805,105.4003234725582
632.5967450487974,71.81553425737245,35.5594073214407,105.09526515277926
632.5378143277795,72.11205724048948,36.10777430742364,104.44968016949375
630.617810462422,71.91720630961548,36.58462118952115,104.08400330809721
630.2126290308953,71.70064498644429,36.92935235897279,103.06680630665059
629.7196098730782,72.02023802188913,37.08352071477589,102.57024847336601
628.2771312591063,72.63060926444062,37.339685179963176,101.63747158398522
628.0546910191374,74.06683770875333,37.36597478642123,101.07020907325898
627.3766944804178,73.89293072913338,37.723620521846314,100.62795237953715
627.6104282034421,75.60536255228563,38.107174306018436,100.76204273370567
626.6722206387968,76.16333080251697,38.05575897762151,100.99200414622211
626.9967419294688,76.26163962788678,38.21243845409684,100.55770513642985
626.4443808645992,77.41940283703768,38.2676331771435,100.79515389589292
624.3445854490234,78.87060093333837,38.88749683544367,100.69673018597283
622.7816222095541,79.76283022837318,40.20612596540597,100.1013244161089
621.0776048289769,81.62979835151518,41.08516616631897,100.3424297977088
618.7091033724117,82.72172860541147,41.70580316987267,100.56963749098128
616.9524631850948,84.37214682132532,42.414350268139444,101.07943042698197
615.5674235801232,86.2946349611646,42.99356276932713,101.2408389968517
614.8384087049317,87.3106843969788,43.42363496107822,101.26794374994867
612.4846931611067,88.6745418619756,44.212798798667066,100.11930761348079
612.4095095523543,90.443133643119,45.28640977723468,99.02290516767957
610.9402346323221,90.99371073141836,46.140565162342895,98.22129967663153
609.7769753040724,91.5296664429412,46.355551607538715,97.32222582389548
608.8276318318347,91.54027550458832,46.315981930653464,96.31580467287603
607.8128801135236,92.46011219998431,45.82363072822211,95.67246874355563
606.2415566031319,93.81055417181878,44.97314634985081,95.11084056198689
605.8061071976584,93.80385747814455,44.09046900132061,94.696822720917
604.7188742302155,94.791176536973,42.767242828052,94.57376915697867
603.8756089942361,94.82836337235071,41.19802240546433,94.42210935454325
603.5940954303219,96.84799484073883,39.75245907346934,95.1954408315243
602.2399338218731,97.74080057399296,38.66014146890994,96.28357814431294
600.5702549542883,98.22767091919908,37.736491086403774,97.33934938245903
600.6421324599178,98.71733216961789,37.078230629187615,98.1271638130408
598.8460753353629,99.54434661127861,37.00461011038359,98.38586931902447
597.9116995292871,100.21033574114261,37.45253588349227,98.59671735419543
595.9783642237426,100.86928085114864,37.85841943670489,98.94419366460178
595.061284191232,102.74530910491829,38.492432468988405,99.23057452354809
594.2434450912597,103.63760044414286,39.12466313627914,99.48899588104867
592.1201646558799,104.90001173667044,39.90386875572647,99.91812036325425
591.7468505924577,104.92545354150117,41.07094521559578,100.4795344077447
589.7011845125074,106.22374638699743,42.22545066956371,100.98689826356613
588.3927342727885,106.66745654973572,43.35600371209678,101.02147965756436
587.6987197548672,107.54982756567652,43.96115297813741,100.86056247957984
587.6788099348545,109.03924866592541,44.42901565581571,100.64740393005253
588.4929472980414,109.64202716955434,44.59682437975914,100.47807951347002
587.7354776394444,110.62521505583392,44.310145478531226,100.56147075827536
587.4684110421392,110.33608515144239,43.89258418461611,100.92355869146238
587.4319283874307,110.5327161856367,43.53063112021012,101.10931634839649
586.4164783323869,109.42193876986806,42.934106036511054,101.24165351712247
585.803367908246,110.28577595463307,42.13770596842645,101.30260128847685
586.1398013472628,110.7651371021768,41.26964961437941,101.05682427584865
585.497064506743,110.01316756881654,40.3437306543517,101.37466953534872
584.8961214997762,109.22235199488657,39.42109612804768,100.95012397307987
584.5091343339667,110.7502542712998,38.63090772849608,100.45877612153211
582.4323058870948,109.99787996436305,38.450124390916656,100.53219882293001
582.2941170721377,111.00921496465888,37.50095327662906,100.30381149712778
582.1681386933254,110.82798043360049,36.853087381913824,100.07432781809847
582.3994422957085,112.5929752871954,36.83271582577987,99.70561111353315
582.3950771257396,112.85234137513265,36.93453066495756,99.38279000240266
581.4805593063214,112.7484488151721,37.16998319679918,98.70425476976945
580.661471204206,114.1543784785956,37.47411709031541,98.97290367503913
579.7443971819001,115.24760340932087,38.306709692116925,98.45495292571779
577.4231837616423,117.10832768887867,39.758821047631855,98.18525559874942
576.0232346305339,116.87309599639504,41.23736742405329,97.32142716795894
574.7600633291836,119.04303785098725,42.607915048611986,97.3200229776649
574.0643497235427,119.59350432185201,43.98399226641162,96.94170211889359
573.7626772800282,121.46800646551529,44.99989919591522,97.00451976912808
573.1413458332669,123.06343436884003,46.012206990594535,97.42331743537898
572.5178050984676,122.93615345258422,47.29037661495586,96.87399964924589
571.9248711693789,124.90389654907747,48.500516605798346,96.69050735083641
570.2770310394594,125.26586060641336,49.519272493918024,95.5697000996023
570.3226090467684,126.13417648697049,50.282023647211446,94.49133333310931
570.1671673420808,126.92453127191929,50.16318888999694,93.93671116650913
568.343466680983,127.41295955877479,49.61581176980958,93.18071626615324
568.3043238929089,127.41210722483328,48.54853183616186,93.14649556805182
566.9702627512605,127.9052821923674,47.34185129162344,92.77990322566164
566.9005970996618,128.22550675318507,45.75423028044401,93.11133978517861
566.7512676116502,128.0998632049869,44.1178556966681,93.6415820431465
565.9428516852383,128.19399675747303,42.541832429786574,94.5660672565565
565.6383999313867,129.15023629688147,41.38272842062882,95.73176849084993
564.9895345755924,128.60246203544102,40.50367318632508,96.99858680306897
564.2772337082696,128.69106466502174,39.81249575951752,98.33342418554724
562.7963834356234,129.07117262031434,39.410591759216715,99.04946154606495
561.8990898841273,128.53515154580785,39.35401738225903,98.95011113507275
562.2227522783405,128.9521746102136,39.344886439581416,99.42908034801997
561.2699913869421,129.36292612430742,39.40391473978839,100.06156706401873
561.8055143322699,130.34667257064513,39.5054176200374,100.73520175770807
560.4952462172158,130.79635104968855,39.76699799000765,101.31194929753076
559.7647055033644,131.1162761515253,40.2969186697055,101.77393410629314
560.1339299370907,130.87716809867186,40.776194244735,102.27395246602124
559.2445683152263,131.3691581311698,41.34521297014574,103.23970851934197
558.9519615998014,132.15552835172448,41.77069946835064,104.09274813613973
559.6364007746876,132.26695228373615,41.97682974933073,104.19818373106452
558.9082108973831,133.5235458536523,42.078420723727206,104.44660829129018
560.324507617193,133.39481345233213,42.19862660432835,104.29627170423635
559.5963255681968,133.07379674631596,42.4478044802445,104.4306118851629
559.3490148172698,133.25319234938212,42.304113165478505,104.78185397656935
557.5060354329383,132.34986398083112,42.60940067140038,104.48300357828009
557.5167758309368,132.1302037690314,42.043929859419976,104.25151032218439
557.0509834144791,132.0066073787119,41.260859412222004,103.99977968191735
556.6714288108054,131.5152238745513,40.620272031053204,103.85892188860275
556.3568316714035,131.63250201686742,40.06996036560504,103.3184259295931
555.7269097739216,130.288685292273,39.65184936759231,103.316971034208
554.5126085583584,130.238599134005,38.97361118821477,103.256404808068
554.3463552251485,131.08072053170355,38.49077429584622,102.82735214671939
553.5498313650731,130.69843995148534,38.03681660103415,102.65238961025634
553.0155876865462,130.5515419357415,37.91326923671363,102.80894484446276
553.1179081908431,132.05468432161123,37.78313057701953,102.97869166223136
552.2011793459131,131.53260993215656,37.76141122201093,102.55916899529416
553.1935047009827,131.59680824354666,38.02044408845585,101.89524949434391
552.5652585302537,131.569575255837,37.99983860867812,101.499522630856
552.3875735479081,132.61462948793482,38.25558101150199,101.36667608663566
551.8397986775884,133.22194826549992,38.72729834752799,101.36834438344184
551.3146124889897,133.48385887111908,39.02979574952081,100.95885772568366
550.6639283985502,134.5798748651322,39.38479589174567,101.13972312420829
551.1514522175272,135.25414834504858,39.81362789627806,101.94093140386227
550.3182795257861,136.06462040143958,40.3403082721691,102.54540585873772
550.0429967063286,135.76536886026855,41.08590695470711,103.12177456066465
549.748051785715,136.68360088564538,41.44878638193003,103.5712018043904
549.5605735153746,135.9790212668516,42.100167211360414,103.56796401496229
548.9580215266917,137.01355210085927,42.85816017817487,103.27257373557302
548.2241065852053,135.93208789062913,43.96557212887578,102.93484364391779
547.2536628242435,136.71363370878004,44.43217094878809,102.31817118705557
546.7915733642245,135.6940416857654,44.697774989656615,100.80248558129037
546.3380420137216,136.85505842617158,44.417636786770004,99.7805298964604
545.7528928436903,136.8134414069036,44.11364034514749,98.8265708750751
545.0863002083046,136.60742961450325,43.60407542423066,97.83229737220641
544.9361487544902,136.65058697530756,42.77279583330896,97.33804867037128
544.671062368638,136.93234221626824,41.82500956818619,97.17724451350412
543.5319451183809,136.0654874420075,40.81758475549848,97.53071791319135
542.1189994225,137.80198237264483,40.89584340533214,97.61008620239886
540.7889554173169,137.5014041639023,40.99637445463896,98.19175726546044
543.4578681097015,137.445068501881,39.598211049544915,98.5148716540734
541.1773359770003,138.94256604636178,39.30182482971792,99.08742555536153
543.7289677264023,138.26092766303486,38.6910578213924,100.21256431687789
542.6480958209321,139.61728556720124,38.490008663582685,99.97734894723536
543.7727094112809,139.95839448915058,38.482006725499936,100.26353193932752
542.6418576967757,140.75606509119336,38.44686090371695,100.14112378921229
543.1183799437134,142.04696341063635,38.60319975449161,100.64211013410628
542.2670505831226,141.90671534503463,38.7426349944952,101.36524975872362
541.6803221165897,141.95480604378386,39.06651211646472,102.17932266086582
541.5035167679891,141.84645423232445,39.15248019644018,102.62169706849645
542.190407650287,143.598690037932,39.15402148901906,102.93067269429619
542.1240452594889,143.31969041562047,39.17316814478086,103.52608145683325
542.2761226930933,143.2785609049779,39.27729230908729,104.08809787648534
542.481623786701,143.72511921411504,39.52995195944965,104.42511944085112
542.2986875131794,143.63933598984136,39.84905927962198,104.99611762467569
541.8295698655812,143.25452831863592,39.9358329258774,105.78873100762856
540.4938594686091,143.70553962892947,40.04507558490339,106.0579885326866
540.1671326072777,143.61544291537544,40.10535639973681,106.3020981289016
539.2725605017407,144.10952893090735,40.20511805771016,106.50732516953123
539.1323704505301,143.9580656953761,40.277510777123446,106.50777916840286
538.1283143321391,143.95141384911147,40.40669900172132,106.10938487719034
537.4647123067246,145.35539785697605,40.503373625022036,105.18168805782653
535.8805152456615,145.02474777635493,40.53459600184793,105.09034350137546
535.6341064704939,146.03584946200232,40.131580655950415,105.10102758888193
535.0727816612707,146.9555594514112,39.67639256878456,104.28865309842169
534.7756359373802,147.373749453096,39.31438381753367,103.61377855579128
534.4880341656424,149.12211570734706,39.1956883255558,103.16743939026097
533.3327911160894,150.0719942380298,39.20083341933633,102.87478734560388
533.6374394989111,149.85018713258557,39.41816265648146,102.38524691391032
534.0144416657795,151.97006177927278,39.38969240420363,102.19586640639409
532.7424061973522,152.79320694298542,39.33266647254325,101.79679981382446
532.6348061008852,154.38733567577103,39.648742415661424,101.38765969406317
531.7622945323569,154.890972654295,40.52259294577297,100.59421219964166
530.2665112970394,157.51519281711074,41.373447870463565,100.51402338844503
530.3408079713164,159.3337015609618,42.57846742168992,100.8092592614912
529.2569258520884,160.6725932193124,43.436275109547665,100.84878541973507
528.9600706020126,161.35190164566478,44.608431044269736,101.1994862512039
527.5330695306125,162.99434228870712,45.66544565350069,101.58719092932208
526.3501085225995,164.64787878477955,46.914377699319374,101.38398117646557
525.1981338081357,166.38773451477238,48.1974283092773,100.44022276137127
524.6975230107668,167.38880306130142,48.23006137299785,99.58447098039356
523.2348975504306,167.77660544699,49.058706754348314,98.7725971440237
522.2799292263163,168.57178392124607,49.53770623159447,97.85896194720154
520.9291195101841,169.36251602253444,49.22961320620205,96.8471991182019
520.7363651766836,170.8094272584694,48.92641791898312,96.09560381918351
519.8051504005972,170.97866471267832,47.76469423858163,95.74765604236043
518.9939065242064,172.3190192143215,47.05786060693314,94.90694480747621
515.8839267970259,173.40987161419258,46.906198929397206,94.81607867846455
513.6721819226118,175.21255021091508,46.73642600580115,95.25788354098884
511.08726387530635,176.49619355064314,47.12174385852976,95.23689488857127
508.6810790602184,177.80097555974922,46.94860790780349,95.50240740272301
507.2838176052735,177.97648616578883,46.35271181134564,97.43896405815173
504.9692614088799,178.86526945404836,46.890465065644065,98.54049184389154
509.1402249713974,178.84650525233684,44.655085773098115,100.03438714394397
505.92180367364455,179.92402804383994,45.207772141492015,100.81226010952174
507.8482749964728,180.75507027541377,43.969398682999824,101.95439656121476
506.700066614367,181.45155090372828,43.672290514350045,102.60364636034134
506.79693280938943,183.33710163896274,44.233643771411344,103.09686240238463
506.38877261002006,184.30290588706927,45.46239636390621,102.7937138365915
504.7197587614719,185.6223238101141,46.242133102598004,103.01810178162432
503.8528883766692,186.59778926775132,47.70217798606825,102.68436337314
503.14768560695103,187.65686346547142,48.734353251781016,103.0412701954427
502.3021405501916,189.64669352502688,49.244846060002075,103.08367333164186
504.19942928736447,188.87415525406522,49.447077591393665,102.82952060930586
502.3056490832215,191.17799083706348,49.289710307266176,103.13038826166871
502.9190008642536,191.5948367881179,48.97565649591159,103.50325387184316
501.77216259676794,191.54288035109624,48.53453436106778,103.64089564718337
501.56543631793073,191.96959859559672,47.96358336811741,103.80341556000737
501.0952016894768,192.21843283659985,47.35151804479453,103.8446956139203
500.4217403851019,192.13635183078213,46.52255211518383,103.52810190899345
500.2905146037125,191.91784109417688,45.57765771543819,103.43803402482789
499.16797483507287,192.15632650838006,44.2840066313795,102.57004751777734
496.7950945930889,192.01949318205016,44.50894840502032,102.42674263594657
494.5708644016256,193.1448542086755,44.93627298090948,102.33611985065545
492.09077193044936,193.6425494685858,45.69086624464267,102.3940183866591
496.53554044058484,193.92315840299057,43.71105632092933,102.48882741766417
494.2618252791104,194.233050923642,43.545219794360335,102.60375360616251
497.1554088306438,194.13955312720185,42.169046267343305,102.48501915420101
496.1753574236943,195.46813483761434,41.2803725023391,102.17845979068805
495.7515360201656,196.742090093547,41.48534491640644,102.19218167361339
494.24873954250876,198.08610536572957,42.41551987626722,101.88315131616847
493.9599464118781,198.51320058710354,43.41826293946758,101.31300805979515
493.25277750304144,199.8535626185477,44.047624393958756,100.21374149259626
492.2105833543203,201.9542287016041,45.02360567083222,99.8427485198275
491.4263686031046,203.27782565526468,46.36405180284035,99.69089329086638
489.8688179237029,203.89447913578,47.84911895334601,99.81058208312402
488.8546016380712,206.32663383451967,49.6997612553538,99.55028994333512
487.4090402101773,206.6683922338932,51.51447489044606,99.00868812321141
486.539232098735,208.3905121494564,53.03908064913922,98.25485056144841
485.6486677079409,209.24954582017943,54.28512530234767,97.29271078271599
484.7933685925468,211.86807668868715,55.68093513200897,96.12594962477158
482.7410836638663,211.90251852128097,56.683780126317615,94.99783742011708
481.279347802025,214.19254293863497,57.951053467622586,93.0498627030696
479.45102216333186,214.70546151103093,57.711450443937714,92.4269327211824
477.8551489682957,215.2981376638501,57.4589116796674,92.04930852728802
476.07314483444827,215.16655860074843,57.55894833252458,90.43758908143172
474.9588907572813,215.06525824826286,56.62277338329706,90.12740876242366
473.7846922941666,215.32699984234253,55.23239767883507,91.06012247844677
471.6766654738432,215.78444637672658,53.64099768712711,92.39897210453341
471.12497802722015,215.73458207547202,52.33196923526505,93.56793555506502
468.564659161866,216.02385435993443,50.783039380981876,95.18730534809393
468.53583817255935,216.53481701122752,49.34052042705433,96.25243072185359
467.73723822023146,216.6292732154963,47.62191942648248,96.49467414393771
466.4014597645497,217.2415006191922,47.511921400483246,97.0371503935222
467.3716976538892,218.39394906447552,46.82847563202773,97.79045839225309
467.89254096167883,218.68939207746456,46.632569269858834,96.88712809661786
465.9184704900539,219.54988028639875,47.50953678361951,96.04581562299387
464.92933924504973,221.51471767965532,49.353725256222276,95.3584732949768
461.30827559273456,223.47303959909158,51.21066636547913,93.82745362640765
459.9358073547802,223.12771540468233,53.39954771281352,93.8800895464113
457.3515073083276,224.99086932649928,55.189074662713296,93.54864268567229
456.89255696024213,225.96015383112166,56.79454306976071,93.23005138905874
456.29948230966676,226.7985550843251,57.764148443122735,93.07524251973682
455.50062174757596,226.50260997377856,58.155783170133276,92.90174335799071
454.08286518329527,226.93863449036837,58.06438709039692,92.78178465970336
451.4451595975249,226.21801383396655,58.021172334966344,92.5385010787463
450.67415315950586,227.23723028590734,58.063035603345995,92.10903857853603
448.1139610721122,225.92047864346398,57.26413638808813,91.68366868684805
446.7247738998514,226.6303256503331,55.506436571080194,92.11715853865695
445.64353062983173,225.36798220580062,53.892053814091966,92.68802758333109
444.98900373832555,226.2904344353333,52.1836639401829,93.42910568537712
443.2196440424186,226.03741251201302,50.959995579463836,94.77525929754736
441.5695911219992,226.61200526374526,49.925943476576975,96.278546051697
442.2066735663071,226.05965198077783,47.77291388239866,98.71600913694948
439.1453709399112,224.88422558585717,47.3501290061012,100.86817820298346
436.50686288846504,225.65562849867192,47.67376118641657,102.576065698582
440.3241184980668,224.32617674150714,46.169926713581376,102.88255794276998
439.9024043615105,225.7971940307993,45.10893890240446,103.04919812881886
440.4521280078534,225.24420999670676,44.7706791631244,102.58831434267954
439.4216797741585,225.75472422155804,45.494571803419156,101.49275146932769
436.5408724057558,226.78986528260378,47.34778362045532,100.34179553341629
434.1172409133745,228.21969018441723,49.84683698569583,99.17371136260957
431.8946913194571,229.15177572821054,52.40652443418133,97.93991637556309
430.2778265791441,229.74704976163684,55.31860478064807,96.74107442483547
429.3426764857684,230.63372638478165,57.668285604806954,96.06754465342988
428.5531472277801,230.8876818309031,59.492469325108175,95.24547287776033
427.1780988384734,232.2939656965001,61.14891802766421,94.21135205933186
426.1858317919282,233.11794791495467,62.766826960775674,93.34838395316075
423.72183386081326,234.33154774837254,64.83276442189776,92.45380721971274
421.1338646398485,234.6159708594065,66.86572419561432,91.50940882021567
421.18950130971666,234.9903935338102,67.33366161408736,90.8956922526077
417.3500322836092,235.75124367655025,68.45430727738616,89.92670774547842
414.6773535980635,234.60105969119422,69.14310088962745,88.94307436578765
414.4697217010614,234.1531288683537,68.13569038534527,88.65268413273033
412.8187695680664,234.2835572473267,66.58753180419782,88.72322615989854
412.3118528409628,232.7887941601001,64.37247722358453,89.56432961630367
411.5637048871692,231.2824700613118,61.780342249671456,91.1126836187051
410.9098308785345,230.978082568272,59.24338635420591,93.19053619191246
408.66347220662993,228.86483759620708,56.53761355519272,95.83715293181099
406.5535281843027,228.78731134222744,55.465250489770284,97.69498461362127
404.3048553714656,227.6913276643094,54.46218365130267,99.28377024967739
401.7657776526201,226.79446464181163,53.697283363895934,100.08660042732521
401.13383711191256,226.73612385181485,53.98267301979685,100.54559932027462
400.3536040039607,225.2848592968291,54.02343525143999,100.41049167334917
403.59740137842016,225.57103286064802,52.76753663136634,99.97055951253299
403.404838993404,226.097657792517,52.16872562802602,99.41321305136191
402.5942422267387,226.62725879902945,52.47743859247073,98.64282302001507
401.63270277605903,226.6632030160595,53.379588634119386,98.09885739507894
400.3282324103555,227.00519918760423,55.08495585249548,97.59738520312777
399.3672269987891,227.1610063277343,57.02734419051217,96.52647122737586
397.68673218054727,228.01491404427026,59.04410794351192,95.65294629875952
396.45441211521563,227.77172709106145,60.80692317068696,94.76551372858407
396.0543563772019,226.95105544081417,62.24630215092979,93.84457518207851
395.3744135187388,225.99709344550934,63.37554392490382,93.36301905870508
394.26452817777846,225.74392946979145,64.58976398388435,93.04561087894956
391.8264285585293,226.8084769472435,64.8164604681713,92.57645628602214
391.1366852758712,225.15606551774164,64.71002100142121,92.26938239171463
387.0578962279907,222.11420409185865,65.0523315343159,92.67854374293131
386.39583141308947,222.147742798678,65.37925161516813,92.63683395248768
384.51569567884246,220.80029725349368,65.57455378243846,92.03383414129077
382.64244067168084,219.1243662258665,64.61709002662008,92.16412141321992
381.45308030468107,218.9678321494868,64.26110149777175,91.95528468021044
379.77402435990444,217.10619249347005,62.66089896853224,92.71924988434904
376.47694367092373,215.545077101441,60.12830081737995,93.86930900416914
375.3261496554949,215.17596772034142,57.99815857785185,95.3751783110117
378.9920480021951,211.5286784618906,56.12558944640213,96.65891784247029
382.1655932675282,210.3251035128746,53.798207072321574,98.73498190957537
387.9360369766737,208.55513088160387,51.39387627939681,100.26133874361948
394.39797202243636,205.2184116391967,50.32810517163618,101.34497591694091
402.69124206848375,203.17733831084243,49.654920906872945,102.65151546457963
412.34737333273733,199.35930118917102,49.712775565865705,102.74663845593882
422.8123836449974,197.21213247608074,49.6615143255009,102.52327997834126
437.75783435524954,194.61627427420336,48.81453342196443,101.21449570307996
447.5617700491486,192.74480632212632,49.07665905870241,100.46037464617443
458.1857752552377,191.93468722945653,50.02366360013756,99.471516542833
472.18974511923545,189.66713891080715,50.677077937083425,98.00163738438589
481.8352567395747,187.94134125888303,52.34671563085319,96.9837311928728
496.01218460138216,188.17998328070485,52.960534162609335,96.34747253150951
507.5031713554545,186.16808053056747,54.02363321000657,96.03211758943202
519.4973889128805,184.59845757751265,54.702125432800926,95.62092652196989
536.2307938646692,184.01117985414524,54.864774910327135,94.9614106901326
547.7080522180776,182.91201868325902,55.681595712665796,94.55037424436841
564.2502652027284,181.73987696693962,55.523965702836705,93.41234165985632
575.0063191505371,180.92247172131187,56.42717915731683,93.28853689575604
591.7429277527058,179.8472644235464,55.58128510361429,92.45116710560578
601.6860655225956,178.95032952410756,55.055721615226346,92.46509081569258
617.5412960172465,178.41358061872904,53.56969071015304,91.91286597973638
625.9734102188108,177.4024773820097,52.17722401051556,92.19270029798554
635.9887336463504,177.52506325199175,51.7905743478194,92.26659096980657
645.7278339637589,177.6639381600355,49.83347089622984,92.8206436410924
653.5778170648981,177.09303818682028,47.611717050518706,93.38113522265466
660.4155170634864,176.65362554378237,45.60080203106449,93.54293379822025
665.8217570018014,176.42871231762058,43.9728485979157,94.15249047634532
671.1772798802302,176.53484820242494,42.85848634325537,94.70829512656692
676.3651431696205,176.25870591196784,41.77444868354213,95.10857314095658
680.9169909188489,175.93971932142233,40.7986924093287,96.19303500050297
684.1295116765316,174.32253012658242,40.27631746271939,96.55813519766264
685.7943741733487,175.5743367095939,40.17592086302121,96.82098936447966
686.2495102976308,175.34225826307008,40.94200171141908,96.33803620065017
684.0032425431567,175.04419998420167,42.09479384458898,95.96497128036344
682.1862130628525,175.60398194577795,43.85809188753387,95.82334815501666
680.65911618873,174.7253092509725,45.34761197359329,95.43636518883838
678.5076761711802,175.45702643434345,46.35554819918361,95.71192899676382
676.6765602121229,174.79598331722062,47.33766084125146,95.55070512759306
676.2386340011456,173.95724440247446,48.37511300359202,95.17861454239727
674.8779196848251,174.71047402816205,48.391488306765226,95.45894101280093
673.4836735649573,174.5770822017387,48.63286760475908,95.45251211357703
671.6269256905946,173.229485833513,48.879644202941,95.66484643061011
669.8924252445795,172.05350934075568,48.70668542776539,95.8382353444695
668.0805381922579,171.85192206297322,48.12029832330223,96.4972952626595
666.3054517290309,169.70043877092513,47.58766561621131,96.86752783415196
664.3033853544431,168.78585116160122,46.67174202230838,97.01245579747442
663.3465649169416,167.72616038526854,45.397862870150625,97.05703423620238
661.6103535742452,167.6077092723117,44.360089346589604,96.81683024854647
660.5089438190498,166.23620419337306,43.079210727326355,96.55823418045637
658.3233424295006,166.27553885772807,41.97247533122336,96.88198158763387
656.7060874996531,166.4029623952141,40.67516823153724,97.61464561104661
655.2006471702209,165.7586270303741,39.3347381604213,98.13648583678604
653.3214902691982,164.80598051285043,37.656388811679385,97.97521550398976
651.2776855327985,164.88853893140868,36.06013655199577,98.30854501220253
648.3540687095411,163.8408062168365,36.07788955046978,98.34662475828719
648.2231614504038,163.66561030407868,35.17429474219099,98.29700561058776
645.7809106078817,163.22686186334386,34.8926444268082,97.53120625029716
643.9545973736197,163.6562106699389,35.25396988329289,96.65815102836405
640.6072004005326,164.10956693663073,36.39316127896041,95.43277531510599
637.2168281064633,164.19769284643357,38.217506426333856,94.56442106324931
633.590989115884,164.1225133136451,40.156715878744855,93.88689211689389
629.861042604324,163.70303787184534,42.499718948251406,93.0190775872091
625.4445464712044,164.53482879813657,44.57773541874476,93.81371717017349
624.2844676465315,165.03320392160612,46.618775454059744,92.95531389331572
623.4698230080252,164.89530787302212,48.436407570551864,92.29546905286549
622.6728322167719,165.50456909632754,50.069620300675595,91.84518062076575
622.8074734681462,165.6320739942409,50.76637328319446,92.90648111146095
623.4595178211033,166.06199140866332,51.26809157171857,93.32349483722732
623.6194235918812,166.19034916344094,51.767638855846265,93.7948715212756
623.5861295715401,166.98949285398425,52.37897579884927,93.6080613483265
624.9652961426827,166.71777593763358,53.169057125329374,93.14833410829681
624.2933684120111,166.64260892741856,53.21402652595787,93.05856887745657
625.2393668383463,166.35659250642956,53.30719753427228,92.77699126344471
625.672562818419,165.29637160560932,53.56510235852785,91.17092420926546
625.8494049801335,165.53042811680325,52.94668087608519,90.76271979298963
626.0465232754119,165.17737661569868,52.06450811661921,90.39191301469648
627.7025442375883,164.70525140377498,50.314613094350655,90.66496495126205
629.4660551461785,163.61528824131636,48.0247266874792,91.2718773744688
628.7218352894316,163.2398397023114,46.84975621420547,91.44572024992209
628.2647754968312,163.8756000526968,46.180822448957535,91.06973072667205
631.8694293504152,163.63113090390277,42.88690666378664,93.0220958526445
630.5439564484798,162.79679678626673,41.37148255264898,93.93817700791473
635.7121132205071,161.92854433128736,38.80024707637387,93.48478366538635
633.9027693801158,163.5209033163277,38.34313958351139,94.09912317897872
639.3083570300898,162.59915156471135,37.15208623943492,93.19980093567516
642.089185899828,163.4233354504898,35.97089734532616,93.42766173505642
642.981202275516,163.90873769523995,36.420046308961645,93.16168115674611
642.3808560960562,163.68569895704297,38.081627679502844,92.7703148045573
642.1116103432303,164.60637722872013,39.803043694203204,92.94890054483336
641.0539432003137,164.64573265408885,42.19446919803093,92.60633837931283
640.8631986842356,164.80349204464878,44.61489150731714,92.40251445567111
640.5218736711543,164.7598523485884,47.091387306223105,91.90179217933866
641.0188334863124,164.5604096878244,48.88724137852839,91.54742618670345
640.3744402353934,164.2930934971243,50.15375342531081,91.63697807918342
640.5218924965051,164.01725475520263,50.462907407192034,91.66948575559267
641.1650659345001,164.0385161864086,51.387866149487905,91.0608652760314
640.8978129679956,163.0992280642461,51.42847282650618,90.84922822155882
640.0479550145802,161.87541460967452,50.139557246444156,90.73262611916627
641.9480225772738,162.09413956340683,48.91047395707071,90.31409410569259
641.7409653103202,161.0117116199747,46.82866902495931,90.11287805308842
642.070108647873,161.12937449049878,44.64258214748404,89.8447506802022
642.4405349273502,160.13869232765495,42.27435732366753,90.45186566678615
641.9096592758333,160.12381509224775,39.92520803389739,91.00034755936112
641.3679934582301,161.1479505646857,38.32327007491127,90.93836921511692
640.4570112019362,161.4860463156858,36.591428282567364,91.07718349238309
639.8942301467894,161.53617072644428,35.49637762850252,91.16875697618781
639.2649782443323,162.31014373238062,34.89413993733062,91.70056650897759
642.3965419663192,161.41569740115105,33.16405254004876,93.98838959588856
642.8931185329651,161.00722635905032,32.44630084999985,94.81997253755557
642.5611456584736,160.67555293733673,32.679435462022,94.1359183580717
641.1110847677112,160.61388706955609,33.81937891598646,93.37354265564089
639.2637308753322,161.17149731472864,35.50688049919103,93.09021501331064
638.7219433814898,162.44755099375138,37.076841577392834,94.22649838707667
637.8742831926958,161.55665225497418,38.951647410136275,93.76792368369235
637.9571539256026,162.69500699859782,40.66256855628387,93.6495365307346
637.0369374796418,162.8525307772671,42.51660292266949,93.37913376502893
637.7303558246506,163.35782044223905,43.808624035996736,93.35115250141502
637.902595608516,163.6872398560968,44.80317175384181,93.43496608992876
637.8874837771627,164.3205284298794,45.85162430506,93.75481531965997
638.3593691521886,164.82099986699234,46.76016564302084,94.17525070032457
639.4841651036955,165.1908307130539,47.39673745155473,94.22238659130457
639.4086854228769,164.41382996188872,46.978773161019944,94.13886646906987
640.7522449591178,164.63870328033425,47.04990694765398,93.13034589733763
641.143034088376,164.70030240230716,46.023863740364035,92.44019751100826
642.5212912386767,164.71722067270014,44.97709830393664,92.04285724588567
643.366893481008,165.38178304470395,43.19143991822158,92.11686517895629
643.3542099131635,165.55112879785037,42.431377516614205,93.23595772932697
643.0891251721092,164.77378272775798,41.49682496140727,94.15703610427207
648.1947753329474,165.04772752310734,38.91123417342236,95.0873498102347
646.147891805132,165.72689906815555,38.09772459865171,93.26869137342041
649.9646652320245,166.56305116098298,36.080934184075744,94.10398201160285
648.8424801395115,166.742239776441,36.05080972112172,94.45423808432903
653.8539957134597,166.98490221338756,34.89899725456103,95.12010516028033
656.3042578888345,167.1946894115425,33.94137356146513,94.21872603546247
657.5864346760602,168.20774733134635,34.392660961058574,92.93998806832177
658.3305190271042,170.0573018976023,36.28239023679943,91.7831631860693
658.2800800939003,171.00294419704016,39.10960505923141,89.890372708556
658.5352518424492,172.25511829132122,40.93329481294235,89.67840199191772
657.3038803207477,171.76944904634553,42.41567472577593,89.69881048251759
659.6135956939374,172.63931016261878,44.333720042171095,89.57174174385233
659.9901513995958,172.62765983470166,44.424786651808446,89.46592452339529
663.9416919380008,173.80185824566001,45.48813910008401,89.36477349005284
665.6814434877514,173.68286691524162,45.69789886755666,89.72257065855288
667.0825537130962,173.31703568342334,46.50254167713618,88.94336135419167
669.8260213715782,173.39779104252466,46.17581553909663,88.80562600491797
670.7861554692079,173.71919328738443,44.952690481292464,89.33790038406437
673.163535083927,173.56839222682933,43.52060671839171,89.64168257136708
672.4964452831806,174.5971528923426,42.950137062224485,88.71497436213622
676.2062791044192,174.3373225433223,40.50102091053104,89.83146912370678
675.2713465681124,174.77519512729725,39.56842221323186,91.1229235674207
674.4042926652768,174.7782138535284,38.78941890440112,92.04339877355444
678.6440062846102,174.39819282653355,36.585634537590906,93.18964512985511
677.0504152754594,175.51120956792892,36.44917740145851,94.47228459971635
680.5070269789304,175.74717101139495,35.51599216056252,95.29447987875409
681.823379334903,175.7445919413365,34.86476864311335,95.19924540903635
681.1952543719073,176.21734478166917,35.17052940570632,94.01862175647386
681.1311743948555,176.8524350628726,36.56997823157489,92.70655691705113
680.3776973027249,179.00274506031937,38.292421281807684,93.14826508911919
678.9681382719318,179.30415789854234,40.16195259431705,92.68592802234485
677.9715838961085,180.01957077208135,42.71674607363227,91.9725607022192
678.8407443820838,180.6181564796973,45.51535423223595,91.20839885186388
679.3318344142896,182.02912934517082,47.001194606972405,90.70656248828745
679.6637440846007,182.55097087217155,47.891157252586744,90.04997315710622
679.8880372151413,182.97412913580152,48.74059421538264,89.4433832924821
681.0267429592049,184.35623773328146,48.88305095807511,89.14279772746607
681.996288631106,184.23732024276165,49.1666895356137,88.57513696952253
682.1962357259141,184.9159217081433,48.64386338130194,87.89595064175225
684.9041324819152,185.9354921750323,48.073199836035684,87.7803772414673
686.6685594635353,185.8402902337678,46.93894244948606,87.80523104107431
686.9366871196529,186.57091711841426,45.09570092452054,88.38576179669901
689.8335919565156,185.96110554609774,43.01102487582549,88.88801377557962
688.38458868221,186.88297770615725,41.79369262209918,89.57481850483808
687.7886578174238,187.50559635934343,41.019585742815394,89.82458930946572
692.6922112298837,187.0782727647607,38.93437270527973,90.64130011663555
691.7618762439738,188.75428709697,37.996697826559185,91.01711306789385
691.0136559037393,189.23272591626744,37.60954625906536,90.83951287318473
695.4841538087654,189.38559138063485,35.78595538675726,90.94441264742233
693.9334205279474,190.43166001536804,35.63361345001067,90.92652369185976
697.4432100542634,190.50092006442352,34.57908509470533,89.96912971145507
696.3112370686734,191.915177806713,34.32492865842982,88.8390839849099
697.1372482593409,192.07597376580358,34.82778465500935,87.40699959884847
696.0650983984749,193.9442426638948,35.93183073752007,85.82883849639158
695.7921091835292,195.87947097318323,37.160388029124945,85.70064328757425
695.9609123166015,195.54974826185082,38.650095305346476,85.69663620417373
695.2910139573167,197.4454095178651,40.16871856462447,85.67264910703165
694.7932415326471,197.4541495562111,41.660544829187785,85.76282337835546
695.5543117612086,197.73427327849643,42.89104175838669,86.19779444918088
696.3589092521055,198.91995392761737,43.92064739762567,86.4197976280966
696.4742053602552,198.24682492387956,44.512501289190865,86.47473543083743
697.4843190974519,199.23087939775846,44.658129699349196,86.7589791976182
697.1476520653755,197.96369211965424,44.69062990882691,87.10899420335053
697.840357435385,198.84591628919281,45.75211739077727,86.77898266236912
697.2330436254127,198.60412300999124,45.19156586300157,87.19477456997917
697.8426460052669,198.65985900815343,44.56108255743676,87.51224811503667
698.7099408845208,197.99986582210911,44.29046036065078,88.16917352397144
698.7977870149593,198.1623876799377,43.2981742739567,88.89505494392677
699.0762315376047,198.2940278885614,42.5385897993409,89.8303936539529
697.9578328943996,197.83432338603023,41.20796016581372,90.76660084233717
697.0702247731945,198.24065425610536,38.87460583250994,92.05016913224674
696.3055462661057,198.976149072049,36.23912548630554,93.88693449379824
694.3300565322564,199.4218997421662,34.704569332360926,94.1529627460778
692.343129944912,200.19782947641585,33.99525934100373,93.89702114619271
694.98439852403,201.43431838906912,32.79565513183377,94.15450992511902
693.8214674629794,201.35872314136955,32.65202887159547,93.48403930582543
691.4863715883077,202.50340387439488,32.93150216085586,92.4787592988202
689.4395029002997,203.05681792497862,32.940880844702775,92.51993227244367
687.5029385225595,203.5085197316493,33.880631380578826,91.76934432887734
685.2379167570892,204.31198712658176,35.22848020174138,91.36265933015773
682.0030812909371,204.78541571651442,36.56578209260281,90.48006540469643
680.7314974792208,205.91986190851384,37.88936012500896,89.79924484381777
678.8470449172303,206.28342400066165,39.49659575626855,89.51504825847535
678.5265480291731,206.46103178434097,40.57682787204536,89.78857383625069
677.2296345809356,208.03996207678625,41.07160376983285,89.68450811219999
676.428830880186,209.40612244050737,41.53161521166861,89.39079936901067
675.5127998357339,208.63396882080986,41.876829899907435,89.54390308572354
672.8213694177176,209.2649908079427,41.86217019379528,89.64352626767733
672.7917715810536,208.6219969605119,40.805725703701576,90.01972833422013
672.6048695006475,209.8076426220914,40.538650114261955,88.7457023738007
672.2554841945062,210.70473219180093,40.33436648917898,87.98430090142722
672.1333416635398,211.07756797803393,39.90515816579682,87.4461613473843
671.628849622359,211.95255306122834,39.06925284576897,87.17551123028137
670.6588381883869,211.529440132237,37.336914578230434,87.779380504788
668.4803796573896,213.3311032697561,35.733850675564256,86.77917980195434
669.8730190209113,211.9294704205733,33.0331599323078,87.83450972837782
668.1375715826348,211.62581110531818,31.844282889610497,87.92164336514419
669.3900942566568,212.37333465796888,30.279211432347907,89.52596292472921
670.1034622640475,212.32727016458068,29.677320731592275,90.46400043411151
668.6033217934731,211.73296303947484,29.89290127906428,90.07255789778606
666.5566871547771,211.81396590519773,30.650501515776366,89.10937245928994
665.0197729804293,212.2063433142833,31.945051228493305,88.4233718757308
662.4586328154295,213.2361513918563,33.23233223560169,88.32362915846628
658.8701546987467,213.54599739052446,35.07408577502814,87.9804382504644
656.1633676177009,213.62988349546993,37.08126283285624,87.67745843223136
654.0386939843057,213.77452793575418,38.66660100540854,87.21147825794637
652.1407841571024,213.38560291013863,39.57556171969056,87.1789960108987
651.260021935006,213.67674157093705,40.20142623079317,86.90122668991413
650.64038707908,212.88621559930596,40.161785186533876,87.04442911153933
649.3093931084147,212.8454760842733,39.925046187709654,87.38504580186967
649.2903010045426,211.96310774958695,40.788565242427325,87.76524334389246
647.7244528980657,211.94633929856553,40.548721862638075,88.51550046936208
646.9191648024121,211.28349277646538,39.69795118924506,88.94900758712502
648.664805157202,212.0731635326627,40.04038377274091,88.57062837979936
649.3763798354414,211.95663096804788,40.40555781866664,88.79021825950758
649.0592333546139,212.22981386505376,40.94560837890072,88.9360828689191
648.8936336439643,211.72710538911235,40.36886824693889,89.80537012860506
646.5335617662644,208.9009833494393,38.46827969490478,91.54700043269796
647.693939945102,209.64038496762703,36.81610059104815,92.49790424664593
646.4778127066623,208.52668297585706,34.98107544298844,93.85027872588671
644.8667309311697,209.0047838622161,33.95022061476214,94.16286827110838
643.4431497117423,209.38899140428558,33.47772453577966,94.51110996721235
645.1761854167229,209.2782012180939,32.46800130658933,95.20849425128165
643.706437006417,209.92082028134436,32.882113224246886,94.42581173353011
641.844192698167,209.57360974879245,33.66448867965979,93.75774905878102
639.0699225858189,210.556678008612,34.59667157784867,94.73215452179267
635.6506697679802,210.32534869648214,36.484240419245,94.5854833859778
631.8607065108077,210.0648396803319,38.384809404903294,93.90133329026466
628.6899368891623,209.9023061106214,39.91388011944676,93.11770265765963
627.1939070692607,210.6221367375938,41.26035803699035,92.81343442720575
623.7986196816452,211.97992925635967,41.74040453387054,92.6280906406658
621.501364285249,212.83885498632065,41.7269613013944,92.49641605299723
618.9192913377292,213.5082916285073,41.67988359413911,92.44397801509155
616.6282863776553,213.33838848063385,41.38330912936867,92.73955757873343
615.0771433858631,213.20176978786725,41.40192163578011,92.64596688027459
613.3321522210457,212.85662682316777,42.189983217658046,91.61475193610791
610.472079109857,213.26196517309526,41.602369678225216,91.52787196152605
608.4979955010394,213.82637232987523,41.11412265406934,91.71251394488688
606.0042690006301,215.21764010924704,40.341705125713304,91.3923404371534
604.7403903279837,215.94321650380786,39.654600124356776,91.14298215315108
603.4505226871049,215.47179499577464,38.706916792680744,91.0123084427237
600.3034380886758,215.3072690684654,37.76151394135165,92.01758601917828
599.2137802755881,215.8936591626827,36.268912844275675,93.38277065160547
598.0019013718068,216.10537094502556,34.937001534864564,94.7438503084316
596.6058479034683,217.61477485064208,34.13134517159938,95.79314533380744
594.1544514699824,216.31312977886978,34.865378215725755,94.82893560132972
592.1064982384062,217.03460525785565,35.673981231154876,93.70978085603116
589.8889152471883,218.2927542109461,37.291069410932565,91.86127413761348
586.6027408232727,220.00009447606053,39.12586275491853,90.32722147794429
584.1504534821919,220.36974993958208,40.137742248557686,89.0087361515253
582.9166592529689,220.52241035889793,40.801391364504916,87.95549432290335
581.6970127848911,221.61302396375507,40.4810016453262,87.5004938006204
582.3670445164719,221.72059389572172,40.8248546317113,87.98724005414542
582.6854574991656,222.38731636004468,41.19965443307802,88.83698261024075
583.2645654878476,221.08909986478454,41.35783266557588,89.7971695155941
582.2204873314081,220.3156882457376,40.81304153353913,90.67903940266717
582.6025742822402,220.3903289836656,40.04515835077869,91.51658571754828
584.0172362051418,220.05549771594994,38.803293711556464,93.0844937664188
586.8707563635588,219.3085180387723,37.966353892921916,94.12741180974848
587.6715023187863,219.66236575853844,37.20685191691141,95.24350894700603
588.3569061918712,220.31756096706607,35.68564754057366,96.32171339574973
589.3590050017485,221.22726576302884,34.46001306264168,97.40638920154453
590.5656695320334,222.31388464147594,33.295649980694336,98.71945000574652
592.2938979583029,222.13691749056454,32.638501189755374,99.48272608990075
593.3082811896928,222.3653366200954,32.562483979294626,100.07697902499189
595.437446430278,223.03430239770324,33.12286096424977,99.83389157263571
595.4657540887744,224.15197767905812,34.64477274019076,99.00671528627791
595.0568939061332,225.5319606740117,36.26328836256476,99.19323314684982
594.9614581261568,226.6880925090382,38.912448353685036,98.71037526140381
594.9073457130187,227.25162950850978,41.13661446604819,98.17819948633755
595.1072534793116,228.57638845111785,42.73891847463072,97.86109384401081
595.5728122446038,229.63914658838257,43.53632193346429,97.57888828324941
595.8097239017299,230.2826883746281,43.584242930068086,97.4685707486993
596.7156631911854,231.63385662249232,44.17186281383407,96.5835573416168
597.1850922118506,232.13383768673899,43.46419269724619,96.4299079148256
597.1810082469647,233.6397805206261,42.1131909054148,96.73320254871767
597.7238484847541,233.38796349602885,41.140536057866235,97.10477231501801
599.0744956934731,235.0241945352424,41.50011586413725,96.51556328644138
597.5286093616515,235.56755960909885,40.69148765078149,97.20313967444928
597.3015346883782,235.85469203927397,39.983788452253854,97.60525659281606
597.5803024182493,236.72007818597072,39.365981412739224,98.27071452021728
597.4571968040772,237.88735879067679,38.608658920113335,99.24697532084541
596.4136584702123,238.5681059845534,38.10101760841197,100.20369725694474
594.4845914990944,239.51706911164672,37.751119419452564,101.01351631640253
593.7218249698814,240.03155812697537,37.16091241707254,101.96883496524198
592.8536855549869,241.223266862589,37.56433292281057,102.27320240421672
591.08912419279,242.1726886351909,38.63838348266874,102.19096323485218
589.2452259589948,243.00535581783032,39.93586322548197,100.8877783465783
586.5721404143643,243.83852260173722,41.58175245629878,99.5476149848345
584.3705946231806,243.91882375933915,42.894402811706826,98.19369609076557
580.9068818215355,245.1049379253776,44.55927281578447,96.45958566812007
578.1950021862102,246.62294102948067,46.34809003168652,94.61960828853489
576.3505437207364,246.74699840761156,47.3043171051513,93.3952983756989
574.8107948175938,246.90699920836437,47.44130621392676,93.4365049150433
573.9336300810108,245.72664161537676,47.13395751593468,93.87776016201556
572.308538496659,244.94869108926906,46.606198742423445,94.87623440396635
572.0754487260897,243.7715143533544,45.49985683542669,96.06513777966526
571.4250382646413,242.6706627951431,44.12016723738829,96.8875056118548
572.1618921949041,241.48599942336793,43.72040919070557,98.6639779151929
570.3079432306811,240.8799979089825,41.846598211070585,100.34739625506185
570.239941617292,239.47343639133646,40.26318148164168,102.21408503093923
570.9195747580541,238.45824580645777,39.02363864678446,103.73696680389565
570.4628062299383,237.87870264657096,38.06905896660396,104.93824418951715
568.6959429357781,236.87687238341158,38.08179518322023,105.22746746951329
569.3090296492152,236.51595964329172,36.932530881197394,105.76529190631406
570.596170824427,234.65336609607309,36.37288623943789,105.57349849576171
572.3625226880414,234.03816020792408,36.239938466951415,105.46865357631236
574.5903304075189,232.75007866275038,36.31951122608596,105.01304238420431
575.5295564375257,232.5355957805814,36.70079975712147,104.62225450169174
577.079392652619,231.79786585783114,37.86407202526853,104.0486156171049
576.7469831529146,232.35921360611135,39.377557990638856,102.74974853462703
578.0543237563405,230.90523945465583,40.73064855235698,101.24775373374777
579.7547760487444,230.28568575053828,41.678140745656094,99.68949571496569
581.9202491857588,229.5701164310687,42.15161637332996,98.26189593151102
585.1148166593115,229.4849867530724,42.38119957350248,97.68222883963531
589.2865945464068,228.96947813231463,41.502272972590504,97.86977544812088
592.7232319457811,227.91272184195765,40.82975043214298,98.29013691246371
596.0710190298425,226.6354229361747,40.657665739270136,98.56956105993656
600.8189390483319,226.2552989002385,40.14338640938371,99.32279388491104
604.677204261487,225.0538877831495,40.08487934046501,99.73309852856633
607.4613979173777,224.25547220402825,39.64505400225536,99.4926552546265
611.6744546615922,222.97754617609434,39.490006225801324,99.66207394753351
615.2741886643148,222.38341612435732,39.502028851459826,100.04987198388031
618.9748634797083,221.76700083106454,39.456585707183834,100.58966231873401
622.7999807130295,220.02457271882608,40.137932356264216,101.6551693496379
625.8391861865887,219.6130516484389,40.64881488906535,102.73497372676897
629.2537174587717,219.0610010620766,41.46194947680977,103.42388923936977
632.7604477604278,218.6853828436662,41.88634936238918,104.18063108016003
635.8760189689867,217.49276408515453,42.428107526631365,105.06955788627636
639.1132835143733,216.75087299850045,42.59105774112554,105.87377975589646
643.2168176842828,217.01663831074728,43.31290537878454,105.62534839530932
646.3297479815278,216.90087857398714,44.08911902593269,105.35431363098704
649.557970830643,216.85903909019174,45.06177050330059,105.28139006690631
651.3260275028648,216.79513108322857,45.89226101017518,105.18437759915847
653.9402397138487,216.8521937137168,46.28169833594926,105.53672791434434
655.6004215616258,216.64843205821944,46.40833681286486,105.69378279243571
658.6790511776994,216.62653822877812,46.708015847471856,106.0960485206238
659.9731385877773,216.465138436487,46.562322068270774,107.47379476620155
661.9343291189575,214.38749877629763,46.74483469029742,109.08608292523384
662.9953748549482,212.77545331330685,46.12994953907885,110.22318873997884
664.1363937775234,210.13282910585409,45.678807356236035,110.36265659152986
664.7118233829235,207.89623080987406,44.67413464622358,110.05173691533193
665.6275840209944,206.70787304439497,43.19022184695905,109.17786689025985
664.3391206243856,206.17577824349956,42.84804907085592,109.15589499779557
663.010582715404,205.23149915832238,42.363145432871235,108.18461349033927
668.4059309515405,205.990525911592,40.46449684267823,105.74704342038459
666.724418887876,205.8662656908683,39.7558742796386,105.2932369680255
670.8373743233004,205.41843930259046,37.80503550656824,104.00669098168751
671.7982494209137,205.74668700717567,36.97604813921486,102.81847040428893
671.7078299427676,205.6675379213344,37.003134768541756,101.76935812122139
670.5132075421545,206.4911547335718,38.374263334034936,100.1870653218513
669.2200273520107,206.90770373217157,40.619789931172875,98.94744892493631
667.2581171529174,207.71572034304845,43.05449401828599,97.80118050206221
666.7741936234227,206.65055695082094,45.361678783841356,96.7685222000762
667.7299906350785,206.3845225227367,46.85962827478145,96.23292309512405
669.5695694719401,205.98546516890679,47.395155564284586,96.32503896483601
671.0567869040954,206.0929733972853,47.41339314336389,96.26279339986462
674.291724098375,205.68404589402806,46.752901670301526,97.13737203084696
676.6766170308239,204.11687945316817,45.40905131222438,98.09201765098533
680.8358080911313,202.87794019129805,44.54963973833196,98.93257124548818
683.0522278448744,202.5161526850457,43.739887637004074,99.86118780064216
685.403741530231,200.36227684119797,42.86483291681912,99.87295522014912
687.653776188076,199.0360129189458,41.80489311963778,99.53383105278212
688.3784461668289,198.42064858186035,41.16267777684759,99.41469738984064
690.5121910375528,198.58682232065206,40.95431631985415,99.24754859599592
692.4303303442142,198.09247568531532,40.521701818622496,99.71449546965098
693.6665760581303,197.51138125635788,40.32010849450412,101.88631500765004
696.1020340413282,196.20424731792465,41.27189350543375,103.56147194978216
697.9433200460062,196.59714831219833,42.32924926478522,105.25356712844064
699.8316398554373,195.45263020670293,43.42407437523202,105.4082668678738
702.0106396876221,195.94637201041988,44.07712827302678,106.13104269800095
705.6009101052089,195.12134795798715,45.032666272386976,105.8255162903847
709.6259381070013,195.75857700685796,46.051653428286954,106.07650186577693
712.7100523232192,196.26666700216356,46.6374404415603,107.40159637505892
715.7230656874992,196.13072821786955,46.88276886513047,109.15188084977491
719.3215403784695,194.1583535787189,47.39934716263311,110.77035573308714
723.2646882033885,192.30110498386324,47.41680527027208,111.58277095639836
727.196886751715,190.56699490467503,47.440788224278094,112.80371170918093
730.5894485738879,189.0169643361817,46.69729818588944,114.37908007234859
734.9118417348819,186.92470518924085,45.73453634281363,116.63417932555033
738.6044866613515,183.74403568427837,44.61314438568757,117.66194880880296
741.7071668275165,182.00567977286443,43.457768508466145,117.34926601455015
745.9938838393573,180.7729972782575,42.003672520368234,116.34420778217589
750.8124558180392,179.87544579905023,40.41926007698134,114.90627636826072
753.5816577185302,178.87649525391234,39.54535794302197,113.05378154064404
757.4662386792982,179.10422539793734,38.666713256288475,112.16210573268896
760.8832872892601,177.88055197522343,38.0559012345761,110.66244372992645
764.4661814472748,178.1577094770564,37.75706724517634,108.95092707850205
766.9823132623596,178.13199369534095,37.64381616154602,106.07422300846429
770.1231031531591,179.00361059398327,37.684125303591955,105.47927495775404
772.4374049173999,178.87934229217208,38.221746731622865,104.79920230940041
773.2078984936276,180.14520479032853,39.12572804115813,103.93933168988045
774.6363416054237,179.75382572152455,40.241876199432184,103.9558672313199
775.8405807017127,179.16630223696473,41.5014432892181,103.09241699089054
774.6387028448839,179.15627839218482,42.88215274776386,102.77754931070133
775.8805332365182,179.23331321161032,43.90292583481103,103.33646095551501
777.6621567598758,178.30167986168675,44.0558002232613,103.92388916106134
777.6654655100627,177.76734447001547,43.32846517356334,105.09546860040493
778.5173290061273,176.00149406924334,42.540313328109356,105.79647138864355
778.8958385047466,174.91130287558343,41.49957023147301,106.72014813421686
779.1847143210695,174.0251604352137,40.540791228135895,107.69160843237958
778.8863327440026,171.6142129357211,39.73778638738886,107.62425982861207
777.9923365175385,169.6360531426269,38.932313035263334,106.47310651822454
776.5339135864124,169.26483356089014,38.3218990708555,105.29668476937506
774.9890150794442,167.63620465876085,37.970947631651484,103.98439873513266
773.2660603928724,166.63283012495341,37.63246822420148,103.236159370817
770.4534039596323,165.93057636206237,37.99879700178405,102.52546303917723
769.2804033955344,165.12566596372469,38.24866966623455,102.4356348595266
767.183129617129,164.6735079637507,38.658898775932414,102.95494207732621
765.7611503184046,163.70779402009262,39.06603591265727,103.74533679203495
764.1654177678984,162.70640351573238,39.749512799176934,104.51349174599164
760.7271240918853,162.7476765048375,40.71848210539605,105.42407961072652
759.2377426271095,162.13918050053553,40.99079552628086,106.06058699065304
758.8282921809744,161.5235309627144,41.211922985819456,106.46116003880658
757.927245143085,161.5918277454459,41.46227260053868,107.13674836335446
755.768651054413,161.29004892842642,41.79827867949399,108.32020304348259
755.3063828921411,159.87716427900767,41.979282823251594,109.47286066515031
754.6311003580246,158.01851993801716,41.96654482618469,110.54741863424067
752.1117908924542,157.26616672657684,41.578674880982554,111.54852690353019
752.9659930592665,154.39970685453324,40.983586248842705,112.92307348248677
752.8711071318857,152.8336051735888,40.04513444599634,114.24055561768338
752.5425984693992,150.9718696463279,39.05943846263487,114.19372652228766
751.697972320629,149.0747929179306,38.14333478216322,112.68350480742085
751.3795833010187,148.0929407456424,37.3943593090013,111.58965919853651
749.7749974648051,147.3743569676804,36.47331152189493,110.11558307732125
749.1040492238409,146.71297917928433,35.81415228635509,108.58130945451322
748.2213591785605,145.26416466176167,35.448014489800244,107.16963806689007
747.2255326574567,145.0540409707989,35.080928871195425,105.14452407300689
746.6675248187635,144.74845514902808,34.73118419835471,102.82788623969608
744.7628428607774,144.2919316584256,34.35198810532408,102.70877699188188
744.0170441585128,144.201430692318,34.31932033975584,103.18161533485798
741.5716784965982,144.64879295873214,34.41015780753644,103.61347549879942
739.9261968227607,144.689761258354,35.205895487258054,103.24854439081238
737.2111411344915,144.02060164832773,36.151472123348434,102.61041531336431
734.82619658549,145.35299397473239,36.58678699878665,103.49873959114282
733.11120060712,143.00839224692538,37.04472495085747,104.47788864917379
731.9843025312572,142.9707600119588,37.1625490795729,105.66074188711234
731.029820942976,142.49887134213677,37.199151549805904,106.85600290557416
729.6008932734265,140.5886034363411,37.10655718378104,107.44812704266596
728.3683574733226,139.50711819995635,36.906223987388564,108.62146842560315
726.0126235059471,136.56171847581527,36.45178358550015,108.44338779270853
724.9793790960065,135.55687849445192,36.06966662954814,108.47732768032387
723.2625408744353,133.99433089738784,35.63637515620184,106.8714458160414
721.3615104629718,133.87175301773578,35.388387151004146,105.67468034121464
720.0506017558045,134.10496514460806,35.131702196411624,104.36280932204726
718.9693795604229,133.75101583325198,35.677158762734635,103.455603507885
717.3183780501429,134.15711840890805,35.76248864753744,102.98490191711598
715.6560118493093,133.748132258003,36.18381252183038,102.34441639135801
712.8881450986848,133.6702311917851,36.66483849591843,102.30833492999616
711.1057152379468,134.09291790443018,37.44060615349083,102.40023047710281
710.2591089586704,133.61433418377518,37.8255566022872,103.21327677817116
708.4607860274937,134.39091980999248,38.412206765711815,103.3721871964977
706.7529564688475,134.38868412094703,38.997119232308265,103.48382453704626
705.9469932136954,133.86587946752866,39.37876188622066,103.55793702343315
704.7049288853175,134.1419903253634,39.88466352366647,104.26566451506962
704.1636561676436,133.74502919608818,40.16559038296432,104.99952061753069
702.6756555914029,132.5735125027478,40.36280702197229,105.81177631141668
702.7114830443194,131.9656503989982,40.0166455472305,106.44001311933778
701.9085109667642,129.9446668753205,39.634176487657456,107.35862906958624
700.5856038490663,128.47222604906594,39.088815500656345,108.62036054986181
699.790938479489,127.94968472203327,38.37509023814787,109.1956058363925
700.167698746058,125.76365862743782,37.75079542100458,109.15947826560415
697.9464285188399,124.29919980375658,37.103348597456154,109.15631373675814
697.4693061418529,124.19120607384819,36.520638710088036,108.01467606973623
696.4517975231704,123.12153159928899,35.74558948588994,106.91343182389309
695.8408410989905,122.46173373620795,35.12917230380847,105.55660280831017
694.7409650924412,123.1029314739911,34.43593611195104,104.26978058658032
694.1563472732395,122.27985028388493,34.18786711530646,102.69923692927134
692.7361775767306,121.91694010351918,33.91409293906452,101.04581868450356
690.987965033215,123.51510615566399,33.47506246541161,101.56329797776644
690.0505048862287,123.93657498637253,33.38327803316499,101.21235174687037
689.5311570323307,124.66189101793391,33.51424679746809,100.94223580751927
686.8209292324989,124.18763008548714,33.96286249234667,100.94282066069405
685.148123177737,125.83741758811863,34.42589265263631,101.08709641112262
683.502150810208,126.6006350715877,35.090186173094736,100.92879010152548
681.5651801092695,126.72452846389318,35.70800045590741,101.57852040198989
681.1057549403796,126.78639455546502,35.90728248151911,102.01061953197944
679.4823920494822,126.86239441983282,35.92490779753935,102.27574937945005
679.6120168372486,125.68644458355939,35.84136143462539,103.37446878657028
678.4113336188999,126.32860891838335,35.8289114192964,104.2740550167484
676.7223972211965,124.58171908056573,35.945581402508324,105.20712450065696
675.9275068916769,124.55187858877088,36.19243663220354,105.6857395016665
673.5625402851879,122.93493488102712,35.99543274191,105.10217281749885
672.7004824246445,123.51530840943153,36.0956139556267,104.0794298550523
671.5393999115959,123.54631079771421,35.939481032886846,102.38067640695525
669.162628403231,122.88506807457696,35.99591053566998,100.67537845936988
668.1884086462767,124.31587252894701,36.015892431818926,99.80601307899587
665.451062771064,124.40569871172383,35.96497993419728,99.0902237286171
664.0327873957533,125.48306622045934,35.85530623375364,99.51779676511643
662.268318291738,125.53989706313097,35.771672487057124,100.04016938963721
660.1262615991684,125.5036647910168,35.55902741119776,100.32955873533439
659.2503083933478,126.39971169576889,35.631333584038956,100.87965018469558
657.2978573003039,125.84881035929152,36.065658053299344,101.51764065543512
655.9777996237833,126.00727723011143,36.38042049915976,102.23638518127424
653.8463821034975,127.16047234915935,36.91252381403871,102.85282719377349
651.9035168844615,128.24062159205454,37.38477754655936,103.80364201784334
650.551353400882,128.2076813296147,37.76961932618785,104.57134875751336
649.8230361959994,128.62104377996872,37.933904874258914,105.681657271646
648.3095297765674,127.80873829846104,38.13055205531637,106.43294288676098
646.482315116499,126.46160605607831,38.21539295267804,107.15814373188564
645.1157505837256,126.42322681890178,38.08720843675824,108.05363416987318
644.8580367615344,126.30090687729174,37.91087417022496,108.84411342239031
644.0186669887067,124.87196574072742,37.73592619108486,108.81748803942153
642.393316192893,123.95091656414198,37.07482048405194,108.21721621627711
641.4014208404989,122.90546967058236,36.420867477368795,106.48987937442905
640.6926139343639,122.96296259761934,35.656489712490306,105.17663810062396
639.4482836417933,122.7594436467395,34.914527767647996,104.06618239676993
638.6338064925694,122.93278532889758,34.24139499753791,102.81580666776107
637.666393370089,123.09061904435231,33.78877817685532,101.11761593858807
636.5259828866615,122.57609211362929,33.51369976207289,99.27656954025323
636.1869337961252,124.04988130969537,32.94230005267305,98.81052562916966
634.9995047964605,123.60981557924798,32.78941113618518,98.94575436007634
633.3416547750725,123.20980975875496,32.82744079550809,99.37793313177107
631.525579292317,123.86973432297242,33.075577392961506,100.42029833019465
629.5647831597362,122.63548369057258,33.68085090774175,100.88706366931989
627.6716339706131,123.231111161086,34.29449704142003,101.16520520027028
626.7241558370758,124.11330256157709,34.70681709519193,101.01337361159892
624.6171129334647,122.69360255644335,35.231108838846346,101.18241281826226
622.6739333157349,123.51443153538867,35.47822876308764,102.39517599913508
621.8776408926708,121.97264633753525,36.12746859893511,102.33482549640439
619.4864106759878,122.28100198543653,36.31993174073621,102.81708604432131
617.3411564063674,120.57460864458065,36.59568455411627,102.51114489896094
615.7755322674371,120.73297891577354,36.765215941641834,102.08936777750266
612.6698980712346,119.44461424834446,36.77602866845852,101.04345960206115
610.45825864639,119.51693455449333,36.7239652444354,99.93921955443396
609.534102014023,118.66981207615899,36.79190433981992,99.31118768042944
606.8494936760997,119.25057722184519,36.694954996226926,98.9726166333083
604.3774422566039,119.1004228201627,36.291138847944126,99.46780733781824
603.0217615032803,119.60465973599321,35.93824940854636,100.03499278121217
601.147808251866,119.10026371308653,35.8320633134138,100.28856471184073
597.7589931162662,118.31071963758723,36.20367675798358,100.81392130213227
596.9214989001513,119.46016904226366,36.517511826032006,101.35327670611252
594.0983755760789,118.47572116669258,37.17630835134348,101.49152105478123
593.0566743215905,119.04920756171772,37.74922378069985,101.98530689834453
591.2919465163934,119.15714748678172,38.18433215255339,102.55621801520414
589.3539142897749,119.47484889530526,38.73329108363475,103.20282992574954
587.3543406534155,119.59448625347953,39.33974817462121,103.60170703387533
585.9952825940064,119.72833474930744,39.756102189405105,103.82667282965696
584.7368012175851,118.54232646285186,39.912386269457066,104.3329907073853
583.4265296352751,117.98505279887037,39.97470785547911,104.9262063674482
582.6057507986774,117.34257904032853,39.71427332686943,106.14672723889532
580.8782479778343,116.41461623429387,39.30239473698818,107.39046176991758
579.1488361707143,113.3360835918804,38.638919156892435,107.77828429122523
577.7948258701713,112.25508705193748,37.991157964383945,107.27058127850549
576.5763007064934,110.8707173023538,37.228595912665696,106.12474949242505
576.0286191039792,111.15277909696657,36.5124738271667,105.30285348732312
575.1531094225203,110.4080571215434,35.698856482778694,104.15580661633109
575.712974053048,110.61865437644644,35.04234072508393,102.79661554022937
576.9530275570014,110.0651375950032,34.53947141859323,101.243053209256
578.694354208161,109.73231381999926,34.0533143168355,99.60314398512445
581.3826852490532,110.77185362199151,33.56664256479343,99.1008635354216
583.1245465127406,110.9552442435803,33.38635059466967,98.71866728592681
586.7644130479786,110.93953894708707,33.179874016808554,98.83727435567079
590.7055218219713,110.89628238221869,33.23673432297968,99.48135031347152
593.9043156513321,110.67999839725822,33.43593554746708,100.08895237426904
598.8601688850626,110.62426913523129,33.863740951343985,100.14694715246065
602.8890441281884,110.43708214868974,34.26938272278295,100.63768874875372
608.5053167048114,110.35907636212295,34.40589522487133,101.07286159632042
614.0093788023689,111.09623038044701,34.48075404672417,101.61101474512762
619.0630541470028,109.43271043662683,34.91716747183618,101.9176309820264
623.9412707201852,109.2752115549809,34.556953579011335,102.39320137846552
630.6727583968016,108.60681931302194,34.815052330087845,102.13192334712463
636.1849334555427,107.75763942089118,35.048326838765206,102.03386124589574
642.0327412223271,107.61616849347968,34.92336617427606,101.12948417962959
647.3711756311197,106.99075375656938,34.9010049937146,99.86582805583971
652.568156279843,107.72577813408085,34.99982819639007,99.97029523957559
657.8697336254155,107.94803092963774,35.148511235652805,100.0098909141307
662.6234611308313,108.61864189429978,35.59343926620325,100.12189340535409
667.9579982122528,108.79787835364247,36.2247276903351,100.54352256081498
670.9524173976605,109.11768450471162,36.57822549734577,100.56521818962304
674.9478996603789,110.33355988306863,37.05798698509269,101.06954478924752
678.7522338188423,110.62925080618213,37.44335248164235,101.56390863527363
680.8464948800315,111.71705257117046,37.58671378974494,101.82068959626378
682.0700210115476,111.49650120774294,37.84515354636605,102.03465824437774
683.3519167250417,112.0519344008878,38.23668986863014,102.5941222633233
685.0017017056005,113.23766762912618,38.49566049016938,103.44761160404198
685.6234797645044,113.20433201782392,38.533227533677504,104.12260264562005
686.2070599521794,113.26075776822466,38.540884482012146,104.68741101401258
686.7378006308593,112.84248376136802,38.51173494895516,105.14644302626293
686.2873252513015,112.39146428556461,38.38379629042247,105.38519934504198
685.2703497609189,111.81403433989476,38.18554641021045,105.95271536478822
685.7239171379714,110.99756055299024,37.72098940559613,106.87026856088883
684.9010083223828,109.8459977635558,37.23985510386606,107.14374106740053
683.5431627186786,109.27170110897983,36.78582828415987,106.47833973048009
683.2487376145815,106.76735424011864,36.500452697084974,105.1436687526263
682.5876088856274,107.59363387925723,36.043076513750094,103.99450789277562
681.7970474794154,107.33072271298575,35.6688961340355,102.83277348169676
680.5903772109059,106.78030632138162,35.45345535238993,100.9711984375277
680.2451889779715,107.3740293332441,35.11575528875607,99.76157566007316
679.2296534813509,107.1316520967047,34.89478756472731,98.14204703874583
678.7162257096543,107.45425924287971,34.50874349473988,98.32696272743675
677.9153022800597,107.78814051036213,34.211672678910986,98.63858980037827
677.6135630990459,108.56233995208409,34.08201146641072,99.05633285609755
677.33487429395,108.86707886315696,34.03442392624624,99.65248831661324
677.4168029792069,109.16588579673807,34.27027378367782,100.10255280085332
676.9401969724235,109.97164901086715,34.48621830304293,101.07991120307
677.059730754596,110.82350126639244,34.744486262064804,102.53509169415565
678.0943662877412,109.98553651476853,35.231660317539585,104.03895810004573
679.2294712593903,109.2116185292189,35.60728815805494,104.95205330128186
680.1050046968363,108.97479328109502,35.66360637017594,105.47949901599733
682.4255225266488,108.4494815155576,35.92022524393727,105.99888887874485
684.6010036297452,107.67943967227669,36.10750442415818,106.42583150543116
686.4061981488959,106.27033392858964,36.2381982925796,106.24696052095774
688.6191403720918,105.43879311593244,36.42877464635877,105.44171629292435
692.3304595628224,103.58559214960141,37.11814054498784,103.84975787783861
695.0208883595695,103.77930250142646,37.802036007066064,102.17121163822355
697.5033918827774,103.94063382357388,38.54877422279661,101.28067915187624
700.3908928562558,103.62819442686754,39.35742906371193,100.97034300855569
702.6786026327461,104.11705052329096,40.51135149452659,100.60758552571556
706.4936804034703,104.48778180949799,41.3745641018818,101.33134066284283
708.485549653476,104.53113482126267,42.37955078726473,102.14897323756482
712.0068489517504,104.89357293424165,43.260410766918376,103.2442491751124
715.1122923087576,105.03196479341138,43.931572182939476,104.2774241531383
717.5430189339367,105.10002753965084,44.7684798525336,105.18096722068745
721.7823028054962,105.22849629759716,45.456168060342165,106.28963553594104
723.4252516495809,104.82126362369937,45.889755416652235,106.9794603518987
727.3545342002353,104.53936397649665,46.568005004979454,107.80939256728459
730.8121462693401,104.87764234548396,46.83882508292585,108.76245530848935
735.2716474294756,104.02034272245162,46.7481823665368,109.72431351575474
739.1321793736255,103.44194304195935,45.711171422420314,110.77405120005824
744.769048336485,102.72123516732864,44.71447970031468,111.5788987010477
748.9296468141947,102.77748221815247,43.670685145865804,111.77782077834178
754.3810019307238,101.75267519409921,42.94539076058598,111.18746881540093
758.1402227927925,102.16811037400271,42.112208855479146,110.33361802636182
762.9750833979657,102.04628530139199,41.57651894090928,109.58405582932099
767.2536005450058,102.41317103065097,41.08088029197044,109.17646864356914
771.4925812894356,102.9625302281913,40.83304136933397,108.40912060218723
775.6613757577023,103.59815778048886,40.30502369897496,107.63366465163529
778.4140308331723,104.51351991309484,39.86711781820708,106.25882147539542
781.7907541746367,105.48750967709012,39.21961624559944,105.81054118236732
784.7586431848274,106.77523085235316,38.78703827938668,105.90600418348002
786.1702871128803,107.69742697770978,38.783339799730676,105.54553906346595
787.7508213768879,108.50577433961878,39.16110941983254,105.64862466553754
788.7354300808012,109.83930841342247,39.8052466949282,105.24122725233568
788.0628439838116,110.74486155094881,41.148368808337764,103.58061301958608
788.8129860572338,112.48116721333885,41.85617353631029,103.38201688302317
788.9946216468194,113.47953336533203,42.182620901622485,103.75781003260431
789.7078330991811,113.28252879364678,42.5132207353556,103.89025688816736
791.2262968550981,113.73866855844526,42.65259398760557,104.67002650426895
792.3808980107999,113.107132670612,42.40224077250009,104.77990492532884
794.5904155381103,113.52540284667035,41.830318850356136,105.00610609123277
797.0261162920912,112.2493992304944,41.297910891741346,104.80306051863775
798.6692275704639,112.71283769270998,40.79404364352845,104.70874496791723
800.5228347013447,112.58768946589092,40.37511988240797,104.62282777323611
801.796056687027,113.47970920490745,40.12186066827602,104.13738122027476
802.5422093627157,113.60164020160187,40.09998616788123,104.10924905953517
803.1164731024178,114.28622892034147,40.034006949165814,104.1646419440927
803.259066540173,114.77294770047145,40.2908036780867,104.31829102323704
804.4470455213658,115.09747552646284,40.621145974337495,104.75447573532895
803.2609433691906,116.62843207509825,40.71097303564571,104.26418119503447
804.2167719295139,117.00966335012097,41.08052252281769,104.64240372647095
802.864164655322,118.10191623105001,41.22739699856969,104.40815741171066
803.0007655169848,118.91912813725412,41.70805706017925,104.3302240205976
800.4063565333109,118.14243077726897,42.40273154150392,102.60178389979336
797.6835037346723,120.4745550920755,43.2220714771602,101.53862474771935
797.5258990061485,120.33257667401588,43.71439162110606,100.80211620984568
793.7884076219927,121.74056223640846,44.75581354118141,99.90820819731942
793.3019271347257,121.7665842484142,45.1392374316129,99.34790159863525
791.7820442342081,123.17635653092923,44.704388374020645,100.23189878928147
789.8695538740178,121.65549597657493,44.49906180146303,101.07268596473202
789.2154805617929,121.95875851289392,43.82806134930611,102.72554862364616
787.5496362537582,120.39544126379451,43.11774824113247,104.32113041321918
786.8093475121767,119.37909164924582,41.847580427817036,105.51709957935498
785.9005065100827,118.45760018704931,40.25447437277056,106.17352974076276
787.2565270407384,117.6702125747156,39.62019496154441,105.69605434172718
781.5057421000558,118.6305638965369,38.75220364753609,106.65778701989244
778.7018174344987,117.39223741193803,37.76728526319634,105.6166747055056
