382.5,299.5,48,113
455.86874061850153,300.2720417787014,46.51532638018444,110.1924589058998
461.5501861854573,299.332499269444,51.34847063140478,105.81775545319269
469.6871173738872,300.3645705405579,52.4441551448037,104.94628158734122
479.19148809349423,301.7803905425594,50.194881784202934,107.11721459664392
488.70564676799256,303.4572200741635,48.012065381251205,108.37912607863228
499.42997268454917,303.8540288484362,48.19284813370922,109.4014690565532
515.0145483858298,300.72889483885746,53.03258116107973,105.68180642690697
522.3869954289535,299.96908226345397,56.13484741418776,104.7058327846841
527.6416327270592,301.96558338393004,55.85319771116463,104.15218043348727
534.538844777326,303.600049653531,51.622170064488785,106.08985666656312
541.508771867659,305.8627546144452,48.24225240726004,108.58811598759377
544.5909819085576,304.97680518045723,47.90656624651389,107.11220759124156
547.4145482758445,302.819974615128,50.72713828488948,104.93905613034741
546.184563550883,302.2031270115682,52.42709242595534,104.22125986236165
552.0635080682309,302.82085572899297,54.22837220687232,103.58048255799388
556.4307121360072,304.22147962010445,52.519095773743004,103.94676865028265
562.7345748139173,307.2476692154464,48.7241450761258,105.02195913504423
568.1098619511215,306.78978807390786,48.23258969972758,105.18931906101986
573.3524939617271,306.3443786268497,49.52832581584572,106.3882941176366
577.300789981256,304.52194169342147,53.406996609429406,104.93136039019372
580.6276556163358,303.40688404225637,57.135040241613495,102.81240418983845
576.4637519787592,302.2396737610935,58.21480207227814,102.5632309067967
582.2125397270223,301.51719935756165,57.194322179694794,102.51328199066248
587.398391297866,305.4430629588515,52.602682667157836,103.9943938002287
595.1692145861015,306.47201109561684,48.990479450061976,107.4522169404554
599.2042036775201,305.5565844907989,46.07261708906309,106.18011910028653
603.1789449715347,304.33960910013604,47.863738901668505,105.3000735666099
602.337763335301,303.7818756939108,49.32816953262984,104.95588521338803
603.2655415861659,301.9125172577093,52.10942762516882,102.81407077475588
605.2954249757466,300.6454845199752,53.9142138207082,101.7199927012586
608.7989492247942,302.79895208631586,51.5799157956355,101.902079346684
614.6039218571568,304.8759494277793,48.20827657644263,104.38273918569931
620.9105341310034,305.9623487164669,46.01387717828569,105.13932436305429
623.8468984260744,306.9113706713134,44.20137312122453,104.90798641935706
627.9493697045481,307.1007532330477,44.77244775330314,105.39789754110099
629.2940050158924,303.28343726322254,47.79349760333184,104.06368220597108
630.4014426736323,300.3370441332109,50.50490803156522,102.40492618388984
634.0772995656463,299.23900095269715,51.77507573252271,101.61440594701696
632.5818972006887,299.6598086370423,52.657292243749055,101.70162352653452
635.9041287934541,301.5281601698066,50.974340193319435,102.97426551563237
642.4616791520751,304.6953883756194,48.50442780768135,105.0465979299955
649.2039175833138,306.51913559791774,45.68734462959124,107.70656617765962
652.1476393468265,305.44252020761627,45.02266988613509,106.94118400126186
651.7023747966255,304.886852695761,44.48411253977525,106.05166882431936
656.260442765992,302.29439984872806,47.06575625649857,104.53830944270157
653.9539819691131,301.51133078866496,47.15923481513083,103.7255312992475
659.3910139072542,300.5123223464147,47.15790977704442,103.27479268104716
662.3474455921482,302.78538880556505,46.335926801238315,104.38700069368525
662.3920253175006,303.22056025812975,45.60527826199813,104.91086788872974
664.6431950328258,304.3304701964404,46.146300018328986,106.08339105638942
666.4485539853194,304.863744151777,47.906069803313656,107.13986760936984
670.5880580064168,304.1834866375249,49.747842705943285,109.02357903708598
675.4062265431489,302.29115183018973,53.49472725876055,109.03613795114893
678.2885916115875,299.36225936235155,56.15303274352647,106.37436493394438
677.9387998589916,298.9970843732076,58.20348065911871,104.88191680317782
680.7845863860005,299.63490771154534,59.61430123226775,104.13958834807134
683.5984506045187,301.392250268652,56.478737645466225,104.48866561255068
689.3238823922661,303.12611366048304,52.83694608764108,106.23324914306703
694.8723753290253,304.5186436607666,49.364179631694746,108.4187144072399
696.2925474142116,304.4116203869098,47.11176500815513,109.42586023912551
702.8241354223347,303.6006936239177,47.10785222127893,107.93781305214277
706.3708305223854,302.4695026429674,49.71632054168542,107.29682558731614
708.7891973429424,301.3158106415623,52.860677923062795,105.93535773770935
708.5988707954317,301.55261695102223,53.86378929721724,105.90094709961872
708.6097948410436,301.5776893215848,54.65457966758331,106.08978122125603
713.3012475138947,303.29852029496203,53.69704930662211,104.55827862394318
716.9524004924554,306.5313255966681,51.14208307499537,104.6510939238512
720.7232413370423,305.99303357188836,51.13057993272687,105.88269509603711
725.0489843439539,305.531868945684,51.56672800551277,107.59735008353799
725.9733574432182,304.48643976451046,51.73626445888529,108.5182972997211
730.1726761471303,305.2789855461567,53.64223444241835,107.10138894394052
734.5242319674568,304.18500877490624,55.83097422693635,103.90641459184916
737.2523483951184,304.7178209459371,57.31639557693562,101.77605984397992
740.2535927894953,306.657267813671,54.77242505485945,101.8256968015663
743.4575168263711,306.9575059142369,54.2283441281721,100.93911717302447
746.8351421712151,309.1609449560019,51.065463710166725,102.42830813932957
752.9918029800112,309.5129521120065,48.468582293380145,103.98678028514522
757.9561965804727,307.95994605832544,47.64014547240123,103.20912492348258
762.9618776738215,305.7084549759006,50.46397310503957,101.92698993897923
761.6631560030526,304.9642286080024,52.89783111156113,101.75001558603819
760.6626851407473,304.0193688494727,54.20246642872015,101.12278044268194
765.6849164802873,304.2006395228306,54.9643468282533,100.50854036359001
769.6496635005577,307.11989274897087,53.23509053871955,101.55970571383017
776.1823343365891,310.7475304524067,49.1100889087711,103.84645015101376
781.8734530940192,310.91437720780795,47.8172011406149,104.5102767293607
783.4202768305545,311.0995892773286,46.62096525239853,104.76043016409567
787.4414693840921,312.43769070453124,46.72059369512789,106.38562177227587
793.0980702179079,310.9296069541921,49.905230047821,106.51501926295961
793.8099952597547,306.4527927286663,54.23192594267364,104.39692759072017
798.1690844018038,305.0071695678591,57.76168390735456,103.0930340273859
796.6225192896683,306.8000874045066,60.77969824976549,101.97826625951689
800.5491552120433,306.191162164503,60.08749102980177,102.35068380237891
804.196976422664,308.4697150813603,56.43718166024203,104.69222670752538
811.1781009298604,315.22359737013755,53.48344991116893,107.48365837325701
817.3951959146848,314.5249924480678,49.57501391643474,108.17504068319768
819.2746554125099,314.78288365499833,46.49206213727624,109.57467141058729
822.0536490241766,313.317070508458,46.67718843170411,107.53971063701746
825.7641580238706,310.9765322482709,51.19088379596353,105.34372197565955
827.1691341234126,310.349072836183,56.07961485875077,102.05422532589742
829.3672719996827,310.67534770994416,57.53375767386814,102.57409393431682
828.7588076647564,310.5083149921967,58.72221110757295,102.84450015632842
832.7343486048675,314.2514092829915,55.666721440027935,104.33419791964843
839.424288552231,316.31506082887427,50.77882495899703,106.03158850769256
846.7479626451387,317.2393676331901,48.623002423206174,106.37356718803176
851.0688783273246,318.0529059077386,47.593214439571746,108.26972548314262
851.8735521459973,317.23575484842524,47.20850872136231,109.56128179102217
855.3899966089346,313.51656815641445,49.55131311671577,107.93751947863262
855.5038838724953,315.2470625575093,52.15596060764555,107.19865978296448
855.8348024552142,312.3457837601427,55.282782537971855,105.39407445243523
859.9791619793519,311.8723574984012,57.21460735108563,104.96974918336909
862.7791741461455,315.3110179107754,56.31472015586528,105.40475002152363
863.7275299331931,315.37487138551876,55.88283194698148,105.60914835100563
867.7686180354742,319.26085604755906,52.66978492332731,107.75388129743283
875.6195823891617,321.08257347254937,50.556857871531065,110.88135480316507
879.710576498058,319.9114695244217,48.62851030544134,111.31656013117545
883.072782953142,319.1379971246942,51.281772451730916,111.22421114076687
881.7346043511631,318.38146220806277,53.159610044330016,111.63217760050227
884.5604712523618,316.15075389213365,56.69779857469625,111.31427256182823
887.2071566220812,314.9484354647586,59.284793683798554,110.96810141601381
887.4103344602453,317.77405489970533,57.99707688057076,111.87351461521214
891.9494491017967,321.825090139765,54.390188253748406,111.52171974697028
893.8629373597286,321.617868117044,51.832643924965225,110.56737197379348
898.7342514410175,323.2934421716283,50.19279705816381,111.98497214801102
901.7420142300667,323.133134476169,51.11783229778375,114.25934995100087
902.4323985416369,319.3200685110503,54.680588988974435,114.41027502927915
903.3132444689227,315.0230410952132,57.505622369388135,113.51905840709588
904.6712901858989,314.95223395025,59.280773344188276,112.38132217784194
904.7155691008285,314.56984405672165,60.30780489459343,111.55289126772463
908.3350513800574,317.8501326568568,60.23800594740261,111.63982698020462
913.1554760353749,320.03536321494266,57.30138026958003,114.04210193657306
919.9036091824981,324.9780139185284,55.85116595439851,114.88056018058568
925.2088641250638,325.3489613784461,52.834181955803004,117.67081386037495
925.234651515198,325.48188451060764,51.01921532315552,118.50177293014303
927.3960802130441,323.8763853252295,53.34035082831174,117.7274030490988
929.3165742071285,320.6829612924307,57.70883645006741,116.70963094410305
927.3654877361702,318.7769502622735,59.71338275357142,117.02839357448595
930.110399403494,319.5904630776144,61.729483643777556,117.63804129890664
930.6590923591356,319.45989113631117,62.689242135951886,118.31570866788886
933.5680769455258,325.58608165929184,59.04986707556763,118.47166807602906
939.5743536764469,329.77672422425616,55.402466926408536,118.41563834008244
942.6751463366081,332.2870278373807,54.32834065531107,117.6126467182339
942.6851451984307,331.97624089767237,54.926113245882405,117.3665095304509
942.9613656253524,333.32011630666113,56.50398817267857,118.31434115952536
943.0024850206357,328.8457413326322,58.87854960450895,115.62314226267357
944.0477670348859,327.73276350034945,59.89563394865874,114.77630205931912
944.8195631279708,327.8513860870158,60.67304615320543,115.71268116310134
950.8919562687165,331.70053798476704,59.812325118295924,115.08579994450311
948.7971460780179,331.48865965360187,57.77689361981046,116.75703568798733
954.9762246119058,336.0995744263265,55.89600286368027,117.80303985225493
955.3721188008146,337.7686001124395,54.33305096266535,119.9687092403743
953.7039535513665,336.8017377305147,53.74815281432962,118.38551772919959
953.5502292154766,336.53000647003256,58.298125156305844,116.66672362784936
952.0746531042421,336.11441730458193,62.02546050713185,116.577988905238
947.0956324577394,334.43274071457273,66.5205963931854,117.34655615653028
945.7184298532691,333.4283645497696,67.84014471049382,118.42697788587483
946.2632376825096,337.5120842741165,65.83498680710153,119.50628831511077
952.3977160686379,341.6979434634824,62.48187495214222,119.12543898163648
953.2181495916388,345.3433486115576,58.533712822140885,119.55303965426658
955.0741143804788,345.60436794094767,56.151699483245736,119.3614523647721
951.5098671578094,345.09254691847644,55.911038521632776,120.93524635387493
949.9877092892898,337.6496678276269,58.59043650354478,121.71388402165809
944.8413635449226,334.5565158022033,58.625641648895396,121.46850834685827
943.6351518928113,333.74751894716724,59.44486152771061,120.88587353787214
943.9091203888402,334.6093294556803,59.38284544171974,120.6549780123697
940.1998320912456,335.8845476594967,59.73454324128506,121.07409006855833
944.6547104247234,340.44867991764863,58.70611849495356,120.97271726062854
943.0690710226745,346.0969758262146,55.62946152710896,123.83555308631884
942.0246302044981,344.93446747653167,56.11931016537682,125.65629196032917
941.0621147113892,344.5086154108649,56.757807319044524,127.06842745286127
935.7501452060509,342.838274207395,57.6414137262666,124.45576646838252
936.1902631642153,343.06656115935687,62.459652217133865,123.24569615599626
930.8762779837151,343.3077059462426,64.95185368775333,122.87652798746865
927.0292637959137,343.89087366776,65.74987166449128,122.45042936322436
925.4365491156293,343.70783108770456,65.9289064003502,122.46167507917475
925.4078806038976,345.92008293925085,64.4491558641135,123.26542378697079
931.2683994600375,350.47026940096924,61.86688825528837,123.3610461943446
928.8844143353224,352.50759013906844,58.48183478493087,124.92544661878097
925.6969608600336,352.86360968475407,57.312171289493975,126.83087326189153
925.4688191954474,352.4762267762819,57.07930631181996,128.02503443620623
923.1580035250875,348.95921221773665,60.64265122408813,125.58439695783773
917.1847059403021,346.4328509034458,61.558461786725175,124.08661585564546
912.9563967792647,347.5487324413254,61.42014278427634,123.08809195377543
911.1421870554063,350.9564295024117,62.385910454725575,123.04509582659796
910.4324675878205,350.80364748301184,62.985780994282585,122.43910880710526
915.0499296990373,355.36868890834353,62.70703162231277,122.72051735048487
909.2560231618334,360.07467325767874,60.234088013371135,123.98889609444143
902.2039037431922,361.6824184767639,59.39658967566566,124.76727090781223
893.1561877690245,360.1536491983702,59.941494051369055,123.79587641635132
886.9518550232984,358.5348507540714,62.741892712376966,123.16366367741605
888.2167896859628,358.24552201515746,65.23802817830799,123.39619447963813
880.662809533884,358.14544230553366,68.38683912180875,123.04298121774478
873.8581442527786,359.4750758519374,70.56791651019147,122.62845318057092
867.8620573648208,364.7651484494474,68.41150210556523,122.83047255922028
863.4814204380647,368.2589438361437,64.76148674398955,122.33788453240967
868.2888414915315,367.68141849529815,62.298791453309576,121.90998664861772
859.8783080447583,370.4161586967647,60.26701601592333,122.72311094005113
848.1434225621515,370.6705553131676,61.687527795345886,124.68760385913124
842.8077455825495,367.7210552371462,66.59915904489417,122.80029619943701
828.9224274769318,364.25400762777423,69.88487666176903,119.72255250521705
828.428279733602,366.63762603754566,72.15911601420487,117.6001926426139
821.6437756139926,367.8757630430092,73.2330547496395,117.17158136667213
814.0047954937049,371.68758110561146,72.3993263763232,118.07034705116003
808.1930561480306,377.67159735447854,68.33522591270378,120.86093767659489
802.7853156560834,381.69910090294957,64.49211848717415,123.24148794507025
802.5794607430003,381.55259040824194,61.55107300518925,124.37991934107507
795.4989177836109,381.66712733161415,60.36849666200503,124.4281960392601
786.7183859942998,381.9661732095741,62.64311939132321,123.6683657982424
776.7241170502821,379.38420548083826,65.53586260162399,121.84536134864001
767.7095830975079,381.59809553918865,67.76991040371777,122.36726680551709
765.4853923210785,381.40991930014457,68.65945048967292,122.48365088360381
759.9940356702425,384.4426216758645,69.92416051833473,123.43057523372651
754.1625522892612,389.97553404373167,67.9715657950068,125.16305124109515
748.4340843607793,393.23984095198927,63.71579127141648,125.38740668956402
741.2860144153487,394.72441665496365,62.45711300889624,126.14129944064348
741.5212430517956,393.6184168211356,60.56087985042049,126.85620102003503
735.6076727309448,394.12794976119176,63.51802537493452,126.58633697412462
728.2249166915847,389.3608570677819,67.36839825535156,123.66644750132515
720.6232738057264,388.79586094702336,70.39720931088172,121.51835856417715
717.4795944246641,390.4254840787296,70.2400285260396,122.32088369358686
716.7709641094611,388.8442929708568,69.43753422213469,123.09227708258074
714.0132725490128,394.18747923798617,67.0059163626543,124.20014359251154
714.263539689742,400.2834012586345,64.4996268951149,126.15839644452541
714.5907446976863,402.40809610750154,60.065937647200954,128.03555551388115
710.1833539348206,400.19440983911744,59.46423529384319,126.74543070186394
710.0620556943726,400.7728144206008,63.01685436728361,125.94623999001564
708.8539464589667,400.64789751871945,66.09169695070165,125.81122624219412
705.8764706532592,397.81027186455924,70.84361881033897,126.29808300400583
700.1786871470931,398.82109146198286,72.72558547324488,129.56663498271206
698.6619955104635,399.25634080240025,72.30502144082467,130.4311638535283
698.93329913435,405.1703526797746,68.6593420266088,133.3030264208009
700.2296188930432,404.1840990242976,66.66410728722623,134.7944397588336
701.2527523820761,404.93484657485726,62.60890247346708,136.12730382672066
701.925313409072,405.2699556760316,59.798529808169945,136.70627249780796
703.2080916953998,405.43545870326386,58.41584600773113,137.14678246840984
701.45515450278,405.64810689118383,61.4440538361355,135.3855686197305
699.9922653502883,405.9830282865431,63.42974088879201,134.7091407595455
699.8047913242661,401.1738392442677,68.42104722101809,132.38855876871804
694.243062080771,399.2856622455531,72.00659906127996,130.86901957385595
694.5308191129333,399.8061116257839,72.7510362928081,131.71196614267896
698.0226203797127,400.9733262143808,72.36609136728134,133.24821062194883
696.2937559619007,406.1792248845653,66.97961530025655,136.62352170290544
698.4279558980041,406.5647796088476,63.15028887146231,138.9361517734602
697.0921775633902,406.50810243319563,60.9559912773845,140.1093410818869
694.3330264546789,404.84687636411854,61.012838149653334,136.83258248090533
692.6829541819476,404.41229496384267,65.05726464272871,133.64803672814293
687.5685276001274,403.4335890783982,68.79374100201751,132.92281796009132
685.8287825204043,403.05115265481265,70.91109432064331,133.14374293176274
684.7764880380363,402.0570930685143,73.64172100224485,133.82990306657877
682.5934207845742,405.4327255345771,72.39543304289096,137.3340778927539
682.4099193232107,405.7518125673665,67.68664603718159,139.68242244861977
684.215613916053,407.5158181380809,63.25974914151706,139.762280693864
685.6235901030036,407.97862079341456,60.24923057737307,139.75547096882894
681.2043153878672,408.3020090700971,61.567156800553576,137.92139146841956
678.5630952366128,405.7574730122559,66.54816070860932,133.19849382702185
671.8426224010759,403.41642540129715,70.66637536161674,131.0473909784132
664.2551100194628,403.70767149245535,71.24623391848318,131.47688934327698
666.0354995606693,402.94695033979895,71.53354906099987,132.01375935721558
664.9312881892231,404.81799444990145,70.95406730293104,133.5816028920765
668.3326116017138,408.5840868047751,69.814149264418,136.4208581161061
663.7540206138154,412.213818325106,66.93356764463384,138.1808929468432
659.5880251588787,410.4549518357232,67.05194885907262,136.60314119202724
654.2691207065529,409.5598352111937,69.93559354482161,134.5122902373662
654.5857894334353,408.21375115615484,71.38164780896767,133.24095141041687
649.0299652233233,407.4008263486319,76.8054467075547,132.7754852791554
643.3767469791994,408.9421734425466,78.2019110049456,135.27672825944734
640.71173726292,411.78575477495644,78.53668831866885,138.0403111772082
637.9420750203662,418.40935006590735,73.1402332322433,141.15734026083373
639.5554628483095,416.8369036534473,69.53108576329791,142.48809920323134
639.9298830338968,417.4489544887987,65.44067048482053,142.32964954535356
637.4739176813066,419.3106277407368,64.37863506832713,140.0121405773354
632.206494136391,419.03790307808276,70.96309849498091,136.7335370919746
624.4466671073791,415.6582658932424,75.46677469350774,134.4619686805884
618.2814588373257,415.5246013850365,77.30856856820925,132.56894022171952
613.9708275580499,416.6761543551031,78.71377001149582,134.2734899021611
610.4001453566774,417.5826432500315,78.9586223826857,136.16848869197054
613.337143319809,423.4311675626162,77.1211097442337,139.70163511227219
607.0250502734596,427.17188820995074,72.15362293959387,141.31937690018378
606.842029386562,427.0911808414869,67.44116587305687,142.15967584531376
603.130071623971,428.48721425418546,67.27615222190829,141.0888053137475
592.9678326405414,425.22581368769755,69.39574279863085,136.69809517047824
587.0726420449195,427.20642089541684,75.07288279419585,136.2109973188367
579.3340627304459,428.30690867848966,78.26626704722749,139.4865790074823
575.3990987651287,425.8593667241796,81.26725414763125,141.243250678935
570.8628455152945,431.42466225898477,82.64168296861929,142.15356365442975
563.8358009805384,434.8684721249002,80.25201211991873,143.28080026109984
560.2000790591406,440.1784970900086,74.58524929004551,141.54521173377609
558.7161140359752,440.6059673899149,71.63668449003247,138.73724412399955
558.2820484897591,440.9478219676313,68.88743043346257,136.66857789344778
552.490941919402,442.1731554927634,71.39976785701387,134.48078258543205
545.459548416992,440.039693030318,76.29989998512463,131.25321736368585
531.9357569115019,439.96291548796245,76.78299363148079,131.97251506028203
525.1952901816461,442.0105751269125,76.64965688092641,135.29073137732206
523.9171851599048,441.13607135842807,75.63540326702991,137.1203777774373
517.370228416151,443.9324647138838,73.0961132480677,140.5709012319311
520.5989844532053,447.18878349319584,71.4896906514983,139.92746676397468
509.6899035121982,444.8891131558811,71.83466985528966,138.51948608087721
498.34140363590353,439.7222789537553,71.33617972445623,136.27920276393738
489.47306655020304,437.7834219048566,75.95456490202173,135.90568376084371
488.52722549494996,436.01190871325446,79.76323252430768,135.6848413353016
481.59463893060195,435.41157065606274,82.11614903068921,140.1435037568292
475.1750622600731,432.0391234052153,85.01405538535778,142.9468723223973
466.75108375748925,430.7715658512594,83.65066290322073,146.35686071083438
463.84095399148964,436.14314415177296,78.26455589621852,147.72734680237323
465.85747941172247,435.0152666494042,74.26789980458962,149.1985487561157
466.0034067934644,436.2137237363224,70.22438135626076,149.24795297026466
462.88577970247593,434.53026423372734,68.17899398245166,146.05769490865177
458.75897010834814,432.4272759207002,72.78380802925822,140.63434185330956
451.0921719486291,429.5357257520048,77.78505552514896,136.4613426805075
449.51536970530645,429.8214781814552,80.43669746926035,133.84430678713713
443.0511697371429,428.76338618817454,81.84915292469151,136.0534991131035
439.06521095444606,434.9848563339801,83.4819529630771,137.2390683429768
437.6228835451255,437.2400577542952,81.1650363171797,139.7982889726529
443.41248161499414,437.20723832514085,77.14462561597999,142.99126480987402
441.54452089141114,435.180552704501,72.99754096725968,145.40274004170846
437.0311753402235,434.6625155952983,71.78479401268925,143.55923066293067
432.2427153266716,431.6974097493144,72.6039921388531,139.7738270823765
428.51840985999854,427.48330873857003,76.02414113906318,137.3770760246416
421.6205823661304,425.79597606546395,77.50384096475116,139.08787914246017
421.4663479595131,426.46138945507465,78.54409912849547,140.22580093272734
422.21279212425077,424.9293880702702,80.06695262412386,142.6925213522729
420.0834817818687,425.0912049421721,80.77010021966971,146.60240382474717
417.2342262896274,425.35358640599384,77.63849779320282,150.32025612003457
416.11548970143355,426.6868901286454,73.33244050541802,150.6755529048493
415.91107265392907,425.30528079464784,71.07855296651593,151.28458150936785
417.02601768416065,424.4179848495852,70.10729616201127,149.6541438641995
418.68563447313727,420.9499014759091,73.02849723066453,145.35885862333163
416.15143237464116,414.60076988134625,77.4158026088777,140.7720666519348
413.08849849446193,413.666123124627,79.50507645520415,140.62527930905
411.93391005925446,413.882829074955,81.1735912515301,139.91963979327605
410.96869275375974,414.9368470476099,80.83030631334042,143.20032197617059
413.70802934655217,418.4798409325828,79.7249541841216,144.82817755186682
416.89049335940587,418.40160430183676,78.54266957195782,147.01869388701317
411.85996207643797,419.0502750256917,76.92899897596735,146.03108717121586
412.57862594020116,416.660030588084,79.54261319256327,142.2657558102252
413.18936841746415,418.0540743184289,82.19479142506424,139.69547892072916
406.4289986263519,413.72541078425155,81.40253509664427,135.957998173532
408.0289545298714,414.23962211381007,83.23046104290121,135.58315492830582
409.10898107279263,415.67835603069847,84.92279347799378,138.56083493312155
409.8961381307336,415.7039186571052,86.1135323959405,142.57194503568536
410.73914316200234,415.6333618036324,87.69873753382731,145.08586433802878
405.3467482490356,415.87365019891547,86.35778158644524,148.1308987096483
403.96937166987254,416.26973631572434,83.05392001393652,149.13456483204862
405.94055388275694,413.006505975382,82.02828360788199,145.9581484680556
405.7718281796927,411.52335428371003,84.05420990758041,141.485042118581
408.2729904340296,414.5227298778555,85.06210497288127,140.4021744713972
406.93046492743514,407.26749791398504,89.00222595715476,136.200880739226
404.31775933334995,406.24836134681175,90.09545073251384,136.7417645570138
404.9534930401201,409.4131593312921,89.53224480884167,138.46094902933723
400.56325557766763,405.70163780608306,85.83366146806064,142.4930468836036
400.9699898319548,403.66028120362887,82.97111807125688,145.67698373610648
407.4918955464243,409.2184780385039,79.19453095414657,149.05225209180801
404.7583158523493,405.01600424582455,77.0381489871635,146.90527020328977
406.541105010834,403.7382707003188,80.79070545489262,142.09607607756539
403.14995630991984,402.00453771719003,81.41180090283291,137.25918165411343
401.5969451873957,403.4592551645552,81.13874833594585,134.5743061707896
401.37535342547096,402.5432173372816,83.77561214620272,134.3124291695447
401.8297559949261,406.532620685525,85.44514396140939,139.84646846609982
402.45662993232025,403.85949849346713,87.69528826992484,143.5427412458683
402.349856042121,404.3267567130227,88.28236882238758,148.0650967931464
400.63415499542566,404.37310673081697,85.63461165598204,152.28473415608687
405.0045171938219,405.73117583284903,85.30114910763923,152.52812463663884
404.10810743396,406.00733717833316,80.69563603153787,153.1933398256145
407.8525373051188,404.06398232369804,80.04349914001992,150.32360698804024
406.55861283405545,401.74657671178306,83.92913527163029,147.01444228642458
405.458158505321,399.78455069347206,89.53514165210628,143.0965396149473
405.1394167334991,402.27457784218143,94.24844850278748,141.22268219786912
400.0179813305542,400.32639953298445,95.43400825063287,142.36694049434834
397.5188123239891,400.60124721149333,92.14555827700764,146.4938851710525
397.9407269605539,405.2333297316684,88.16089181134271,150.45680429055352
404.03450236913045,411.9782994700475,84.18567371971452,154.9891655340101
401.008433651935,408.1361955412586,81.2535954177163,157.51867645021215
402.22238481944817,407.6625414363149,81.25888724315126,154.9426697072493
398.946178312709,404.97734698009015,84.32997606076785,149.4439208557217
396.02061611391787,409.5909798103135,87.72938904210557,146.12658065609034
394.1985486791194,411.98309429429224,90.7811491100667,146.6264379155499
392.7859856054529,417.09532848338944,91.85183006220174,151.4828611465474
394.25683326552394,414.87238573937884,93.24346966485024,155.07728325709292
395.36696264603546,417.7344551149278,93.76826038045068,157.90807233192268
397.5944115067914,421.7785494902675,90.05291408391892,159.94631027802066
397.9899787037577,427.1194927818483,85.31190385838241,159.68309816385315
398.0425799631836,425.9558432090064,86.98495286827048,155.64803921627524
397.20158054992385,427.21777557311617,87.75831125051133,153.2798880313516
395.5300023566583,429.783779288603,92.33841231248783,149.33638326971226
392.6924171567629,427.42684060451944,94.41698217974704,145.3250657068492
394.6756273314189,430.8146527080921,93.31684095564862,144.79523722647986
399.84869265502033,433.46461617966025,92.67332127798916,146.73160693709124
395.0242316096574,431.4419195462628,88.8129202485978,149.25526000575076
396.0270668065357,435.0698953006066,84.8321152437116,153.9660796228565
402.6047471231838,441.4583320928015,82.72146000134548,152.24346438502434
410.82247863611104,442.3139061162974,83.62937122781035,151.2981873264016
408.31547673211406,433.90578592814103,85.1142729487834,147.6894685199751
407.5721604106327,435.2629582072526,85.90237146069606,145.52967454988283
409.9104006392411,431.13903803944845,88.7190984581606,144.01287026268847
410.9219332567292,435.41767075311543,91.02880023291955,146.01688317855525
409.484566830472,435.5626362706602,92.64709983691414,152.33787829474124
416.26352834974557,437.7132145353527,92.6201159005398,155.00964504416498
