708.5,58.5,31,108
706.482110650291,58.238390831255835,30.34111565162754,108.64990240712181
707.2722270163596,56.536291550517205,29.857097571551726,109.09749648785566
707.9463946129523,56.04784512601006,29.556616086633646,109.6799622459867
708.8216873910037,55.92780397921203,29.43154265363865,110.41635694922212
709.7687599361813,53.93703923954061,29.526247322385508,110.9600426289739
709.5327357069976,55.53332712078635,29.730805840824555,112.01697143267504
710.8331380129504,50.47753522990771,29.86569849835876,112.887813484696
710.7028157291726,52.38596105201004,30.257092753466747,114.02120579038147
711.1638838106137,49.390134377768945,30.579054419449733,114.34337118567763
711.6497424484436,49.58998482249255,30.95056059635798,114.93887301639566
711.5145811454842,47.06267071191699,31.38845701190047,114.79123168340861
712.5224587634912,46.685871326374354,31.76744045005023,115.25360484233033
712.8902771341743,44.76239181866952,32.37088881076525,114.39536223191602
712.730217937099,38.6638142956615,32.511162959601364,115.10474147531976
714.0764742585192,40.79226287063401,32.84228761153037,114.56227608807005
713.5282391134115,40.35232910797484,33.47552297051526,113.83665137915835
713.2257780543019,39.86203836649521,34.330668397535966,113.12217880785735
713.8437005310836,39.8666545101392,35.062147224032394,112.79514868092781
712.9270722139396,37.15565028718786,35.4350031577512,112.6871812357172
713.4696107053593,38.61560907881156,35.31163561466628,113.24083519139498
714.1087075558987,35.613461354271244,35.288195264798915,114.91453514715896
714.4656998158964,35.614846822417334,35.27457777828523,116.30520946423897
714.6859742911499,34.475604494874794,35.08142480515613,117.46129645811494
716.1728071661047,32.64694386937754,34.71260958587091,118.73757952017513
715.3206639347283,31.49898075403481,34.41243809803183,118.92999751683654
715.5452956387459,30.705370957925695,34.19080363630079,119.70906711563512
715.6674279985841,28.932197364761436,34.08965440729926,120.23378163060744
715.7854822851818,29.46107776854759,33.84948522157808,119.6037905733918
716.0990069570651,28.960688501551772,33.51401351500719,118.74578002104158
716.2728211770001,30.117298686697644,33.32876067428304,117.55925826391665
715.9622685393764,27.424218213011557,33.30148042478065,115.20575036515845
716.4054181215852,27.661111664580233,33.04518530871056,113.39498586096977
717.601559197649,25.553361473536924,33.24691947013586,112.72633287696752
717.0951306472546,24.17108775968061,33.39602420581232,111.4176033080676
719.2392802139381,22.27535966639664,33.38114874416777,111.75458433022209
719.3992922417652,18.798145512801412,33.35932675612709,112.48541701821088
719.8702212508164,17.224572891645103,33.290964316790735,113.53067884911603
720.1081041820674,15.933733954005845,33.483719024089915,114.49590271915315
721.6938590265783,14.077196281292181,33.66254469464153,114.97650183014444
721.193625175212,14.580948256576235,34.046806168640956,114.91446678216423
721.6976993586276,15.912932535442508,34.32330049819048,114.69335095995109
722.1063351159287,16.83598283608177,34.80714270829685,112.82297968073351
722.435024780536,18.467066334403206,34.898042831406194,110.84133276561072
723.5269480653442,19.382826777275632,35.008803662684045,109.2734068648741
722.1309930579346,18.55557714836592,35.36335076818603,108.58041390467595
723.991025429145,17.39285866798535,35.80377272391593,110.02858255107552
724.614383861663,15.710743423072245,35.85985615661703,110.95115764348657
724.264371531637,13.124348599341474,35.89157148572861,111.8280021234066
726.1709222104569,11.862715623934392,35.563424723654826,113.18052031726276
727.7034987809741,11.171743555073057,35.14182889272475,114.57507587301659
727.6575305994709,10.865446214840397,34.82558570436818,115.30411179587874
729.1196176153878,10.981663196139223,34.147575756015236,115.82234588213973
728.8886996731297,14.201821889330944,33.7789963916604,115.9076494331037
729.1726499227059,15.541934848773778,33.740218304712904,114.46446808704823
729.0478522787522,18.11255724326776,33.36406466025872,112.69751352595028
730.2350012632965,17.729006719248297,33.07024178310449,110.97663706925898
730.9422801326458,18.142628648435746,32.86292760615044,110.23755249636983
730.3274945704846,18.271852570266113,33.11861623411578,110.19031661719713
729.813716307965,16.77735060761882,33.386330184558574,109.70639249531153
729.0080279155414,16.707295913975145,33.42195852580218,109.80959292449165
726.3842774544652,15.415340868192473,33.56954251298776,110.08757073265551
724.0498222990411,16.707594487840794,33.705373676496905,110.52855115472056
720.0282593072094,16.685250558384787,33.901634483005815,109.77663700290564
716.0684304037314,18.013884537336715,34.14523828910719,108.95203091214351
711.8780659129387,20.95668749547407,34.045031220277636,109.11943641325772
706.7099857860162,22.51590454593986,34.26279280774094,108.08515644135446
701.0938573229048,24.07378659002657,34.48427702888549,106.977159553651
695.3927036758674,27.619872437532962,34.742675822288916,105.12793877492851
689.746961608615,28.849812433300528,34.66431075177651,104.56741431413221
683.7347292110694,29.3349944303611,34.92701006682642,104.59272999654381
678.207355744855,29.06032469355049,34.820509745837114,106.0913797728994
672.5392289170081,27.561364884343064,34.63109621097925,107.4966850982158
667.3668172471118,27.707610526385736,34.55113202940959,107.52811996492926
661.5036985682929,28.78070410587349,34.407517321007425,108.34725100892616
655.822915613115,29.68993263246975,34.250184267434946,109.4427999505304
649.853117404972,30.662737187210794,34.12358996411642,109.77334893545444
643.7038270313988,32.716416433854704,33.665104938252696,109.32476148022204
636.8903295411894,35.174714555231176,33.678537334748036,108.62845351414146
629.7323597848367,38.000786724205895,33.79389338950661,107.04329478333923
623.2119948081152,40.00864643342666,33.70194435735392,105.61239635069177
616.8655640036677,42.02851135742944,33.81495004736453,104.71443185875006
611.2605865948249,43.96021335149625,33.91705192925923,105.2280601505847
606.1243042961521,44.43359604932361,34.14344343090161,106.3769108571486
601.928869387476,44.10052927637493,34.05901245937449,107.29298999890645
598.9558765081858,42.768691861485564,33.7731638063338,108.0426396411928
597.1016273592849,43.66631255245987,33.4532888627111,109.68845021923565
595.1415296303696,44.41245170887633,33.32163257112141,110.67365899365248
594.5091841335384,45.921627832268825,33.067783301607975,111.71985142460187
593.1628300572152,48.151122501732914,32.85204085076923,112.64528867945421
592.5687519295531,51.17500480809886,32.73833498546516,111.8920878370165
592.7399846812493,54.135854417045394,32.74168004444482,110.44995805424307
593.0725495727266,55.963063144021646,32.39544953536266,109.05872061776188
594.095223709858,58.711132254164724,32.35056403156172,108.40583362580824
594.4920876715398,60.1213802357377,32.51751611613284,108.73757293220879
594.7157517611023,56.743382395381744,32.786804090724914,109.63803215204425
594.8515956014381,57.52869987258581,33.0388916895751,110.2559297885022
594.7810761800836,57.812150077896334,33.06811368645015,111.43794242757903
595.3797952602577,56.29500289968837,33.13382383390211,113.22356274892263
595.4670094498651,58.880065256156584,33.35208521918691,114.39329084589221
595.2653810154915,57.71333558376185,33.48966955322997,114.35429364008354
595.4144732868066,61.457188767941545,33.47520514628845,114.73689280990163
594.2212628090624,63.305176467854295,33.87010629300763,113.69969512385177
594.1250001770283,63.46995083565489,34.04464902759967,112.30657398148178
593.5086198297502,64.14590775680814,34.3419753807252,111.19381915697656
593.2794892468951,67.04827999076238,34.67604763899078,110.46306408039497
592.9217666114902,67.37755617009883,34.555426067721456,111.21242719470641
593.9869090147511,66.76485129452216,34.12684433279412,112.68453517636473
594.4929388360906,64.88757811029356,34.132480713102375,113.33521997446366
595.0730649683803,63.79259591962827,33.839075009954854,115.0673118756402
596.3773886805353,63.80914088192384,33.498481355710084,116.36297721056292
596.0703584800178,64.1730495575086,33.764199189062865,117.36408413383796
596.8065466094089,65.00029115398344,33.616020103399286,117.71802307719506
596.4661824110772,67.39246726219224,33.960799168540646,117.32371888781603
596.5245666676495,68.96283557953022,34.209856785309356,115.60750095755444
597.0730665996919,71.04469137034908,34.029593822031174,113.60401381363033
597.4391792749259,72.58427363084853,34.19253623956461,111.82786655127555
596.9365280955448,74.20307857564856,34.55790340288091,112.37351009299567
597.1296776916536,72.184140282314,34.56192349844025,112.44716949369067
597.6648817935139,72.28775112326788,34.519840017963205,112.9328589598542
598.2531745087691,71.40369216170758,34.370658538143914,114.37219620207995
599.0332135516201,70.91017027327813,34.1051642498968,116.08282701507167
599.4161689743443,69.19821110832369,33.890551545928005,117.48820067106087
599.6198643134155,68.90143950950504,33.84212271819033,117.98017193626313
598.265546991601,68.64904271639571,34.2704584135314,116.60300071973978
599.2928690561312,71.2501509695399,34.10259561934805,115.14171810856249
598.5576048741282,72.78068994630145,34.373056582421725,114.3892348587137
597.8045368549897,73.0128156469357,34.35334578174747,113.12806369435698
597.7784321792494,72.21797056782228,34.155228767995695,113.07924112198538
597.3948773730258,72.57504304598012,33.96489246092926,114.07426555348707
597.7084417962099,70.54558594691294,33.79872698297682,116.29636820911045
596.8871283567354,68.07139517437571,34.066798393366504,118.03371903252048
597.5106091196059,66.0490713511737,33.933001650149635,120.18906025287625
596.9077023492072,63.97013979981827,34.314637031710156,121.7523129029351
596.2090097866583,64.37148466253711,34.71526947745991,122.8876559238124
595.1871493899525,63.613221309476515,35.19685910441336,122.883988695493
595.1546037495549,62.619897025078856,35.37833141201313,121.08810552600707
594.5532053420375,65.89403030009086,35.10004936390397,119.73776645095866
593.4725769310945,62.68629149812388,34.691076178618154,118.04089645204837
595.2250219018443,67.58806332772333,33.98887507417005,115.35842842303745
595.5385213496949,66.9899353282225,33.688525874103746,114.74289514782342
595.4915911022284,65.95325022013206,33.84974770896335,114.69226982147805
594.6853310187917,63.644875986640514,34.160416603253985,116.25511804660934
593.5904357603245,60.61595777108715,34.07900384069301,118.37974434320984
593.6138217841171,60.0694626355604,33.742966786327045,119.874185337673
593.5281297526323,57.182625884849,33.84027084400874,120.69513962751742
592.5133939549096,57.99411725644931,33.91331116980827,119.71591351235331
591.8511060523696,56.79560222826813,34.14867634542513,117.76933661986313
590.968421589424,55.50190714665003,33.78896087113935,116.48785318690793
589.0726754979847,59.23306635275299,34.497680799074125,114.03871073905746
587.0601321657423,60.469207674914,34.911620059841795,113.67205396257907
586.2482866923347,58.36848133245823,34.893090390316445,115.19588361396706
585.9236557252119,56.09953862925949,34.77643961294172,117.54678424291397
585.7591408869966,52.89407561837071,34.480612042496425,119.211910246381
584.2484573787319,48.902061411858554,34.47617000941946,121.23755033085305
583.8863993664977,47.64949075394199,34.58027899577158,122.34177197085916
582.7579504160076,47.168645416708806,35.25422129792051,123.17793176165567
581.125050590993,46.32713946850288,35.396708474652556,123.60055731029684
580.8837305398546,46.443346896052844,35.17157465305566,120.29842218694739
580.7766406106339,49.115324481131296,34.64095090403322,116.66338213119326
579.5438008511034,50.8247899020668,34.61575303318626,113.79288977875936
578.6637624353999,50.403113721180674,34.39632468328073,112.6111926925183
578.6544611866246,50.72821004551764,34.22889779133067,113.20371730992713
576.1463213919952,48.41509611251884,34.78108512595077,114.34070858267827
574.4628189975376,45.91203165238018,35.184656172342706,116.35736225271145
573.3236100957523,44.19580779012248,35.62982226120689,118.04259565990507
572.2410964636746,42.90098925832879,35.96258712854994,118.92817646052248
570.3898896829209,40.531138156338315,36.363241923883244,117.25324252940212
568.4675057224508,40.10812336548189,36.47268999199414,115.15140447920274
566.7586672803677,40.02908404429057,36.685347640549594,112.58625824327422
563.4421385879784,42.191262811104345,37.00231730254972,108.70187048770758
561.42170766149,42.761451592650324,37.13989627474352,107.42034972183394
559.7709265143299,42.763915922710126,37.22444497157549,109.4059457113344
559.2683491278302,40.33158379909903,37.130992681281185,112.0968445376429
555.8870468112628,37.35759389953075,37.850355813561535,114.7835499990109
553.3443598694774,33.15586948887234,38.19938679018044,116.99202201368709
552.5271580177148,31.823466727269093,38.409528566101024,118.10182115204404
549.939498814106,30.522429354510223,39.208294391531595,119.15392467468428
547.5294560674581,30.89128839163679,39.64429947482353,117.97167802071922
545.4578076357719,31.572778770942676,39.69919692794821,116.05603566437873
543.4775661511616,31.36733743222871,39.587774761060565,112.90535961835695
542.5151053753705,32.812432374511715,39.24647955772924,110.44183197024304
540.3146255952131,34.19460856722877,38.791140194551616,108.97523983299314
539.1428918421448,34.96581724837516,38.27756681857784,108.82532263282499
537.2812453644406,32.41998958980908,38.25775936924682,109.88061291776111
534.584602134332,30.969905904474764,38.41662982146809,110.68768021747637
531.024961619382,29.44877037646686,38.75818563164167,112.12507308631261
527.9543770642905,26.75205217447668,39.898812577975875,112.57417927483887
525.1509374216041,26.433883515237802,40.81751999979278,111.72557403788907
520.8800253434,27.904051833761187,41.5750619487119,110.11693045408785
517.998253016755,28.792374445340407,41.81666827802718,108.56779717331604
515.0802139374263,30.938147619241107,41.65140270957288,107.42964528619274
512.271382458219,32.4729539733854,41.4104993838078,106.58235408821909
509.443540990349,32.68942137648742,41.155034248258715,107.5029743652899
505.2631037546312,32.53730478590374,41.00371694723346,109.59376927398105
502.0889146278895,30.04182092070988,40.8710265895718,111.64172357472705
498.87824961608203,28.819606469844615,41.17618382265937,113.78494356313132
496.2567751374397,26.717191765534523,41.59364945780044,115.56414740908366
492.02178905724077,26.789389681636848,42.14477214996713,117.19152646491764
487.9207463013892,26.52744693754417,42.57378303474759,117.94020364381021
484.5742382468048,27.4871024278156,42.64526718056814,116.86011902835676
481.54977131949295,28.81526131914162,41.96937279193611,116.31756696225746
478.9219045088445,30.72208087116325,40.72732609020454,115.1034208849476
476.71709166513114,33.58123815616466,39.84038004606383,113.11887811593965
473.0316688153846,34.02128685991606,39.10024857270541,111.37261042130459
470.43745826730037,36.863239095061886,38.52547987624072,111.82808068398413
466.54001398756884,35.58997417560462,38.411089566074914,112.42046449533366
464.06472197673037,35.497894083078506,38.34882807154705,113.28226273427993
461.4372836444576,34.9801053708901,38.82818917975717,113.84786629648556
463.9855816090567,34.04364467108539,38.75933372907459,113.54420941278505
466.3875256997771,33.108872075759436,38.949227591090754,112.17052688317634
469.9751738587995,33.24555909084201,38.547497519078604,110.62138195037753
476.1901565425752,33.66252180504135,38.37959422428112,109.88495744972514
483.56751606338173,35.04286640171988,38.08210193590304,109.6549203025717
491.68173184876275,35.35795954216102,37.97808099441345,109.38816300180149
502.9303415159984,36.798776651925934,37.74249839395089,110.4888133281701
515.4870024038124,35.680839584937615,37.49524259732671,113.18796420603559
529.5303295501301,31.48452528689603,37.634485140018484,115.90786378676842
543.5881154406592,29.17325169058151,37.54742822102103,118.89857992947833
557.5912199638676,27.043470939062374,37.92210906718223,121.0581772906709
572.7077406909957,24.066958730717772,38.57502151612424,123.2290333189934
589.4126555553572,23.756624894755376,39.217781203905126,123.69518851101688
606.6714383364982,24.407810771835543,39.50224429762894,123.59694681037675
625.1033931076619,25.735700641394885,39.67727899968651,122.55912239829206
643.7401247804631,27.478371464721647,39.91280689553893,121.00543067496312
669.013996593133,31.81345190024163,38.78650720940813,119.24480854980328
687.2709183505218,31.60525075905292,38.28174648882013,118.73371016699286
705.6889526850587,34.73860218047695,38.33936220695352,119.08228461448904
724.5321658674883,32.69586889790807,38.43042455059037,120.53979502766452
743.3813872545668,32.48778100647152,38.461336634831675,121.75021033156423
760.7486790704876,35.264908589593055,37.72539115606633,124.25865066855603
776.3468027660314,35.809017202424435,36.755610897547015,127.0023457220223
790.8505384988898,35.597881525004915,36.18130212103925,127.58126811181255
803.059379591312,38.43564187191687,35.36061433621924,126.36925602394567
810.4526890617693,39.535847056488606,35.61329345286071,125.31736421711909
818.4886210652671,41.31028872283388,35.88179771673917,123.95210753619246
825.5456866129701,45.09447844583383,35.925766749506835,120.81137806501556
830.848195145999,49.033638757029664,36.35447065360311,119.96007646651915
835.2769183151798,50.086636721283725,36.71875264013144,121.08001337454363
838.3942279766634,49.65764372202118,37.30805547445189,122.74737054645053
840.202859163933,46.86474937715707,38.40284830621153,123.36529138492142
839.3876128676417,46.158653731082445,39.708796498817556,123.69686513003545
837.1140109674815,46.6570232138129,40.742844838780194,124.0890541011285
834.2498102357399,45.75335287394894,41.63655048622343,123.59833555577401
831.0202756569531,47.57409898778036,42.077767337430856,123.40166110955954
828.4194556726703,49.743817927170255,41.9478924706389,122.38927701610385
825.8846105492443,51.52826380361738,41.7459309726485,120.3195215919068
823.8777331878409,54.205635284727556,41.36896580486074,118.05462667122087
820.9973148945909,57.93139888961728,40.68946521026942,118.12923490608254
819.0096067458937,60.230079981854885,39.88682440927504,119.2027291974374
816.5257171168992,61.12897147680164,39.342268843655916,120.80484688236385
814.042526358571,59.93264174223786,38.86217914601772,123.71642140867371
812.9597221257945,59.04853895979478,38.34969346293465,125.76337500899078
809.2723642664038,59.691244108201914,38.97557647907947,126.34960551360626
806.7022698696138,60.92749517602522,39.12560719160476,126.48451976933234
801.6517050303789,57.750086640571624,39.108600464129765,124.94937130602932
796.3387667710101,60.06658440950906,39.61641114882198,122.26520625349838
790.8400185943055,60.899432061472965,39.681850121554895,119.09631530614558
785.6560856440236,62.32219689633163,40.11844351540479,119.30614523840273
780.7429323877468,64.41764045045642,40.650045590702675,120.47011128338193
775.5311270221548,62.41624688610899,41.56960415971624,121.39703600439245
771.3751973053913,61.21599098980124,41.80559021830404,123.01232240562001
766.5478776439737,61.364728498174685,42.19771351941078,123.68935174048903
761.0747236374459,60.429703219309644,42.389452478816565,123.77291173864117
756.7816345819841,61.073492377129725,42.40536863447902,123.3879407447402
752.8081917803246,62.03693643303198,42.33079370465594,122.42708603204076
749.357692676359,64.10853887795346,41.983409344227724,120.3688842797863
745.1431302026022,64.17244181109007,41.88235240697568,116.87580803730765
741.3773469603714,65.8252165553727,41.55975858259953,116.54291622925385
737.4826436208284,67.3463862080451,41.08173590987881,117.23404879433141
733.0911784604018,66.90868927718903,40.83381868129339,117.50101334333758
729.2194865963929,66.98340235158965,40.18888530115683,119.58124889764608
725.0781034395247,67.33217595296324,39.83792072652652,121.01902211993246
721.4130790416574,65.74743402114507,39.93294745423761,121.47533164045967
717.0307612785186,66.73768716227505,40.11209561479246,119.83542471628152
712.1679150826646,67.1501631004382,39.994628330902266,118.0298725425042
707.2802631464506,69.22664535519738,39.9045957851785,115.54117914924258
701.8715832587365,70.3153596164608,39.7271235217274,112.08072774616153
696.7769238070077,72.10600429730776,39.72008279078543,112.35561356871747
691.0205997791508,73.00852495686308,40.336543064211725,114.07988390655875
685.8953996999455,72.05380748506613,40.767882896999716,116.71106380473867
680.6123609134395,70.78144655745982,41.485768255045954,118.279533461732
675.0073042371965,70.55979876502002,42.45255828142113,119.7219231752203
668.3848496043548,71.0120395622819,44.215638857529186,118.5295611302094
662.922428550674,73.82012086669849,44.86755749534737,116.99209048075733
658.0899763480473,76.02874706789733,44.820576448330186,113.60921636853604
653.6008001059561,79.55900787351047,44.15811319764961,108.37860658535084
649.7748766803373,82.58019805595119,43.15897719213642,102.93180894408695
646.5854697446965,86.79087101834726,43.10401611529796,97.63037921993262
641.3998617768657,91.5117712460062,43.510763094965974,92.46156279247728
636.6170856869434,95.88096447518626,44.51739250717143,88.34114203235936
628.4649760181085,97.90968117603904,44.62019201451898,85.30526751145977
619.9574949442286,97.71829786418894,44.86273900114595,81.07978399401617
612.9390676048502,99.64845540252648,44.2519277024249,77.42832953819736
610.3809625967441,104.78444074222536,43.48789441724544,74.78196968719928
607.8198437137542,110.11353097284065,42.1764716760231,71.85255948201117
606.0931338515009,115.629433905561,41.757351403428835,69.56569437432195
604.3525273031379,119.36117743919408,41.49768544131696,68.87533057136851
601.0103807223696,123.54195212669745,41.66800918146663,67.9794918363154
598.1558330960471,124.75623336025035,42.50549236212087,66.91764611172515
592.9389936872744,128.76097733607554,42.63003383530568,66.20698962293491
590.955323487738,131.84635516858808,41.66457012671251,65.65739017357753
587.7854003848948,136.37013718824758,41.77496896759171,64.83826737266185
588.6524513506832,141.42434712627158,41.86908418479588,64.88894898281988
586.577233650029,147.75999466599512,43.5706091113271,64.05996194780644
584.7647090840749,151.8805638591651,46.75932077222703,61.82979796866249
582.8111204564877,155.99165768271715,48.70779963548693,61.010539627588685
581.7416954740789,162.2001363849029,49.959993733204755,59.27931125001164
580.2503657352709,168.65259615877318,50.68169024771668,58.103565362549375
581.5086544276811,173.09629407117188,50.8864327767603,57.78900259897023
584.0295585676123,178.93905018436243,50.64750049253388,57.87045147030644
587.3570716165218,183.54871929633592,49.06541331378222,59.100243304648004
592.4767390548785,188.7655638306051,46.18001034090808,59.85528352230354
600.2887478533032,195.937177128561,44.294917724222096,60.262014011047484
607.6171333458799,202.57797475608118,43.055915217462314,60.400667741297625
613.8335593682084,209.8168226663263,43.71593293141143,60.11377258761647
620.9086849521909,213.9838902703636,43.8129447181581,60.04152206887297
625.78671193069,220.1018464796041,43.650176321768015,58.997280068177616
630.5613690014935,227.648847352344,43.361800824570054,59.52592274713622
636.5247059478119,234.97813104536948,43.67991796281727,59.380269065003716
643.5947353898584,242.1254222022098,43.69993808110442,59.025688239055064
650.8511066079805,250.62332039837176,43.69423662233844,58.83761966045183
657.8375111060395,259.03244174656027,43.38875646075387,59.44648382137467
664.8570476109219,268.93907168728475,43.5396706336065,59.42273657420303
673.0255947349187,280.3822521966128,44.69644616710688,61.17932752087893
679.3352164334906,289.90741331702776,46.73567006274868,62.646783676655446
682.3095340039079,298.31691579768113,48.361654691964304,63.71357430861047
688.280281185241,308.1966015259106,49.759211575940995,64.93784543027654
692.4927026010761,313.2217515728532,50.50477985419528,64.83409379830535
699.0849486945731,323.8564079473928,49.983461342738245,63.974325040314994
704.3180590672595,333.22556933391843,49.496377064345566,63.25846892680971
710.2338087211523,346.8256395040801,48.54760919424301,64.47942348089549
715.2869572864251,355.59010807194795,47.843993414405276,63.92433468805533
721.0272656208813,367.9133768074257,47.54617417743877,64.35288190337909
724.5238738497386,372.9226931393808,48.15263194457778,64.3965337090734
727.7932054116208,382.2535142518616,48.501173467877564,65.19644124302289
731.499292646053,387.34208836222496,48.77844497145572,65.55778522505503
734.3784326766048,393.4407662871939,49.04366678336848,67.21431216472891
739.0450754540167,396.41822427295943,48.160914141752784,69.5602365710055
743.68569733877,400.0360176474586,47.04516147637226,71.33634473014921
749.1797486116337,403.7271859748781,46.33352911497073,72.90799996526384
755.5500377091166,408.3334192118781,45.80167494191675,73.62176010716962
763.6082555891554,414.8933312983786,45.37375389131161,75.47922990236934
771.3729295630445,421.7210335656083,45.2487667147127,78.29665137193824
781.0954616277547,426.5344232759537,44.99739765365155,80.29663052668681
790.4713767074435,430.8011443574151,44.743538075328786,81.73567772075862
800.8545322282117,433.1153416451188,44.51227265757175,82.46038344518647
812.5592493928933,434.8731440058097,44.18574505123091,82.5212901068613
825.3342478084459,436.735455553841,43.64328606192261,84.1399997782853
838.4975434681506,437.23502126121537,43.142405039143995,85.83944862858179
857.4338350282499,439.0754169392302,42.78809050415076,84.2446364958034
869.3864094911098,442.4355748876633,42.83340010504217,84.2907853091728
891.4114069894842,446.0467819471163,42.20751552089085,83.77398003502392
912.8054893237056,449.857544701248,41.906190146881656,83.03968110833404
933.9085708209287,457.82951718043404,42.788608237640474,82.66796267431496
953.8327594667065,465.50624264539647,44.74829445316496,82.56365725220253
975.2241295267384,473.2178379103732,47.160256481539015,82.33540061354546
997.6384905448652,480.1597738072513,48.925986349581926,82.19261387227942
1020.6070349851398,484.92728343000044,50.01807608841776,84.55917162263091
1045.116454169342,486.2681895974434,51.59598607206412,84.59839214563985
1069.0955051156802,488.13389821719517,53.42635158661423,83.1956744949119
1086.2559375900637,491.95625312552215,56.0429751937552,81.31068071219349
1102.6627444034336,495.1286045265423,57.853201899046866,80.37603402434996
1116.2821517359373,499.48213643524383,60.101724346466014,79.31419334766346
1127.378221532309,502.3525143648012,61.91763376495342,77.11375931548359
1138.7596113537036,504.5898373407588,63.02508575058225,75.3174995749637
1146.859123402043,509.299018697682,64.62191050033901,73.80033953979765
1153.8664562895117,513.2789046617879,65.53201508062621,72.4009323347913
1161.810749549092,514.2723424344292,65.60190462805502,72.46042348109823
1169.682261906398,513.1743697154437,65.55833994304481,72.90394968574692
1177.0803691280635,509.5004997803692,65.64610815810013,73.30088293815928
1183.002732117084,503.96111878617444,64.649935837591,74.00687938547203
1183.652196380541,499.6835964774412,63.57172806375058,74.4636659844449
1181.2869286240925,493.4309953606035,62.254171211382626,73.92378421848653
1175.679056692792,486.9981465294703,60.979671162240045,73.73546386012293
1166.1382459881686,481.0388332549967,59.8430880731962,72.94440508344769
1158.498177344631,474.3993615655669,58.534440188762716,72.16013416024428
1150.4383410949097,470.3097013115343,56.84474836935779,72.83017255618793
1141.5655157550714,464.31171972552124,55.268762849082805,72.16029462561397
1134.4466159095175,457.5608823935076,53.901887247222014,72.48049937234381
1121.6920817674336,445.4113662360153,52.9564744065118,73.30400297028743
1104.5109381729476,432.4876273616368,52.05293060183148,75.02454857487945
1083.525721561809,417.681864532647,51.8982112362181,74.410488295359
1061.380132374606,403.5196122673136,50.95399227175672,74.22309669260295
1038.3298027619726,389.2648859825013,49.62550949873275,74.29992063063568
1008.3406030256926,375.1664578240206,48.987713292581674,74.74940527401313
978.9072094327657,361.070868388714,48.62395924918744,74.46340938571521
950.3807932039495,351.3684059625689,47.9363475234704,76.42902416415285
921.6159190262363,342.43923911116525,47.431984855947505,78.78062969465796
893.3785942828258,333.4115633688542,47.310099613764606,79.20081310371842
870.761809949093,327.2006967833505,46.13088751951132,82.87846191651052
847.8410766623335,320.01983072605884,45.06923977418283,85.34859342226818
826.3066530841253,311.88606917750445,43.78124870428092,88.06320476095411
805.8367466476018,305.73875944237005,42.30393206072623,92.27496519191632
790.0950006610053,298.12619992731334,42.01655191783042,94.09363204307468
773.5400519504063,291.42789738063266,41.77220892154797,95.41979875142621
757.2789864756703,288.9933983028059,41.27979824504341,98.40760767997557
741.8090335422642,282.41339458632535,40.577822169106575,101.01762827364229
727.2823659484773,280.0168278122904,40.070999580801626,102.18781126781815
713.3846117454372,279.15567770011273,39.51982639203319,104.47852093507501
705.2638656264012,279.73139086613287,39.389801448708496,106.94582824752027
690.9288814238851,278.04132732561493,39.63983462730042,109.02650648078539
683.5543241285378,276.05614833490694,39.204054656227356,109.87726249725083
675.5396787624968,273.8550923400636,38.9328368891639,110.35623491479402
667.7248150406343,271.656040086724,39.03416391174612,111.66427084275315
660.2541847805577,269.95082094202326,39.068155907729576,113.20052857681088
654.0318604049874,266.92510583724567,38.56596627996389,116.3074931491591
648.4037597366382,263.8802385829155,38.39861128884232,117.58242215015947
642.9199914544114,264.8070207918322,38.33180699483669,119.34690640023385
637.9495358789994,264.69534800888607,38.75610513906874,120.7530331856085
633.372182539787,263.6849697385968,39.23043481096278,121.73955865948328
628.9592208937963,263.3484168147596,39.688138727333794,120.96845779252752
624.852463458173,265.38033067966137,39.32803757074832,119.6663752771862
620.0781729478113,264.9088501215481,39.21411630265355,117.42489053541117
615.61582199676,264.54912531309077,38.777787626142775,115.95752751308927
610.9088520206591,265.6255650086547,38.960684716406135,116.26924153245346
606.9669472301481,264.8794722702105,38.83508916131965,117.41576766395335
602.3810540033733,263.9152781015206,38.86125908349732,119.25798019451287
598.0124468419735,263.3092868422563,38.92171845481963,120.96666323832513
592.816625230103,262.2017915924786,38.78792527719356,120.8683695791739
587.767677392082,260.8386270657263,38.73949202714932,119.32902261110262
583.2979804830567,263.08119872120665,38.47551765824916,118.46460445501864
578.4478683164236,264.623352561324,38.61039622735497,116.13922853080349
573.6602573717911,267.870576483529,39.384477331402955,113.96644597341134
568.5206353058035,271.35927814718593,39.84930457800219,112.51186884086063
563.4383467337013,274.13418609491646,39.814065972084336,111.64842474868325
557.9754005634258,276.1229425114376,40.035484817152124,111.3083373383094
553.7626050392017,277.40142059868674,39.81919010815377,111.42966843149617
549.0026781429032,277.66277627544304,39.51409845092185,112.86709289551129
544.0170203676986,277.64629816359604,39.55651423631643,114.9679559757422
539.1082401024023,279.08454210115724,39.35855181006074,116.56328797824432
534.240625433689,281.06591542753443,39.445067081935484,118.41810724345859
529.4734663028333,282.5797979562064,39.975208250141044,119.79064459624044
524.4105865149701,285.33846989973466,40.63563102624607,119.88519054835623
519.602614304132,287.33390789242037,41.19708917320302,119.6306531784023
515.2433605754512,289.8107068295147,41.28752675293999,118.90505975978007
510.4558587360307,290.78146663105656,41.3106991863588,117.23405786356744
505.3984551826776,292.9826959419917,41.57633083987895,117.07305050512475
501.12025668348485,294.45989523342155,41.38293955396264,118.0876584606562
496.2001875715358,294.1435302162258,40.871101383207375,120.13144322546302
491.8131217134719,293.2705480034066,40.16565317379804,120.74105201259744
487.9804615390513,293.8202982594317,39.86737670180801,121.78918076156414
483.164525245231,295.41450897680426,40.18900186818391,123.459842025641
477.4888453724423,294.3011372464254,40.719226092826275,123.62120157526589
472.66834424252323,297.76323764152875,41.31629162323323,122.01012019652771
467.67962542945804,300.2800408807262,41.985780183201484,118.93090531683434
463.2868682371614,302.7004420529813,42.53772637626649,116.23373371535075
461.27579456586125,305.97764305215776,42.56644811118551,116.21417230079922
462.2225204364781,304.45811997003386,42.539539901369686,117.83439832230107
465.3479502792659,303.1634024674925,42.69290604205759,120.62529497036431
468.6350616754496,299.4442931085244,42.928734690882706,123.73483984873147
473.3090640546999,297.0922198787855,42.98840949018249,125.8559269972961
478.09373310288504,294.3690474989718,43.16697235664169,126.61787882784645
484.3916645995511,292.0580980474866,43.07977444814844,125.92373816859134
491.18978231961137,289.3753531814971,43.20984973800845,122.10211890704024
497.9634436019518,292.85850327137746,42.33557996110831,120.29015088822919
502.88575796316474,291.14972272324337,42.15654629330891,118.71495847879055
507.1150843030895,287.63391826106783,42.744405263544905,119.53545538074177
511.7242415402661,284.9628157871784,42.09141843353967,120.33507924713021
517.7651562645431,284.92693263315687,41.80681207611127,121.29617230640545
523.546589207145,283.40327010731954,41.930572625233665,122.00883754324549
527.8119637624787,280.84938818390845,41.854023305520684,122.05109159392511
533.1363366595173,277.9147820240664,41.388306686248285,120.71073064471872
537.9912413702405,276.8485096325956,40.17276282113738,118.1514161823601
543.1863755832912,277.2057749604631,39.883125155228804,118.02467333361285
546.799574026897,274.3750978663223,39.66937732731295,120.4161055038434
550.0826701174872,270.00542570976125,39.307153671065365,120.97619147040784
550.8642485354538,267.54069297701085,39.231807923694106,122.06377113077858
551.4001104728802,263.2255828835564,38.87695674094941,122.19007362359571
549.7504749494851,259.77698357466807,39.18363139987649,121.23022849823889
548.2103733110373,256.26042287583425,39.14951725962741,117.45308530850413
545.6724962011679,255.65462319459596,39.23009277987278,112.11983575206591
540.8496104217677,255.15238151336118,39.14200909117572,110.2238712690765
536.0532545997049,251.13735868142962,39.114990739573706,110.31431932628067
530.6337406326052,245.43609964942883,39.13122185217887,110.05829952559719
526.5677000888629,243.76082361713569,38.27396597219506,111.09779426100563
521.5508716359498,239.60591732713928,38.1282739324037,111.49728179064442
516.8199485131843,234.88035468961945,38.09199224061796,111.64439858179736
511.504604489509,230.0754576582853,38.255572515141296,110.2093308509476
506.2166979311093,228.23753596097131,38.49823286094457,110.5895263860022
501.23801875010633,225.84856368707392,38.810873052784515,112.15011305988037
495.77668924534464,222.40284029226638,38.9080678136506,115.04180756639917
490.024370992636,218.62397028171188,39.67142376334273,117.92518826591392
484.53333930553276,215.2536487293974,40.51478474497116,121.13373260040122
479.414940683066,211.88538814624283,40.2691706053222,121.86610862129413
473.01264101920265,203.74082643345778,39.47345960742627,121.40796527745505
469.3255427868786,202.6765899891666,39.34670144408365,117.99625128401837
464.0068293076502,200.08530188378225,39.77618925459127,112.45935460965524
459.2539445737212,201.58427178907186,39.22651019034483,110.4238563626823
455.85110785866885,198.7468912021632,39.11112353515284,110.66390274234067
452.9606693981994,191.73465652183856,39.42313744568523,111.5156216299675
451.9290976993901,187.89074310711064,39.127430364177854,113.12707011393384
454.62823126726425,181.70942418249672,38.577772675908875,114.06287004201911
458.1032113028674,179.16371537139543,38.196102361477365,114.65325721912279
461.18868322683784,174.14759645208096,38.23409568165786,111.93073908393579
466.64351763626826,172.0772377849372,38.30076048096116,110.00329445380683
472.8991630883861,168.84335404606298,37.72814068878597,109.6594765052247
482.25380265180524,166.08138618006308,36.41153123968212,110.21348254209508
491.6406257076596,162.49280414411504,35.63785842509256,113.03908888236275
501.1214528840529,156.22310994425902,35.45350967533318,116.38372649624719
511.50625226020594,151.74545572988768,35.382769184135526,119.71089876700032
521.3395122100208,145.75557939051652,35.022291002035146,120.11270478283981
532.828357310948,141.01352716859213,34.19693501343756,119.19929965179844
543.875315422911,136.35000283069735,33.9443559934911,115.04024908442398
556.4174294155061,135.6517226751742,33.704574190551625,110.4496291624686
569.1467741414941,133.24845017784745,33.47800525249173,108.50090939805834
582.1248379058402,129.6132443092987,33.168734031782954,109.03677304326743
595.1933090660634,122.78008507596869,32.428829217440196,111.67015541373604
608.3908168263667,118.65022101688069,31.82332060906502,113.85180430827921
621.6320431398605,114.77053379802763,31.89054296987053,114.77621733164818
635.0612167002975,109.59355466325854,32.154905123288444,114.52960206145247
647.4615285893196,108.635254575879,32.54231731020985,112.70738239864136
659.350696450906,104.5665430554251,32.203018910035325,112.41833182199545
670.3054252579242,104.19586459830344,32.15738232566188,108.6319954646018
681.8463982645108,106.58626185601135,31.17830534630238,106.89039648675313
692.0056772348187,106.27410389364634,30.620516296067365,106.59288294943175
701.0678884300074,102.83357546960342,30.472927249195585,107.63071622574026
707.3069249407063,101.17405810970803,30.591863886611442,108.86161474939456
712.5191704561464,98.96667735917785,30.67805877644654,110.10692620582296
716.5511561753194,93.6182861372326,30.04710745299921,110.38665828808016
720.2915327624842,89.69915321115107,29.363148693189984,108.95526414421052
723.7186472676764,88.83805428811597,28.813547101323607,105.4126709784704
726.3967660718488,88.07079930467052,28.77653385058364,101.39087410637204
726.5127770444451,88.5533247091863,28.99503316589113,99.41063710673532
726.72408125686,85.43388145540361,29.281901033194526,100.08643662775896
725.6499265691361,80.97675308282444,29.25731306977513,102.19761615200055
723.5255576308294,75.58236306928569,29.223514439735737,103.21336017596525
720.4199118470484,72.30537574195307,29.698240417393023,102.98650683151548
716.5311725214303,68.55118561034791,30.317581747156915,101.68781064056321
712.7376545411299,68.054321064518,30.461943547754153,100.26854367852735
709.6171345703702,67.51199565987797,30.949975123642457,97.57290912937847
707.0156119644896,67.21490200506182,30.58071608659376,95.62066418231218
703.6916996928073,65.28791266805179,30.356666297530367,93.08455906650678
701.3609907021493,66.07482695061884,29.677349320197898,93.73324513073669
698.0980387196807,63.34288002735212,29.262751595224046,95.4719161512661
695.3649277627276,58.02630634020927,29.042630792913307,96.91041669022466
693.5118527509608,59.25231421991462,28.576059907328272,97.45003220026891
690.1409486730345,55.65971981668571,28.951467821329167,97.9119582198615
687.3272698256928,52.432006225374906,29.5487647478848,97.83275319651997
684.6739691105313,53.98454850442497,30.187329240494343,96.81716525096867
682.472914202519,52.08164736939156,31.151854179504777,95.69762019284946
679.2583048112517,53.62224345760863,30.949527418368767,94.62811815618582
677.9343446001549,53.55276104366194,30.834593979707382,92.29704075538048
675.8634656536703,53.99751659146703,30.77887119411806,91.79639033248262
674.3646436532117,52.38789651404535,30.6697315665716,92.8395147360595
671.0161159292361,49.6727478515388,30.554433880367533,93.90459962058188
668.9924982293932,47.07468055924315,30.293936221123857,95.98921629898422
666.2989519231791,45.07254965706262,30.205320825739616,96.63642720765435
664.1312750439686,44.30949167638088,30.013441460381202,96.54199682807545
661.2545122842737,43.26847264041379,30.212519328861514,96.60318567210436
659.1721792176671,43.54826530573071,30.520703671532054,95.9013734964445
657.1618336733421,44.99140327199272,30.197249939015222,94.31810814684437
654.4100104681668,45.914486195868584,30.139820661957483,92.43390534170949
652.7925912224343,47.06197288732322,29.507630917033183,93.70989319575395
650.0327266456108,46.87110397164481,29.116062749360644,94.75260827148792
647.1733492937476,44.9020073776302,28.91381506508651,95.20686634179557
644.9048778743891,43.16612072968083,28.795469684351776,95.6467053763723
643.2968180042009,44.44813026337445,28.529440062163925,95.54825771248846
640.6546463051129,44.817314239768294,29.118926339825933,95.89420637099076
639.3174921460799,43.8924050184524,29.721610855707034,96.03388589665325
637.308802822688,45.60253644517336,29.901731401981067,94.92704667678677
635.3039582743495,45.09219092175235,29.52528873519983,93.69812992219141
633.4881743553975,49.09564326563648,29.555380142210964,92.43166417256401
631.5169498505835,49.70577808102516,29.614513350218484,92.32437812619065
629.7039085627931,49.938817744304544,29.756199944964262,92.76886852705269
627.4227308619281,49.033122042069806,29.55435942765738,93.50340331836298
629.2743002008194,50.10225566507211,28.44497504140926,94.80411021443297
633.0427860213993,48.6601080498067,28.863317082805736,95.74315552984079
637.2200527656171,48.199476088948316,28.349587694406534,96.77135159244435
646.0721398845758,49.47883514357946,27.96189600043455,97.2457927391635
654.366292672305,51.95670000084928,27.87143702836977,96.4866653691368
664.319661461499,54.741854723257816,27.900095644439766,95.25756152124356
675.3907051568559,57.91267973331473,27.968396437319516,94.3308242017828
687.376613901897,59.96813410115704,27.801069990328138,94.07643754938066
699.2312917022832,60.62662533286638,27.760648257964043,94.79940545675055
711.6202719510245,62.18962431972135,27.5773551951739,95.7762593507164
724.9905269414506,63.58563317027797,27.618196303799138,96.89381282041003
737.9587616740628,64.27294037999631,27.742973710523117,98.17381618738082
751.0582392394786,65.94582122707286,28.54588396665435,98.91427332715107
763.47976327352,70.29445654196246,29.42623792188692,98.15486795463505
774.1782456471965,72.40499104835976,30.219168804416704,96.77529397891931
784.696198261319,77.46486362039386,30.455194270751917,94.88986279969487
795.4268039489042,82.18698670467145,30.920006378857906,93.77962866269485
805.3118207934479,85.87684904267391,31.246297610424836,92.61103508257617
813.9195129954339,88.29712048364675,31.270096632356008,92.66562521912414
819.8336785922664,89.60825955342438,31.34314979232863,94.06109877329447
825.722921616234,89.29758633817968,31.400942659798783,95.97409275722777
833.5651691162592,92.72770600998658,31.31675321699926,96.25607057288524
837.2716095867768,91.94315437548582,31.76789977611668,97.00094227688811
840.8088615274357,93.89542352533434,31.986076158318095,97.4539178817626
842.9525666948605,94.24772632767166,31.733267035016553,98.22527396226863
844.5344106302334,97.32276750687453,31.559814969782,98.18020020600522
843.2771869597069,99.76054070835161,31.780222584577828,98.01587120646292
842.0243635777141,102.5551317601428,31.831693161048136,97.20798392557342
839.9619883303022,104.12331186488036,31.617186415576565,97.81315532658718
837.1227915911757,105.14332005157586,31.247108443023883,98.25968546961465
834.3281282083246,106.07621419067746,31.027112851548253,98.99753488672394
831.6750340948674,106.32377668223829,31.056105624818926,99.13958588083236
828.604666003975,106.73552711060361,30.933230013085783,99.42647950194593
825.2125074102662,106.59669975930187,31.363390229525596,99.5679345066973
823.2558081997317,107.03135393819585,31.91370409592216,99.58813636323812
819.95432873215,108.2291701910966,32.33802838753106,98.71413688642068
817.278955481899,110.13872116659275,32.49470264148157,97.56545820470024
814.5039868645212,113.11632068507677,32.438469698777446,97.14382087427514
812.6194011249949,116.15682666622891,32.24721794670512,96.58502475517156
810.1748725093578,117.65278402221338,32.2395843324897,95.50825496355172
807.4104323371613,119.25359752308997,32.18415605261519,95.26558706442918
804.4357532518737,120.55296994391472,32.410711107345534,95.83003354129163
800.8468756878999,120.4913262131318,32.60926539529692,96.22211753620365
798.226977164897,120.68729294340906,32.408774374438636,98.3952492211417
795.2097755666141,120.0180209784343,32.3028930327355,100.4033303973185
791.8797996483438,119.1658600942229,32.347891828199394,101.88847111985143
788.7004667807265,120.25509715461159,32.422642997394036,102.80990248994928
784.8456933972387,120.75730656296788,32.63964320598948,102.91914305510315
781.7946541962771,123.34016391503022,32.77180669473532,102.0251668801838
777.4030417041641,125.79215219796498,33.142703912542615,102.00325513365021
774.0756489080368,127.36334002852267,32.851361136419634,101.7011137521674
770.3120962079995,127.92306276089434,32.383667876216,101.0374358593502
766.205047173877,128.9815986005455,32.140195868472226,100.90276245160854
762.0153785859346,129.19217618660923,31.966264611739703,100.97804780930437
758.8179280210762,128.61764468446066,31.613775948060486,100.06624564979842
754.1695766408974,128.5152958940549,31.50725090232688,100.11675690732483
749.9705650078578,128.18615133299124,31.200156942759158,100.96598900235061
746.0932097763866,129.77861070346978,30.798918766785313,102.29335358658885
741.4346169272586,130.740095184778,31.05147395661858,103.00645725962309
736.6515243608085,131.69037422747544,31.414123055888496,103.15406926394982
732.0342144443503,133.63240935023,31.736994002696576,102.02440904689836
727.3500071837046,135.62534365321142,32.16134342999352,100.87591345920035
722.831188087077,137.98664429946774,32.106822352008734,100.66634698724431
718.8713146968832,139.61113389649643,32.349171404429796,99.60823855505825
713.8433047067936,140.539002082727,32.561629258449486,99.74459967958356
709.4504403011085,142.06287097605318,33.02537854711454,100.52179852127284
704.632863672713,140.67116540454987,33.26846675568768,101.18581393139982
699.6610875888147,140.9000019764457,33.22311397048166,102.4135453267164
694.4905518978753,139.94867678401684,33.21409151080744,103.75580482192954
688.902761006511,141.3247457846512,33.42797476143158,103.4843153382694
683.501552456903,141.74844838568947,33.94561231200256,102.79217575058331
678.0933124559223,144.85312207095245,34.561048231322566,102.49656615395259
672.5850556988247,147.3271678750187,35.80864180075446,102.1596872762278
666.4305715527934,148.04702219561773,37.547165032087186,99.2048081800508
659.9763648776278,150.16185920029676,37.72240596573128,96.1127603418048
653.6148780386644,152.61383642490406,37.51302853129227,93.93629846346725
649.3658653322673,155.03402319361203,37.91222562835183,92.2259085896103
646.606237377853,157.85850444215438,38.70119875367202,91.49639542190181
647.2545497641518,162.25826043663955,40.70198136976149,91.06860279328305
647.8699360789142,165.6774870308529,42.42710559463741,88.88039813238322
648.6282940889358,168.86413263207956,44.00937047821958,84.77961841216865
651.9299384975953,173.46462747780276,46.03494213453335,79.83583849855425
656.019891262977,178.41719506031905,49.00034700568646,74.8502828394421
658.6206780282063,185.25835420499743,51.736849017677955,71.45063361746816
661.4790866891799,192.94595856500717,53.04734063661825,68.93485997893063
665.096598594277,195.09846864724187,54.46557228907044,66.50639191941116
668.3413167755458,197.88832421609098,55.12138052492152,65.69549963699858
671.6967344088484,203.04974328784627,54.04026308515938,63.412536524005596
677.4077211205608,207.81988207517483,52.450655651419765,62.131706047126784
686.1800536244995,212.53384362636078,52.87281231407474,61.41123667247708
690.6982088362927,216.1265584801079,52.73962097770746,61.461507095445484
694.2740660076138,219.91854555087906,52.9981940152839,61.808133120223914
697.6336984305633,222.00292885261783,52.74642413398452,61.19240129915606
704.070302655177,227.14385269075234,52.63365746484729,60.42709796492804
709.0666495493232,231.856786989047,52.34015095530257,59.19918545354378
709.4716809214533,236.93049782904595,52.024580503446415,59.271399736985884
716.2693031572094,241.79832991395412,50.57520719434886,59.724580247955636
721.1410802441313,245.82314114236488,48.99026717913543,60.69026617126113
732.2079110308678,246.592767664119,47.88451011616061,61.64884995598463
739.0272311888223,251.729113216089,46.760971233051805,61.0780335850159
745.2471535987158,261.54726986837886,46.18420643798392,61.94438866117349
751.3255989758329,271.4396976039674,45.262441225436675,62.06842296050418
760.0712272374504,279.6418812725585,44.7072408392866,61.71004752090498
769.7528856124896,287.6250705014829,43.80803923203053,60.889433413947245
779.4083943434578,297.0711337262788,42.82198629340981,59.82614722009285
791.6299749520458,306.62207404255463,41.59772003472979,57.98445755128621
802.2812021958547,317.5094526046391,39.75298534996835,57.126253924431765
813.4272620275262,328.2354128604849,36.893040369242605,57.67992766628018
823.2566012187563,337.4919977546988,35.38035426583508,56.66901045658781
832.4477632801133,348.07794467469677,36.317425208428624,56.40882926307619
841.1000655527213,359.91391795969446,36.5409635922899,57.38334036519991
854.7140637892842,368.58821331873145,35.003572282738396,58.21281780813672
865.3519962727245,378.88945398505734,34.19513933795245,57.45860498439612
875.6373344872507,393.3849944041888,34.058434313929496,56.5277544012601
887.9691545463381,408.7900682590141,34.27082416401625,54.90275493074521
897.9857689225857,425.9888097793538,35.099764677268006,52.33754155864497
908.5873813562412,440.5012086330722,35.14552700783315,50.82303781177944
917.1304879603043,455.1689420502465,36.2095747249998,48.881121850233455
927.0737815708027,471.2960226671123,36.770052857396635,46.95106301823529
937.7272686371176,488.2872006734113,37.75566600504026,45.78797046388932
947.5627475940782,505.16339672725843,38.53813445220298,45.658281908441104
956.6025453476987,520.8128701154882,40.214999134781536,44.69302577529228
967.4065720570269,539.653696649596,40.46921034930371,46.18484987992814
977.4117315352521,556.6312484100972,41.61089563479668,47.24862148099605
992.540801335381,577.7354167587209,42.42033911864519,47.73069539776232
1000.8110613971301,597.8073593920637,43.81387050881914,48.50563337326418
1010.1552374429856,617.377504525787,43.35311088536963,50.629526150251095
1021.8433060391592,638.0723744653955,43.96564976418947,51.7370473183976
1029.4940211485434,661.9908716020448,46.49867885023056,53.46570779973757
1031.5310973169312,677.8498077105974,50.048174680111714,47.72749370946356
1038.9552101775532,688.7205845749247,49.99594848584524,47.67159366733233
1039.8762474318685,690.230500910372,49.99553471520588,47.671207369423335
1039.8209244108336,688.9955117858792,49.99530530720067,47.67115721798795
1039.5549827231896,687.7897951247417,49.99514719241116,47.67113729319273
1039.6110929581125,685.632177890156,49.99497721115633,47.67113471707608
1039.5214108327134,684.5832161442065,49.99483717173148,47.67112682393455
1039.4774893100778,682.7272154163691,49.9947256436693,47.67112647907245
1039.5385635823684,681.2367030609964,49.99450305658921,47.671084247602835
1039.3285739824732,681.0164487690612,49.99422093292741,47.67104724274139
1039.282781371823,679.6843266100237,49.993893631316126,47.67103546493009
1039.5339871809747,679.2131591979353,49.99350624635358,47.67100875546529
1040.8332623027927,679.1141782252267,49.993028769975446,47.670932093046616
1042.0526736908794,678.2491779979073,49.99270878234595,47.6709125014512
1043.4108353709385,676.5452504872084,49.99229657220642,47.670862659491526
1044.4410187126425,674.3455045197461,49.99203473575235,47.67075122756434
1044.700863532773,670.9935256096311,49.9917681630614,47.670699991702996
1044.8537438907283,667.317508781189,49.9915040504011,47.670690019894565
1044.3589762904182,663.5390949947097,49.990783120325766,47.67068432564138
1043.3120126335803,660.0199903043846,49.99035437397372,47.67070000359387
1042.6880947120137,657.3720016330277,49.99025635251316,47.67069212444481
1042.2678586527848,654.7709672605647,49.99020224778869,47.670685387955906
1041.9487816397548,653.4013816437774,49.990134115893326,47.67066532781397
1042.4471929454924,652.6292434295422,49.99004922300027,47.670625941312686
1042.5314258619376,653.4853904417579,49.98975254582697,47.670502517772356
1042.3234382757691,651.5715590762725,49.98946816115496,47.67045605074504
1041.8877468110604,647.047605333994,49.9892219120482,47.67043186415941
1042.2071936825853,646.2512180465037,49.988971970210955,47.67034669411437
1041.9852226326386,646.34390794192,49.98814570090632,47.67028258676596
1041.3085361334215,644.7290416215769,49.987819968871975,47.67026030267787
1041.037307937906,642.7974683049774,49.98764842926161,47.670201979822195
1040.3167351781792,641.397612847416,49.98680977207943,47.66992605565071
1039.940025578059,639.3679108102042,49.98647858846624,47.669829912636594
1039.8181749209473,637.105139876429,49.98624394513871,47.66977945306903
1039.621385007635,637.8544302413445,49.985933033276226,47.669659731309764
1039.113889142922,638.6388631394211,49.98561948201648,47.66956434378691
1038.6968462637299,638.9363142850021,49.98524563756812,47.6693255534108
1038.087407133619,639.4727492902309,49.9850384428489,47.66926130524425
1037.9111479226476,637.0525438502037,49.98450749712517,47.669148942348194
1037.462496373826,636.3969057614303,49.984204460353766,47.66901671935952
1036.4471660863198,634.5129924416241,49.983368510555366,47.66863485524861
1035.9266852954406,633.0708803720014,49.983105255010926,47.66855852414178
1035.8721300986886,632.2371468912548,49.98296927533812,47.668512472749036
1035.9651274020187,632.1615523324623,49.98284159081809,47.66846401313412
1036.1904339752964,632.8103561021805,49.982724402590975,47.668404529346276
1037.626894055004,633.1883521694218,49.98245820435754,47.66822652993849
1038.1343126863756,633.4888841984751,49.982016059374054,47.667992967189306
1037.7616651227927,632.5487788943514,49.98180382703502,47.66791604739885
1036.954789913543,632.2771953843278,49.981598032537136,47.6678635011008
1036.5530137185692,632.0996262951572,49.98145873728496,47.667824336550304
1036.3657612085697,630.7169299454595,49.981071850307245,47.667795883830905
1035.6927939408336,628.791934962935,49.98082690045837,47.66774755885594
1034.8197373684056,626.8304917380449,49.98054576869548,47.66769351600623
1034.1083160220096,624.6407693344177,49.98017891349075,47.66764222569602
1033.8068951777182,624.6138670921373,49.97959450324994,47.66751030701205
1033.503526058949,624.7526925066986,49.979418041710886,47.66746107758263
1033.4437258938324,624.3756856970849,49.978891833965285,47.667329789812364
1034.1555651609503,624.483323865167,49.97866984937379,47.66721191617267
1034.082988154864,624.0420490731731,49.97850596434599,47.66714647034862
1033.9634175201318,623.8151160151027,49.97833713313585,47.66705556525299
1034.1329109503577,623.4961504283086,49.978117234974185,47.666952812354175
1033.4917835024758,623.0391874810888,49.977974502907244,47.66687724195009
1033.4254833600944,622.5404322129752,49.97783110123234,47.6668049253366
1033.4166973948247,621.6545609765942,49.977717111771554,47.666745568760774
1033.1050088760076,621.9809282917731,49.97757967596761,47.66665700316125
1034.210115440436,622.3017349347015,49.97743119669242,47.66655420390719
1034.3530017389369,622.4577708531649,49.977306826429015,47.66649357909084
1033.8424550269406,621.6883444145157,49.97705844973182,47.666401615958115
1033.3203920870285,621.5366787061618,49.97668278651078,47.666229817352935
1032.8730356313442,620.5762125316433,49.97647290496803,47.666134982857244
1032.3228307075558,619.0967567143402,49.97634640610945,47.66610730357487
1032.119208680312,618.0846984521544,49.976127237854726,47.66608537732403
1031.6824651565532,617.796531043898,49.97574826373933,47.66600048272386
1031.2087509134715,617.7788177464006,49.97533260222033,47.66572928971841
1031.328648467915,618.8065182829519,49.97487009476151,47.66548277861229
1031.1309629640125,618.9432112331135,49.9746721357012,47.6654079866398
1030.8691087388042,617.8989260470581,49.974580749482044,47.66538916731375
1030.2238774040927,615.8195467056265,49.9744848423213,47.66535297026365
1027.344975770011,616.5464296804682,49.974111306895956,47.665154287044594
1026.0664711622853,617.7430977594535,49.97338197979011,47.664833275329634
1025.4972297016225,618.8320806154213,49.973080611755805,47.66471161094023
1025.005259993041,618.9439089792497,49.97284458526987,47.66462293533681
1024.4081694041586,618.6789715642385,49.97275825166678,47.664607108888056
1024.1845240990212,618.0197805353877,49.97261080070397,47.66456005415533
1023.8687400735265,617.2399898207268,49.97246939524961,47.664512162378685
1023.2092102369517,614.9929175268959,49.97219921057298,47.66442981751482
1022.4056791279156,613.4096347174604,49.971865779688926,47.66431629248023
1021.6393003999891,614.2343482593337,49.97165352233093,47.664236990868666
1021.0898667879947,613.6410949097444,49.97147225102711,47.664180436644635
1020.7267039058354,613.8050837138733,49.97120744155781,47.66409176419127
1020.4263833523052,612.7572101723476,49.97096369382477,47.66399553211801
1020.9188337902335,610.8477807903524,49.97035610000023,47.66370504035588
1020.6676214705232,610.3857774253064,49.969441866034465,47.66348077765386
1020.0278180850753,609.9708530228195,49.96930770732669,47.663429735120204
1019.0305188974633,610.1281199186235,49.969240221420925,47.66340050732067
1018.6618182143512,609.5406595131808,49.96917370262752,47.66337882476724
1018.7407174436634,609.4547043109686,49.969048751932085,47.66332549277664
1019.1530343850832,607.2512592326283,49.96889242246009,47.66326708302053
1019.3739680594667,606.8019018511761,49.96868929259563,47.66316019398938
1019.0371648107125,606.9109743758603,49.968598795322514,47.66311691430677
1018.4815978559772,608.0197622653084,49.96840934816479,47.66305183563644
1018.2884858739884,607.047257182395,49.96826387516301,47.66298839687942
1018.2624993061379,605.5856582132694,49.96807793989558,47.66291634802432
1017.8658096053654,604.5062537538804,49.96795238805601,47.662848132479304
1017.4553720106804,603.4572190177997,49.967832187010785,47.66279977627131
1016.7995773132697,603.0201595541953,49.96777845820575,47.66277778522552
1016.9049633576784,601.7652303326989,49.96769160763029,47.6627447182083
1016.5942526634566,598.9824385346982,49.96737396618955,47.66267403640838
1017.0014779203888,596.2172380512125,49.966797279782696,47.66259080385579
1016.7682196922405,596.8874549266748,49.96665541207597,47.66254427808243
1015.4744729745819,597.3802374827774,49.966555768779976,47.662501853312214
1013.9844046592917,597.1221552806028,49.966463021613755,47.66246499995586
1012.531816298397,597.609479700606,49.96633769567375,47.662429468855834
1011.1429708001051,597.9219930283468,49.96619284631026,47.66233838075311
1009.8271077831688,597.593183336967,49.96606506128937,47.662251264413236
1009.6875465207742,596.8863810796887,49.965907758006914,47.662179874695795
1008.5820624985629,597.154864042943,49.965844603928055,47.66213670104443
1007.3676918418807,596.438618224067,49.96575577050277,47.66207933901007
1006.006066329585,596.40128360612,49.96566151540064,47.662015995613004
1003.7834827402381,596.4314097701327,49.9655519568813,47.661952232990934
1002.4272224100508,595.6216699985447,49.96546642562058,47.66190145599934
1001.0760297091191,594.0471201139692,49.96536841188054,47.66183702532126
1000.4492082703541,593.428610675363,49.965165597729566,47.661726095061475
1000.4028579622195,592.5466038541159,49.964805817387,47.66153237442696
1000.2452768752294,592.5238821703356,49.964709905639715,47.66148710504699
1001.0023589951389,592.9747123013024,49.964611885150305,47.66143793281982
1000.7011553647617,591.3837827647305,49.96449474614755,47.661391736340626
1000.5864558059876,590.1858510456751,49.96435814990377,47.66135349445878
1000.3308156563305,589.5970027975762,49.964232862021554,47.66131573486579
1000.3432648910288,590.0269607940288,49.9641273842038,47.661266897512554
999.9782960704649,589.3006437110587,49.964013686658795,47.6612298932183
999.4432356865574,589.6438504297554,49.96392828916013,47.66119648454955
998.8925742945784,590.0536893329333,49.96379002022351,47.66114262533706
998.5084525945757,590.052655323469,49.96348296465855,47.66104378166623
998.1931482237432,588.9359142867562,49.96326284890192,47.66095885565649
998.1616838329277,588.8994951252918,49.96302101122391,47.66084276231032
997.7888127571196,588.6188847697864,49.96287069772556,47.660802415467316
997.4479840785239,587.8055485655999,49.962759875977135,47.6607611903029
997.1088806629983,587.6400179011504,49.96263056353446,47.6607137106845
996.6639019902415,586.7984340670769,49.96248117143447,47.66066719120947
996.4087089435056,585.8912832702042,49.96238912598246,47.66063570370935
996.2156719821171,585.0656460805569,49.96229990345596,47.660605361171854
995.8573961310578,584.5004259994565,49.962206782023365,47.66057965823727
995.2630840205287,582.9335819137347,49.962021489035735,47.660544809127565
994.6480839750345,580.789651218972,49.961934657378706,47.66051481071335
994.0267308284623,580.4593638400213,49.9618558543545,47.6604830055234
993.5994359399571,579.9740403605554,49.96180085597447,47.660465880497604
993.506820711526,580.0445346661819,49.96173884536158,47.66044116635362
992.9429228082951,579.6861560029581,49.96166599947976,47.66040644577746
991.9719190711082,579.6044657657583,49.9615851082985,47.6603563039175
991.7251736233122,578.9230126687612,49.961321348767854,47.66020106984167
991.8694765230975,577.420472698808,49.96089747997769,47.66001219756841
991.8829414352391,576.2861765465625,49.96073053235404,47.659934181548515
991.5976881425391,575.0240360077954,49.960508517728734,47.65987486792378
992.1862022087458,575.6687032308619,49.96038017607938,47.65979878265359
992.9311463655872,577.2482421025983,49.96014246950564,47.659619869594444
992.6855738429032,578.3361952433912,49.959988422103955,47.659537514934264
991.713215246674,579.3104004895035,49.959733814711825,47.659355501141384
991.1911422197192,580.2850483141275,49.95955189430227,47.659247369059536
990.0325320821543,581.2731309991316,49.95935621674944,47.659077897298175
989.228145444487,581.8857775797353,49.95918126134062,47.65898193209758
988.3771475223108,582.9522099211986,49.95882064798279,47.65875737253828
987.8848472047615,583.1135711612637,49.95872596772038,47.658711878863755
986.8581644072963,583.5266827450398,49.958586141965924,47.65864944024323
986.6423937275672,582.2456558735912,49.95839067452733,47.65858703705263
986.431345989245,581.6382884378868,49.95813699622264,47.65849556301781
986.0892752937933,580.0145840283059,49.95792169767281,47.65841254563179
985.9529849647682,577.9608987480739,49.95768274727317,47.65831402421704
985.3122332318471,576.8020442234257,49.95746569404951,47.65822422059286
984.75550957421,575.0845769541613,49.957278780617365,47.65815905476084
984.2523035546757,574.3146367156206,49.95710283750835,47.658077597752495
983.7451747791353,572.9389757503009,49.95700520594151,47.65803577411941
983.945875073041,571.2944552358158,49.9568917267897,47.65798163974438
983.8541408729768,569.4356279133272,49.95673082274734,47.657917206657565
983.15994071376,567.5439217995964,49.95650814198981,47.65784735938146
982.7265560467482,567.0522239683226,49.95592189091506,47.65759972854851
981.5889006126067,564.940436548905,49.955355998715234,47.65753460232621
980.3502663440307,564.0610467359004,49.95496483356625,47.65739177064046
980.039446806709,563.601121703432,49.95478405442721,47.657348093969546
979.8823561104465,563.521322146043,49.954638504985134,47.6572844107007
980.0868586338546,563.7326264541518,49.95445560720724,47.657184153438344
978.2239650127894,562.777211670927,49.954312873827774,47.65708594736594
976.9185410554685,561.2154617471131,49.95416025059729,47.65701368386409
976.1993664042177,560.3089668909663,49.95404598441159,47.656977087144305
975.2519136534521,560.2148230812933,49.95392957050688,47.6569357101895
973.4498769582439,560.5567018648538,49.95384074473683,47.65689056591629
971.6638666234531,562.1168942824198,49.95376125181217,47.65685799900332
971.5464850764647,564.0682234034065,49.95355237546928,47.65676523630854
971.8651156834147,565.2415042218776,49.95330119946835,47.65666322651776
971.9130548971076,564.1136183415844,49.95298540893486,47.65657489684845
972.1772413073211,562.2514135207729,49.9526898928711,47.65646337834582
972.7720148193157,560.5684742312197,49.95243458450396,47.6563401130459
972.7869493416124,560.5028634050735,49.952290480568074,47.65627569558761
972.4670736194537,559.0540218992863,49.952114537647965,47.65620475322823
972.6518174082379,557.5891951212038,49.951786330740255,47.65610119116809
972.761785619383,555.3443291576326,49.95153997800642,47.6560216978698
974.0435962611872,554.7029244853071,49.95133398332307,47.65590829776987
973.7187871687347,552.6167493807236,49.95120849204241,47.65586756913163
973.5969108767862,552.3891564764565,49.95107707873762,47.65582561520518
973.2552438772516,552.2986350376206,49.951011400530284,47.655806122338355
973.4283385302091,553.1455307252157,49.95089742081954,47.655771208291604
973.7825042014836,555.0626709680369,49.950544922913174,47.655624347679876
973.890217921235,552.8538557291237,49.94984490004485,47.65538001242645
973.8618078473158,548.7131280259813,49.94963586392924,47.65533174134303
973.0440036268417,546.3924494361343,49.94956696723096,47.65531671721017
972.5587821377057,545.368089574975,49.94945595132408,47.65528031693956
972.3856757860939,545.9810510908243,49.949308239327664,47.655193562248904
971.6476495391589,545.1805224869155,49.94919055096932,47.655121357415446
971.2846428167733,544.177555611851,49.94907112602019,47.65507485432502
970.7597300615625,544.7951643185243,49.94887236543027,47.654966174155575
970.2635151676943,543.7809688738267,49.94865486293706,47.654865089673585
970.0140542058854,542.5977585764597,49.94849985388619,47.65481582433084
970.1370041807661,541.6191920074732,49.947963378016915,47.65463149079971
969.9104258797004,539.8278789813195,49.94770893745824,47.65455133010959
969.632260482222,538.8919066551132,49.94746324201259,47.65447049271498
969.627916829356,539.1418188795255,49.947212509023174,47.65436420332759
969.3795819988419,539.8223870969855,49.947088482707635,47.65430817650399
969.2877935506913,539.8411499798235,49.94690233691661,47.654218486336504
969.3935401122271,539.7407558270015,49.94675843292869,47.654163487584725
969.2062523855941,538.7681911419367,49.94650334219977,47.65407000310018
968.5547703764336,538.1147335988867,49.946409213090455,47.654038573163255
968.3260205957952,537.5284408584972,49.94620986293885,47.653948563562786
967.5565457635856,536.8035159660143,49.946156989630516,47.65393050394706
967.1830186822476,535.2009930781636,49.946030928841616,47.65389529362548
966.988058568605,534.7253082983717,49.945805258261494,47.65379656431074
966.6680468649487,534.7423634374591,49.94565064080525,47.65373884810462
966.1676102652302,533.5848965351247,49.945226366334666,47.65361084514088
966.2382598327483,532.425402633706,49.945133287178216,47.65357193937554
965.9381620653277,532.4441154110765,49.94491883743089,47.65350521624865
965.6698011024055,532.1267254381347,49.944651432029744,47.653402294795995
964.9679887843454,532.7934537489299,49.94455175536764,47.653350571849224
965.1024756094466,532.1813820565579,49.94437729091798,47.65326617052894
964.6982368290243,530.4742471832163,49.944220570604294,47.65318636124294
964.6306857155595,529.0817230062763,49.94383671629128,47.65310898270105
965.0154241782205,527.8805255867477,49.94368004052672,47.653035140422794
964.9644451979992,526.6798227104628,49.943473806981416,47.65293780690272
965.1383917746595,525.9827850338361,49.94315152000732,47.652806159423506
965.7054602994123,525.3776193128971,49.94301572553707,47.65272724477999
964.5722426300172,524.2572950508526,49.94288693354439,47.65265525838607
964.3439136037205,524.284118032533,49.94260108674452,47.652491861054244
964.6864380479262,524.0755708339494,49.94242220298692,47.65237994103492
964.5772088477825,523.7224525015026,49.94233525582229,47.6523167645247
964.5725623364574,521.526237380534,49.94221750879385,47.65227283196229
964.4126847145898,518.7302133460956,49.942036417442274,47.652220757406525
964.2976016261991,516.2346488400739,49.94187196308657,47.65216028962204
964.0727162917137,513.8967655029097,49.94170633154137,47.65212902464992
963.9697724240132,512.4573166873688,49.94157378622365,47.652117306290265
963.7642796143779,511.3570646742875,49.94142739765692,47.65209986333655
963.3608342722754,510.80785461277554,49.94130945778506,47.652060742586045
963.3906375198156,509.5063998080455,49.94121603239395,47.652030269496095
963.1821986429708,507.02165512345385,49.94106237872731,47.65199477829734
963.6825795981924,506.2780392355431,49.94089472659243,47.651932953082756
964.7218401023817,506.2519858155621,49.94083059687582,47.65189094054741
965.1833518362782,505.7916595153185,49.94072813099406,47.651843646606345
965.185726926809,505.6208910330273,49.94059016991817,47.65175977850714
965.6335168515085,504.4073005155217,49.94045453486327,47.651694958186866
965.384925160103,502.87429019915476,49.94035204497644,47.65165051790748
965.1865360274462,501.16339121316616,49.940189304106205,47.65157778141908
965.5571385659624,499.52514366972656,49.939989051712345,47.65153473467702
966.1605195852231,498.117520596449,49.93973970278122,47.651435593909156
965.551658163342,498.04588334297415,49.93945605488231,47.651306853860135
964.7979592421341,498.53774154296815,49.93930222722388,47.651220813044944
964.2135536364225,499.3685773923987,49.93917754368087,47.65115339942391
963.9819520074076,500.20701121621516,49.93909487870664,47.651121169538534
963.568412734505,499.81939230827794,49.93870806911538,47.65096633385511
963.8065063810187,498.41855319959825,49.938403663928234,47.65083404820848
963.239707859262,494.7638569207595,49.93816932564396,47.650812219136725
962.9519639340633,493.72765023412927,49.937986158871375,47.65077924611424
962.5582039496294,491.43324377253646,49.93775075759908,47.65073690272878
962.3209563876304,490.21719377289514,49.93752507571361,47.65066722618438
962.4157427316395,490.6561990383338,49.93744576073197,47.650639311731645
962.3197615826973,491.11371214807866,49.93727108547372,47.650594874678276
961.9051100862099,491.633246505946,49.93702703083338,47.650490430489064
961.2911266382185,490.37846314953174,49.93670468025703,47.650333241568845
961.2178598382296,490.64517918364345,49.936460158644124,47.650195791475156
961.4102372243913,491.9103612569304,49.93611293641739,47.65001400650404
960.536601052296,490.6410710152957,49.9359772481908,47.64998760767813
959.8468421238784,489.1303185252049,49.935867638823915,47.649950992400726
959.5583041220389,487.7609212208018,49.93563892162449,47.649844701319886
959.3384075736908,487.04875015791515,49.93510684756534,47.6497077001629
958.926328960275,486.3434652312739,49.93497898442721,47.649672957307374
958.8512220492264,487.57282611239003,49.934827126068384,47.649587002112526
958.3390370767729,486.9691186304297,49.93460574426176,47.64951009133832
958.4981947708255,485.4944536550584,49.934212948319555,47.64937429043298
958.0764782407468,485.35951488178944,49.93374002312153,47.649094648793785
958.034801608778,484.3731189020683,49.933223569043925,47.64884423934717
957.8561110860251,482.2964719633375,49.93290176325446,47.648735788317616
957.5505153489082,482.0210981832373,49.93255953606828,47.648561252742404
957.2364622058724,481.2827829712555,49.932330644241624,47.64847229728108
957.1938204328306,480.83105558372773,49.93206099127215,47.64837042741994
957.1274441872956,481.28760244373433,49.93167066830212,47.6481499159296
957.1515775921417,480.55676972130817,49.931438988514664,47.64802754091949
957.2440227931918,480.2145319446741,49.93077819876498,47.64764137457941
956.9005581586688,479.020858120681,49.930637813346316,47.64757933552339
956.8815237092294,478.0108224474481,49.930498093464934,47.647517901914014
957.2205969961668,477.49403789231906,49.93041836929871,47.64747631061122
956.9849840251018,476.2896617688015,49.93030279088087,47.64743129354708
956.9312789844032,475.55667295585414,49.93006823981934,47.64733814822458
957.6782046836846,475.40910062521954,49.92989588788735,47.64717946476723
957.6298665670125,476.03965443532576,49.92976162388807,47.64713899657807
957.3833227298996,476.7343942555301,49.929699242705205,47.6471292181536
956.8777671588824,477.02501421899956,49.92963952063455,47.64710395758128
956.7603436098107,476.6416250223884,49.92931686534584,47.64694467771172
956.5462118770943,474.9989563807949,49.92893668692239,47.64679550116672
956.1623540891467,473.9530222703474,49.92886671365392,47.64677028753714
955.8634733486635,473.3040109816195,49.928802190591874,47.646757600977715
956.0862065091067,473.41984343670725,49.92866076747161,47.646709828592
956.3384420054116,472.7857379556893,49.92841884361795,47.64663241668074
956.7771982699068,472.8943546859627,49.92829318262772,47.646572592093555
957.0479843392856,472.9107466189138,49.928183644101075,47.646530000876
956.7246219190355,473.4721644387218,49.92784582533779,47.646414722015976
956.6264396522829,473.4707238443889,49.92742984114557,47.64627002850286
956.6804253969286,473.3530965592078,49.92702088636524,47.64613281813097
956.2145805672639,472.98851866603354,49.92676325479734,47.64602553723398
955.9419702946266,472.6542477038427,49.926601300377136,47.64594693482502
955.650463594964,472.080722591839,49.926512533049554,47.64590600854868
955.3570859445249,471.00087261891923,49.92641528342117,47.64587027476175
955.2073813793926,470.2819980187973,49.92629816928388,47.645810842154894
954.4189417671137,469.16060350237467,49.9262102736711,47.64576864483661
954.1726476763023,468.0651621080757,49.92610258727865,47.64570175501351
953.6786322942439,467.13079720181565,49.925801020214735,47.64548418079203
952.7315129755988,467.03340436669055,49.92554846182633,47.64531518752705
952.4870481779525,467.2832049692627,49.925391607972735,47.645213362971305
952.5399474741315,466.8002026701137,49.92525975734344,47.645131692844274
952.1762125417939,465.3988439731948,49.92520885814452,47.645113996426375
951.4806291870923,462.8625238195351,49.92516322337807,47.64510196381043
950.8642226940926,461.66179329390087,49.92511004135536,47.645092592334215
949.9313176768518,460.46728176571185,49.9249879688653,47.645058966125546
949.4370636572738,458.8381551053831,49.92487089882553,47.64502175753197
948.8644618255928,457.2281162773095,49.92467844879186,47.644961817548804
948.8555160945355,455.69849272564704,49.92448727356678,47.6448789343015
949.2576652098695,454.07656740254924,49.92417910895002,47.644739159201904
949.8963221605869,452.5516638997464,49.92387731727174,47.64461344653057
950.705365316756,450.7033649434286,49.92345748785899,47.64446095671567
951.774737022479,448.8623157005212,49.9230447744261,47.644309896479434
951.8802432122424,448.4627465530088,49.92287093628796,47.64425117335769
951.3492467783186,448.32742606730056,49.92272119358566,47.644204624270124
950.6845363880512,448.7291106309147,49.9226551271966,47.644182846208814
950.3339591740578,449.5485832616217,49.92256371081921,47.644143348420926
950.3226444876404,450.11537819837713,49.92237837582347,47.64409029055334
950.4068014186021,449.4103196635293,49.92221176491007,47.64403299043687
950.9156642473629,447.6939555315527,49.92199366048911,47.643935450633386
951.4427499633667,446.870739121086,49.92179888348768,47.64386160442971
951.8985726678766,446.08877865859006,49.92170417513264,47.64381589753219
952.995465286864,445.2340921861202,49.92161424393559,47.64376363151919
953.4612558395945,443.5752254534536,49.921519447049434,47.64372756941716
953.4364207334951,442.74233091750625,49.92139760420765,47.64367506187459
954.3662055441418,441.77017320086173,49.9209200992699,47.64350101609868
954.2151579723608,440.4284316591867,49.92057543398655,47.643438986838845
953.6946562495424,440.47946243127785,49.92020276573172,47.64331920701126
953.6323958656869,440.82127122862653,49.919971250346364,47.64321948560112
952.9911739881148,441.0638480302329,49.91958107166043,47.64306646293758
952.6510785051627,440.8629330807611,49.9191839709868,47.64291792874906
952.341354546842,440.6923021408644,49.91894307871002,47.64280457679953
951.3774819346246,441.2974508463019,49.91875198760841,47.64271832372335
950.2313446137491,440.5971574607302,49.91848798647608,47.64261918845652
948.9293482931082,440.13238661487026,49.91833843873203,47.64256499251537
948.0612246189372,439.21635342667633,49.91815847994499,47.642517268446994
947.6879820196315,438.56632354285364,49.917942855249564,47.64243570155875
946.7067594298603,438.24039504448814,49.91768826386452,47.642315695669005
945.1586530206654,437.9867002633344,49.91757616159993,47.64225896891405
944.2280758697212,438.60993364672044,49.917427491648425,47.64221604266467
943.1774504493122,439.0577577945078,49.91722931971005,47.64210524270308
941.8639315439315,438.7029600718583,49.91714091358322,47.64207043707132
941.221846414955,438.38491562313317,49.9170591239971,47.64202774987727
940.5358950859912,438.5867610567482,49.91697372383454,47.64198406701911
940.1802917106377,437.7902140215053,49.916893750928004,47.64193896590465
939.3897739607054,437.22079516994944,49.91674140651606,47.64184873246229
938.6058058879735,435.264896861889,49.916370986695284,47.641683793102295
937.7938969578361,433.9311099243195,49.91608911552484,47.64154593346953
937.4775973329047,432.9175546161239,49.91588838236283,47.64141841929128
936.8628055786382,431.67673506896847,49.91519816729349,47.64110699213298
937.580435902751,431.6423664042085,49.914790596002724,47.64083464507735
938.5891356626864,432.1134589372364,49.91443633560777,47.64054220292288
938.369620060498,431.890730953044,49.91397924824407,47.640252732970296
938.4974350202033,431.296433650498,49.91368293126191,47.64014189372645
938.5303965612085,429.07125076593724,49.91330522191655,47.64001051242677
938.579435135417,427.2569226707334,49.912872082195385,47.63987274798522
938.5466653015427,424.34660900104507,49.91252942477161,47.63981851540143
938.1020205459967,421.9585641415981,49.91232320546365,47.6397994925351
937.9493747329332,418.810734760004,49.9121636768819,47.639795852616686
937.8359349624949,415.9233747839777,49.911906233290786,47.63979513587656
937.8695822719787,414.094299817779,49.91176191655461,47.63977365294487
938.3915320124069,411.5599050063304,49.91159972798797,47.639728971032525
939.3454690260852,410.0637187174791,49.91139512564205,47.63962270123149
939.7976529164799,408.1500501246472,49.91119654670345,47.63949459110367
939.7375804784813,406.76691850079686,49.911098551356645,47.639451200086725
940.1392305523405,405.3834185267375,49.91091818227144,47.63935725133959
939.6438080630372,404.56234829135576,49.910837968044916,47.63931704087442
939.849813332295,403.41652780532803,49.91076237153656,47.63929341255758
940.0930744719224,402.49976752949095,49.91068811202469,47.63926684890577
940.0810397499176,402.01449770749383,49.91050890387385,47.63920553026116
940.4022517040406,401.90585798004696,49.910183780074625,47.63905557076336
940.5369675770229,401.46301838179204,49.90987090937529,47.63890841801484
941.285480318489,400.82833879313284,49.90943174922744,47.6387288351479
941.3987703044196,400.1416867553119,49.90895229666573,47.63853482862882
941.3711233738636,400.10540614516697,49.908834204298635,47.638478644755864
940.932157197294,399.9010249430224,49.908753661853694,47.63845522903769
940.4068039790712,400.601469334898,49.90852566436239,47.63840255540153
941.3132718665905,400.96686899610876,49.908306015765646,47.6382894803288
941.5832459925967,400.9492553582255,49.90824656294382,47.63824627006834
941.3013435281144,401.0397146338729,49.90817110794005,47.63820065084999
940.7794700967,399.5257400117703,49.908092582814014,47.638181965215026
940.6403755888284,397.7302053478999,49.907970584381836,47.638152984392626
940.8799365221769,396.54874329941083,49.907845769400865,47.638107921290896
940.2881903199453,396.49331422571424,49.90773154926068,47.638060399054496
940.4918803969705,397.291802326709,49.90755906303796,47.63794651319653
941.9145344361093,396.62616165400846,49.90723146304715,47.63774771314319
941.6897084662583,396.30012893511054,49.90713718144529,47.63772933679492
941.2662094514498,394.1943034152666,49.90641482646446,47.63774097218596
940.9210996804644,391.54089138362144,49.906212429538954,47.637720324172506
940.4639374477224,390.6699235288396,49.9059843256336,47.63764579794972
939.6584279320947,390.52080204658165,49.905876457169775,47.63758921145551
939.1616009840735,388.877111238759,49.90579927172651,47.63756247520257
938.821029266078,388.9994689482424,49.905737435042866,47.63753354057266
938.8071709987555,389.43374839320273,49.90566349405126,47.63750265911298
938.7602979655973,389.48645957224505,49.90556598852592,47.63746032206406
938.716627780533,389.56847357645694,49.90536177587013,47.637360777695385
938.6660129207628,389.121164787233,49.905101854638254,47.637216913005105
939.2180570778036,389.25501097634975,49.904048036864225,47.636752303669596
939.0478524384519,389.4444068603513,49.90362007534853,47.6366259530993
938.5857126680698,388.8783273119309,49.90332708870392,47.63651590588192
938.5771079099594,388.89282006487167,49.90317063893265,47.6364719679875
938.5499134005469,388.7164360484207,49.90311085945874,47.63644156877779
938.6969395110623,388.81810816934023,49.903046568249124,47.63640839773845
938.9471768767842,389.96045733247956,49.902980843877785,47.63638137806992
939.2081913305717,389.69065467355085,49.90284460311937,47.63633703057169
939.7073045139489,389.4371829562719,49.902738901915136,47.63630254936576
939.541115184254,388.5904092771939,49.90250170894909,47.63620776808697
939.1127811294901,387.1075326877517,49.902254106120225,47.63612752144942
938.4229463092565,386.010268679385,49.90206739854974,47.63604494247976
938.0385729609679,384.21085133977186,49.90179538546729,47.63597620411872
938.2920175281853,382.7650118106055,49.90152749260215,47.635888714294744
938.1731138926368,380.7799680453091,49.901395942383154,47.63584913917459
938.2167381465908,377.668351290875,49.901200532259786,47.63579554248243
937.9261487710479,374.68708216517837,49.9009757894643,47.63572259545051
937.5610636992874,371.97145912003566,49.90079102785686,47.63565564786357
937.1532862696534,369.332090058548,49.90059636110098,47.635583746577524
936.9568013764344,367.28769458513193,49.90039197609126,47.63552419521012
936.9831455655817,365.63584192949526,49.90025567571593,47.63547779940641
936.622967728988,365.0290342290106,49.90013525799543,47.63542497317998
935.6892051665926,365.2038864770923,49.90002513269454,47.63536233654802
935.3426556942679,364.92776211261906,49.89990781309605,47.635311864005985
934.4393635445552,365.0906776930145,49.899800704364,47.63526377711717
933.8561108655988,365.26109557370415,49.89966911845988,47.635204995661184
933.488297959384,364.8131057007651,49.899560527756016,47.63516808418682
932.6727557139685,365.8102740423728,49.89947856045711,47.63513200483801
932.0586727402807,366.5747525630369,49.899404375500815,47.63509370664342
931.4419307483302,366.3799318214598,49.89929251131835,47.635038442732885
930.9120149086909,365.9930420185235,49.89914952018662,47.63497714436977
929.7421949292324,366.3628878224437,49.899035851326666,47.63491343426866
929.1128162611882,364.92089416113754,49.89891221455287,47.63486946110474
928.5776848082961,363.83580359893386,49.89880253885514,47.63482520366085
928.004748656852,362.61726161035097,49.89866563497147,47.63477181548544
927.1115681809969,362.15867609532717,49.8985663062633,47.63473477000968
926.3837966059241,361.31709753079065,49.898469974864305,47.63469893071415
925.2275604020372,361.1523753031033,49.898304338280965,47.63462924023765
924.0740898205637,361.2050395152234,49.898184782691594,47.634571663675715
922.8794228676054,360.2342206850447,49.89809126513096,47.63453890624753
921.7724239768199,359.45021411010555,49.8979770033212,47.63450286369719
921.1570195414176,358.9444729619773,49.89785924124452,47.63445404537544
920.2741395733244,358.88290050264,49.89774228820217,47.634403904452604
920.1162500221983,359.9262261062955,49.897649883524984,47.63435204711718
920.2379373504939,359.63737216293185,49.8975462350678,47.63429733008471
919.9790910101299,358.4801073665673,49.897450088376495,47.634263410011656
919.806242885583,358.17111778023656,49.8972041084379,47.6341663178149
919.9302432877538,357.47103526035283,49.89701691631886,47.634085333450585
920.144566245193,357.4944572949106,49.89689731355315,47.63402580683597
918.8622225599381,356.0886417128583,49.89683353583901,47.63400526424503
919.3156113591439,354.8037465199732,49.896622199672684,47.63397906065979
919.026256569051,354.5188962005121,49.896456238171425,47.63389750210658
918.7762085888842,354.28466417909596,49.89625131425828,47.6337800770719
918.3862668275933,353.01371981516144,49.89609481112888,47.633742897805995
918.7444350182018,352.6901021021374,49.89583957233763,47.63360625687939
918.7959604962446,352.16801026789113,49.8952033136606,47.63338100794484
918.4970411579034,350.8536582609197,49.89509057814214,47.63334709540464
918.4698622001877,350.6498618048965,49.89477342486717,47.63323046851445
918.2411444427089,350.85589596594474,49.8946058130604,47.633131957142126
918.3756286505735,349.9794924587554,49.8943888099613,47.63308176326892
917.4779541987991,350.09983479580956,49.894144809419146,47.63299855426655
916.477659165795,350.3165014960766,49.89405776666276,47.63295459221851
915.1444487764719,349.67254906718335,49.89388952362635,47.63292204727988
914.7039363393694,350.185234048803,49.89375169479389,47.63286796481595
915.1326009308399,350.62065401529617,49.893547138489474,47.63276910114656
915.4234738437046,350.85801371407905,49.893388806179736,47.63269579504194
915.5259246580132,350.57686713485833,49.893289750289796,47.6326513165358
915.4401206442427,350.0983923286016,49.89319679359109,47.6326057398593
915.0202944475606,348.8284544604496,49.893077618180385,47.63256639132445
914.7370109655219,348.1835046173261,49.89298084019223,47.63252417064249
914.3814105987053,347.05210097787415,49.89288406177084,47.63248927120162
914.3808068828375,346.5920347342076,49.89273162552667,47.63242683465702
914.4451302352462,346.3049278351384,49.89262402099874,47.63237485473067
915.0319982440215,347.09260734144453,49.89251323423752,47.632316893258185
914.613322097945,346.3719194587026,49.8922025315286,47.63223193009672
913.9865395877977,345.5343069263801,49.89195500032502,47.63209965297538
913.5401826725797,346.0763653057802,49.89147028101345,47.63200636982218
913.2845914761863,346.018238861546,49.89117651470455,47.631917741915046
913.0656859419415,345.96034466388517,49.89067070153747,47.63166531139296
912.7213974750138,344.85044813678866,49.8905812320992,47.63163119044556
912.296499712571,344.0390365265118,49.8904194696733,47.631581819980646
911.798106954825,342.3457836452821,49.88984469606836,47.63143010601479
911.8178835469587,341.82291679184596,49.889564930287264,47.63133809305368
911.8268218373648,342.1907165899617,49.8894090264335,47.63124473337546
911.5536859902585,342.6284281952717,49.88911781056608,47.631143149418726
911.0800875241185,343.348875068897,49.8888988545367,47.63106282437119
910.8264392745971,342.8351637278248,49.88873422296057,47.63101241443633
910.957200576801,342.0789801983109,49.888393747935595,47.63091995693888
910.4902250939117,340.8019125839543,49.888037138488556,47.630832125044186
909.8702777310112,339.6421522963927,49.887559206513515,47.63076427739213
909.6292908757141,338.20664513512224,49.887302283610495,47.630736825183284
909.4484405896548,337.3104324656106,49.88713745446136,47.63069337796699
909.9864949442064,336.0671091074903,49.88692500848066,47.630609518646004
910.634744610373,336.122341945543,49.88674969081105,47.630503250502024
910.6671403506253,336.13778454454274,49.88661723210109,47.6304420934965
911.0809018516959,336.4471397164694,49.88649658324674,47.630381709207434
911.0112568513841,336.71195222254113,49.886395742743815,47.630353264217845
911.6316369895619,336.5183723126374,49.886341433337634,47.63033272585392
911.4261931619941,335.5127322430196,49.88630286567214,47.630326606391975
910.8725635892565,334.0263082167134,49.88625839176265,47.63032099842089
910.4214379206159,332.7762978911095,49.88619804634268,47.63030755577192
910.1116907736888,330.9402833302261,49.88613203889297,47.630289539324494
909.5633898004971,328.34087258795887,49.88604702600974,47.63026182265665
909.6438609746878,324.74888009391776,49.88593350644016,47.630221523110706
909.5268551999375,322.11403037605794,49.88567661414445,47.630174655272
909.4591120869969,318.74119059581375,49.88541335095653,47.63013382925517
909.4927543081307,315.93131771289364,49.885120386893675,47.63006233816789
909.7454390673108,313.25878984352585,49.884773096297444,47.62999097119066
909.4047387644794,311.0200870418866,49.884521096426845,47.62995669409808
909.9047770186328,310.2186847191223,49.88437514870886,47.62990088888199
909.6298379182041,308.0715042340358,49.884289815687985,47.62989979087872
909.5548327912551,307.69100267180966,49.884145210758355,47.62988136086092
909.1574696400912,307.2343215991056,49.88389796085893,47.62983755143129
907.867150282372,307.59829462914064,49.88376022327929,47.62979336733393
907.5579652227697,306.69329347220446,49.883607281208576,47.6297629558721
907.1193866764349,306.76866671064505,49.88338012848231,47.62961746368351
907.185182270445,305.78640902208684,49.883100997837914,47.62956494109597
907.1807724911164,306.114067391615,49.88293282892037,47.62946269054596
906.7507474637063,305.29418937696494,49.8828417852412,47.629432714825924
906.638436663643,302.50102828090456,49.88260124197031,47.62937633257535
908.0877291936149,300.07593616154924,49.88195181091752,47.62932081756283
905.893930943547,298.54201168709056,49.881444825945806,47.629161105210095
906.2279808631756,301.55283724561815,49.87898951317037,47.62835683187443
906.4712356397456,298.46284623659477,49.87879756481057,47.628376691717996
905.9503314630233,297.4716446287071,49.878695746746466,47.62836470821353
905.3171317077863,295.8577759954256,49.8781303448058,47.62838576727238
905.2120456885866,294.5429791195681,49.87723622657943,47.62837470255057
905.3794438359243,293.34904120619154,49.87703021792047,47.628286280646385
905.4629674922126,290.72984431561787,49.87670353408247,47.62823621032285
904.1411965209476,291.6920175557989,49.87637226189071,47.62803411720599
903.524285408291,289.57354409846374,49.876278085340765,47.628007746201234
902.9176021712433,288.4455946519226,49.87614906650114,47.62794379062013
902.9991957449441,289.02839840825396,49.8757474342886,47.62754306792785
902.6744064264373,287.4455548067517,49.875642655412605,47.62752506692233
902.1581954249875,287.4792154732119,49.87544983115597,47.6275022804353
