455.5,321.5,23,63
452.92725377355157,322.77157372878366,23.21938337735058,63.64012728837379
452.41231244092916,323.4391974768997,23.248297228699254,64.0081361607788
451.997055579572,324.55020467701723,23.329408249558803,64.2708100425567
452.1323999733783,324.57981328687185,22.954549303440764,63.91467320877086
450.8225957438192,324.41547009321687,22.81684021952927,63.13590350801472
450.279617677397,325.02954161008944,22.60289617823269,62.501352939193424
449.30503344956344,325.1389063425559,22.6360831027566,62.60572001781104
448.95598234180306,324.5056105235242,22.800293998048794,63.142588500375986
448.48758457947105,321.89451838186227,23.2113428791696,62.95729731220315
447.8202393916117,322.3643924581355,23.540762535360045,62.0776121939527
447.45318293929495,323.1054706884037,23.68818751751588,62.58896228420517
447.25878028067217,324.3620160701438,23.78281038518218,63.3426671559485
446.92123373047207,324.20953707566616,23.796314041898754,63.39488291401152
446.3198406769643,324.92830608253206,23.503410160777968,63.8224684106405
446.6618224816445,326.06467272308515,23.236370372390095,64.22028166121152
446.8440988584676,327.1923624904472,23.08787849559019,64.4066722032392
446.71002396942225,327.4012010036324,23.05624626574825,63.786686343269565
445.48239424839124,326.662512267175,23.086822375366985,63.45389054309797
445.33569640582317,327.22584187204683,22.94602999259002,63.946931765177965
446.4695076543401,325.8287097363744,22.818248098431056,64.24784505385688
444.87961266539605,327.6379794248081,23.067351840891213,64.34550960498312
444.3590028478908,326.8212398187759,23.476769989886364,64.12913673193403
442.6228541533701,327.5489940137048,24.081723476339853,63.23724157802667
443.0377958695717,328.2312748713958,24.494393874083507,63.148923310902184
441.6278278660005,329.921785089515,24.80742361024508,63.315755629256664
441.86406726781877,328.5287595987321,24.85808136275709,63.07391688227636
441.4795516432481,329.19829022394725,24.859996959337156,62.033963988083464
441.04555830562174,330.24813864352313,24.910843591808145,61.39360235687076
440.2106736203075,330.9301953263602,25.023106877994472,61.910532186921166
439.53160675716134,328.837148522577,24.984190461998566,62.47305654438074
438.6469942593199,328.67356083161184,24.850823513940508,62.98059210943086
439.3905412249498,328.2766456971835,24.33723448361306,63.3328785011628
439.1146700162648,328.2769769956727,24.357072918820545,62.987412153669354
438.5712326240918,328.64651877493486,24.185798675342177,62.63514730213427
438.3579448266828,329.07708559932195,24.068593824107708,62.09722433980544
439.2640175709259,329.6279209645711,24.247061796162235,61.136122536237494
438.5294827349171,331.11859414451317,24.064466615083795,60.83151276959987
437.9732524512946,331.92832578537576,24.24178031409987,60.88514364127886
438.27375517517515,333.4949594857152,24.22342338204014,60.493626242507354
437.6866725648197,333.48969022061914,23.717234365194606,60.30474792666253
436.3791819818475,333.77865829005685,23.491653425960045,60.73190476626458
436.85094856569077,334.3592869362821,23.505225239219193,61.08603083658424
435.8739130184137,334.366107043765,23.752885687334654,61.61844391198558
434.7206027543731,332.6660782713126,23.814651288352884,62.97620385519055
433.5906281495201,332.15925626991157,24.07461635289441,63.38475360397575
432.69500221609036,333.1288946692035,24.18875778617543,63.95014551800788
431.50687329097724,332.49709766055764,24.389773450808953,64.95826198765388
430.80883128946095,333.74369334389036,24.82709790756161,65.36628903529513
429.20611635448,334.3493087743136,25.05570015606358,65.56585612805432
428.48175421228336,334.9962122863986,25.660545932842766,65.6815984593912
427.11039577128855,336.210390115812,25.796344003034246,64.53189379963361
425.92615007672106,336.2850251157037,25.86450761430675,62.825247653533694
425.1252461337787,336.11897989396437,25.521764270714428,60.92231555215156
424.1173725237106,337.8513230169687,25.050191306143013,59.854441506689064
422.9605458460735,339.41779613812383,24.625412492456647,59.5579284366048
422.71492812432865,338.97133186022234,24.751894838650582,59.472190984889
420.8960490731475,338.9954963276853,25.207553360248248,58.60399634638031
421.7306265680013,339.75165477455516,25.31361196974558,58.65299641965117
419.1778043564215,339.1418901692515,25.38793868202873,59.23847281720528
418.33021444544715,339.51000669079247,25.191241568018505,59.53667611922377
417.1910567701779,340.4834410254054,25.16757403891836,59.66951912564187
416.33746574687734,341.9272378374452,25.093608367089942,59.729836764074435
416.3675057003624,342.79178766254336,24.68555883869991,59.745012326166034
415.7480133160743,344.5919091412343,24.430066573660923,59.547889171259165
414.7771735260183,344.8577742927898,24.253965945185296,58.81321935780265
413.23864760123536,344.7127571488516,24.316561045788774,57.80111877419624
412.8233620752219,345.3562180122142,24.219658254718013,57.72267514061835
411.5041756134864,345.55860364324457,24.222696924877926,58.20125001894219
410.05126621376104,345.0379860919355,24.439860347894296,58.875639901232944
409.101756251999,344.6666064909839,24.563303560717337,59.50136454120417
408.57827488428313,345.14150476058853,24.977026073218173,59.796238989124035
407.03670617646264,345.0599430844365,25.23281334924131,59.66882569935355
405.48255976985814,345.49166212033776,25.471656785390294,59.163118612238854
405.1931299045588,347.6645820263779,25.550808697957628,58.55162495151043
403.98408565147975,348.2851243114863,25.687395672514906,57.64999798260247
402.4901479582366,348.84495107292713,25.20103862377468,57.646262499996396
401.75967665382683,349.155757628975,24.737130053471326,57.62710559994443
400.56610030985496,349.95892644368354,24.617901706564005,57.60394291445132
399.77103258597907,349.54231853497504,24.84131623947512,57.77863868897204
398.6832402476317,349.44882360280957,25.112574715684595,58.20852208522149
397.49451396105366,349.0444617142703,25.287317614005474,58.99481691386778
396.5121221562464,349.0333088444297,25.33858827844484,59.79258307558806
395.5179585410166,348.6660104103969,25.474348074593493,60.267321007582254
395.17006599656884,348.3335536779618,25.346895267523394,60.96945704039825
394.7158417100552,348.5883581596304,25.101462171506252,61.110320539238316
393.64098383073707,347.3602475258492,24.550016545560013,60.560626165015904
393.527173044333,348.2374647442303,24.158017497163783,60.69207231773901
392.7940913297761,347.6439574417955,23.560364140465147,60.9308468212711
392.7407512482837,346.4462825379467,23.179084799322453,61.23931880609284
392.04873212306575,345.63210457074206,23.193834605239303,61.56882134313267
392.04476943184306,345.0394733840179,23.236341306182286,61.99735929937124
390.2190925964504,344.78192111015517,23.566275022667753,62.2794061544498
389.49491854128553,344.7507074058943,23.828406182580935,62.675586671949866
388.38657230050853,343.6739647105848,24.286609412998118,62.36393243511209
387.85403212969106,344.3090512454795,24.05868750682265,61.73211944842586
386.33410819810575,343.9973963597929,24.06114704525579,60.64269356687557
385.0911479740295,343.2352695199785,23.818380207031243,59.39811790080124
383.6512613257812,343.6301653351156,23.616776474109017,59.10259793633861
380.97918008283926,342.43911759364596,24.15567019549703,59.16471804314875
378.8852492816703,341.30131467486325,24.677253912397852,59.26855497698183
379.2969760815262,341.4998724411,24.49915482203968,59.76078461357562
378.0664518982842,340.6324788799327,24.03551270352324,60.183256748727615
377.0570943335655,340.2956767902277,23.906338457273943,59.78786640604302
376.2535820838298,339.6723366574034,23.59180028508389,59.02621346551489
375.9104597171579,339.9100115885729,23.371595283263098,57.86334447008482
376.2968530630414,340.50133728140855,23.30353123439467,57.225767249280935
377.15556618134605,340.49284404282315,23.2692573157862,57.11078081747799
376.4074966371769,339.886201358051,23.265322851992824,57.49764510500258
375.2257707338803,339.8603794762596,23.857132569695864,58.19052094189239
376.29634444901643,338.5825322362404,24.43688472133285,58.643521148935704
374.9199004163063,337.77156514888156,25.21057218517535,58.8949229301979
375.0446155377246,336.2823744451718,26.108811019258276,59.42431899940638
374.71478128513587,335.82100896102315,26.819891842337576,59.536508397517125
374.660279284377,335.35414757789067,26.915697689808184,59.29366480140105
374.5609797263405,335.26016664504345,26.87296734454506,58.45008877666129
374.65292752373097,336.2472809325952,26.297656839209232,57.897126757343926
375.4074373270829,335.2521190433923,25.497422766410416,57.57285912797371
374.7530826463168,335.5547724342204,25.2976871034523,57.478509408561976
376.1487882040907,335.8292334045256,24.891760683339,58.031301959795755
375.6011520055038,334.42232620257704,24.667298983985674,58.120988832641245
376.2019145751587,333.4886530123134,24.486010336832912,58.32318087528553
377.37945791584866,332.29306233009936,24.43089309019117,58.960131740446
377.62765598294834,333.06007038574535,24.057798633397677,59.28632509418088
378.9759205377035,332.41999477467095,23.580965568809198,59.0237831782072
380.2260210078427,333.1251926732568,23.01074609863882,58.49680915971439
382.11525139528356,331.76645970646257,22.875704112667037,57.520623655543446
384.9504287891411,331.52707823713007,22.8108233201607,56.60424785366884
388.11554657053654,331.27443758583706,23.117548740646114,55.931463617848486
392.93843138241465,330.68832156428164,23.443307170173643,55.969935804735314
397.8921037940261,328.8044047525436,23.939634565273387,56.27690965266822
402.6615092942616,327.37417654830966,24.629446955000255,57.00041890613724
407.4463030826684,324.5055263668463,25.201666934338988,57.38527748134423
412.6850586735131,323.035416383992,25.563329069605174,57.48432403663723
421.57090588500694,321.65774141405615,25.786110964976835,57.608724479286046
426.775554575003,321.2576359445877,25.733482057274724,57.509754886721076
432.0154797471347,319.7518350437214,25.655578734495702,56.66913758368683
437.6899983719104,320.22685811280087,25.059308094136163,55.503436163388166
443.23747673490936,319.6201722572817,24.785575580784794,54.398415120825504
452.1419393354614,319.93409460994775,24.631527088665056,53.943412858482716
457.9607778604271,317.9524330492349,24.204115198340673,54.14501174628104
463.0210509064111,316.16321279023407,24.21592765739795,54.45777147433518
468.65493807952197,315.26629029753934,24.574572378559076,54.420641761657976
476.67035682526455,314.0757068341893,23.81238208098258,55.05520913334249
481.8467577385686,312.0628340642296,24.168329071818345,55.56376612422011
487.48346142810163,311.54511693370665,24.233705910586732,55.79106934612344
492.7286623941164,311.3046174765895,24.17644568693126,56.23526655708351
497.80083296049395,310.7803048704625,24.07837110996234,56.31938144772043
502.46622582888693,310.52952971297367,23.78435905481697,55.829192489626735
507.2833492131012,309.60988847971464,23.61443246918874,54.773327155699235
511.8509570298902,309.7874910158807,22.962320587746905,54.61952595454583
515.4943367494694,308.4336420724728,22.7660052365706,54.364847008399465
519.2894783325247,307.5325836261691,22.6351832826184,55.3858437795278
521.3242520601425,307.2006739090161,22.800818589528653,56.094025423571246
524.0121931160826,305.56381702570764,23.50701541136433,56.38319276722971
525.1010558490999,304.07915105062057,23.705680164064432,56.80936308677336
526.849043512219,303.9042558193217,23.679351053264977,56.68139868825473
526.8554998348379,304.0725343324737,23.738822303543678,55.81652111103212
527.5392657400621,304.64918196687853,23.181530284965365,55.1704691774695
528.1376034727185,303.7305468033654,22.43721524107167,54.615371903101064
528.6054672618629,304.43514206479705,22.342541565885846,54.32684347340039
530.3916758517638,304.3681654910057,21.87282581163638,54.439436164039535
530.8986217183344,303.0123808634296,21.885407123844395,54.67219463199085
530.8245797150499,302.78604070385205,22.26476430469921,55.07420918887048
530.2268970017169,302.24907423607857,22.965614342161153,55.58778276562992
530.6617492481541,300.36741861071647,23.414953843236596,56.051163920681475
529.952066018503,300.4060062440002,23.376293416552514,56.194124521709696
531.1254307026677,300.1896037651355,22.97704889910671,56.62635416330053
531.4728395181492,299.7863747730584,22.46951506719595,56.341743641213824
531.6306530505201,300.1166089154258,21.860166684209172,55.22142906851329
531.4953232873379,299.47469374461394,21.398681139543804,54.34684123157863
532.5237641166274,299.8208482767642,20.851878984024243,54.13908762034026
533.0961689394709,299.69501925217435,20.859486640468937,54.229528799569636
532.4566239810528,299.4697324365639,21.24923174586581,54.9227249850927
532.549768145545,297.6964133326416,21.895179528045126,55.32163856448878
532.8081976216191,296.3799313728244,22.038348675910896,55.676276687995966
532.39135567773,295.6045475446239,22.678392406108784,56.3022480611518
530.9711853040285,294.9250526572332,23.250326285530814,56.97356277709154
531.5957809429935,295.0282676891785,23.71911908791521,56.98861861109954
531.2794107879915,293.7411973050858,24.324441903935124,55.96390602959929
529.4705150697666,294.01954066429613,24.321698205115727,54.662077685774264
529.3577456308004,294.21388356839356,23.571391746134253,53.84310305612061
529.0072808679307,294.188309352807,23.19120459554302,52.945174655953025
529.0444695399433,294.06863797621435,22.88174785872706,52.65019365721189
530.5159688761021,293.16693171931695,22.554785601509685,53.388661188477904
530.1503771227493,291.983619657348,22.679575294128277,53.83921079802674
529.9834894740239,291.0741522178971,23.136783458807955,54.35197104104143
529.9534456324079,289.9758991936884,23.767860691200028,54.74996939902921
529.8287395731282,289.01585196978556,24.191720599547516,55.225983255633096
529.259909096122,288.1937538314541,24.26353952112748,55.61408293080974
528.3398581396563,287.5502698865787,23.86163370166772,55.22966910860072
527.7728150362188,287.4385210524085,23.149971126384553,54.597455257223054
526.9435684596184,286.8559419586753,22.557171812468162,53.51031485116819
526.4118767086728,286.1709581582212,21.81761363440484,52.51750402685977
525.496156055803,286.6294531386252,21.694364960591194,51.918055128883736
524.8690186884534,286.20915773407177,21.74488443577657,51.69013755137863
525.0948540478438,285.6621403990649,21.707514814388688,52.33592806693905
524.0813011721001,284.4915014189668,22.41094195316719,52.92489193640648
523.5977253973717,283.3432732836126,23.265283963782522,53.36956767332436
521.1936593466492,281.24684126037994,23.60117084885811,53.491344359407506
520.1610628657619,280.57961229704256,24.20079157266422,53.538406093531655
519.0990060686709,280.04415789415754,24.604366908293798,52.94236991868037
518.2768538875803,279.8478420856926,24.874143577680208,51.99420184631735
516.2108062141112,280.3519188026821,25.05810593282731,51.22843926848514
514.5909531238226,280.41632956686595,24.460338959336653,50.83372755905286
513.2025782557986,280.7730547359147,23.80443622193513,50.602238292446586
511.7560457548783,279.8196094972735,23.020139497014668,50.295437535140294
510.90734887463515,280.09477359776633,22.651154664056214,49.47804693834354
511.3034017226825,280.26981428532554,22.11600316107672,49.44650771586838
509.52997046392954,279.7693063984314,22.253351251397646,49.05945779389399
507.70449290356004,278.68951000921896,22.566814859838004,48.98315970699301
506.9076278336644,277.4265722284479,22.760215528994916,49.115048566569754
504.9142948430651,277.1463590888239,22.75225498812932,49.1408511037142
503.1991189863178,276.1952185730877,22.585569386255234,49.01384575060416
500.37855684611094,276.83297445033855,22.248887575360335,48.78928237752635
497.9732263679351,276.8467511582516,21.876519356907217,48.92622082375886
497.25045466302646,275.82247742531865,21.531104123765026,48.724692949353724
495.61270188435645,276.9916186835641,21.46203427598416,49.051409917878715
494.49318173581474,276.81594448663344,21.457177850274007,49.335178245118755
492.0485098818264,276.34199186016735,22.592742862190455,49.57559448437909
490.3667289064909,275.5253526094894,23.858683848811182,49.277706932916615
487.70098634864405,274.91519065900917,25.24944173061817,49.02252452818254
485.7578903882576,274.9498600424078,26.125385228768486,48.61058398526218
484.7921419325004,274.8014770085037,26.41389131272238,48.421070774076874
483.7158407010004,275.6664870713576,26.8215979598731,48.02914810148637
480.9927404586869,276.8430456958882,27.062527200451015,47.38907621108309
479.1124687540709,276.9278518252306,26.621117675417807,47.051689737057536
478.90375884935037,278.61105360613095,25.78081653759328,46.85055054331418
477.49412007274884,278.99877390209224,23.837220441199236,47.278494470014955
476.03852231018436,281.2631642101122,22.983931560810603,45.80457086958471
474.998633979212,280.33148102513405,22.05487123812089,45.39992805375002
474.2451983616028,279.9972344524459,21.854165364002434,45.06655163983834
474.2446556436699,280.2518561311062,21.92427672616017,44.98681592550214
472.10706277211347,280.1601313351733,22.721173580341745,44.96568939758747
469.6576312533085,280.782696331878,23.389155880647017,45.002560422702096
466.5617696118079,280.1904820298902,23.844398450757524,45.07944448531883
465.77346526770725,280.7326776612743,23.8439544265184,45.32956569470329
463.6090678666501,281.86188230926683,23.01974839702875,45.987423793737825
462.9913016892547,284.03417710893626,22.41105594121921,46.364686020113034
460.85803830426283,284.35213747601847,22.085631817800817,45.993616647461764
458.781885107106,285.17418263293564,22.199096010881618,44.652219790038814
458.54168606432717,285.7224965329168,21.75019539753712,43.83620323690069
458.24236243511837,288.5357369126476,21.58261463576357,43.30303998613661
458.0370817144269,290.2683355118448,21.38106486632347,44.54569944286311
457.69516856628627,290.9797746959487,21.91502784499588,45.6521513282563
455.08856138818356,290.5799449082949,23.12808579861334,45.42887396337069
452.6153924227816,290.73260270957206,24.82524794244523,44.5990365927233
451.18902560274483,291.59907141032613,25.529935565825717,44.41058857491276
450.3713478325812,292.5594270415419,25.691035544324333,44.549358933269744
449.21331322256447,294.7582884934857,25.437013993636363,45.54474344362781
447.8563410607656,296.8029467925109,24.716049927188905,47.345732364681375
446.6408069593919,297.0270705816541,23.515320577827495,48.434277303103414
447.01429508138193,297.71547682826457,23.183816602905715,47.54847961829878
444.9991306471441,299.3366137670586,22.244738389777357,46.9180529029574
445.5164601224947,298.9828909181163,21.46655086437105,45.93722397887852
446.5638876378805,301.7431798308544,20.993329601681168,46.13954225249287
446.3450580805636,301.3284972288526,21.14064477605689,45.692041854956926
446.32431944946404,301.7263433767082,21.61988647426257,45.83959216874659
445.49723207340196,302.86132810488556,21.834632300872546,45.97963328864003
445.46332420982515,304.2217630532694,22.09652894705348,45.63020761718364
445.3590561285319,305.13854816649314,21.902351989656246,46.118431185368074
445.82412469712017,308.0320156756268,21.324706439880224,46.48598568431272
446.11766809190885,309.28293694372076,21.1280390440806,47.234829793632514
445.5256739888923,311.51185762336246,21.25724485951919,47.68640177205671
446.02132412651684,314.09290516640635,21.36110196914263,47.93755570177701
445.5355053296158,314.67813241580257,21.442490191416127,47.299441193123606
446.2879127096813,316.0093708517925,21.539464309725957,47.24889659882314
446.26648155692203,317.90371947853686,21.59485350643874,48.00147389291137
446.8300896183977,319.38119460609926,22.038157307651247,48.99421269418301
447.65162512805364,320.0055194436378,23.017067432290844,49.63984762508582
447.528815222378,321.2500355092933,23.80454460543559,50.215658909988804
448.42656662373986,323.26372237499396,25.206066624946942,51.26105100576649
448.4474317688123,324.5029636289022,26.75225318584583,52.48117999582911
449.4475736930976,325.2545942311592,27.707929372599356,53.313350843927346
450.70114518130913,328.6462547130863,28.20919756522832,53.24270402100326
452.4520744351735,329.49510747992514,27.660186776692207,52.966501435132955
451.74662205337927,331.8919710463696,25.27980531019331,52.60440205264081
451.55132357713677,331.99407607269853,24.612156842222358,51.41998360307128
454.58840890427837,333.4638345390705,23.997192769054905,50.26833385878102
457.4587985985865,335.8560515038634,23.305772225195717,50.22604546752525
458.1590467374727,336.4680362821322,22.557430393071527,50.34610974830611
460.743307929163,336.79884641342716,22.85158930317847,50.32890957305371
461.6060357663198,337.1090070832625,23.079469033260978,50.30882876196656
463.7311051068001,339.13582078989737,23.301282790654774,50.27298928204645
465.7120227709075,341.6841700545216,23.86175867307236,50.09146619072519
466.676865113385,344.2993887139555,24.534594453968147,50.69630070718455
469.44676306689905,347.0567523903666,25.351618653446444,51.74806829607374
470.49460034181,348.2879367674708,25.247937888529037,51.881651814280545
472.46066636158736,350.78321258820694,25.197811778921114,52.3755710170771
474.1041219776884,351.45286167615706,24.42231650512357,51.79473121710764
475.4104133616333,352.30422742784475,24.187368262532875,50.97185951883936
477.41679991195434,355.3490292339183,24.135817333674233,51.37122523271144
478.7049516892342,354.9547970239113,24.091742487381815,51.81311254481918
480.7391675442383,356.7253222150157,24.02083003205808,52.48631558820847
483.2797966560504,358.7237733187983,24.150177429771688,53.44815933706418
485.03739652177256,360.22943505876754,24.269231200219444,54.159073920938056
485.79414133159065,360.28377097545547,24.445481046296802,54.18327624856714
487.6266528948286,363.6272467755899,24.36248964665803,54.507532228864704
488.6364464387404,364.65023579222145,23.751571553738042,55.01739421101303
490.07116503604135,367.7274412813463,23.26411191727214,54.54936695697596
491.6134349417788,368.4622604761251,22.54549932518802,53.27622848134917
493.53692057443783,369.47098654394335,22.186077603250684,52.012508550149946
493.0729300838692,372.5726204644886,22.18049898784949,52.21254767011907
495.37962497359746,372.5404406077206,21.984759431171305,52.8739042870745
494.93401299504,374.4398166745859,22.127487213473845,53.459800476403004
495.97343488133527,374.0504227886107,22.56335291353956,54.317577754121174
495.88735956971686,376.1703094672922,22.851625573948745,55.03234894097815
496.48541652152534,377.5879055814558,23.075056605558167,55.89322690689541
495.6335623684191,378.94613807721765,23.48631376850583,57.62325697152401
496.56380763505007,381.24385580321535,24.095539068907943,59.347362497006685
496.4870558479173,383.4327742160498,24.840495003326666,59.579023695324565
496.3979720216526,384.2425390017851,25.599523091818654,58.82596142093117
495.1941922989732,385.4331313573106,25.82202108240464,56.40461294328742
494.52374951180747,388.3623165858933,25.88974607991561,54.24077416527544
494.72213318422826,390.51932174672527,26.847723765477244,53.3544600716389
494.53720281240925,392.6658232035881,26.799747097950036,53.800833702865596
494.75361108183307,393.4745682185037,26.88778175396088,54.242973590179204
494.25199177599893,394.0056336003379,27.370665737066197,54.942388365413024
493.43512400665986,395.8994568452814,27.14991397582523,56.29628240286976
494.2723490724485,397.2821679519493,27.133239603944947,57.28630710039212
493.76290291359896,397.8786933196503,27.002746350164223,58.670323263336044
493.8779415295622,399.07364704749597,26.547551330519052,58.06501296607675
494.27780943882976,400.32258671363695,25.759045941618275,56.34725835770614
494.22367985161776,402.3840012353189,25.05829419313355,54.43112701675001
495.24083610672255,403.32799679976665,24.607140295175242,52.950784540646566
494.78397683462896,405.11514599765223,24.0313757213051,51.97378262123951
495.2551771107877,406.6754362873144,23.443520494028476,52.41841214590379
494.66849921655216,407.3168631197837,23.61018053512407,53.54529344533594
494.4351464159834,406.43775322892014,23.975358795551468,54.527236161785986
493.8860622250623,407.2375447413641,24.741686304629056,55.31352097098919
493.16264418209886,408.93337111900206,25.81427427334748,56.14943493476845
493.25172987714893,409.19085472463894,26.2685179394759,57.71669948351973
493.4740084960943,411.0394649507954,26.834673802018568,58.850060696245876
493.8247623014489,412.90848544481105,28.30804645749896,58.402029922066546
492.58655478194936,414.72006487349904,29.37817132296738,56.55352402260678
492.6342985169037,416.4851835729259,29.298084115608276,54.38320950964787
490.5216056794942,417.1827927419033,29.004064425437043,52.30591972432062
488.4424258167788,419.61538728861086,28.035281244678888,52.1980190868686
489.04600666042995,420.341534318241,27.478916507240044,52.515894881772454
488.5117598126487,421.83305175871925,27.21097524243722,54.13745184728205
489.1149832253754,423.09235981906204,27.02975226818772,56.34506777844576
487.8993815328239,423.23745201124467,27.36456755171298,57.94220212443487
487.2113418265845,423.9843922697535,28.148962145924003,59.69422724515818
486.7892712399033,423.74920301556404,28.69050481307403,62.17669381391619
487.97376352915694,424.73631448066106,28.623927260857734,62.79753147065151
487.5774159028987,425.4618290746432,28.16670774801625,62.193832554884864
488.5063117089259,427.24532841411735,28.170902177030833,60.79547615842267
489.25135940079235,428.46190266606214,27.570607878293192,58.81120481031385
490.30605210276894,430.3430984072677,26.219514851335106,56.97420607482812
490.8481828028521,431.76713741135336,24.881636164486686,54.770812977430936
490.9126753520215,432.48196581816956,24.079544514977552,53.75592962800143
490.5125158853715,433.79530115630223,23.558320112362885,54.14434870202607
491.1990943409089,432.72412284179865,23.072431208089753,54.95584626597736
490.746166924022,432.7950552909932,23.197616829522197,54.700636176705544
492.98552505939017,433.4341700894028,23.20342433197922,54.946711327467845
492.19548526401627,434.40603924482565,23.65853527477016,54.59307819259412
492.15158607439383,437.10147340144573,24.579298551170805,54.97578852315283
492.50153545919756,437.79882132864566,25.697878127434343,56.350786281805256
491.4541312558687,439.3355601722543,27.023635995552237,56.172428023222615
491.6271321099436,441.10350097626883,27.548082876727314,54.9410674990254
490.39565297875237,441.0529888877245,28.14298293445891,52.993936606762915
489.8693752857634,442.24479946070505,27.957049527063756,51.99630548441472
489.2086086743735,443.80227375458054,27.970311699390354,52.00802415778747
489.56137423391505,443.67118321876364,28.145545362736065,52.651485055585425
491.3851119025871,445.10350252940884,27.359154486604055,55.01692417782532
491.0311467612678,444.7931402309777,27.267901817792357,56.82770962864571
492.6773520613396,446.634569659934,26.107827834164777,59.831233541271445
491.9970786240969,446.1892180016948,26.16769693231354,61.18581033353985
494.0881444366162,447.4663975383617,25.561936261788567,62.85527480756933
495.261941480199,448.3560678378325,24.75353282460913,63.67433098673447
496.0635680557073,447.56777974559367,24.111677798287353,62.43431805416198
496.08231201814397,448.6487990351013,23.909302772955982,61.205612574035
497.56453376802955,450.05292285063905,23.67313075755971,59.509364216259755
498.62876054992887,449.82603494482254,23.477273877263272,57.76683570660374
499.1759648374955,450.7615561776356,23.065081707998566,56.74431781144261
498.5351653898012,452.15546165914526,23.201172671677924,57.32525074490778
498.37881315240315,452.3000817354906,23.50391113904017,58.54559132360894
499.32347930790803,451.1937278725944,23.496001466923524,59.62321322824964
498.7055828497292,451.50988349251395,24.201083328479292,59.87480710115389
497.31142503471347,453.6346489988842,25.278598668402992,61.38730525940346
497.336592481509,454.73489948964834,26.48225037187305,63.24725101707191
495.2514594190759,455.58261725613505,27.63933814819805,63.98169705682183
494.694676192827,455.5613895828589,27.651745743350304,62.876890426178406
494.0887018526643,456.4609396710632,27.526833170890907,60.7201841666151
493.10104282117055,457.47177284924527,27.36270068379906,58.00172461166547
493.5480245991915,458.9399467760902,27.07530993459241,56.84655582844837
492.562500998033,460.1553036956203,26.57309959525286,57.3535231875082
493.3992590613468,461.2361584991695,26.242975244710127,58.54654156388463
493.1710723570836,461.99414460333156,25.875068689266442,60.1906390596163
491.6044078878594,461.57247634468314,26.466615725401567,61.61308953717919
493.3858257766695,462.4826882784142,26.474904263043157,63.36872477272925
492.145746441135,461.96180540899144,26.682876654815402,64.4194571679765
493.2156432538866,462.7249381354401,26.92030699781798,64.77993359168137
492.1606850269844,462.94944097468203,26.584524951942704,64.80501533032322
493.4540469659184,463.79814812658935,26.334525832223036,63.111211517795475
492.57885700889796,464.7124274657417,25.315475108904295,61.934830650159654
492.7256134559484,466.10160361963585,24.743432719802456,60.59863990243005
491.9035025579528,465.1460237589762,24.294626924088476,59.24039449717767
490.77763298514725,465.9665282071585,24.707804177190027,58.917619329221964
490.24280355324873,466.1706182876077,25.319464407602343,58.5415086390569
488.807280935032,466.0093764713996,26.2699825434728,58.14928954606262
488.27439858304024,465.57439233569966,26.75247109484556,57.64327398319581
487.2678224110773,466.89563706762607,26.96023498814882,58.01636183562726
487.09947156987846,467.59137045154586,27.300355815556934,58.70959469852495
486.3826712176354,469.06926359434175,27.58356327243874,59.024164352798294
484.46544984251636,470.0421461866229,27.720043500170092,58.64937268374649
485.0562410609102,471.11259653274516,27.701381657597672,57.1165137548077
482.62612065907706,470.7952411065316,27.472944101278728,55.49164018035488
480.8931030384452,471.18395632357505,26.987101033292543,53.68717033758427
480.0898811444539,472.698693728051,26.284193138612196,54.12998628295051
480.51266068228824,473.5004872548896,26.207248951134716,55.10488018821199
479.3582147071417,473.77493006555494,26.139337980132602,56.631087120973746
479.45660752898357,472.79280538015524,26.026180856818456,58.82631132991075
479.25420134218626,472.19122228018784,26.381516521196232,60.04491157239616
479.93979537866875,473.89507017734155,26.42631379407171,61.60723416492955
478.0303934598967,473.9516262098766,26.499599424065778,61.71000674067221
478.5133056351653,473.3968059812715,25.68875914537933,61.56805778042499
479.72747897685406,472.5587425565094,24.56986535335153,59.86073292973855
480.35112295022464,473.6527326561342,23.61961023970977,58.22153788053999
481.83040951681244,473.95696061454134,22.539044518490968,57.47131753153391
481.90119906307785,473.79017827631714,22.15610857628976,56.36915020095571
482.5537446457652,474.62388686817087,22.241084988277045,56.79089107541478
480.8812320638957,474.29774537772744,23.08419827343028,57.17238693643612
482.2260140469644,472.92691928341304,23.58143788662336,57.63734315834435
482.7156188443826,473.2609835182134,23.965594776428933,59.063606034721516
482.8452553713861,473.6251627133961,24.407832688246067,60.61883486168695
484.0410582860172,473.9504029889742,25.1381197880611,62.16785201026832
485.33878883545435,473.7644074883951,26.479341628716128,61.770917344617445
486.28668382704996,474.7764585340461,27.06030726457402,60.18250252705612
486.5532836227669,474.87144593031934,27.546119885893386,57.74699927496081
487.02019376160956,474.5505660321868,27.356444524742518,55.615869457120645
488.7893289435578,475.6947633092036,26.220546521075597,54.56327302358565
489.81333816322353,476.83404134739425,25.783612781374853,55.281567676193035
491.74115651394516,476.6446320182109,25.537685104360882,56.89218641390535
492.9996022947428,474.94966906671056,25.207820758723287,59.467598633587
494.6295950429045,473.31868762139777,25.200026805978986,61.534423069775336
496.32750146860445,473.8036976338259,26.054505302082713,64.03082703326142
498.1524477268715,473.9836146245635,26.496904140681643,65.36667426611879
499.7685627726153,474.06228239948126,26.567836623962126,65.90943740965402
501.6329351999487,473.52142750089087,26.113429537850024,65.23180501323137
503.1011571126663,473.13057533571623,25.482840271359585,63.643704246000695
505.1450628414696,474.0092659650727,25.501437409791748,61.36097992679423
506.80194089866245,473.0698690474139,24.35655055237934,60.11604381788282
508.8065196659239,472.6435323369838,23.946527939884064,58.194284579593685
508.50160140004317,472.02123958512084,23.76431339475642,56.932267080771446
509.4294121439796,473.1155096784246,24.089942479088066,57.48432676484566
509.62629489333085,471.796571802426,25.024263237366572,57.036053062726104
510.18453726520437,470.11936583000477,25.551355354047352,57.39685414865125
511.5821135026674,470.2078326292876,26.341730060746613,57.44341479668768
510.87375729135886,470.37746200985606,26.616716227946903,58.16093112862942
510.2309772445683,471.03220655586597,27.0222948037363,59.5051175927924
510.7683221807356,471.2132769080721,28.16145519118259,60.31358362074862
510.4323560851571,471.64770875185303,29.329957373451247,59.961643479977894
509.4052031727,472.1577920091464,30.397705833901664,58.80975031300731
507.68093856993283,472.2648007153726,31.358033182822837,56.79575035279497
506.10922849485576,472.599285862096,31.543743782119485,54.81723537684536
504.26306286450864,472.9314699738479,30.7574959984717,53.16430409258096
504.7469578241672,473.4396701318642,29.148727981238842,54.211952305219704
504.6490305205865,473.82915119856887,28.28871825429377,55.32851073970441
504.97017489357944,474.72797357155775,28.147467046359573,57.7126801874522
503.0608039028813,473.883806189515,27.95940503834547,60.61795010931355
501.68284277594154,472.60397446132606,27.899553566715376,62.13646609521716
500.90806864096817,472.66040192941387,27.755419762115295,62.44665035696331
500.6300241121695,472.9411917661064,28.51493738616842,61.98884489587914
499.4056830982458,472.69654259036673,28.256452027007157,60.871382745496774
496.9095101380754,471.25916709970744,28.34711557048636,59.41561500428121
497.222065512432,470.6438067309173,27.40888445663039,58.0572174995978
495.79748124233816,468.9694167046561,28.077877930823767,56.48395422860328
494.8934973386861,467.7125097674917,28.141115146353982,55.386028944301586
492.9622300156293,466.2485819344322,27.98753937224041,54.49000465322162
490.84222493703766,465.8870548790343,28.57089135681634,54.88723432449177
488.82045005091015,465.27258786869123,29.280635568005657,55.98753755804375
487.66425686564816,464.41849957652244,30.782398650375097,57.528189044653516
485.43025277457406,463.3215569264222,31.85894379121774,59.37789563844645
484.3701754616716,462.79547467848926,31.652413942077608,60.857442603489616
482.2053670207017,462.92481165284846,30.422499612164295,61.95453423590225
480.74573867248404,461.8139179682759,30.15294333748455,62.42157183011446
481.3719199551164,461.31205845277026,30.12197566872708,61.62051168918204
482.6888415725664,461.7430927152969,30.669931130345077,59.28428261210404
479.4882062649706,461.44709022641064,31.354476872947558,56.52606261810522
477.7299978606182,461.9474403622435,30.722163403637133,54.679488334922894
476.10570668194913,460.6840205388951,29.075272280750703,53.19016320195672
476.2191556101168,460.6372379308847,28.79204872428134,52.9550944241134
476.11335246260853,461.2551593223454,28.97711423326995,54.24851895228825
475.30634866180293,459.65221168361853,29.961177868015575,56.32778761898604
474.5449192243811,458.2941653332687,30.65661209743542,57.467095828146576
472.16010067632783,456.9288652893528,31.533965992324333,59.12654334811495
471.4984788690001,457.0551068453174,31.362321301315646,60.68739446279403
470.87287735929465,455.3110776513172,30.94816232026119,61.22491755340067
470.64980550372064,454.2154224545218,31.54861058050717,59.93799985479788
473.55491852991673,453.6892510857286,30.615979952767148,58.04090902724455
472.32406724378586,453.2885029171041,29.977107554783522,56.06630830524364
472.4567004471087,452.79873744146795,29.891402226686303,53.777408069839886
474.6542953481388,451.2997894090846,29.28527325569599,52.236469085931084
475.58547718589637,451.639449653055,29.16102286429195,51.820435695205916
478.13297641647193,449.5267863420118,28.803902248904937,52.56921912919718
479.13366672594907,448.3846758265811,28.958147211691966,53.353533500932414
478.9821163578112,446.67450034744735,28.67245753125021,54.880203052225056
478.8624565776613,445.3507548263928,27.655344558285876,56.74008505359704
480.1195580210392,444.64992335627977,26.519643682829198,58.08167855202774
481.8252336929495,444.16289894913376,25.84975051657507,58.67837620150196
481.4205259028567,443.47551343588947,26.278707205368928,57.458411367165894
484.6601506747928,443.63802776706405,27.302749745237,55.998751905523264
485.56135613852183,443.94550531444054,28.195658947173413,54.81538051333452
484.3030949472585,443.1758259367741,28.117852210971506,53.69187458360875
485.3994009664317,441.9965785697434,28.094050063372176,52.974757487912456
486.7501605415184,442.3604969824459,28.20784091457196,53.25937183438244
486.7765017158047,442.88728597649845,28.79345898485314,54.809997070459474
487.070839364811,441.37162644116586,29.753352770054466,56.089520372386914
487.87480243116727,439.59458764356555,29.53543067615256,57.80288422819245
487.10079195933747,438.0018752440789,29.14036475724815,59.02938389918252
485.3690005368295,436.4964961354918,30.278190814010202,58.896578368950806
485.6411403902184,436.919052131628,31.216265867402363,57.863542736665615
485.6183088927856,435.7475642372258,32.902453011209154,56.406765336383216
485.9552225396074,433.55062270575706,34.174381080076145,54.70861358257861
485.67876499856374,433.3650927972892,34.514936852967,53.14700960118216
489.31663810471844,431.6705471286472,33.905402245729675,52.402906491902456
489.9046812427973,430.12151875957437,33.79766974173526,52.213903684531154
488.7924886451768,429.48715166319306,34.66402044543735,53.174303735324045
487.408375352338,427.39351212741417,35.00328909196698,54.956462672528225
485.92052060872794,425.6855185574845,35.66236797730414,56.366911348795
485.07206264287873,424.45947586585623,36.20624063889144,56.9610981391026
485.44247740385504,424.1667458513996,35.547357601683466,57.64763829507637
486.3429629424254,423.8927514577925,34.80037510047799,57.792370010318706
488.17489979383856,421.96226799601845,34.482329215568626,56.60176127316113
488.0055162996593,421.9637068115821,35.091444424990755,54.53668810255939
488.55828235175915,421.5845259576604,34.67656987684806,52.80476250647825
487.9946324530995,422.82462267421073,33.85887462850545,51.48858436649891
488.96202175007744,420.9178275987538,33.71768014290212,51.20293087651322
490.61040368771995,421.10991121451735,33.61765093444147,52.0306549385117
491.56931498355215,418.8166267481915,34.23566861568053,52.9905506495753
490.7406974534124,417.2417193295698,34.3574825429187,54.01571405478135
489.8175606378675,415.79791555005204,33.18806489364349,54.99585865929563
489.7947382677241,415.3182866216795,32.213852942569844,55.28511083691025
490.83164788157853,413.7898616644819,31.58679699191473,54.69616135288314
492.0145273489739,413.1312844788217,31.137258126055563,53.76630692369695
492.43020675987924,412.7332228799776,30.54802377233306,52.34950206466826
492.03622603037803,412.7820751533654,29.8390444993332,50.9356377927035
493.1535802281367,409.6050934324217,30.00189002456169,50.244321254884944
493.757446547594,407.8294999618033,30.403446674167924,50.358836700684165
493.9832472706406,406.23009354324574,31.691847383378718,50.85262529539821
492.9284244232497,403.819723717571,32.969986885476395,51.164353678132
491.99156821047745,402.18169212317093,32.907830451729765,51.88814764657991
492.2421337850478,401.17266156642955,32.067432048713314,52.34452760867263
492.56643164345036,400.4888018926914,31.222801289503067,51.705007614413006
492.5722639258478,399.9030153370632,30.37568142628443,50.83449698543508
493.5044030561221,400.84393670334964,29.894674383081984,50.786340127801125
494.85800603464116,400.78651601015343,28.97659279566518,50.1123310279151
496.2540795694071,399.67837310057195,29.99608598873706,48.793758620301915
496.3388315490216,399.1524804227945,30.69368751351682,47.781614418056485
496.1729100857652,397.21893791146584,30.1135731760832,47.271689572091965
496.2078060767384,397.5816667095154,30.15246293996397,46.90084957166545
497.31909137543596,397.76118778039677,30.765548985482578,47.52441676151055
498.28670330345545,395.76601788401456,31.131852152759084,47.51630603662062
499.24194642620074,394.4902090658949,29.88489023693078,48.19614041632916
500.0626107977354,394.46860782744085,27.917962926137342,50.48748895036617
500.70403674081007,394.0413847709415,26.87432960282929,50.93480789161002
501.55759850933794,393.21337322142034,26.44853164446323,50.90951592622204
504.0100823920839,391.79188620986764,25.942287004428934,50.582370663743944
507.7525774413832,389.15190868464987,26.022018013313275,50.089772747107936
511.0224059694306,387.57481643745103,26.029201624943134,49.63791604849728
512.2327241566759,385.39533547402084,26.883063236292482,48.442857093704816
513.8171174500211,383.4686961733847,27.53171024525941,47.85403517007469
516.813519240822,382.52092579754293,28.021165460349383,49.037861832841486
521.0763719867183,380.14659135787804,28.625841552724218,49.92409847073141
524.5374501313391,376.7390213311345,28.417643526879782,50.008705401202235
528.7385313238625,377.98793091802963,28.447165635851754,50.05617431334939
532.6773321274952,374.62020257652847,27.401261969412708,50.93959070551921
536.5081622197089,373.13909474374196,26.768172436993332,51.11692859399261
544.9225794560286,373.43261790941796,25.671211476621806,50.599387417727186
548.6401047276208,370.8897231237098,25.52441424078001,49.24100365311433
552.8269962106335,371.50264420039707,25.409586276585827,47.91374436801793
558.4540279434848,371.3170765729489,26.112144934601396,47.05287319228829
563.8043227596903,371.90228349983033,26.591588032292925,47.37723391852725
571.2024382615191,370.86970704220136,27.22336987653573,47.46174856817548
576.6570420098672,368.1003056256218,27.35832703743237,47.75181692715252
581.82079349945,365.76112629351496,27.498978965493265,48.118804741756826
586.0993386097668,363.15483944376837,27.415551121263327,48.607024174129606
590.585420639255,362.00568365899386,27.085504562592412,49.307051022304094
598.0772297066753,360.5775310171344,26.72254625593768,49.45277500338024
602.4656743359237,360.6188956335042,26.21799395727971,49.667990137572474
609.4008599936416,361.6198346879632,25.976188430113005,49.50628253131725
614.0297255287751,360.4014872085735,25.49185003715325,49.6966801306301
619.163571280383,359.01053701943937,25.041948565370326,49.829777513216484
623.7460117010686,357.9397478040402,25.714754262695614,49.456048279143616
627.105159997782,356.0336516975604,26.80240211201778,49.0273085043408
631.8876277169791,354.27344776610374,27.016053061258035,49.66587661505689
636.3831846225959,353.36678245080265,27.224947642358366,50.093457190345944
639.9812170704301,351.4956277133673,27.304197554581712,50.891408554788725
644.5386864107421,351.2371588424417,27.444329560298016,51.43036480748826
647.8809141469787,350.9225302664722,26.907330733790218,51.6862731869014
650.5163420077021,348.01120279271396,26.236061022322943,51.582959010577625
653.6023147154544,347.0803406408629,25.55973013547426,51.68073046298424
656.289406758717,346.61663601613185,25.65079797155657,51.02151306354342
659.0196686612067,345.4773216755451,25.704235481732162,50.62624161730607
660.8104523150394,347.26334789998765,26.54157057122263,49.664149247614134
662.8112531888987,345.1507271022112,26.790150975298307,49.30746115948173
664.3024499505241,344.03498360777746,27.208234384573146,49.679300397494686
665.9074480417987,344.078148177709,27.39933669178523,50.64448099559999
665.4817891081822,343.687136823374,27.74469737279632,51.31123816349148
667.3095439777464,341.00642770923145,28.05473996368477,51.92874703279823
667.597462307988,340.11914696184624,28.237608501966363,52.810123031238405
667.711534047687,340.0196069540045,29.08250526953195,52.91143047100708
667.4369179562307,340.04893864930125,28.458249193129287,52.928936221050435
667.7540926861537,338.4538754724214,28.87693141625126,52.30754438251894
667.5320979449417,337.6136361591129,28.928171589135474,52.07602592928667
666.634893408937,336.9265407728907,28.619962682094986,51.68711035560067
667.158825159833,336.57031749525805,28.18318751581729,51.44768253552262
665.8893600187866,334.3813067095045,27.547465221463494,51.11066962216646
667.215229579048,333.46138114935945,27.66373218729027,51.83273528866017
666.446142923666,332.1015150417576,28.165124067809785,52.40780488522687
667.5346379784772,331.1628687767313,28.633276275005528,53.30239146454248
667.4749079371031,330.53623020046706,28.642416832750314,54.05198999720925
668.9234701289023,329.94984253105275,28.635170483743742,54.7427307720196
670.3781581371456,329.49688747075265,28.289617928789518,54.492705247516426
671.2958017446372,329.0765148153039,27.306552739200868,53.4287707831759
675.320385728448,331.01834016568955,27.364588255160818,52.531543336417656
677.7091477890964,330.7094047808492,27.426182137709283,52.0866784293329
679.7818937824513,329.58735477051005,27.57496495797575,51.126736015318805
683.2671525213019,329.4310031809602,26.916170235706737,51.61520555815848
685.3918949456377,329.08236711481686,26.623511597057067,52.02288396404858
690.2132465206084,328.97478127205875,26.57590026687872,52.341775122449924
692.6788696281264,327.6813908528767,26.040189044060682,52.93812560574206
697.1097882975773,327.1899802374497,26.34038001784201,53.2632684708887
702.2571640831899,327.4899841114495,26.347807783164775,53.30559691263592
706.691400899742,327.9382838988459,27.185397420629403,53.11431423905006
708.885760540473,328.3054335086866,26.091193272071543,53.68526959795906
714.4505457919174,328.0711045620418,26.57535129243701,52.81211929136608
716.3167067064259,329.44551559192996,25.658155644069048,52.32022639075426
720.4121825186699,329.6708419397297,25.6745661945688,51.86680669829978
724.6283689559367,327.7425461677448,25.808871367215364,52.039127145086354
726.9961959511377,327.44478199734607,26.02705810938781,52.29636810256588
729.5408405089877,326.42710115957715,26.318840084385965,52.51436031704421
732.2780095068285,327.0175965921562,26.354013559498917,52.96574981821138
735.6437992446733,326.36649339756826,26.60941118418166,54.063674683563605
737.193958689159,325.27781050525834,26.96868416075005,54.36482465263926
738.0362743743494,324.88491605724823,27.113530100549635,54.98572018971365
740.7679394835842,325.3574776279774,27.281077376892227,54.74338212296614
744.0499050822623,324.6439589463713,26.600411197999176,54.77091458619975
747.222879662201,324.97699669987884,26.247088705144428,54.2184518278672
750.2055836682525,326.1381751774195,25.72114907683055,54.197145058943065
751.7065886115743,325.95194349977555,25.251769156922755,53.8154838324172
752.4861622986292,327.14989520659066,24.07116587499117,53.632212121210024
755.5490120257105,328.50233028067163,24.065565011679617,53.9097187869367
757.6277160250693,328.39107139352456,23.397026918433752,54.27423686390321
760.76132764143,326.2577132150401,22.879984883832606,54.78527528241075
763.4240510413554,326.7116266505212,22.715140176724574,55.114898534281764
765.5956814668764,324.8554506904261,22.469595180327403,55.00091812376831
766.5287134330615,324.9082860588306,22.50853074250977,54.43383409288246
768.1059119760818,326.29298523879004,22.434195330587375,53.9828981047897
769.928812345228,326.25821713522595,22.106787107477285,54.049453998188326
772.802330282477,326.5459001989191,21.89383030783899,54.28857836791429
775.7549603857711,327.0852149205989,21.720090277184553,53.91447004414937
778.4157439953068,327.33621558207597,21.76183482569121,54.01387964658349
780.7756556888183,325.2319430732662,21.781810938179845,53.35072103947768
782.6020354832673,325.4405502361741,21.727764270424608,53.94307337835767
784.7213424962584,325.3030207137105,21.72283478423727,54.88171045673205
786.0368929730173,325.28680669198855,22.1154450352483,55.60504919715936
787.1758423120644,323.59332650307675,22.34590197467726,56.334178621384936
789.9571440648876,323.5148621875583,22.72615144296885,56.43858330789489
792.3640773037125,322.94190479739217,22.927575702471096,56.13146630989157
793.8324990243867,323.4015729356534,23.153119632185984,55.69787877141955
797.3245935094812,324.8113718955761,22.876679075082826,55.25287959310561
798.6994551438812,325.3379726277595,22.959585010079373,54.603355204840156
801.7751253242027,326.15745292660864,22.587520066764288,53.839708604410525
803.0524518701055,325.02606803256947,22.27440406907482,52.50934494293435
804.5739474611142,324.5808766579862,22.009296893557668,52.066311230156344
806.9891735061458,324.23416093602003,21.50152575365917,52.780519096783024
809.6355209652986,323.6124821234109,21.12787723733112,53.17060386671942
812.7978098352979,324.006652177384,21.13501174327368,53.87254188358253
815.3769822010076,323.9615481243622,21.084075058576563,54.273793252107794
817.1384378642896,323.9611655715224,21.190980979403477,54.375667348397045
818.743768335053,324.4103307100186,21.004197181736632,54.455706724629565
821.5941236927803,325.2590799027589,20.802178978794334,54.36425680392399
824.8220292732636,326.46824806153387,20.73122881025911,54.51516987792988
827.384838750655,327.2558293927039,20.471555194679254,54.92520869359432
829.4581740884072,325.90257942860944,20.1571999641213,54.66174721698285
832.5046605727806,326.221905372202,20.193606744672504,54.960665901697055
835.3432238638338,325.99585517403744,20.170403674071117,54.96265493866841
837.1698075706076,324.4836873707723,20.318726805796345,55.555028055116836
839.5036358835338,324.5338108636346,20.528540673260707,56.10276807748707
841.325582266564,321.56154153722343,20.725328267994342,56.912640764275494
841.5693813370772,321.94207568210106,21.2094030195384,56.819708653967425
843.5795741978467,321.60133090595286,21.448743822352473,56.527534876185655
845.8112000807749,322.05919315829965,21.32600480902905,56.04336319885037
847.8824502141362,323.45097053438354,21.2847122754608,56.47217359713417
849.4493720954283,323.4559609302235,21.092376329191122,55.73751548115921
851.776202848282,322.64694444045233,21.140042147397548,53.99919899247044
851.7955280468261,323.3438817626494,21.147756575528064,52.97141983137928
853.1227337720875,324.4566724357864,20.86198411731489,53.42505224738863
854.6041413381421,324.78437702769287,20.804187553244724,54.27346646311942
855.313256386338,324.18468095414806,21.52634546878509,55.30433799570429
856.5282100422605,322.18221873831345,21.88720964131508,55.85027924446638
858.182867141914,320.3434046080688,22.228376189231053,55.66838969222687
859.3054838880989,319.5191031549574,22.49215158129119,55.00189288226309
860.9063366234994,319.78067307511196,22.34371001315427,54.98397440883622
862.5745231612443,321.5953367481041,21.99128826784949,54.64937653405866
863.6926741410842,322.21616800453285,21.90633680636919,54.74219216107852
864.7458255288451,322.72572862236495,21.54834721940034,54.98518032425615
866.8513108699456,322.47163853693013,21.055325450773534,54.987815415417714
869.201862485465,321.9953662508323,20.591057222633957,54.85276678979075
871.7129689890742,321.2314610340617,20.452857391379982,54.64212633851304
872.4410406611333,321.34366708049504,20.691774061986337,55.55431056770594
873.5194209339423,319.07887883850054,20.94544156354855,55.23316616927915
876.0694926566335,319.23423846371276,21.141432590059345,55.22251023090837
875.843365733622,318.1278220646739,21.246122930909618,54.73998713680464
877.390601144305,318.21042257145575,21.374538910309624,54.47641609271865
878.7180568468777,318.609702191468,21.4368082340766,54.07085989920681
881.0211615316765,319.3772830433687,20.986372980995164,54.5818789205029
882.5211042153849,318.61885824605855,20.7150406702953,53.972275115465095
884.050461950691,318.08929896899264,20.31350097902577,52.77868642663119
885.0956997622279,318.8477684539203,20.171987567560826,52.36817727206826
886.5716842734773,320.007028296376,20.56861821737953,52.85080123339712
887.4614559506007,320.1621876706136,20.66878339165157,53.85414668284361
889.3403508335958,317.781737261836,21.17170767976881,55.04539589670018
890.4048188232608,316.26768063553675,21.831783894118622,55.028759650931335
891.4242043378669,315.59851390023107,22.08286286147335,54.577360546126044
892.4674641788588,315.5512911726697,21.928259654785485,54.182090782704805
894.3888945067057,315.5885080594125,21.809018936988327,54.041988918041255
895.6636522995766,316.3438395470579,21.63411782840415,54.29069650816491
896.4773602383387,316.43881944567204,21.29840553268983,54.02522605261289
897.358520695614,317.1008403356714,21.044802989530844,54.121256112900355
898.9675587530236,315.4127731990587,21.075252017381214,53.42753469612345
898.460844482049,315.3009925453681,20.900650674038488,53.554757180066815
898.7157609909891,313.5813207799792,20.702145173190747,52.90456928918336
898.7722929893321,313.9518123410847,20.797510960087482,53.55776217328946
898.1770851619993,312.09285677447167,21.05404068278436,53.93478528313908
897.2745046133911,309.95977390129275,21.444396367708254,54.393111397462604
895.9690089948731,309.9677903357403,21.901764739067453,53.82528656260604
894.5757344232298,309.7673138719557,21.89863840818702,53.68264024224271
893.6342890031257,310.2015578685979,21.62110644642391,53.55394554958711
893.029037258817,309.9881115335887,20.990420908208858,53.54679463335131
891.1273715580865,308.6577471880232,20.778115388740805,53.34155676602586
888.8635335445317,307.88390974870623,21.004817523638344,52.472743235617536
887.0771739410939,307.2668268465748,20.716397194610114,52.553453305627414
885.8657153102843,306.6948545968099,20.7749948933175,53.73288023785056
883.8786815486596,304.90578961273604,20.805980799211373,55.27936419273834
881.389732566415,303.3280028271721,21.034965952421203,55.952148008998606
879.559174081932,301.50826132606676,21.148112626434887,55.77814753457051
876.5945752314498,299.98111060608517,21.36714005838691,55.3588884028632
873.9792353394971,299.66348875675897,21.811202086402307,54.740358293036195
872.5833958213251,298.8357215626195,21.5804535638474,54.40237862034112
870.2291115043054,299.48214537235367,20.98671316163191,54.90692885281673
868.1749435747025,299.04978511923935,20.923519727777403,54.995201228437764
866.0605229798296,298.73197407539374,20.913748265698413,54.59397298291519
863.8152367453373,298.27606423454654,20.699783343020258,54.38633494289934
862.8515087981937,298.2216886810788,20.23702026414786,55.092158889571856
861.6850049332149,295.821805204131,20.36137239832579,54.76910832714045
859.6307720530434,293.7046694177112,20.552541272224662,54.42931850624225
857.9772854639358,292.16727767384765,20.766470169434115,54.726548674038355
857.1028989768075,290.0086742930925,20.899680227888673,54.58620490988337
855.1224428567316,291.41053348371025,21.05921850945284,54.49863776613559
854.7150442721908,289.9058445047388,21.216479350695714,54.15609511937274
855.4844890195135,291.5195588845015,20.982257448098803,54.5528469151909
854.9225324892243,290.37032337222524,20.731292340571148,53.712034044250956
855.6648593924116,290.4368429673982,20.417795059808405,53.415860562136885
855.5418726759201,290.2090287385466,19.920232199284776,53.20012077853005
855.3827922506296,290.11111688083906,19.65899578872309,53.09064038389484
856.0408320051654,288.7248638820769,19.768022209026128,54.34968288425735
856.8862303439491,287.85953462508746,19.937929595827818,54.846707164761455
856.8540484638105,286.0617707235631,20.232246376916198,55.124080871206836
857.728336219298,285.07265707444765,20.639135753560446,54.60005630595806
857.2389734123772,284.300742892537,20.687988318142747,53.37645269536841
858.728884692444,284.75108309384916,20.368282430524914,52.78845322264331
860.666557341247,285.01036214397027,20.05930070599339,52.46861486231496
861.4080588396185,285.1790340358372,20.225579211020243,52.58367182254246
861.6510217470383,286.3304292181392,19.83127482490896,52.63595204891133
863.2448182377722,285.2627480795344,19.8713756395988,52.507051411463394
864.9940265151898,284.90344999737613,19.787972874894265,52.71006566993816
867.3866023917333,284.3371723574763,19.98654380857491,53.25637219428282
868.2446833929259,281.2876133229114,20.29258167534538,54.19630103916939
869.23798454759,282.6469334339263,20.65042316408247,53.75164834880158
869.1752036847038,278.54122404031017,20.841474763145023,54.45199593089465
869.201755697243,279.9005180116227,21.546257445849328,53.543643488605326
869.9122480146042,279.8387963102279,21.84871643848431,52.53001337454921
870.449937027117,280.0057368217758,21.756900704127194,52.61982264071229
871.4777610301498,280.02346890408046,21.072584270594287,51.87053712457487
871.0143675409261,280.11881733911594,20.478779632411175,51.607076848763654
871.094405374061,280.1995098279436,20.485374586582818,51.530176232220484
870.671517010664,279.9573063838983,20.003207511496917,52.04904927145908
870.9423585936757,280.2907520709195,19.82670594056058,53.55520663208169
871.3182642223227,276.6479849184177,20.051187591458255,54.57116772541525
870.525130589127,276.25548125351094,20.276030530953044,54.45493428918044
869.6823706354998,275.4667630349932,20.52465637902634,54.15952340756654
869.1980069787153,273.594588012725,20.839303480479018,53.292312630569825
868.9407488031381,273.3509770657096,20.790782734179245,52.48268002859838
869.1344754440131,273.01726753705134,20.746014496241173,52.379424678432784
869.0525849763221,273.76314452950635,20.271578876504492,52.689062175876
868.2300655088685,273.86259639229246,19.984174788683696,52.901652317939494
868.6949355169577,273.85676949089225,19.944659586920384,52.976835641966815
869.1991890239517,273.8637502672877,20.08235382586952,52.85020594000261
868.6140976896214,273.657002777477,20.028178889549835,52.96816058682988
869.0088880140149,271.3026734485986,20.110832287221847,52.565127292834816
868.4884405628476,269.8233394194518,20.266856183544526,53.19636987123959
866.9965656946126,269.2526214189572,20.73244462317016,52.88531375434704
866.8055503802889,266.4623892991723,20.819694043779165,52.926892877339725
865.5957537617187,268.44337303138684,21.10882797229534,52.85234249092878
865.2102545924141,266.8133587271522,20.973636869223526,52.48498572151409
864.9714533382731,267.8948787416681,21.113386780268854,52.461560989799814
864.8805686722204,267.58131603601964,20.674769094647424,52.74793695851941
864.6494281089147,267.41716960626667,20.308978269392696,52.47057826057982
863.8469097415563,265.9379426041214,20.058343121480114,51.896749674004255
864.3964039257372,267.27333741443806,19.466514641862645,52.8915739430652
863.2738261560183,265.9422989614707,19.319429180171227,54.24716614975053
863.5661586484316,262.96289610532625,19.437628484628497,54.925278331003184
862.9650547184124,262.41913166803494,19.25412264818716,54.790467217830994
862.4211874795307,261.03919099869466,19.553957035732928,53.70978859709986
862.1735589202316,261.4496733932687,19.669643401948832,52.486578673836604
862.2395735214135,261.39002649341245,19.44303626126688,51.434504470657544
863.4162589040209,261.7263439280922,19.085903250873766,51.299856773901695
864.2311471987268,262.1469128884965,18.803576202553746,51.66365190038771
863.9062577214798,262.50033421558607,18.77133687701844,52.00152953829989
865.1215748910442,260.67623228653156,18.92440295636193,52.47598585688863
865.1319090119454,262.03951446178667,19.060514540247134,52.68601623103365
865.2794231132362,259.9855489388671,19.229837127450743,53.22520524005329
866.162778354414,258.9018227713335,19.6761288499904,52.690992888917435
865.9398228567039,257.77786739009764,19.99093624037856,52.778243384512905
866.6066506325035,257.4204740650169,20.27125502158868,52.575315975321615
867.1580845910414,256.80359109154665,20.50210158968148,51.96979273387708
868.387465162705,256.2948995618574,20.66984105289103,51.792912931050125
867.8555871901293,256.4274645330792,20.730764346904113,51.696238336025175
869.4230240863964,256.9480502948854,20.63379195588979,51.8501689080168
869.3108708229125,257.30135853061495,20.532990729580717,52.02547933074557
870.1211815085701,257.38422880883303,20.300581085407796,51.703242130289325
871.1742311795111,256.33815585917193,19.845999373149205,52.43733363012121
871.1917839155566,256.6440270113684,19.585460015007186,53.478325366942215
872.849696779955,255.02696189221234,19.663755217835526,54.136438463912185
872.8589341955826,254.29761602620454,19.37240093506727,54.26103388340492
873.358274160505,253.2906549397079,19.289137186309944,54.00818044833544
874.0625276500533,251.82496579539122,19.532047104987093,53.052512638259685
874.688097149374,253.62399241889148,19.55917572833961,53.15667863907717
876.2355078638099,252.64042513934467,19.563632987898593,52.02607731636537
876.3793228065568,252.96640500397547,19.41726748142922,51.92756823112005
877.0555025892605,254.0721584370715,18.993006535006028,52.0033462160022
877.979162765409,254.09604473418176,18.78792825672197,51.93100811691782
879.5876093618618,254.29931972659358,18.913730061603616,51.57466752768164
879.116170430382,253.12650087555056,19.135582517249183,51.393222071274664
879.6933245861621,253.75204695397707,19.412383872513182,51.461116568703204
880.8125302566409,253.10977406335988,19.52331678509564,51.55371441292591
880.5214453376087,250.54172281746784,19.74791862737323,52.09620137278858
881.1760083487554,249.77549451504382,20.26470353094505,51.82401470428307
880.2844871450611,250.47014809854787,20.4520475817053,51.439537778478254
880.5161909733988,250.00703506132365,20.53299615195105,51.468296478125055
880.7891691759978,251.33750010339986,20.534718515387702,51.97834899323109
880.7512588850716,251.61786281887817,20.28789656226889,52.095876318870054
880.8399361451237,251.25552615182232,20.020193336515405,52.27135394613741
881.2267552030128,250.71161481324967,19.684810322179615,51.95762728398831
880.5969164639996,251.11785642901532,19.23680638274072,52.5647770833484
880.5605922816958,251.48216892802822,19.129830294161295,53.564001449603325
880.3816705757192,249.69977548819247,18.84617430597566,54.153693534047754
879.8743181410198,247.94777945496065,18.679304353902463,54.150748573533875
880.1369546663432,247.29789487954068,18.622868713467085,53.69985635123538
879.612151505683,246.6193551214552,18.722201520993533,52.785468658544076
879.7218304716671,246.50544701586324,18.79494020386311,51.996077366409196
878.8680822682404,246.77838451077685,18.78969821597907,51.912590713240405
878.5635655945034,247.81685685264148,18.68887487447678,51.7482453546912
878.0415058582541,248.65070563764408,18.440016537069297,51.71489879977693
877.101453980191,248.2416183007541,18.586420256193218,51.52318863926736
876.2443031585595,248.8822135643176,19.06420327801118,51.54903558486528
874.1386340383134,247.40551159553218,19.520104859644228,51.83168890445515
873.0836990065683,246.14483634543046,19.609861454964424,51.97891511609964
871.1539645565628,245.77144646635907,19.87193398122657,52.11151961417545
869.1622564710292,244.11446508244595,19.973000661174446,52.755792965116314
867.4856919407686,244.42328990809486,20.091913746887858,52.91183639853528
865.383757121,243.68260010560928,20.19986234684372,52.595891107647674
864.4745390674884,243.64252906839627,20.129852957307804,52.843541605402095
862.6836434698155,243.51432842845986,20.016068915379535,53.40513151132586
860.3055132808366,244.07591740889436,20.310195885744342,53.80810020077122
858.7398015298224,245.1018526179256,20.223177424577038,53.807902718194526
857.0838953893874,243.52011874125378,20.063647857073555,53.5006058345448
854.9633508865601,244.87695606085384,20.026737461635758,53.68662420758221
853.2197981785573,243.262921350434,19.581103381410323,54.60571888553251
851.1299082782028,242.58444476643447,19.229812472890686,54.913180290416626
850.4551537340689,240.46059649876548,19.1872023919233,54.440115526621284
848.3727788982809,240.05838866244264,19.036984908042868,53.92432658367405
846.5525848707846,239.91196070238078,18.72445872505933,53.25856469736314
845.4931387308075,239.77308123584373,18.510981677468394,52.470488869771316
843.8171967259937,240.95466371687368,18.667365313255715,52.31820227990379
842.6033287480255,241.62068762747228,18.84551754803097,52.59362938184046
840.4537174780806,243.4161203186563,18.947326166564594,53.13240648604467
839.6816127108598,241.4551245970966,19.032528318613444,53.16345583245385
837.9286162121713,240.9640671874489,19.120762374340114,53.30913563177933
837.0359920419072,241.69131650339148,19.292170850137367,52.92529782943826
836.4030866795623,240.15757653502374,19.26877924233049,53.37639469045959
835.276553331354,239.66344327349094,19.46930873591207,53.66517245448438
833.8708893229312,238.26724881533457,19.657649959239592,53.71688854403014
834.1801668238071,238.02440529828382,19.77185657896297,53.53942431394097
833.083365861137,238.3643966749442,19.848679176910633,53.21139292132274
832.8864732003635,239.00612636827373,19.815902725634302,53.34346636204102
833.6222399789092,239.49036160071262,19.95142924334904,53.89307911192307
833.0097660844966,239.7218073597462,19.94264516629149,54.33075482741833
834.2002898973277,239.87195747067156,19.906118109477003,54.18301479493399
833.4199347695733,240.1626167088157,19.980553884166095,53.58017134356936
834.572583503017,240.32797440248413,19.76991669941375,53.15137002379891
835.0167443269348,240.1075706511424,19.579788840106318,53.3375515205944
835.2166175716844,239.49347973438802,19.271190734522605,53.16637412787633
837.0481482165142,238.33882503749584,19.02417034223243,52.876145195397285
836.8068154382697,238.68938232575155,18.96400441821845,52.75405368206869
838.6153466812216,238.5563841977377,18.86431620942955,52.03289342774324
839.4311137947783,238.40960342862525,18.810079789055845,51.313680975337114
840.297349051825,239.3746547932724,19.127829049208728,50.788606470034175
840.3699156325638,240.7465995043267,19.268014977620567,51.20942733120502
840.2531510167803,241.2557945093961,19.11221441811861,51.401747369741734
841.6119107578485,242.31063258018685,19.065912377540997,51.29567277921617
841.3397857654242,242.96379684782573,19.13286773853794,51.302549128467476
842.9030055248008,242.13922600476644,19.2043556947601,51.24957027205982
842.873903666832,242.4059132419348,19.233301600954597,51.181392377417886
843.2464849109733,241.91634852552355,19.471076985081613,50.651313965506176
843.8984446271181,240.97382406810385,19.580050252033715,50.37031530725598
843.8295336298104,240.8823440942331,19.500477402951653,50.04933067921087
843.3585464987909,241.27363550321934,19.498100528306203,49.932151227327275
843.8745762470046,241.89726405062262,19.47135609726282,49.94342415323452
843.238283205967,242.7240788839681,19.642593779222004,50.530139487764274
842.8011011173694,243.51044418305895,19.407388049228807,51.39209364300051
842.154182160571,243.3915448192717,19.260209646411457,51.77071211385068
843.0235645686363,242.79965893505894,19.115337285382218,51.590982214299814
841.4079813400491,242.43481218703846,18.995104320864606,52.2212220673764
842.2746697707203,242.065597822545,18.800081737133112,52.7817850378251
841.2713660267185,241.0231544453093,18.586338244377938,53.69339644077212
840.1481676522873,240.83747899577398,18.399731329223606,53.85063382124709
839.3635865734526,238.86257617994733,18.396416861450405,53.987785196079685
838.0658301470161,239.77253945148294,18.517535154463395,52.896909110486064
836.4201009610396,239.58778130266035,18.73665876002828,52.18357161403334
835.5647850055846,240.7694747158445,18.906251919336245,52.11886914626183
833.7261591695543,241.9647914615166,19.21774254975553,52.51759212502567
832.3623720144316,242.60403724486383,19.057000467102448,52.50812326150195
831.0598727641184,243.2794899887803,19.09986231764329,52.268823537104396
829.6082717035645,243.40035506071268,19.191241547515844,52.156068426999695
827.6834673329984,242.98224541318842,19.202867395657908,52.19918486159747
826.410094155847,241.65396055279578,19.251729238013,52.40952297876034
825.1782499129783,241.33397873044237,19.38038335332795,52.75370241826883
824.2741028971005,240.5498401986885,19.455351069203733,52.66194768627486
821.9712878459901,240.84923056737415,19.544015782172913,52.81164899741509
821.8826303281742,241.0764384763396,19.462203290329448,52.26295730260452
819.0467188496009,241.86005227270994,19.626272398446357,52.546373225450665
818.9321320219983,242.57400109993748,19.56055564990406,52.80751790078382
817.3823824261453,243.87202276691102,19.48152391013727,53.15641799487625
816.4882018547476,244.33181139296215,19.40436040331275,53.35682048196318
815.5578548405656,243.79841280686338,19.011656013250075,53.17294269116326
813.6710264883023,244.16116345863776,18.943694179873685,52.83756460591249
812.9267906240864,242.96788686263463,18.6042892212558,53.886610669203186
811.397191662189,243.30106180868964,18.385836311920784,54.174850859261774
810.8750906927788,241.36230846857168,18.30190996056458,54.31394182141905
808.803593654545,241.758377856339,18.3524119334556,53.73863715888625
808.093318377291,241.54458700291397,18.560616649416914,52.74412833534079
806.8498743640388,242.78594204109328,18.518644106921087,52.36900440438316
806.2938759341304,243.50533764761985,18.414578540170886,52.173650004684546
805.4419050649212,244.70468422496012,18.39061774696531,52.69028678317049
803.925656569707,245.39235044587974,18.663716992261186,52.51124173490122
803.2199047588523,246.65022343715893,18.859618335261256,52.04253120804656
802.4443145346107,246.6181106045026,19.088628049339007,51.98667906217767
802.8044984009041,247.1431815673958,19.07554589977142,52.10872863705504
801.6560084151321,246.15322511848763,18.983796060600653,52.58030940157823
801.6614713573321,246.07231699989134,18.918890760754156,52.515455358671886
801.3838316405905,245.54771456925135,19.011649565069696,52.171867875858524
802.1370855312585,246.01941599737577,18.985205102939943,51.61265459552027
800.6466632052114,246.36063916402452,19.020375812468245,51.63005488755087
801.5993164391598,247.29711326351782,19.17099376015986,51.38548519903943
801.6138842917012,248.23936667348514,19.223090744398103,51.80375113949599
801.2704277820334,248.64819666538213,19.30716244608018,52.080114979440125
801.7372062616452,249.7948260656661,19.313310203062105,52.072784666649916
801.1320333896466,250.24282256727827,19.110820468276547,52.34836661364372
801.9812969575154,249.7327294057243,19.033411520443448,52.355262650687486
801.7716516706303,250.45680353860493,18.972981263296266,52.523741601265385
801.9276535147429,249.4613231119657,18.94786754537362,52.84377600286079
802.5982218547508,248.60489020530497,19.171494292138473,52.36253046898376
801.8367182381346,249.17085103185332,19.180984384028754,51.97273343298685
