801.5,248.5,22,58
800.1333559736491,247.52857843065354,21.86174631419152,56.85982650470551
800.1389689101246,249.181052655317,21.697776252335924,55.738058387562404
801.4725623848805,250.12856648593853,21.515748223112226,55.21437791526891
801.0856687045766,251.52263636778628,21.340314211115572,54.74178418734006
802.0674951247265,252.56370013618647,21.045656989635894,54.50717378329873
801.2815400441585,253.21004670601548,20.88111182946001,54.13217855013485
802.043689164012,253.5164218083637,21.04589502018822,54.3831094233956
801.5428561477182,254.41417812112581,21.05986541841082,55.37953438751677
801.9067859212009,254.14911770793702,21.325148357063767,56.175908893885065
801.4047408033142,253.5878163816825,21.405976175520884,56.168456714889345
801.8332915021455,252.62440260862485,21.682587188785156,55.720377244250464
800.9123520364667,253.52206082034127,21.623989306826275,55.48910779976812
800.5593781934045,254.42833652620024,21.482072543926478,55.662984172016266
800.7845229534855,255.32904661184895,21.33322519986814,56.28213318216111
800.6293817042663,256.39938122934115,21.35184551192246,57.05508966433975
800.0708518189132,256.79964664363195,21.402770352971668,57.8287057025566
798.8088195067162,256.4174899143371,21.268769419885693,57.794132206361866
798.2715870963201,257.0771896355329,21.123589455750576,57.41007477780622
797.7461645762354,257.40461197726546,20.798113060945333,57.03498452439672
796.9706265141324,258.05813605886595,20.600830577859213,56.81213567054472
796.3573036621056,258.1243480872766,20.34797884920408,56.38874951369453
795.5237725097143,257.7601436207856,20.04038814838664,56.3101183513472
794.6094896793243,257.96840410962477,20.08545766773296,55.87235393926946
794.0274411783798,258.4431084170429,20.220498478177547,55.444992367279966
792.7836752180137,258.71763134999105,20.354329284255005,55.20992937553864
791.9667879560631,259.70165195356327,20.328802169553256,55.13650107675756
791.6505794415783,260.53297185209834,20.456983990488116,55.06596368809654
790.4462422184087,262.0127269250226,20.42270222764476,55.34253848029731
789.6687235033519,262.29623706411576,20.266539301274975,55.13017591170958
788.7593091987949,263.29701671980297,20.157134286884123,55.246918468773885
788.3608232578898,264.5374142829738,20.461037741846923,55.5545742987768
787.5574752462041,264.5709230394166,20.583633423421425,56.649351567576076
786.6743063158942,263.60262522770176,20.89123069203835,56.292914067989344
784.9571721097146,263.16105263546865,21.065145777600137,55.72724497957505
784.7093589862204,262.7301040102639,21.326258935527612,55.09486725611526
784.1072900321262,263.8993260445519,21.402330899998194,55.154490900323054
782.8454387226908,264.65563798579973,21.460777781564275,55.33868918427029
782.3061475550163,265.6877726272821,21.283674072220325,55.95088922732483
781.4841324031732,266.70063973686695,21.11112980238953,57.05383476050493
780.5120139859953,267.32187594161724,21.1542714848443,57.75848766667054
779.4819140141618,267.29617826095284,21.295365302679574,57.2052071985888
779.4474228761289,267.9933189818959,21.142323510508888,56.79016611457851
778.318764731257,268.3495803491874,20.86471267050734,56.74074117881983
777.7649697158502,268.3331955907473,20.588500287380533,56.8023380816769
777.6130443813752,268.1554303387599,20.307507678399386,56.59875728852114
776.6441390512823,268.527889648645,20.161905929756358,56.13211454598837
776.2787533338366,268.1683252604316,20.225304780304963,55.515629594845535
775.3215441539007,268.769470851417,20.41654582637187,54.94891007148598
773.5858184079271,269.86682392954356,20.3656398544824,55.01891887151642
773.1112305655763,271.1030027790583,20.164041537108957,54.79738657760791
772.1252882718037,271.97584265286355,20.22639834602873,54.806840816470356
771.6579860825943,273.12286484674405,20.07304367331527,54.86154320529019
770.6137438417511,274.35308826148514,20.22084681669145,54.95686128936697
770.0178039150381,275.3619323961486,20.366368561596882,55.12105993143237
769.4834656285291,275.87130850013,20.469615947793862,55.76992397160026
769.0258569800735,275.8961075706186,20.798982767486486,56.280649128600544
767.8174436149824,274.6411973956161,21.11645308478115,56.20716578864892
767.5219094093038,274.5632448389341,21.237880972943042,55.59309959092053
765.7622195983573,274.7918978516762,21.58698538350172,55.33047507576557
765.5746833025934,275.8755827922589,21.52173018167001,55.701011364491535
765.4028486333337,276.37387747792627,21.7310544357603,55.7722291907276
764.5751759037105,277.8540660133159,21.702936917597484,56.43525280811973
763.8925203177712,279.58166423552876,21.692577060385247,57.788102227799236
762.4990116217124,280.6710182030049,21.84355138075593,58.602485160843116
762.3907501205841,280.4213400550534,21.69948550461931,58.09255719885728
761.1809772855631,280.77559751202995,21.49689005184343,57.690443120418266
760.7884912917146,280.7378437835978,21.26336898324293,57.455617921375904
760.3767312503489,281.77493994826466,21.00509349273988,57.34886381302003
759.4652151452918,282.16066462871794,20.621804940219707,56.99409171847272
758.6396495481213,281.0981434111064,20.460515170319972,56.2735728877504
757.7846087853884,282.2164278272026,20.181046820526237,55.76961928802561
757.2401054404124,282.0180630067142,20.106540207675145,54.69769727666625
755.8303666897013,283.92645401549726,20.358373828253168,53.97310886261587
754.5891751729391,284.9336744260162,20.497500865073636,53.348746466985396
753.3972861649532,286.49047214404146,20.67478407284836,52.58849833241804
752.237160566374,287.6769212209965,20.76908312156938,52.55042855527796
751.1762822959173,288.83318444309424,20.711890067985088,52.989044136076345
750.3845399385301,290.525840764621,20.48111012764623,53.80651078608311
750.2048689234098,290.9993154578062,20.61748110595549,54.43236656595725
748.9904071934887,290.64680278637474,20.681054557786645,54.87878163045221
748.0876128587572,290.88063389964816,21.02877596250206,54.765112134284465
746.4696707398551,290.6461071738284,21.47325952930094,54.22687248079855
744.4457461273038,291.3782026606366,21.90510404897462,53.090509199214004
743.9082249535408,292.25491482062415,22.347495246274125,51.877071370442216
742.2444421016374,294.92963671904766,22.529904804984806,51.54657851277361
740.8431789994769,295.3167003140793,22.650729110731106,50.054208617842
739.6593840305082,298.15250786741717,22.607063450600158,49.99619901043384
739.5288803468268,299.9233724355616,22.374524004236672,48.75784607196003
737.6424517182486,302.2894677056789,21.95890374521889,48.03441646083306
736.3761886758485,304.15278565937615,21.316964888994008,48.34712629471055
735.2942213598653,304.9852318677941,20.72699780091353,49.31074125359183
734.755655218247,305.8776572894252,20.00560165130406,50.15656667986086
733.4896120025488,306.8857431288065,19.375620430951862,50.60570199839737
731.7297755586246,307.0613577120558,19.075300538114885,50.74594966571918
731.0526862458565,308.6033442199139,19.244785350327,50.39089734816888
729.1330238732071,309.39348545757207,19.840055539732973,50.47187225906009
727.922283311315,311.52266385386747,20.551639622196355,50.04100698830459
727.0795079298309,313.13207023829887,21.175288577379327,49.82045018753574
726.6616049604357,315.2435310867008,21.32820952500087,49.78065875501407
726.1888979514958,317.89806526649505,21.46313281545605,49.30048405692462
725.4680263123729,319.88705481400854,21.62734196646649,48.90348883907966
724.1574762734925,321.18653644701396,21.657320370643156,48.42457695704098
722.8739808982776,323.79070873096504,21.41350556191476,47.87895926825868
721.8602553461044,324.8004145927024,20.659830405503783,47.85003476268713
721.3559519545518,326.4574184336128,19.82538313244141,48.4394315551246
720.2758675971722,328.4494595386351,19.245534671525995,49.286039728991256
719.277184075041,329.30493280591946,19.058829221281616,49.379747792658534
719.3050524366681,332.1152107895604,18.869773433052643,49.550594642149164
718.1476147168395,333.35258340003503,19.302241088247925,49.59364903705985
716.8474836340976,336.13663169114756,19.933712126526828,50.961142722016234
715.2222160659524,336.93894059518703,21.315797455650316,50.782267540127414
714.3629571529099,339.9802133772163,21.94272928796831,51.81484906270839
713.0112907495427,342.39126825057104,22.821530181899178,52.09511673070224
712.5203393359187,344.67196426108234,23.514755525349944,52.149869843651786
711.5652492180577,346.51165059243,23.82571417389098,51.49826603128304
710.6612466329713,348.75412607484475,23.69122161380869,51.06945024406578
709.6218422807592,351.7214192651707,23.145518361064198,51.44104863209069
709.0024947042785,353.6517599582683,22.479174680407468,51.95700422785957
707.6346950547927,356.0103953377119,22.32273658771654,51.838767301522466
706.7709785027779,358.2479931929295,22.25360094041104,51.817934460349846
706.8975013165027,360.4041397646066,21.805653801888262,51.944241380319625
706.5026495289206,362.4796553374089,21.82160397243508,51.945092883183136
705.6182978186047,366.3473906756166,22.07782486914877,52.79780179508551
704.8990633163104,369.34129636397506,22.216527333210134,54.425992978030564
703.3369267056839,370.08643393125897,22.544475109287692,55.28704907744098
703.5062236636162,372.9868443956992,22.896727040553053,55.15130106649869
702.3333181185045,374.933186056885,23.20489183713626,55.37124048201169
702.3644039183213,379.2742621486764,23.489888712892206,55.956457568753514
700.9690412759858,380.5745607508693,23.576368907078585,56.06588686697701
700.6972161297363,384.15309802578287,23.76891833755148,56.498661312358635
700.3782977720564,386.1795834096909,23.73848637233874,56.69616022914345
699.6199457868948,388.8134685238358,23.831213563677668,57.341950391326016
698.5601548871492,392.45269631895945,24.146352838258977,57.69507229283897
697.3781015951114,393.5521067694047,24.342006921037644,57.740645932735205
696.67790615727,395.93656756071636,24.700258266538633,57.39392598356524
695.9768573916223,398.65941019155224,25.17978652293171,57.24839969940204
695.6845228262174,400.35541266947155,25.454013951137117,56.51185390913656
695.5110134979509,403.33516840402615,25.4667277682974,56.08312561644952
696.0612209318997,406.4420295246194,25.514937558984556,56.573736203784776
695.5658547396881,408.69272265539706,25.52217023761613,57.20813885977087
695.6701548300704,411.07015369130795,25.686638598140032,57.837859784317516
694.3174538403752,412.84472941061773,26.025693979859007,58.7618514464365
693.8147461948328,415.4752900691907,26.31753217924994,59.111908527422884
692.3229694491591,418.19643119405174,26.68257137120448,59.64589599968561
689.4722024192354,420.15024189858815,27.22667430541106,59.756692902685614
686.3482505039791,421.8650181963323,27.715597861723186,59.568181252250334
683.6028494976326,424.38762898447897,28.330834345546435,59.108751263786644
679.5580356267639,428.24498958842105,28.8631186043128,59.51114316930583
675.8066077376781,429.2981567528151,28.946758226478487,60.55583055949665
671.5473903777809,432.10769469712625,29.033205183821888,61.22831818176901
667.3765698395301,433.3628064407328,28.355104248299348,61.415388452948264
662.4278194657774,435.2195249639047,27.805305038529504,60.56798353017014
657.4724102543677,439.1006785006972,27.242509722335257,60.70079135526678
651.9800545636441,442.28252109750923,26.487477871055184,61.250191145468406
646.2719303090048,446.70134157639257,25.982655327782588,62.906106210345754
640.3257560092723,447.868168837138,25.392158620851177,64.68750963410645
633.3434045762835,450.7188791367423,25.40587271729742,65.75237111650182
623.9894648667702,454.87650779971824,26.140527496431588,66.21624758724185
616.3848384907518,458.73028997172435,26.368875669305737,66.4219012646224
608.9642108290874,460.41141950964794,26.538315120442093,66.12595307134356
602.3119572786534,464.42758235670425,26.64862552026041,65.52316610403766
595.3362887059154,466.1130573323734,26.70309395998676,64.81235213712016
586.4520072344917,469.64696643697175,27.451471432253115,63.99418249893781
579.3173091859429,473.1437472876807,27.73432864232676,62.66392846429851
572.6022796433828,477.31752360271497,27.72185328073074,61.496481997254776
566.0285113922426,479.45747533462907,27.646927128897122,60.145515253320994
559.769986349406,483.13836003539507,27.863375255341793,58.47334107426222
550.748691046664,487.4354360290646,28.427597101670795,56.9971180687041
546.3676388835569,491.3898951615739,28.48509060329995,55.66627950415541
539.5862541716135,495.816725500902,28.08283984743828,55.02679404980347
534.6325986660441,499.57525315258044,28.270612169917214,55.99383908824349
528.6327386295943,502.9666127588554,28.825804616779266,56.643833861136706
521.380729825706,507.84164550631556,29.616655034004257,55.591942842839956
515.4199711613502,511.148879173572,30.19193136540145,54.391256674403564
509.85592211590915,516.5138403873327,29.558522421981674,55.053682536372065
506.5314580368857,518.3738345286333,30.129373740581638,54.909027849046744
501.2535654411463,522.5520184093828,29.8155414699022,54.260855773888146
496.09721594833104,527.2171537431411,30.341599334622025,53.25288506364679
492.6326941575773,529.4165606979773,31.425009886191816,51.93729592738156
488.5842602030245,533.4344804015907,32.25795176609212,50.45799653251431
484.09834896120924,536.3947618714524,32.467300189664044,49.73499199580612
480.26779011362004,539.3638807437745,32.37954512788438,48.90163458410849
477.9462883860671,545.8994517577531,31.625529673535866,50.20473438506971
473.4302838545169,547.8399957169606,31.835824335391163,51.339218537730275
470.8851574320042,551.0560393909817,31.471940331966927,52.88576459346601
467.0324751355098,554.8699410091955,31.503071488371255,54.047099197309535
464.42602073181484,558.0428173839256,31.271727327926616,56.21418862619417
461.4095913932752,562.1573744928945,31.393258642945376,58.21971643706489
459.89308603029156,565.9312336745895,30.813056783463516,60.545314838506286
456.77570530479164,567.6747462519829,31.166342309017804,62.43124977435673
453.884245208046,570.3628131181539,30.95313871176799,64.36374460112732
450.84703040426683,572.7070947280242,31.16945169258694,65.55709075180904
449.0015341742849,576.0895870325725,31.815388047890703,65.09186743803117
445.6934642816572,577.4825951723234,32.418801049393664,64.88534968796348
443.2726568736386,581.6966190668619,32.96936495448118,64.50359134285623
440.5635754985258,586.7011186778907,34.380747080317136,65.33855002179959
437.84501669202757,588.619336224409,34.642276085525566,66.19780126909487
435.4167515334065,591.4771244493473,34.36945049532744,66.69597232059174
434.5991982851697,594.233134812007,34.37655244086728,66.59150908276004
433.6034291112001,597.6055299651326,34.615795771563945,67.02853249339732
432.6947139165478,601.0529965063681,35.29447203145876,67.54592431632186
430.9291832589542,604.011702270882,35.398144440167115,67.31042759366014
429.7192415770147,606.80638246369,36.75212509408515,65.85684372781924
428.8827051714842,608.430351787751,37.69286800011315,64.59912991795437
427.7280378271924,611.0677469769753,37.956338345053496,63.14400020311032
426.3264434339859,613.5943453218632,37.839913293270726,62.065596232221964
426.67464991912186,618.5781168333093,37.84282993763803,62.966956369424864
426.8927505309417,620.6913438949066,37.64817512134026,65.07627237638789
425.1041659240797,621.1131603947442,37.99639550350604,66.20854300696918
425.1803461348046,622.4416769031171,37.31115268964984,67.93152440977896
427.0430117660671,624.4183930021662,36.39003685833821,70.15629913230462
427.22394478137335,626.3890916540264,35.653617206910496,71.39451637249901
428.96890441083616,628.3127377765824,35.81773399305925,71.97099836978825
429.5610986715213,628.9184824514018,36.3477924931734,70.66449886620003
428.9221761592145,631.2726128494444,35.9393995865355,69.03573040066617
429.4144590798251,633.1292150001858,35.73536354239142,66.13785785625187
429.5259934705125,636.8661243574479,35.04425274498722,64.00907374103178
428.264499291039,638.3611639487054,34.16104856281185,62.376825917426444
428.13668110928086,640.3938288328721,33.427957058724814,61.448843370467664
428.451315080968,641.4669662907753,33.24138354093339,62.07090856543997
427.1717148771403,641.5208703536127,33.333686222529906,61.77431357548458
425.43421341161144,643.1427435219233,33.525756633674874,61.10647399240338
422.76787173734783,644.4267839523352,33.48166519429928,60.40475188859871
422.06806443559753,646.7656073130482,33.231301994569506,60.1279335286837
420.80457364301077,647.7351202844825,33.64448424617068,61.03272744245908
419.8524675381906,650.0829495662247,33.985436735008754,61.367850624885236
417.2981679843284,650.3401103450714,34.60787461073852,61.363678665313415
415.51155284066175,652.0100925089956,35.61964654884388,59.4602563716141
414.0623903013959,652.8406660720907,35.636769644877354,57.83043226483906
412.5141939100913,653.154395230265,35.60175349766172,55.72061430073961
411.9868016423915,653.9396491406308,35.65606751399544,55.520738532429775
411.5293920961768,655.674009097772,35.655749613493555,57.39042279676663
410.13243080618264,654.7721987901826,35.54192635531661,58.1982142469636
408.5775988367244,653.935902229332,34.764941877713895,59.64477001538752
407.6588243930674,654.3192340617131,34.36602030413623,61.08825849982586
406.903936850187,654.5574006478548,34.24311986137071,61.43878700709641
406.2661761388624,654.3416970876873,34.05000012210117,61.1075732015281
406.907237356863,656.0825189761521,33.89007769830705,62.35644919617445
406.49617308632213,654.8804706359969,33.806801671670364,62.79595341966733
406.7002001493735,653.8332588347355,34.33986554750554,60.67682788507457
405.78666386715946,654.246166812024,33.98437814489251,58.73311644652699
406.09506121509577,653.8931712666883,33.854766245021324,56.575950503277866
404.7213659940457,653.8971671739963,33.960442591052114,55.40868411056753
405.0618936592466,654.783973256766,34.00087257740368,57.094938468770806
404.9875884590071,652.4345696407119,34.11353240285878,58.219451849026555
405.17703318461594,650.5084928529313,33.903457774672624,59.05343745202293
404.38135017814466,648.3510474262785,34.25203428070289,58.30364105328404
403.76026320042615,648.7901283447853,33.950551767748514,58.98049120395654
403.74580630893746,649.2735471449976,34.03207927474903,60.2310336503766
402.856113882258,648.8234506719583,34.693465170473914,61.04590651116784
402.1940977134887,647.1374036110271,35.59293696113756,60.36268275430706
401.9297043589469,646.9065803856234,35.90224084601482,58.38248307283601
401.82642036578244,644.7151616557686,35.642432676728895,56.97202896378968
401.50750402910217,643.54553898934,35.31355984900982,55.616169936066385
401.5765404573489,643.5391986158766,35.221682361730124,55.35490561964078
400.5973056049347,642.3863240193227,34.73971403440822,57.19572952359424
400.31180986096155,639.2188249460712,34.48129943972442,58.373905942344756
400.19152290965974,637.956539732888,34.068100392155614,59.774257785603965
399.42972154090046,636.88422330198,33.75830073442576,60.56435780955229
399.5897997024587,634.7415409741111,33.89240145252514,59.368507465137505
398.94022261550106,636.3019986980644,33.742970950651575,59.65380339342107
399.4619215667484,634.9796326289082,34.402530916733035,59.34011883137021
398.98291548844327,633.2537312434825,34.66406118981742,57.56433342549433
398.4027133521772,632.0112177813529,34.398307391785224,55.84271724520045
396.07391620121274,630.4993424197398,33.75650947035607,53.93900014539794
397.315673844481,628.9685995377047,33.71694292954708,52.167762291914656
394.82393114331387,628.4858849713715,32.533831442385484,54.01641853449006
394.72313111171275,625.936880242718,32.19003219738303,54.993216463018996
393.5404366993541,622.6153863944437,32.42168202750206,55.389249718497126
392.07824898032317,621.9107097590932,32.518658688555774,56.02253561306135
391.75810979559884,619.684639256523,33.040564394148916,55.92963982544643
390.2942375884416,618.2823254770723,33.24710571970295,55.28756418877606
389.657357708508,619.1401689665818,33.148823896508944,56.36049005231699
389.524337536313,618.4928711702651,33.49131008864872,56.958959362735285
389.2281780861941,617.3380078363588,33.10884831013741,57.240363333861964
388.4629707702865,615.2106198487136,32.85422077524265,56.770895191415505
389.24905496330433,612.9916927617774,32.560266247811434,55.40702493138912
388.79245568938666,609.8806496745541,32.51844621568693,53.939739996826845
389.1027603092224,608.1327907843252,32.51606398102039,54.10847766330158
389.5973020921475,605.0290333953593,32.35522629338968,54.66994103437288
390.19199002499147,603.0877630725598,31.94867267902169,56.40103486066633
390.66837645311347,600.7227094323823,31.382760282820684,57.78431415716533
391.81753519884927,598.3458042455525,31.073555406934346,59.011047571215016
392.947907552218,595.8833313712464,31.236038725633335,59.21005547650424
395.2312555475309,595.6849343522842,31.57158539552998,59.74077536958838
396.65328806449304,592.8174107314632,32.03267253941631,59.44895426787731
398.42010002651483,592.1465488294765,32.693159962571244,58.47715072619326
399.70292824776266,590.5588409195943,32.200855856959095,56.436703318113274
401.2732127177383,588.2554461981244,31.74395672253454,54.31651827374837
402.27350878614305,587.209849440409,31.5747791660702,53.06416063027433
403.82672325748445,585.9756417465674,31.152342132414514,54.90890931425655
404.74514572155186,583.2410228454737,31.39678077361565,56.29886578633517
406.81175574953556,580.6709345373871,31.140033190792757,58.94808824181814
407.6414201139393,576.195194869526,31.302091752939827,60.61920258730612
408.6851533151597,575.1298397833234,31.192077151799122,62.42837487762151
410.5736280762558,573.169788982171,30.920959109633234,63.92501337377088
411.9489886519954,571.6660822126895,30.546487986764227,65.77201460118002
412.10214092330244,570.7960533638351,30.248520194940582,67.42689579374043
413.4561894620861,567.8847912954807,30.599808655474504,67.26110434817387
413.54171209593727,565.4427924633833,30.148988334509433,66.06838082096249
414.5909539769623,563.9967075260239,30.451249249049432,63.338002115511486
413.8121591460704,562.2800427566998,30.18186976410459,59.572143898575014
414.2914426634835,560.1738600745023,29.83631808295811,56.08060463421643
415.3157618919019,559.5268703892649,29.919549419059507,54.05668382387448
414.51960792362894,557.568354000595,29.950581158171946,53.96681247600053
414.14295096619327,555.5498853956844,29.60873172770644,54.56162698799154
413.5278214097875,554.1668914200607,29.144360932909827,55.58393172028302
412.503125838223,550.7888106476615,28.887874390492,56.56755364945022
411.7473209865873,547.6604674212558,29.171208437063328,56.745712651700224
410.34129912986634,547.1265890782428,29.240694148033256,57.538135545754955
409.05653345695134,545.9230514142401,29.579372174695266,57.91973060337464
408.00277817295483,545.3327812080458,30.002616056248726,58.172552316784675
405.986575926696,544.4237544731075,30.58829160398797,57.78053636870793
403.63373516145526,543.6293853753748,30.431462930154183,57.09768194713851
401.6929610140817,543.7025913725195,31.232801016008626,55.13438257415656
400.05053174429327,543.1730763667146,31.089640747220525,52.96808604768036
397.74231197345176,542.8739369227762,31.074592919366218,52.50768273226413
395.2196809911354,541.7498157354823,30.864635424465234,53.65253334030372
393.0330799439956,538.5244218713465,30.87850209622895,55.06110190658829
390.5305098423865,537.242536651639,31.465201003823424,57.11908348329787
388.35416903036673,536.2152428223017,32.04821786345865,59.12462277035968
386.0888336590682,535.2924882503766,32.85710854433382,60.23310671288904
380.19084539658184,532.9462123008029,33.429935769684974,61.62890425183735
378.77709019787494,532.0082461357445,34.480067727195554,62.73973574520039
376.50826224412765,531.5932495593133,35.319489791840354,63.423932047739115
372.6836490102223,531.0872212760156,36.398351307563644,64.10150195099297
368.8607288707792,530.0767382784841,36.68052648253752,64.34525759125107
365.02763940939514,528.8716985131294,36.318257300447286,63.035262229916185
363.01497007425667,528.4626487930298,36.140133846853416,60.993653837779156
360.51900871315956,528.8624417006978,36.38361201185758,58.98088414259077
360.2897132461312,528.0901091105704,36.332718654837706,57.09487882304383
356.69066049425055,528.0727618815124,35.425521347930065,55.22261970793298
354.94963664004104,526.4162454245212,35.84643567164444,52.90358732574231
354.2849470711318,526.0535823481682,35.939651193282536,52.611823753907686
353.5723778314157,524.288259900136,35.93247718415881,54.0283021517878
352.0450468973754,522.3241878746691,36.42184645542236,56.080354960885145
347.587589629582,518.3866190002161,36.69246148386812,56.89844248167217
346.7855600856725,516.724595897157,37.040690283753754,58.53144554928649
346.5990750102589,514.9864628846623,37.67656510839573,59.64983169718544
342.5702181615345,513.758912323386,38.057173855893375,60.09515551222772
342.5063580123211,512.8994132817593,39.091832587967374,60.36989383271713
341.8402490818738,513.2410133455434,40.11447492095549,61.317681349344504
339.293584737664,511.75421092033474,40.62062013388076,61.61589786357998
338.4847780801107,510.9367156008473,41.192351819997214,60.485936319785054
336.8210416238161,509.6907900424372,41.37331460837984,58.56138652718154
335.95580218062037,509.1074324498399,40.495890252660075,56.500087958485146
335.7441478176106,507.50867189744355,40.04910384489816,54.35299360383563
337.2872152857748,506.12340275517244,40.43683799388169,53.28599626864215
337.3864064651075,506.7781504804202,40.409665015246894,54.032473871125134
337.1628327733565,504.66278809992235,40.45631228001639,55.67396880996209
338.4247465872244,502.9464881792848,40.75656249690046,57.62681813720671
338.4739390342763,500.41125167341676,41.312362480668966,59.169977916520956
337.21309651095214,499.25749136599995,41.00311848640855,60.48005872966157
338.3823940104479,497.44485330764667,41.16120732340024,61.72142395197417
336.9586840120021,496.22114345856113,40.964596892359225,62.61530389718503
337.2700144951181,495.1663315212894,39.95292817895386,62.48875986401369
336.994155095482,494.4433202118687,38.84739168628733,61.57882282900067
336.0260366756919,493.02555278598527,37.496474089755985,59.6122489161191
335.50606761927133,492.2387532085403,36.218952142477534,57.90649016085284
334.4607626801217,490.5359466109483,34.94573193120763,55.66128119340863
334.02067941371877,489.5320096980987,34.331212814141686,53.42396487552268
333.012495337307,488.48389078010706,33.45837193490665,52.00505335657125
331.7993104933664,487.6222935587276,32.01045139489775,52.4683839458755
330.4207911271994,485.3175137039904,31.504240729953967,53.37625345835895
328.4950529802799,483.67026265034747,30.72900422472061,54.062943161012356
326.0887443724902,482.1754547526894,30.468028777488712,53.93299251574614
324.66826125623203,482.23829402284144,30.271000625239427,54.775822159398246
321.74597236484556,482.0376191120588,30.307116265068125,54.92183122597771
318.904127009861,482.866909031262,30.64024583306943,55.19695612141976
316.1627650739753,482.287694484798,30.58168752786939,54.93699267532351
311.7058724349486,480.8908401743489,30.904551403945266,53.37436756361666
306.27856082194097,480.8461886852144,31.243857666764665,51.62280695641368
299.6679238421876,480.16135084070186,31.552098140858885,50.03262351267193
295.4366751675014,480.9790854297381,31.987205963864135,49.777953389698965
289.80297564233206,480.3811026659691,32.47238226639996,50.92192438861562
284.56368819438455,481.028806418302,32.812189919863435,53.27331406412554
279.33873732414384,480.7232982104098,33.526775383794515,55.34752616148198
271.4933618736337,479.6009940838598,33.61405643618199,56.92750900831666
266.5826465041701,479.9189569049802,33.79593696606383,58.911094731966415
262.04025022450355,479.63542507766465,33.28794655115375,59.48520756856172
257.01623570821715,480.98859442369263,33.057645734483344,59.53588052849855
252.7306756609158,482.0960167253486,32.170826681136795,59.51109201077314
246.79661543863935,480.9404116653271,31.090043088214166,58.65521719848894
243.98930563960045,481.33919303731477,30.044729596081964,57.18879980067827
240.31632040445353,479.5915640878869,29.408215725708075,55.16399286875391
237.48653389978583,478.2463090835841,28.704149380337686,54.100735386972616
234.2575592665093,478.9835893449355,28.23423314167224,53.60378527352953
230.64947457318016,477.02216714365636,27.885088712259993,54.05635832713459
226.98334435110385,475.9816910501275,27.719863041910614,54.103725442628665
225.06529362527732,474.0072315694174,27.40044023971845,54.48368016111365
222.67649914474384,473.20943404348924,27.053782126658206,53.85441430636903
219.757176480032,473.09403255704734,26.88745309084755,52.51695815926528
217.32970866543576,474.7305271730447,27.162901396279047,52.00403042972716
215.51892454171633,474.2602734067189,27.818361559992937,52.37419130891733
214.62087351627247,474.3996215753282,28.180755539171948,52.49691842598355
212.01823366051943,473.3989261262539,28.78311424161435,52.31213302408323
209.27765641496293,471.45699887706394,29.18539938992337,51.52389317737044
204.58493974691186,471.83778081962953,29.639383789563087,52.166313600482056
202.43144199497706,471.11616197336184,29.801560510626317,53.828439456583986
200.2613194177531,470.17232055856596,30.133564965306142,55.76712383494278
198.319213230538,468.7316610219702,30.70860184840337,57.640423103179884
196.67087719472957,466.59340264075666,31.10969029041205,57.98135341312272
195.40506935839514,465.61250381729894,31.380367318671738,58.391083184176075
195.46615894935059,464.78190755558427,31.02771853739469,58.41150706041151
195.63365393866508,464.6203640165977,30.38607309220913,57.96855411124305
196.93762014063503,463.76504990418636,29.54454019102341,56.956577584478865
198.64108345134008,462.5511683212742,29.405029808398133,56.0523609987163
199.78644614180635,460.36231051650526,29.324199323019165,54.053890237404495
201.92742516086236,458.6609136601288,29.723649213373957,53.11828549358395
202.33692337431634,458.00320728407837,29.791792822095235,52.57750553766934
203.00043508706312,456.296450279635,30.27303460579971,53.94483190731961
203.12188461559944,454.32906733971555,30.925821996347473,55.388016824023744
203.19085777407312,451.51460322795526,31.84179678287756,56.47020737664589
202.51238441596288,450.2457280609657,32.568721450147834,57.00374247014656
200.75066360962433,449.9984595384956,32.948016381993035,57.57738419938002
199.38529702497198,449.7068569440503,32.955216636182385,57.896001091857244
197.6009976985003,450.13928107081654,32.32599796353371,57.85711019620818
194.79602942251154,448.65813037842037,31.514001818215064,56.746773069342815
193.21439776350903,447.8581241955018,30.9199628519794,55.72273887107775
190.70145838644828,447.6465965608931,30.675202186545228,55.10971282620821
187.9338593604743,448.30507665606706,31.259330883482235,54.59671725072852
185.0477507818826,448.0993711103783,32.16575099781893,55.301802006437484
181.70965763874375,446.57472043403413,33.227863053902524,56.06154208745831
178.45704780066677,445.2068959107369,34.06960530924957,56.64853619630868
175.90580291906542,445.1082642701563,34.61069799679921,57.257180900943105
173.78143839507774,444.5255854382758,35.11138517656472,57.28657357504198
169.90930209735194,444.4869392333834,35.52102537531836,56.7017036212976
165.41404369386328,445.2027323651066,35.416532378523726,56.27013726580256
162.46345998597906,445.8222210815807,34.43442714643449,56.23664458074095
159.98040415571455,446.18801952283206,33.567744140673184,55.9870498969344
158.0489392185242,445.0135773641006,32.74105447388572,55.098893217845735
154.7319453190268,445.1035367117811,32.72978527672572,54.49304050578035
150.85618456683395,443.9503412634442,33.00262760096617,54.50479944444618
147.66569441127032,442.8823973716963,33.49127964976427,55.513388157583805
144.79401201157896,441.53128799600535,34.0772643450821,56.853204827476105
142.86670499151015,440.3264797726987,34.8428698155023,58.15268953351935
140.89520621256733,440.26668319801854,35.959170500676734,58.87783279321977
138.71218718862,437.84020846572923,37.30171049025235,58.67506383586238
138.0397113609312,437.9104229013489,37.53922763444526,58.3277643491407
136.9168194112572,438.85530364041415,37.363051418360484,57.78446607444039
136.96482087567477,437.6779423143936,37.094426732733254,56.86018653684522
135.92976900460448,437.5404588923031,37.21304627153524,55.80080637136746
135.46147902045297,435.71174457599835,37.14183710485899,54.18101237061509
134.97138173281397,435.4424770971407,37.70691396930825,53.734062549449405
136.36689189878967,433.53005891538663,37.82151874226099,53.98002504020057
136.01583858005773,431.9313740280943,38.980026817245836,54.97683400660344
134.865640155913,430.87089879633106,39.93919327307927,55.65670640330406
137.19140460581846,427.69123167378257,40.62471242700981,57.019852961480865
138.53471922724563,425.465725090379,41.01150680819416,57.141840382896085
139.75825090555483,425.1006482156224,41.37330947559309,56.616040224442735
140.98260059517096,424.00505072046735,41.179476696397465,56.56110141043156
140.25950768016006,422.147724387147,41.66747458868274,55.92310963356033
141.22425203433028,421.5977186052328,41.13999751326162,55.99565490023908
144.01863274845869,420.3534465921797,39.772960118360544,55.897668956176155
147.26291137470974,418.7653874412698,38.31593229243312,55.73021392616301
150.80312725380304,417.6197941890234,36.86315985507784,55.78430984303982
152.97569658451934,414.17517564089957,36.086380330226646,55.191690593157226
153.26020604698158,414.0200958397167,35.911398204971434,54.34547001897878
155.5378773193782,411.20212723971395,35.41105644219111,55.632041507772094
155.54607168551405,410.16741058065446,35.82911833629273,55.93653563693388
157.4782151901838,408.43738464324286,35.85777780865796,57.52031817124188
159.0621707746812,406.0784289678271,35.52305565028324,58.43941427167672
159.54835377913966,404.78202058542144,34.38396969808133,58.138429585758644
158.5755965241022,405.02774940413946,33.84831045441786,56.59594143169818
157.29545390693167,404.98694272270535,33.60163319867712,55.4355259621308
156.1843018474342,404.1458230468461,33.275508543792085,54.504403478369625
157.53186169029163,403.1156560779404,31.884498789069283,53.70869097796374
154.30455459543995,402.9872448474797,31.865191202954822,54.2857224354195
153.1533682664433,403.09565484141285,31.715145533616575,54.2640915957409
153.14728070151511,401.10405235167354,30.727582447072805,55.59611177793248
153.74520292453204,400.2062689027885,30.205646651914023,56.51272158294059
152.94124524640375,398.59101425191466,30.17382380607555,57.13825589956562
150.6879401837014,396.14249867581265,30.235234918723975,57.2915631824459
149.8311575279921,394.8879343496587,29.929249906656224,57.20691560871011
148.28367871969576,396.0532742762514,30.395544937036753,56.63537624701029
145.2058768003971,396.15727360587755,30.51505315643236,55.964314824543806
144.06014853271049,396.525813084081,29.910404163927826,54.905021711747736
141.01224924883581,396.7080923074841,29.36920550877673,53.802204426288014
143.09491100973128,396.16984951934825,27.796782501588467,52.70050668537519
142.20350732421713,395.88321508070675,27.378643064755444,51.954564556493686
141.34250473633776,394.3058515099887,26.807683066792876,51.74769821305123
140.35793792165856,395.46375809688783,26.787353247626797,51.518250262183884
139.46137499665684,392.44733553840325,26.41546602275535,52.09697665051533
138.9696304850138,390.33693224755405,26.511156259878135,52.66963016557865
140.13504981611604,388.1289014147399,26.445676760957973,53.231102130507985
140.49050035205113,387.0577275667308,25.97403387411679,54.13474764852484
141.86155567123336,385.7777941675301,25.90810455212804,54.53701165990846
142.53798746170924,385.18110514535005,26.041943413345486,54.97892730430902
143.2528506321282,384.3227445078317,25.93098080541774,55.48159888242333
144.75572373335288,383.6820797883966,26.090580033342494,55.945483877590824
145.97201279633427,382.6639595748974,26.027698286087627,55.64346961441906
147.5903963967152,381.53713344084866,26.04128179905566,56.375572300035074
150.2939996756002,378.0186028124082,26.421644764143284,57.11974873025592
151.3100998212476,375.6303223496367,26.954958083688354,57.43359450687312
154.8743259897014,373.697664679212,27.658064927994126,58.14110130547088
157.90338903442037,371.17411257389944,28.517178027704123,58.248368060346465
159.70960907889273,368.22500677994947,29.437520016548728,57.95555153011284
163.5294039571594,365.9179420451829,30.29943515808667,57.32424099338993
166.6954107199242,364.5049357856748,30.153494935779676,56.646067835831474
169.47880279230347,364.1748026619415,30.221479753881297,55.81833428643058
173.21908698272097,362.88403227411914,29.54185808554018,55.14700640973163
176.64138724303865,363.7771461297858,28.767076061608943,53.52060688443339
181.46264275280373,360.9395178317231,28.551211274683745,52.74599194048922
186.7095958874741,358.2850108545342,28.46329942062618,52.080542908874634
191.4993416187779,356.16950161458215,28.148196042430243,51.539932532119806
194.95694088220026,355.3010196132567,27.235892870810126,51.566129504054686
199.06842344878467,352.2964848876857,27.17742034475799,51.43583042110858
203.26556896470024,348.8178111206347,27.535638430053332,51.16905733829775
207.1550540432534,346.2205118467381,27.624450865720465,50.69977458421114
211.74913144317776,344.26659638230467,27.587819655959592,50.296104963761536
216.13184416640837,343.3083316336921,27.05942328512095,50.69366921669348
219.7984752713491,342.81078934657506,26.86562831461937,51.03724849946555
223.27169254438334,341.4110024220609,26.922747635890975,51.52613337602079
227.03862983864002,339.7434802742915,26.538615650679624,52.566593635686054
230.5644207917058,337.6413628205823,25.79092969486547,53.020768461622666
234.56131518839354,336.11161068891465,25.089206998749468,53.417474558682855
238.4931987456178,334.0449873806092,24.96163687908247,53.40447521887285
242.79067303518497,332.1821006452169,25.263059187704492,53.98142971993096
246.40279297501388,329.42373112674574,25.58674621081763,53.773731520087395
249.91621879190916,328.4647441589358,25.80686618423536,53.678714027332035
253.30579744194378,325.97552430153314,26.40414368717513,52.79181637031111
256.2666016947993,324.82885778699165,27.265829382361314,51.859513155573914
260.2777235809771,323.0697546415457,27.340514206502206,51.61183409337745
263.8651875824743,322.85750980222105,26.58521863835294,52.05502102824914
267.26727862543856,322.5893828112707,24.798516448969785,51.408743653338306
269.9665524655374,320.9436156470609,23.607561732944404,51.149041113853244
271.9045880030255,319.97222670736426,22.92304305855724,50.43807524935008
273.85795749888007,318.4133290312602,22.726050904464103,49.97432429494803
273.8834794385441,317.09364056261734,22.408074150217963,50.1679364521892
273.3659445103279,315.20352901619583,22.121726794164115,50.40758141812492
272.4546821506933,314.06955463965556,22.565580463361606,50.896649455835195
271.7255466503613,312.56623341756125,22.99314172052586,50.59271951423594
268.951066516622,311.575948943875,23.29128993432399,49.495396158141595
265.5801589810595,311.85392150138824,23.761598695939753,49.2400097591739
263.7077927926377,313.2019248044822,23.514050112700417,49.92282667173899
258.98603513910984,313.11783599692865,23.192807309709714,50.292379279574284
256.9591848914219,313.5402555652959,22.179877441621212,50.924976089304295
250.68915726257947,313.92022831078003,21.504106664760183,51.079454540902006
244.809323148715,313.8973641397922,21.00957300345098,50.423236266704905
239.27264669361494,314.22239114842716,20.499471781571064,50.73560742176387
231.9496238795339,314.38852263015616,21.146398604801497,51.24264163371331
225.2410886681717,315.26500056826353,21.61945066357328,52.247156365256195
217.4018557606633,315.7526662520143,22.07193858094601,53.08746079811623
210.6420975837794,315.88169321436675,23.431073617575155,53.074511320418495
203.1385162321051,315.40406897758464,24.59807213635344,52.09810724805385
199.36275406450653,317.1846559670115,24.64915205931916,52.00033363312222
192.4915202630852,318.1301506086417,24.630499819632494,51.99134157753049
186.71981582150013,318.9933360527261,23.64315461344718,51.72724083000964
183.70301422918277,320.01458416112797,23.14347504127649,51.57048966172888
180.02898111125933,320.6627415847505,22.729227434349944,52.23195481803145
175.28019999956643,319.86739307577915,22.08568209853162,52.25464031368106
172.19140521608836,319.1027272998539,22.074591016684057,52.06722470080532
167.06066355747313,318.20538259560317,22.566059571036057,52.4374486914448
165.8546048485586,317.12988863098377,22.894896425510616,52.903238313646234
164.72205941798978,315.5468136673833,23.947441057285815,52.09913644221747
163.21253005320315,314.0726237298525,24.66522810984184,51.115597934634366
163.90779134742147,314.06375759507466,25.357709042370807,50.23052261084445
164.96142260817447,314.50273239621686,25.447190724432275,50.377738566421414
166.78268858719053,314.2234810250989,25.11404478133855,50.32912502667098
169.7942875081614,313.5520467983205,23.783260746312074,50.30761610081053
171.9215052434629,312.87278174932123,22.582394830991664,50.75319794803838
173.85738948837195,311.14230307514566,21.95980975754014,50.65556297690099
179.15089107001094,309.68549386102455,21.88157658327585,50.70070859058333
181.2639710289086,307.3947121501697,22.210472760603786,51.248786599695364
183.53567370851545,305.48799225636753,22.930922858696043,51.782723041810215
185.35784963956345,304.000841207887,24.167558640795548,52.07283009711472
188.16006450560403,301.5703230806449,25.313185175499104,51.47469934796728
191.52324624806,300.0185280331649,25.941308156041284,50.78589552012164
194.13523161359572,298.9588304484329,26.781380470013723,50.37657889377877
196.24472913540012,298.5798475032598,26.56120954597283,50.17818545728536
199.68922256529325,296.40323932766063,25.696064067259556,49.343443091137644
203.57488779300735,296.18903193718114,24.37459513832064,49.255858376113444
208.14750008005333,295.5836485978459,23.488372296101204,50.195276399560015
212.53072912666323,293.644920690493,23.157260806274945,49.891846899324506
215.9851931846424,291.8710267853138,23.203919123727243,49.82308617147484
218.10319283457693,290.139291641389,23.244923588964394,50.3942966231276
220.42395261616002,287.8514820133987,23.74450538611925,50.23883391652267
224.94075996183977,286.24137030982894,23.9884328090176,49.611514322487324
227.48510538999878,284.33828892180765,24.630861585420543,48.794130021350966
230.4216788772305,283.42097637341516,24.72066913213625,48.448621298555885
233.30499888789333,283.75182241366264,24.58644488229499,48.51682099509951
236.38759368897578,282.7607043141417,23.550873448007287,48.54245271339788
240.31556227334886,281.8992255291511,22.144735340082672,49.00474307852218
244.15578604937065,280.99238581675337,21.28988316691479,49.098333425368196
246.71288396394317,279.2066580077138,20.793041253937997,48.63018724062134
250.18823238793672,277.78956387594417,21.02592480451044,48.64536310067249
251.92773040765968,276.5870951782087,21.35503304172162,49.34385062984859
255.1772509760282,274.3491791306719,21.75959736610521,49.491480477302474
257.6271876280007,272.90285080367767,22.457367914394105,49.69273636491835
258.9063102467949,270.58426119054786,23.90429731364651,48.60434586614139
261.00437392771204,270.04043167891655,24.539309993163524,47.618875235473354
262.71310726542885,269.91775903321934,24.46126387475209,46.70216455762939
265.0550474893795,269.2659055281235,23.64808855456686,47.256409022903085
265.02301105162815,268.73622703494544,23.257956095882996,47.66808745520105
267.4680741965269,269.2824222590163,22.177239186044506,48.05469435679846
267.2675100773715,268.96315942104786,21.579312098370373,48.988748474402826
268.8062575308668,266.86073137349354,20.752267802494277,48.141893963890205
267.9395457663024,266.8555154592155,20.572585247753135,47.87591717971816
267.94026305718916,264.90665809452986,20.839115237694045,48.18077812452824
266.42977756742255,264.30081956010537,21.15538121730357,48.25744948086806
265.45661884582546,263.89972367610847,21.538730048780472,48.30780447212855
263.65814084498567,261.9242621028321,22.55438316921927,48.146239348875355
262.9536611364585,262.327079862261,22.65721611093945,48.959521772064676
261.19715724544227,262.19586273673326,23.021774233624384,49.23128973796291
260.56490501521364,262.31925929340076,22.670677512097644,49.480829448858096
257.4611057830347,262.0046727259919,22.88872872380049,49.69299051802679
257.38140325349,261.19080562459,22.302087418582417,49.972384328717965
255.17157099049624,261.08861098726754,22.226315753011217,50.453928108615656
255.0088042957153,261.4890278418287,21.875215307734194,51.74579440407092
253.99020091782407,259.7530638811759,21.57377708213237,52.019670634321315
252.23698956345007,259.4310657649661,21.303357196733682,51.80412539096802
250.1073551568314,259.6516384004507,21.407249575644812,51.71676173072615
247.76015947137364,257.07223361786487,22.062563664608426,51.34534840313657
246.2116701048095,257.09339724428463,22.46183879780685,50.860492067998706
245.58110759240967,256.925904060616,22.605760944608235,50.56305974322403
244.05586919716353,257.9925935932153,22.548881425209764,50.86331305183527
242.49863994105272,258.06139858161,22.444560373527555,51.327416553611044
241.35490364586178,258.4776806437369,22.241483399547885,51.369334703412704
240.54825100777597,258.24365693897073,21.794420376235227,50.71876612802843
239.65027254828178,258.30222805776026,21.32310816070211,50.311510143329464
239.0433984026695,257.09757919457917,21.47940126985115,49.89560611988997
238.8420985398356,256.4936835846684,21.500884605290707,50.39164069307833
237.86651212536572,254.47530185302668,21.734303308635383,50.61379605928538
236.93165412853995,253.9269874197415,22.5749876679562,50.33313372331058
237.70738010813403,253.03096253527292,23.349354485852338,49.99820938641276
238.16869457585844,251.97452667795505,23.877337976207674,49.29330060635854
238.93592049591695,251.9582823556109,23.918152378117973,49.00087661357476
239.66564266358336,252.75288041504788,22.976649279281098,49.30828682080398
241.08845352287312,251.33852011011533,21.86760721730255,49.24233003008008
243.48933032240998,251.0182622541183,20.84764554365911,49.481420112219936
245.32261014601372,250.23708142365558,20.010347676236815,48.436688200528806
246.8882636126858,250.71659750436945,19.672661090869326,48.71483615289351
246.42718470737086,250.86078864605315,19.528848361452507,49.62455884713382
246.79970387927222,249.54881290531486,20.012170074526928,49.98254701264666
246.96364880935442,247.8734572881163,20.674717185550122,50.27155766453953
246.59725038109246,245.66178684686025,21.36728495996645,50.35608714949909
245.9453800542209,245.72420459894315,22.53789488451114,50.06436877275184
246.0728663309762,244.83347243371256,23.165274206305682,49.3759174747798
246.2215057683421,244.8326175418585,22.965430895376635,49.457940792032424
245.4960025906803,245.2670238278127,22.652474981870924,49.37968220715025
244.262007343023,245.42985138828888,22.178888519482904,49.27400924831585
242.6551615337914,244.9555605920408,22.0760792357702,48.839169658179564
241.6109644872952,246.1674197580463,21.33620503919648,49.109492101467644
241.38843159707696,245.44932296310566,21.24000032517193,49.2222773260993
241.09694616941061,244.92898305032074,20.500435308045233,48.82469838454115
239.74416836218896,244.3836442081155,20.567351472415275,48.98168277919484
238.0613842712536,243.22349410758324,20.659141930973647,48.86260114241449
237.29131323845237,242.17199702915258,21.078676978105314,49.26436131623595
235.4616937234564,241.58488814442484,22.401295915705326,49.16040492378045
233.85768733425223,241.09531906989423,23.389457677115345,48.92158581461716
232.34114866732756,241.1362956594931,23.73401672521333,48.456524943416156
230.90577572798549,241.24244180236718,23.984833767074996,48.3724186004371
229.00498544470648,242.0363375189547,23.511158176711618,49.25751229909797
226.78171702251862,241.9630863410802,22.576099886352218,49.33628598639562
224.94525315727097,241.71030541618066,22.41814482914303,49.59270311814379
225.12086242928353,242.02531283279185,21.754787519067584,50.059528904962285
224.41219809307725,241.29794545890263,21.466596515271654,50.36959423917412
222.4091862522489,241.72453960409382,20.858272739042615,51.952619442138925
221.6340503105033,241.3200445088409,20.669707976453736,51.639281112823625
219.74190396239234,240.24879608449191,21.254498204566595,51.1850057676129
218.28893090372716,239.36630451913902,22.25560707118738,50.735333260577605
216.95070028958395,238.72788691035305,23.05128402632625,50.223150443214564
214.5534932390749,238.88646476635108,23.594080695703752,49.853220715404376
213.44608398062823,239.49934762269882,23.486844349621006,50.04661286537222
212.43091821200895,239.87068503535093,23.141527149905812,49.90887058668359
212.47017013558167,239.9373990042362,22.31312856456306,49.477529216791766
211.88183111621888,240.5741928736488,21.676660727357845,49.13026262683894
211.2432279938353,240.69029384969713,20.83141185203832,49.51692884691104
211.05813605745425,241.20467422386406,20.41787958262285,49.71939203942644
212.0746362227719,239.11537598589223,20.301068207294588,49.419369416706814
212.19690859169623,238.64589145735985,20.422882971522974,49.30603170249315
211.93453635110396,237.63827905604896,20.68096107015635,49.041044579608354
212.31827925670322,236.32212379959063,21.415083034645995,49.45897745084718
213.00363192967458,235.17661442159329,22.492307071027497,49.23358442553079
213.67602657126372,235.27795846719866,22.894626247321845,49.12213732150174
214.97466218480577,235.05663346742062,23.16669353265845,49.22675152894544
216.1291958957018,234.96400412814546,22.911201865031998,48.797294154486735
217.42113607939078,235.29440499362622,21.95192977592857,49.23217552136456
219.60583322383354,235.17404136758677,20.897143107282307,49.37281942975882
222.21518163667332,234.5115450633271,19.89500235383786,50.22087271771387
223.17625793792058,233.82304174706456,19.601708317627544,50.08960336452115
225.2188920251503,233.13645689239286,19.408449163019778,50.89739875907957
226.86869126820756,231.8502529792389,20.078556735407474,51.19415441520623
228.28118820218918,230.31035474447953,21.071026503842546,51.35106761255396
229.33749310446433,229.0643288807521,22.06600522887903,50.93915362841519
231.23264126889708,228.04352446490634,23.503221259632674,50.39249680268175
233.028650694196,227.74037373532278,23.697519757515053,50.0908801662602
235.34768264194176,227.06135234509145,23.62357520101279,49.60178394583022
237.01108679575063,227.98527998778223,22.901951210030177,49.12857460885871
239.2586207098555,227.35463564639028,22.247928284621963,48.9396599921202
241.66577119066608,227.59159117411824,21.64748163589753,48.8662916131131
244.30336328441828,227.41274243584246,20.863948983427285,49.23998498142939
246.8945921331726,225.9202571968837,20.283749014495278,49.70577277730956
249.0845404331206,225.6230630187479,20.464179467669382,49.76779855328182
251.58458858765334,223.71054874474646,20.616680585972087,50.351174374157615
253.48611505324874,222.97201127741377,20.74071400808327,50.02441558575474
255.37285878037918,222.00914335111986,21.813139010334865,49.48067712269925
257.9370203834708,220.38606027603095,22.612491528181195,49.38797322435411
260.5548354476494,219.98641279154825,23.001181906873533,48.97763126666855
262.39658830972405,220.5833750571629,23.173035737014995,48.26132483369821
265.11680411843355,220.44214187963172,22.283899400052547,48.15840692715241
266.9916833785234,220.507697340195,21.170168454412018,48.3990961008688
270.0842985564327,220.71011094434857,19.9120573536593,48.95107853249239
272.4442191012146,219.3471574678165,19.24428020605103,49.14507029772085
274.958934114969,219.03936626911346,19.11182045060652,49.320523206420305
277.5031272539163,218.30899610755867,19.318580638013337,50.22045075820955
279.5284713158179,217.228479470917,19.63636890504878,50.72517538052246
282.25621790114724,215.17028686448762,20.013121084274147,50.58724855495957
284.6025807937864,214.45354546263948,20.758899041213887,50.291096716054824
285.91954241588303,213.28241504495384,22.19806301244418,49.7057819631998
287.1103636249208,212.83798158215703,22.887667456780182,49.11938410111945
288.25122913709345,213.13075190870728,23.147730970932837,48.86943768486969
290.3974903096108,213.01791422783066,22.738474359616962,48.66919977233475
292.6917172377965,213.50531432424523,21.891470574580353,48.7126256069943
294.14945520696097,214.52090225231595,21.094523002340313,48.224574903440796
293.79256718508816,213.29503413546965,20.923967760132385,48.604570271426
296.40373874056405,213.09295269475325,20.302989261760008,48.906098596267285
297.2970381401314,212.8471651991008,20.10935940336018,49.470292198729126
297.3553032498338,210.79169223045724,20.307147006411665,49.78451500865111
297.0884303148633,210.8692494039234,20.993666971888075,49.83556938780546
297.12651700589663,210.95498254517264,21.91138006061597,49.757112346232276
296.3799063788589,210.14676314764515,22.712028184560705,49.343799840475484
296.35955764703317,209.48523943061446,23.184798883723936,48.63102583670114
296.5835665679786,210.0102445706232,23.30243967077365,47.71516846083654
296.17603109233136,210.6248062479031,22.510560458226934,48.13018821082993
295.0789819241655,210.6484046187515,21.858021307147148,48.928123104799084
294.17773402450206,210.40345545979,21.062680373609634,49.558370289303966
295.9344219834327,210.6396584958748,20.395727604857253,49.594390048929085
294.3532757094593,209.9069064869625,19.915309943911254,49.38823257059131
293.4827445635007,210.69615892354372,20.068039344364138,50.20540025716703
292.60498608281523,211.00762526781617,20.079035045473578,51.01464678119232
290.8478935585045,209.96108833415084,20.68147573793966,50.21323207544863
288.5687350911741,209.0355698259294,21.833366004433323,49.445925738620005
287.8398941819949,209.1196195058914,22.748234104472754,48.37583030258902
286.7924330267179,210.3827012000541,22.848737555544965,47.48286529473388
284.74050183261323,210.53527439027718,22.830034197446935,47.193698794754766
284.16392156860155,212.1848338729974,22.380449311690118,47.11711067114172
282.2340045957271,212.96399980126915,21.961520440056283,47.19619505815139
281.2684468348954,211.8501194435155,22.015679022022265,47.482542967147786
280.66960666154574,213.32761032090553,21.46140636293097,47.77371552068679
281.078228814081,212.2117371650375,21.019759594424233,48.77071513785803
280.4136190172903,211.15548110838807,21.363946987192477,48.84114017306237
280.41376340399734,209.3087504763031,21.686492198868553,48.77552961029754
280.5103046112232,209.3422826451158,22.20152440844027,48.50174801994082
281.6730522199648,208.49855585447932,22.993987498223312,47.87511683291848
283.5117163974817,208.98747441549278,23.26397316716114,48.06014379990371
284.4026219195672,207.52084399438496,23.096238498951372,47.48133708573809
287.66682455110043,207.87673270437276,22.64200287165766,47.18751709088003
289.8971315315359,209.53505103737598,21.55390077449526,47.125567018883004
292.3020513158925,208.5392621157015,20.455162976182883,47.89747337442373
294.21615206968977,208.82628662751765,19.345693110357864,48.20523513513132
296.7838995965408,207.26430096665038,19.07074798341359,48.35523699733217
299.3465560182037,207.37721719031728,19.07981786484976,49.42028844873342
301.20290137604536,206.29782822517762,19.088545053066596,50.184325916709554
302.27110083471314,205.11837434957627,19.428376757068936,50.264358555378685
302.89481109360156,204.1482952902667,20.057663912364912,50.26591315360446
303.4303007993197,203.97314689024893,21.381685673948034,49.26296481451801
305.6448759504638,203.83620203884132,22.093059282182242,48.34236134278029
306.548979074921,203.8962696734973,22.498786024295704,48.16653584452929
307.0435186200796,205.83541775339455,22.250959594729768,47.90203568044707
306.6333454990239,205.22510930416217,21.93709346215401,48.10141663607124
307.2479389243552,206.30292811815502,21.449980564643155,48.032710951978984
308.6988179829159,206.46303439350393,20.87536158669716,47.91775092947178
308.0917486216743,206.45390011450309,20.401698113631372,48.828849263283715
308.50444145324064,204.5720318213844,20.430065898031287,48.76072673773518
307.1023278158705,204.99389392147964,20.34237975877013,49.37089798718306
306.9719808072311,203.1099382549013,20.45848578242719,49.96050727070289
305.82414669312305,203.05700923819188,20.9389754971163,49.64302614582519
305.6962775534666,203.14908579377152,21.32934363694965,49.346548461566286
303.9965884578366,203.51693644132996,21.524301500069313,48.69749468442856
303.29463371074365,203.2050682476575,21.5837201085207,48.091605012241324
301.8767964630517,204.34192906630295,21.19112788790122,47.987113120815266
301.6304658290362,206.24299442936996,20.576860688181544,47.93657813023114
301.3966774312791,206.97129845992953,19.607607797530914,48.11366650599402
300.9334502006165,206.72366542429398,19.014333359854096,48.48275316525782
301.93650340840645,207.0152157799413,18.718512846297457,48.652403863970704
300.7789975365344,207.16339244788716,18.313014107253533,49.95822290280425
299.6483388905539,206.03960052759862,18.70664143205913,50.43657149004728
297.99282004219856,205.7998648164189,19.19287911427389,50.46495570580463
297.0252219179936,205.4551458459063,20.327948869706653,49.75264558564976
296.38629252414466,205.09893449498782,21.005873377485873,49.14896232568711
296.4974669279531,205.42813847601445,21.437696632742778,48.93181499948659
295.61222738915177,207.12223229904083,21.694805196429495,49.18670973372866
295.1933899075655,207.5532482779263,21.541317442259608,49.40511042938488
295.4870255587099,207.48152158598566,21.293373475328476,49.340714608725904
294.1962046538467,208.14806048841103,21.26457884554079,49.324849027881754
295.9813868637568,209.64012168886154,20.622970185913363,49.50593949662491
295.5468969741,208.73006655297607,20.35668342279233,49.41140469259784
296.49110963029466,209.1095030208471,20.17099687230483,50.07803560683902
296.3329473762011,208.12926885110159,20.129890952225402,50.66821509745304
296.2997476119279,207.54390411007182,20.360968503037242,50.86885699167921
296.60704937993967,207.82187076119035,21.311942712451334,50.87645926054046
297.8423662629675,207.1522961227168,22.2717488954313,50.5653628709837
298.84132951169283,207.06178254300087,22.587804407868397,50.289263323576925
299.62920288999396,208.42905311812063,22.331256974920336,49.901604993466805
299.2165618990259,208.78888481833636,22.414806836342475,49.93423321281303
301.546423370525,209.29873603165365,21.5042463288759,50.1631518923262
302.9195529935333,209.44512412414792,20.86495286311755,50.06722566444617
304.8072196032507,209.41894779361834,20.773444659704456,50.48897709822182
307.3350307664817,209.02159753468422,20.609350939657215,51.45360859569956
308.2504423121171,209.54664105428958,20.46105610575639,52.170134443871376
310.14278865540103,207.95520279149775,20.93772168029691,52.44937451391914
310.4611524726604,207.9286435589764,21.866944439454926,52.49205990487491
312.42526409449965,207.5772697384357,22.564435021002247,52.10810674887533
313.3649603504677,207.30074379099787,23.336938270556097,51.76999696352944
313.9542965132575,207.49547262045763,23.807648655433326,51.6759189432818
315.08143050316386,207.78300940732595,23.422282643622957,52.32986250802626
315.7262468539569,209.1013187029293,22.829371019002064,52.50020354587842
317.2536200622546,209.11169114463343,22.405811564534478,52.641350152691174
319.5139610297559,210.84287031783498,22.270993887344392,52.373707067747446
320.56701201053556,210.92963982506666,21.342631545993765,53.217059175148385
321.24464392354383,211.52249276960177,20.893620700209404,53.65713589506406
321.448884742713,210.3782577946853,20.947567631664825,54.8225336975276
322.200890652004,208.88277322193557,21.19782755876461,55.356874997262906
321.6988682863068,208.93810498031095,21.52054935791567,56.278883885755064
322.503031593562,207.81702953232377,22.30103170908819,56.046272580420236
322.6245237626911,209.6001461189452,23.080378966250848,56.05152421133083
324.3772817529213,208.53375782048164,23.470268039882804,54.76816120559681
325.88658079657483,210.7737413631309,22.841055414383,54.18573921955668
327.7399739013571,211.15418506154225,22.020309177123814,53.48327276769297
329.0773238316733,211.90893178349376,21.375634560250578,53.46719134161219
329.85552529530423,212.80731295821002,20.77515346173546,53.344520212081704
329.2039917844526,211.94917340982227,20.754880305902688,53.55498094185284
329.02498107767696,211.3281536455108,21.175388345661872,53.77337447342829
329.96693255995893,210.27301472537647,21.849490237207554,53.10985837792124
330.93717869980026,211.03607747121157,22.67238826018297,52.71282248013837
330.3658259641468,210.20168998387228,23.51886037549098,52.3542687251874
331.97539758712054,211.5900696631003,24.190329254940124,53.21726246998757
331.3220968933117,210.41021080775243,24.481560869646707,52.975619144382705
332.2424105141479,212.57787421695602,24.13510918129627,52.95157209968769
330.8764988817557,211.05027257441031,24.114146048146655,52.939041381712045
333.4700777826578,212.7973919718085,23.250461699864086,52.724411551835715
335.1171387902071,214.33145355866696,22.27751168374319,52.5818369315856
335.4593075563283,215.19009106384792,21.419234327396406,52.78175247298151
336.30188417455616,213.82003660939858,21.191860975279162,52.68519575153958
336.4768805955381,214.7429212916412,21.47347340083997,52.7491887695617
337.90703082490825,214.184746235671,22.120062046942813,52.81320910283081
338.42756906777464,212.5272064505415,22.397919286567124,53.28927724234944
339.40781509304526,212.5831626041849,22.61582250732716,53.558690150163926
339.27086271602224,213.33965646260106,22.8631207127957,54.04862258408846
340.4664555709342,213.0354832011716,23.4199182678948,53.61181787327428
342.39310729722183,213.23272946339245,23.794762798870536,52.83388193366764
344.2840784743233,214.67900743858988,23.23077126559051,52.63875754760382
345.36748940258985,215.951540772152,22.779511514236187,52.633946427049395
346.6648722432114,217.08655202078236,22.340854212357115,53.671252392389356
345.96215339648,217.36653115853028,22.215080648839024,53.87575307122778
347.90062793876007,217.70409291675483,21.882000105996458,55.14663370707666
348.8169110421123,215.9171655279394,21.82073504961395,55.22107618650499
348.8990625462359,216.9463177377757,21.731519409855046,56.25887972657971
348.31529981708377,214.05643467124358,21.96147566716673,56.390634652063405
348.5707121213161,215.0110729716482,23.149929413346815,55.43465739484013
347.6502289854148,215.21978556961335,24.37149446864246,54.53695838590059
348.63124798307126,217.52916878827747,25.163092833498027,53.367505112329624
348.08587769847037,218.12634855431799,25.047461141652438,53.261124777750766
348.55890615077135,218.91641316484404,24.558272557753995,53.10886976419529
348.4223340264127,219.52185024012306,23.860226175081635,52.97288098198441
349.4309299002667,220.25497163984608,23.175726096837806,52.524486316579186
349.07921605671345,221.17248114968368,22.212103183892374,52.835956917112725
350.27453878934955,220.3565753269261,21.870362375984072,52.938789380384534
350.5991254680352,221.49324319629028,21.05817301226228,52.99500414634063
350.40342143269453,220.6216490207384,20.627187248352723,53.02091628189115
350.21460111114425,220.48387782834536,20.809660931094673,52.69736993824931
349.85316502718416,219.0680642939832,21.489189763624758,52.38371664579806
350.5366994203074,219.66169490807096,21.948501349425612,52.52441972350027
350.54654523462915,220.41361478928576,22.232049900797783,52.19093242002452
350.3656684947345,221.13667039150306,21.857718204119145,52.1890204200348
350.5308967260432,222.00776490507633,21.31101349745456,52.514542746190244
350.40676963249996,222.71126422336147,20.670233830533313,52.96142356137169
351.3969186583324,223.6588054638628,20.64755043913141,54.02620903462318
351.398115022749,223.48065612082615,20.90048407076245,54.483070293175714
351.0276013303792,222.94676910747796,20.74879683586553,54.77339948039458
351.110455134149,223.75815712060043,20.49447524880748,55.60196007638781
350.412358241812,222.82980622076383,20.501052424861754,55.31504138503317
350.27931954405716,223.30121801232494,20.820196115011704,55.01227816711098
350.48393705554906,223.14792186685156,21.72397381118231,53.98924413626513
349.9263680865291,223.14376862351463,22.264989856769983,53.62791009378327
349.4606221395936,225.2835448670009,22.678094373378876,53.298907209319296
348.3053178675273,226.62590528405826,23.090595627243452,53.38590082413336
347.7873068019615,227.3563340538384,23.17370256672472,53.551664650120316
347.7075221473276,227.96611628349626,22.85236035288883,53.58807960955913
348.27329114915693,229.87259846734398,22.24060900513306,53.189705362179254
348.57442800010284,230.15844220982314,21.71682624595784,53.10762834060178
348.93697701636614,230.571697228726,21.07694833427844,53.58347728774325
349.40926034200317,230.61194818545326,20.889824455392876,54.00752207619682
349.57422885521834,230.26885072819178,20.634330523394805,54.523577335248966
350.4762765127147,230.07033956385322,20.53811582459013,55.216244513464886
350.0326390900346,229.11301381127305,20.918953368314657,55.02250640261266
350.6575717058079,230.13585763405948,21.921740305041922,54.78474290846036
351.1445779713242,230.23620137326736,22.5553899749371,53.62044722472616
352.6637142155859,232.12502975063805,23.139744983133006,52.56613741860842
352.54601828119087,233.21851187557638,23.073136776344377,51.9991396756898
354.5651139202833,234.9702166337761,22.93854070728124,52.160064933307716
355.57886750560385,235.29113424688495,22.39407494231799,52.139258130399284
355.978178206513,235.485624289025,22.083359549458514,52.62082599638698
356.18651403200886,236.2592286000522,21.60635060829897,52.8089204186517
357.2107106290804,236.29663875943623,21.445489648347802,53.82761525758325
357.7557886851923,237.30252299254227,21.591089456534192,53.97548662672885
358.26984575195223,237.15593575618362,22.440148746781393,53.930755007040844
358.8867076469606,238.4391292116348,23.432792668785552,53.62906016423847
358.7356871166497,238.7327473747018,24.08250368847561,52.87217785810397
359.2220875380957,239.9880649525613,25.039637108812933,53.09605646199799
360.10868846483015,240.15766395320225,25.402736295993467,52.83402403455149
360.30839467477745,241.64516241505544,25.327716463045327,52.10689135721351
360.4645047928331,242.34420906002583,24.86165193000185,51.5325021311651
360.7786810732679,243.644300283998,24.442197347199674,52.17992262282644
361.21192974745486,244.28902679310957,23.794436155646967,52.51071112739231
362.1309365279281,244.86959462832004,22.701385763798378,52.98091858326838
363.3912695453967,245.56492382765293,21.56034433404004,53.06518403370845
363.40158489685916,245.93383075990337,20.7273288468935,54.00540340189644
363.8337886115315,246.58022297770484,20.19349578101892,54.03656425018327
364.1320262795451,247.6044110974983,19.79001714062942,54.036633950614046
362.8564676940836,247.408992397211,19.93901229083092,53.873827766937254
361.54998588598625,249.06497057476653,20.921744526562932,52.89531362297733
360.0008402067083,249.85267930908168,21.996479891085087,52.995218090954374
359.1884537339656,250.74065895562123,23.12599492250406,52.97320176433645
357.1562883356669,251.64968254106137,24.086883765442508,53.189248688686305
355.72450277987394,252.18752817028098,24.809985087523383,53.304565402010695
354.343315545418,253.64096919658496,24.79058026718959,54.00890680864647
353.67552969592,253.5825200272575,24.594480799765684,54.05512440235542
353.6557582730918,253.88375925328072,24.217543253204386,53.25480375467889
354.56698770359986,255.45094989265397,23.530866753218948,53.08751498997049
354.13398539583227,257.08411748632676,22.840222518313066,53.1050123526737
354.2159106541385,257.2559659081204,22.228219817214278,53.02955965638711
354.5102211959778,258.4274713305107,21.825130752077925,53.0687740866463
354.1146728728811,260.4011967460327,21.481101761216863,53.279914049211854
353.16968890740196,259.50134180184915,21.793381951849224,53.007087707491635
351.7272146932095,260.3384647613375,22.086378771576378,53.05946985362425
351.31683822923816,261.7973292244999,22.795375784532883,53.07495702227021
350.99623954216463,262.57370414471706,23.66873447197532,52.789222519779884
351.63582751670987,263.0484668974845,24.45360609788183,52.41224397316831
351.0108982070482,264.02091772624794,24.836756140525793,51.70915919396026
351.52702984625995,264.5114746743565,25.267385156032425,51.274576736570566
351.25631942780984,266.0601749433503,24.97247182402171,51.211087665181495
351.20139096807793,266.70211001111784,24.772887296227488,51.225570009581105
350.8812678635363,266.89209585094073,24.428428355183286,50.98252191129713
349.8053560625524,266.57588792272395,24.63461258527925,51.37130139802543
350.4033053837166,266.8767050208711,23.86538136500705,51.65698497841116
350.8388088819656,267.74876141320436,23.3107826748693,51.926024077823584
349.57651767292555,267.4595257779036,23.250124728874646,52.6473718095734
349.87288580285247,267.09142754663304,22.785290187041266,53.20017832529618
348.87591864210356,268.1612827319854,22.661527508035576,53.8565983733689
347.8826382561811,267.87020874790176,22.846894208110662,54.125194736788416
347.48162812871385,268.5093072170775,23.838235891582578,53.49332410191899
346.31014986674114,269.0008706228746,24.852946060471282,52.65636312320204
345.2676781646554,270.4222986427057,25.652757533337734,52.323861125592984
344.2412604742011,270.40320059971344,26.019647045754283,52.467880340993005
345.1582657963236,270.28976973526693,26.32172453436762,52.19249604766158
345.24465021486026,271.3975758018538,25.929734358664522,52.291927125471176
345.4943994660088,270.9235722233615,25.23190183301096,52.59871639505423
346.02957384601683,271.6817603144561,24.306654173201302,53.319340678258044
346.5923024936103,271.1704643586829,23.87120539909438,53.98834552863762
347.2374947960997,270.853909291626,23.12016695262004,55.50904291203048
347.4973509277495,271.8870618191045,22.821060792859917,55.99778226968641
347.58042397910293,273.09927229880594,22.57793363739676,56.22840562752903
348.4373415648964,272.32671974850945,22.519860303769022,56.12101188683626
347.905647326403,273.0809436566461,22.403892920999397,56.07627974305586
347.57462476447427,272.93207689473275,22.7792044473399,56.415199037066515
348.03478728006263,273.8930888228788,23.82400414245863,55.85787490211079
347.55487492819617,274.5024255593336,24.756037703727834,54.77563792140589
347.29229436531983,275.3043934029599,25.005046218701764,54.22414788425396
347.0299958100579,275.9292938108482,24.866914185129154,54.33434541385238
346.3038124509231,275.95136032603835,25.05333475357279,54.826638629638275
345.9146218767914,276.61425848828736,24.812603076442592,54.94900486083486
347.1997200473584,277.7677378576235,24.80357731331142,54.31210163077614
347.03257392899127,277.7078825590183,23.84912974959252,55.22652322175334
347.02942199594554,277.69560372236407,23.338892671107708,55.55086853563341
347.1521430645283,279.33600316939743,22.534913885191948,56.04224090049304
347.13435242623353,277.1164533819917,21.703307125339588,57.158771581871996
347.1868696324343,278.2295499507565,21.353830041400624,56.96446883664578
346.4780610880779,277.4989761302603,21.145663805871894,55.838210319190935
346.19135715542956,277.2084267005686,20.48253993670196,56.52582173256415
346.296617024865,277.93161221136427,20.45412335487457,56.35354207392605
344.9553243837541,278.1921281510976,20.710857530452753,56.26215898124259
344.572892325032,277.87758303975374,21.115920891919252,56.51809968973201
344.90847980792796,278.26169051601863,21.536224989161436,56.87178243465094
344.1971064689296,276.40523861267127,21.270698475706155,56.64536186237848
345.25174387165197,277.77017693775247,20.83022688528817,56.0427530497404
345.110493733185,277.49117800833835,20.510169681886854,55.522538647368705
344.9819582601431,278.58228769222615,20.323408379521382,56.223055962485006
343.2976047343004,276.2137561498179,20.548318510430327,56.8355677510673
344.3070900226666,275.82976049442897,20.51603106396221,55.98172692950568
343.8317596612232,277.4863199613893,20.655818636023593,56.826450154856225
344.22885454210973,277.2004004531157,21.024700864263597,57.94193437451705
343.8461805404717,276.46595431722034,21.630949303583357,58.9537084331311
342.6382104956029,276.39433231283965,22.44210061310861,58.71440640445685
342.3976579852335,275.6591617810678,23.76031376907092,58.24016774750352
342.12194544884755,275.6119699530232,24.676797174524424,58.26877456374031
342.4189879892303,275.6279633036691,25.254203239846568,59.27334839787946
341.82596135358034,275.6347561836418,25.164878879959026,61.012817733606596
341.1061071574436,275.80979488977636,25.17706175190779,62.27858552473719
341.6729685966524,275.51739050137553,25.319310286148884,62.47812495768589
342.4226188476849,276.1421980475034,25.473840669971118,62.317625008252335
342.27302226972597,277.8770790072416,25.492813227906467,61.34181989305144
341.67903908886416,278.0000701520802,25.227113737083442,61.01075899885496
339.6479915841746,278.91402525467805,25.17821679165906,60.84495411554342
338.03465333634796,279.8914889496827,25.283797391545086,61.991765178445505
337.1763673586121,278.48597451167745,25.926080621163976,62.13881309361004
335.84289129788067,277.74987820412844,26.755411769039682,62.89594201756879
335.70495317733025,276.09009339928747,27.995813054104957,63.23765642171482
334.4274646689871,273.25886099200045,28.394638776082978,62.5357122664097
333.420390201116,273.8412873321457,28.966726525988413,61.8562400568719
333.47666351973,273.61393167925644,29.501047581230992,62.223545986514154
332.65061273805094,271.7211232060264,29.944384472309736,61.51374772225045
332.23914332153703,269.96172156278067,30.52779001507058,61.74046011595014
332.2193726642321,271.1499472999567,30.62858859146337,60.879914141056354
333.01231061756476,271.67892987127277,30.087022420096126,60.59261929318581
334.41974166139585,275.98486571986285,29.015691440336425,60.621674910764
335.76664254831843,274.47407693346514,27.801284102373877,59.90606247539596
336.5720970335196,275.79012778640083,26.837708396322437,59.22221022879124
337.0731666770056,276.4581314285315,26.14404379907245,59.152344597590805
337.110507683121,276.34601996693027,25.877506564854933,59.11211619585356
337.16768256555616,275.9751316275054,26.281620471192056,59.47998605369078
339.1009904052479,274.44174100590146,27.927662434173016,58.84110123168263
339.4947365309076,274.2484735413044,29.873613204627965,57.70102745535608
339.8611538532863,274.39580346540504,31.56900455398064,56.60485840562818
340.3500983001984,276.0127413937787,32.196867770637745,55.947903058219296
339.2642406153964,275.8753316537032,32.778650936948964,54.94277883376513
338.370427753126,277.5747882223123,32.498808256719734,53.710184589979534
336.7383466399683,279.2078423827578,31.724329507083,53.16395828050207
337.5707349843752,278.9439435535852,30.644507676095454,53.75265319230107
337.62333614677055,278.40615278797833,29.687542222070416,54.19766031832149
337.52705084003577,278.92635945058646,28.379550286902546,54.97794990352848
337.86985297444363,277.11380548605416,26.924898638593216,56.79973098742401
337.4426864832659,274.5811518325243,26.320010138671737,57.352688688923465
337.9547790717124,273.65651659031533,25.383693853435105,57.882908384461984
339.9311427890768,271.04871872651233,23.8663461622824,58.72847323209358
340.7439769244836,268.61161032006237,22.816978214478297,58.79539758359823
339.6649880543073,268.12756851517776,22.38937179116514,58.44160645562795
339.3594469623906,268.83704661411974,22.201362218654626,58.3865491310731
337.9496906386389,268.45645338704935,22.07170284619957,58.37885998630641
337.76019942643893,269.0949288065156,22.0977495987931,58.49536000358272
337.31871206914536,269.8122222147307,22.3063089634199,58.15831368493235
336.6064389851975,269.9613346882104,22.434855723547496,58.597274335392754
335.3911806685346,270.33640725699695,22.86965173194946,59.43139812539383
334.39966821936054,269.94438073446435,23.37155652073958,59.78401108528638
333.86649288051325,270.2633519946553,24.077637860541607,60.113055936349184
333.48085686099523,270.0000227723102,24.725655794128905,60.955466023028016
333.9965516381965,268.9958477802888,25.808840195262285,61.111468990736405
335.0690617722844,267.06861555248133,26.646292585243835,61.69256151146051
338.0120390850796,267.41670379777986,26.917251716977592,61.98787550414754
342.11744927152256,264.4973906703422,26.893517449438434,62.35228958937555
289.59390736998625,275.1892615815212,28.637729548409453,60.112047141407274
293.061330475261,275.236663499676,29.878675078277382,58.308867731939344
297.4217153808855,278.0353085468505,30.939348862914695,56.97104237834361
304.62523559733546,278.36717927632094,32.981979221640685,54.48638426672318
307.0225910839125,277.34084677359067,34.03800438969147,52.83586013758605
308.31903370988624,277.5381152078272,34.95501636979962,51.6717046387036
315.15428331691714,277.58922644228494,35.72489153012752,50.58780666415004
320.23003959230994,277.2005809746745,36.04809802688832,50.02944322143368
326.0225913741572,276.94246131158286,36.34714019988817,49.46577262692452
331.0956822670534,276.56334059093876,36.562372369784164,48.97416176852244
336.44133519634755,276.1031442656834,36.626653135341414,48.23893300961697
343.98867753579634,276.203294106236,36.756633144554094,47.99094448296676
350.1622747022701,274.83262763541006,36.724943839377644,47.56412938384713
356.76534083023944,274.5850257833298,36.92986524097073,47.20672071179457
363.21403984272365,275.1828019330297,37.01327165936168,47.08664541644598
368.9050441344517,274.5322706466162,36.88783770664284,46.76267210727683
377.4451860611099,276.7674734753916,36.85564955645151,46.914427361285995
384.0785473799708,274.7919249560269,36.69848883889566,46.74887572600421
389.6756221245433,273.33861032332214,36.540333879474844,46.53263549983659
395.39566472644094,273.6044654226355,36.347549777364094,46.3672715412535
399.11793671916206,275.36518704146556,36.37815208556198,46.795164355534354
406.0775376547148,273.4836280262253,36.39563577659037,46.59542609329025
409.67697930978085,274.30593849400327,36.31979028155212,46.80138942630427
412.85781135935076,273.0581963347737,36.44292747483176,46.73074549082657
416.1840078707564,274.8415164766039,36.395741895257906,46.84807780428841
418.8982081440799,273.62790776928836,36.32938091465086,46.852329930757236
423.5806782467713,274.2351029621188,36.026967412148934,46.79817411559959
424.5271282168238,273.94172995766945,35.833433087888594,46.779472712961166
425.73586256417803,274.4823650707659,35.85461667017294,46.85788750244662
427.33573387851897,276.11416919310193,35.71528835576108,46.89386722278616
427.23591254259895,275.7837582272583,35.58695894331737,46.8074085567866
428.38838160108713,275.6121558170001,35.7171666812909,46.611391375273634
428.42543393046714,275.9614196379274,35.508769256079084,46.798297884114845
426.8420530246728,277.6400741048891,35.588153519449946,47.115015677867916
425.5961165328924,277.786919299488,35.719032640858686,47.49143968667278
425.9293746703425,277.59452715006864,35.619044090224534,47.608583931285494
423.08337628055006,279.76507782046474,35.72239636526223,47.56625301819713
421.98972678277823,278.7822834584318,35.43279025330779,47.63492201493765
419.6095286723082,280.34478014175005,35.39480657617651,47.98593777877896
417.99811778057324,281.9888171048434,35.39997460827313,48.28516772946911
417.09907560195904,280.91559966219734,35.27339959412552,48.110410111785804
414.5825188568986,282.3408560419675,35.43095995314288,48.21546208956535
412.6286292297915,283.1935461665454,35.50907759961482,48.280165625466694
410.7735789532922,284.15401566734545,35.59280438476057,48.53232375750304
409.32987598718904,285.49658463603157,35.71288014728919,48.70759579518269
407.25198700628056,284.6821018183288,35.78800253430761,48.88046871532478
405.16773898236073,286.75372585016123,35.76927610137329,49.09955490306374
405.2058312938621,287.25542052656334,35.665018672295304,49.157704604176494
401.98345321153164,288.1577522365365,35.59696603721264,49.31084896354227
400.9862978234069,287.99578407583743,35.45139114947587,49.201740314904896
399.1973197959961,290.0669564870266,35.53900101098381,49.16310662076151
396.74868049763194,291.0832247738269,35.51552422135962,49.33908235337419
395.33963205925187,290.58044326688747,35.48762710245326,49.14344321309356
392.86733996028823,291.416728479754,35.47826184893402,49.191184786681404
391.2366610556852,292.97407812659594,35.61589853539846,49.16653356771985
388.4682910373938,293.51178497474325,35.61334194493661,49.212999091434064
386.95664402215044,292.8361854680655,35.514311985555054,49.129815546920646
384.65566933340176,295.55109402796603,35.546654582046585,48.973612356868074
383.49385995652375,295.4572966362101,35.41706369720706,48.814838618927936
381.19949674349084,296.9543493273586,35.423908123303356,48.80344335969309
379.96259191720895,299.9685544569141,35.27576428847093,48.71496210906602
375.9970850930623,298.32972086096316,35.031422025509244,48.2968921774785
375.4862137158979,302.2757504525681,34.94336718290662,48.10034671954942
374.4076155494804,301.5507107223787,35.04322074802625,47.678361947101926
371.0913160215603,300.3863387844243,34.9470547930326,47.523062940091464
368.39611048103916,303.0131421453432,35.006769768117906,47.328083346854775
366.27969487764915,302.63473085896646,35.01951630769214,47.02327662425907
364.1728869290475,305.5304021017759,34.96771605957077,47.11914260040171
362.053192067483,305.04436192193987,34.84724726982134,46.953138310034035
