490.5,235.5,34,85
489.9288970095562,235.95525759578237,33.66838145004772,85.60897028206807
490.1894577912793,236.30281116449723,33.43126824055003,86.87077935767394
489.6945702760455,236.45004849149683,33.43012260813775,87.47348389001891
488.89292033587367,236.57158971225294,33.27964128902617,88.43420260359702
487.2806497636709,236.04806699489944,33.120533561056156,89.4822913646418
487.3455589733717,237.43240701668236,32.94569451665933,90.14532514057977
486.25966943446855,237.1640618064525,32.80353640727087,91.29195722239734
485.0650666900985,237.77469925972684,32.88107469210779,91.75777342798551
484.1284348233602,239.3497080119134,33.09808389563139,91.80388643775727
482.6338212634757,239.9727709005058,33.344460234913264,92.28090316526462
481.79873957059215,240.6466285467426,33.87963626640183,91.99457421960804
479.85143250599924,240.860848545742,33.941429026416465,91.86962843662084
478.412293047494,242.22750225562217,33.86223585747411,91.50958437593029
477.20276982032266,244.1967885969433,33.491765386005156,90.74972620706669
476.27561292902953,244.79300490969652,33.22667079952704,90.02225233872237
475.09126661325956,246.0859211164681,32.926636986822565,89.62808080622167
473.3663464788752,246.5871284147118,32.7867705962743,89.48031664756616
472.4613181659809,246.85629983300797,32.816163493348874,88.77339251894064
471.0775768366934,247.26949158272805,32.98943528881043,88.35721807921573
469.11906822649394,247.73798691570465,33.10601744298632,87.7484670925991
466.76271810343366,246.71328651123534,33.06831619221967,87.55714429161338
465.87893360616135,246.70623602911311,33.03157093104977,87.05055856981886
464.14951128774334,245.61952980897811,33.080134148131805,86.95560109698766
462.5483002455862,245.4403380048235,33.27958911322928,86.49470235237254
460.485469588895,244.9754488941892,33.12666308530301,86.43210955093984
457.75380130750307,245.50010309386607,32.46522757624849,86.29473183186107
455.9302342401605,245.55208766688366,32.57171134319687,86.54061486034641
453.32361715152206,245.7501774389352,32.29646733672731,86.62601795784491
450.57681071470296,244.8848592587996,32.48870720545223,85.5684131701211
447.16029624222847,244.36396952972484,33.3799222046309,85.01994320905831
443.09418982572515,244.6058143503583,34.288663396097064,84.27339747176208
440.4137966451018,244.25974396356546,34.357514790302744,83.69670436969166
438.7875612608053,244.18982989202533,34.106005875973366,83.62572374390348
437.1989456846033,244.0352069889483,34.107407140987235,83.59815008012878
434.51796267036235,244.73403312192255,33.92755502753191,84.40981788253967
433.3021777861361,244.90392920295284,33.694187776636184,84.87633428800302
430.6703519786022,243.39964421398335,33.66080322074463,85.35635650211754
428.38273009264486,241.98521648357337,33.37886925828424,86.1802147095195
427.15823677816525,242.34094538127687,33.108595909902746,86.05078560111278
423.33586578723026,240.5998527220878,32.97918608970973,86.78030134666072
419.84390175574146,238.71864133548235,32.329871068733446,87.54587529823166
419.15822478403044,239.62982329127013,32.15225693544965,87.91854875161579
416.574935896825,237.90574814789167,31.635095524527202,88.80454331480091
413.77608024604444,239.05281554925878,31.49464049384352,89.95840107531438
411.6463037576149,238.34798214935097,31.35771481774855,90.97944273017154
409.5039568818936,238.97547506661533,31.38637467179118,91.81409417515329
406.73814212040355,238.97038035564736,31.577666441475387,91.77677350214856
402.86995813656733,239.1436556283474,32.02721161327983,91.06819021544027
399.12005479492575,239.51841282538953,32.878263223015665,89.32406032615106
395.1771021255677,240.42025941378796,33.39792710665361,87.96841156864284
393.5430634050442,241.50547778218407,33.925006517991726,86.86094392040505
389.81448605691867,242.32878632100017,33.63650710810265,85.89784698103657
387.3868201242727,243.23504901662812,33.05269674622185,85.13816754467567
385.44474108481364,244.13571934648172,32.46160076630205,84.79259237073202
383.0578272137271,243.73461565475256,31.827344592764696,84.35982644276608
381.73004118750833,244.70127103915894,31.360100559386805,83.72129723961949
379.1507969202969,243.40960952285522,30.603369310026686,84.06515694291176
375.4066166326712,243.2016902350702,30.552090412316577,84.05420438698538
374.12309014556143,243.9191184411039,30.79622234886226,83.38632993426093
372.18814028819946,242.66254335864582,31.28994189161957,83.36407207915755
369.5260831571732,242.65550826707067,32.29541258372584,83.18193670591518
366.7460631154615,241.75581713041822,32.4458919867599,83.72892418380232
364.4430907515895,242.43492159531934,32.889813647029406,84.0894507104667
360.32358497678683,241.7765637356368,33.08613968790683,84.02899610550624
356.5642941867271,242.03002059200978,32.624205311147534,84.18468404252148
353.3165010846715,242.06363139421333,32.92045880117802,83.32200275040458
349.9024368012682,242.29086396105822,33.87816357419183,82.51115494869646
346.32687187622025,241.65668908241767,35.04121769110287,81.73171847016823
344.25946783633736,242.16725788306744,35.10526027556836,82.11233095660674
341.37400199876356,242.18824388075026,34.9460972317829,82.0911758424507
338.63072820294263,242.25536700408608,34.46396539532416,82.2411172106968
336.87006629702927,242.2915199964873,34.13914071624518,82.20723774805994
335.9620892954098,243.33748109164395,34.49854388292104,81.99568069103212
334.1796773553454,244.32011964481057,34.55560509253279,81.62113305972025
329.50125413640376,242.60002622149102,34.60465219112166,81.74848206723276
326.8321427629897,242.87397948361755,34.620091467795994,81.52214331679868
324.4010622312128,241.1607524758735,34.36787169486297,81.30300774221413
320.76234843976357,241.3707674531043,34.18912061260025,81.53466940333406
318.99221556921043,241.86154790273693,34.10525634310167,81.80244105125661
316.7561427074787,243.50239915144675,33.65125222144178,83.08009572012726
315.42279831131975,242.97989057358453,33.142187181896404,84.49684221998127
313.12452477293505,244.59406757542536,33.11927796746706,85.98457841863112
310.61289431294796,243.93690260636657,32.51723037379983,88.59968412312139
307.22016987145935,243.98807368262243,33.024882988313955,90.06978271405606
302.5845433320334,241.94441347698705,34.26214997555206,90.67816311525596
299.1161748816282,242.32523401110095,35.694084172505136,90.26013224433387
297.10396207724926,243.66128206615738,36.8202386974311,89.8842654967088
294.1700475011424,244.6967675055035,37.44829600668837,89.63532206285609
291.6528048821445,245.2402616175364,37.531651331354006,89.21392543634732
289.87634761367536,246.1405121364518,37.45683835974735,88.81712105474361
286.64275102135025,247.4968622562625,37.47276954717473,88.24068442405475
283.1657478723867,246.25327705151994,37.01118746619555,88.31144271844276
281.04933155336505,247.03777770729073,37.09104168398133,88.36151742046628
276.6190821420565,246.40564988128614,36.77877954315841,88.39710211777114
273.33252308781243,245.19514948282523,36.96227639386464,88.52471693217956
272.4689988403287,247.12717656820092,38.15814051354599,87.44645964215023
267.74867577868076,245.642061908445,39.12138967181501,87.69903807131172
266.7824739373415,246.61735469200747,39.97204439209116,87.66236015131966
264.8332151474547,247.07654617837701,41.096844330034244,87.52006267452936
259.80675176271524,246.98194429954395,40.8075507931168,87.3469449957903
258.5090244608276,248.5999804664459,40.47929362015866,86.42136303178316
257.4637527616349,249.25215408003677,39.935807868534894,85.62871941502164
254.59925893044894,248.07695376012444,39.10516132222762,85.05590848029186
253.59936212174688,247.96571252057697,39.07258174970556,84.25019235957143
255.12080069621422,246.449143242028,38.68391349931521,83.51883888175729
259.457998601704,245.53939262634196,38.8087177463191,83.29957158323737
263.85223269193585,244.65793489541267,38.90787239910731,82.73811999873976
268.3618164520592,242.4625722152702,38.656253439956764,82.26124014967411
273.15340645534224,239.40059192726946,38.13510327195271,82.26208566296195
276.6458490112268,234.06000812932444,37.14039483788744,82.90110466876412
284.3636774330546,229.922243771631,36.27067789749119,83.52079680196715
292.22258038163784,225.76949843514504,35.41437655507323,83.83359214336558
299.52154522842744,221.36181905174146,34.129739364850884,83.97265372236757
307.7433306908887,218.05723395076626,32.882826574388844,84.55897198034826
316.4522159432094,212.846681536379,32.023182519332394,84.10014822025558
330.960375489358,215.62419330009038,31.771883797518605,85.86223618498983
339.9647957435275,211.39644050322576,31.019451980585984,88.01419153534135
350.5777361806789,207.36319604750395,30.67780267366586,90.20350940720365
358.8607657387321,203.65743002322523,30.843448269473605,91.41493388129824
366.7062732821739,200.9989234012712,31.84779718100294,91.43169134975463
374.848241942695,196.8756556934954,32.66139213229978,91.0362971388414
384.35510076849926,195.15636291325973,33.621520916238126,89.49591932422118
391.7802137401981,194.41201335540424,34.673275372925765,87.45664240386037
401.24680422778437,192.3452434681097,34.876891349047206,86.37232720179546
410.9995228875551,189.37297524489668,34.42044618648817,86.22494374923463
421.37188141792024,189.5329742720968,34.4192059934337,85.78954620751776
429.9480143625841,186.70568004404373,34.366192804911684,85.45230908302702
433.57063934629247,184.3037876513803,34.15090203930765,84.61539400491999
442.2037981963991,180.16041097675037,33.11204901499777,85.46134668737079
448.4339231980917,178.60767560833548,32.848190117264345,85.8878265832887
453.8127725309182,175.8286169936348,33.13374058186033,86.47131202634363
456.035034460304,174.95500456426265,33.72945796454388,87.40063187629502
457.23486157722584,172.3195703976529,33.462302710268645,88.52974081391517
464.17994145541746,172.43838876745411,34.62638985635124,88.49516060347705
465.0732142608529,170.61239094186493,34.872529286907884,89.21888114631804
465.56248432065104,168.79471038039475,34.76776709327988,89.39551753209103
466.6290252449898,166.35884255033505,35.11278792862335,88.82700899436495
466.8773518874411,166.36949099870162,36.57329010980053,87.25066542004241
467.3521009765378,165.69436234346034,38.1867215618865,85.69605794246957
467.87804014264117,165.46034111982945,38.40702664795379,85.11217377687734
468.92966542823194,165.12052664887938,38.29048984382394,85.28117795242773
467.26883191833167,159.6839860788499,37.34931134741963,85.44379747597054
467.9514475714189,157.1371657293743,36.119358161882104,86.74291255160023
468.96154103622615,154.37307910755328,34.8907871952498,88.61995297320553
468.9354376331789,151.17981912435857,33.764285090402254,90.47749554549094
468.889931434475,150.4243749045225,32.73070625646386,91.52929950416217
468.2436027523983,149.92236776801562,31.40633800683242,92.01159420224764
467.9999983499737,150.35223772535664,30.704336039167416,93.4658656229385
466.96906320497425,148.41904684337976,30.549013679324993,94.90647424312394
466.6903420189502,147.82639219355576,30.8738791297908,95.23246302141729
464.7721425431731,147.35015431296392,31.125997113632586,94.97429561033687
463.76144572579983,149.2838137088873,31.951698686001194,93.31777031366836
462.17295920435026,150.7381069484787,33.4740094774279,91.28278747647238
460.306180598369,152.27147165921886,35.439361165899506,88.66631055814872
458.6835259251401,152.58544417221432,37.1826885387093,86.5112476837615
457.5468653677848,152.23617291896824,37.61179282984201,85.84036787370249
455.9866331505554,151.25189673855192,36.947379010364,85.83335158238205
454.96655645021156,150.56331326569756,35.772095952464035,86.55181925402772
453.2444198065853,147.77444097824127,34.47001370611667,87.76160480641826
451.7410264722677,147.76738646136545,33.78701608634552,88.34900323454858
449.9347875841175,147.85605478035677,33.79373424197948,88.87992200676035
449.16212342690983,146.9405234831059,35.199552431473016,89.24977554250049
448.9682192838146,144.62070655602867,36.218687989124874,89.88668379545871
449.2824834237555,144.46804694591492,36.96256678798611,90.29964881788601
448.71550646750984,144.33488932683946,37.59049973728541,90.43298418619437
448.0762732112764,144.16207870351388,37.98656502180133,90.50557580742975
447.86077366537205,144.23605451259908,38.40187194476319,90.8102470201271
447.1054482504887,144.89214185847428,38.34068809111175,90.73024171810148
446.35730948424475,145.03160088879991,38.941389563781236,90.24239103418302
446.1382291964909,144.5835611977603,39.70249787984379,89.39021683235416
446.0406489986599,146.03841769380955,40.155571775576426,89.09267072181696
444.1085155854855,147.28725605654017,40.9712453192255,88.28928976032512
442.71465489958257,148.36636540125002,41.551274783148756,87.92315588402342
442.09947960776447,148.16509015323714,41.963153279401645,87.90773330871244
437.2740337150312,144.31866378625492,40.40410987657479,88.47558222797959
436.5023202301815,141.82183243423026,39.27146138774755,88.50130460152351
431.0731486624969,141.58023506038842,37.817474277144996,88.46366281709126
431.0126869000759,140.25134718720403,36.52937833177222,89.61036676227448
429.41240747801777,139.09569205028433,35.2380233804173,89.3205327223016
427.6576796446575,139.21526699485148,33.87342318471109,89.91468992058873
427.4493686981817,144.42825773267063,34.361660788517256,91.11067003857836
423.4815885408863,143.9760469012205,33.367285647785664,92.83586053463898
420.2920826040455,143.79292633485983,32.94622008311286,94.32669742865951
420.7950022342104,144.4553427005145,32.25719241416978,95.52923395813806
417.45368861868184,144.62304792967387,32.72506220275259,95.27754930241974
413.340036347926,146.33760980362686,32.747523223146075,95.02316682267173
408.82766864491913,148.19593137668903,33.23224817688932,94.10940110269485
409.1535878215355,149.37429886516634,34.69919663548524,92.86007143064896
404.4789089704538,151.6163550100781,35.676063454775104,91.68757937626853
404.15410779787214,152.6488036466973,36.145882872902064,90.0894455994291
403.0544496787662,153.3586543029034,36.04308438600111,89.84708086061768
399.2104286354192,155.92497129615765,38.02215115760107,88.83149942919337
402.1401300409611,157.6613969085758,40.33662606258176,87.52047696068952
398.5451325258542,158.30583946692977,41.60450862789068,86.89857211055259
399.2001294017327,154.04362779942394,40.35113588002981,86.82987773163603
400.7001980643114,152.8308329720266,39.15752986495381,87.25003740329169
401.618035344468,154.97855400358713,37.726650861901156,86.63010336247895
401.6466569091394,152.3570070480985,36.889541513991546,84.6354400674931
401.5144298439273,157.61778709841292,35.599813353384754,84.47886161817041
403.02330899739115,159.53824754362762,34.60222239722616,84.9674294820135
404.46981849867626,157.78210464634236,34.01547590136973,83.64621918283397
406.0970316633084,160.065947700565,34.93372756587981,81.6784798116781
407.2219462795376,161.85392425952736,34.820052985063434,80.8376901439945
408.03911262239274,162.92549043045636,36.49479160176705,79.25128348296457
409.9097259525225,164.78553230086212,36.56928335390687,78.8343654163627
412.0466560332935,167.4313807887422,36.371456784588915,79.69723377492262
413.8796489638755,168.53391812176432,36.33826244258987,80.77691982245565
415.85811346417563,167.87876552632414,36.03932246710568,82.0207547702992
421.75397623487635,168.965316093362,35.812138742415655,82.10205841947244
422.04809521119705,168.15750102702467,35.49044835046601,82.44420158029193
427.28220413983024,171.5405636898423,36.102277146947216,81.79027270012175
426.40112173312383,167.51186963458645,36.05306443503048,82.08173158852652
428.22642804128037,166.66074908703604,34.961752002967266,82.64176291533201
430.58965457321744,168.19565529752626,34.27879840885022,84.26620632320903
433.32122894496706,169.03814915077146,33.90165296887876,85.26317991470748
435.3704882687225,168.14568014263398,33.17889845291394,86.40614246854581
437.4958015242283,168.71505620600607,33.09504049277522,86.7970938396883
438.4049755932863,169.7059820493586,33.39105602500835,86.8153415735307
435.38846828085764,169.4345324031748,33.65812378478381,86.55287750883116
429.0132023403893,170.4333311122551,34.08374836286409,86.17431485782144
430.7669937178404,172.10312923772472,34.55897419789715,85.84101476471918
432.46709926608344,171.95304989160866,35.126026561570384,85.33836088065729
431.94613366969503,174.84488098181964,37.112650783274056,83.57468771390722
432.6958967082792,176.5471618524464,38.28220138724283,82.48637796583303
431.9059638976768,177.58158516654908,38.573187494707014,82.2464368008464
421.9521563260953,181.0442187935605,39.66453562432023,82.1894933497715
429.98362747233443,183.97557391698433,40.065950707940615,82.27862064259674
430.744405894212,185.27660569075329,40.46636196664069,82.79527357340659
428.75264106840683,184.4771469411466,40.85433369016563,84.35438675183751
420.9183625389815,185.9415080083308,40.48601597789806,86.23074264710169
416.0977749266708,184.73266920045688,40.18138851392091,88.35592709831016
411.1321755284908,183.96430169864237,40.72602210184586,88.46293633575726
409.67830900152575,184.40677405079404,41.742821522925254,88.15703603309959
406.59415397759034,188.0559820960454,42.146544645289545,88.75347782605023
406.6084093060455,190.21785593011282,41.883968992136666,89.74578021055821
401.90499337557395,188.6440162032232,42.10756568462274,90.51143537615997
402.5094591864582,190.2014087131576,42.35343466862818,90.81799201392968
400.4872852677176,190.97810963233601,42.41108364021891,91.99182644647742
398.5985061572248,192.74177986945136,42.21615846467437,93.12503799708804
395.8907212788689,192.00916250592286,42.34666304728329,93.1930409068996
391.0225599242138,190.89721977386048,42.88730895300465,92.74049638407057
389.973961296477,193.16577982390814,42.940855581342056,93.24503993067327
387.045679492754,193.14837956015793,42.783358691504084,93.29066697227618
385.1492279124246,194.1351401448393,42.27216658391345,93.6098494314535
383.70101985025553,193.65737478756117,41.52814224423174,93.76861773918375
382.7217446978788,193.75558851642083,40.60905110954733,94.1311156121033
382.62717756220934,196.68879907255095,40.00110492367566,95.83892612444636
382.66949757190025,197.7435810309782,39.734570408210594,96.64065642946993
381.91304712061014,195.69093622705213,39.52551636904125,96.59252225115868
381.8665130590226,194.6743141058484,39.32053921462075,96.3142270820214
382.4836450172229,198.74353209365816,39.15986319265997,96.53241761702196
382.9916829434712,198.04407532360236,39.0858548440925,96.48551893179177
384.3071851822172,200.52434276849655,39.02312963295791,96.5601116817739
385.4207335049629,201.83830757247281,38.96470888697207,96.62740087531976
386.5791529550762,201.58578245891437,38.905242604467055,96.68009705871454
387.2414950497249,198.9303388289608,38.69703304361812,96.8557628372984
387.82528461958384,197.1762762772729,38.73954609082809,96.42123952987706
388.5496833269547,197.67991680693353,39.167014559532,95.88715637776522
395.2343697745681,196.64159423957648,39.50742235735948,95.27902449107125
394.43206163914095,199.84212443941402,40.15184624587816,94.85944850454314
402.9659843869697,197.52116911909286,40.16940991464929,94.86420790388297
410.6394952942435,200.55574033303816,40.42861883588063,95.09333903937741
412.35982810592634,197.7393417249358,40.60946586395837,94.87075858147931
414.0141287345587,203.42957849757732,40.83226600249133,94.70339309894038
422.5186408936817,201.00301864249343,41.074256393717974,94.97024724514338
423.1062331463893,197.97817698979992,40.966127709721626,94.81911916442196
424.0569038722655,196.1151556603535,40.95889097713119,94.65303907780087
432.30855531431024,199.1673563928477,40.881037464379524,94.72893355702635
433.3225754220896,200.03612577023566,40.78494960611304,94.74868921867807
435.20778438550263,199.16862290671915,40.678827352657294,94.73143557204621
436.50972156147276,197.83201912607348,40.55793158309923,94.61495788400893
437.9025819619235,197.42758192511002,40.37491053882019,94.41278301530598
445.1565144458654,202.05345683027264,40.604678322401085,94.79465251345246
446.06737292577964,198.70931375982164,40.2321820199213,95.1478790115627
447.02865167696206,199.14709712667306,40.50804528057217,94.88854598433414
446.73810747941553,197.47239711738857,40.25408356961672,94.8243550948526
448.3558988872873,199.27653278954926,40.03173584603622,94.52980707626055
448.7329294633745,197.3212856067724,39.452475551763456,94.31095936265174
449.39391811812885,199.4995260162013,39.530646514769096,93.94597153047302
451.0112688037693,197.09449626066964,38.622131800440016,94.14247274914736
452.77971293045584,197.0184774728747,37.66074212799964,94.47983578338308
453.95475312838784,197.05540839845898,36.87085026401117,94.09030454463556
455.07806575213766,198.03323268676783,36.25472449866639,93.87929822570828
455.7502583641309,198.96228803316077,35.79973892239259,93.63156901695406
456.1626423575036,199.56302860463526,35.375346838299905,93.45968551404263
457.1221776133112,199.59735871907995,35.488545089273345,92.21692464771735
457.99224240989525,199.85858100010594,35.438729908222136,91.2437373045031
458.2697514346564,203.721487634714,35.05060532600696,91.6824013836146
459.06296630412754,204.42510819822556,35.04038751638595,91.38009745236938
459.32431336761573,204.48582736134685,35.00104736184461,90.83933553274873
460.7845274792399,204.96911270910584,34.72451595675723,90.68863464542778
462.3211401970317,205.3052219204421,34.339486941843184,91.59548738688642
463.97346251471225,204.82064781780235,34.56953817020583,92.70135142153836
465.74343516290656,205.4125054119241,34.7385100147779,93.29639881225913
467.24770698759875,206.74017502702952,35.176161490973456,94.6597139285143
469.49929457188006,205.83161769014956,36.139557176597805,95.27518632741766
470.69027159833627,207.50341947092102,36.36093087484509,95.91658075362194
472.93692544564624,205.76541063004328,36.98843988783614,96.43467454621722
475.7793116345993,205.65610251275496,37.51575371064412,96.70104503498601
478.4400084625161,204.8031531841122,37.844461716492646,96.72604180723889
481.35789647427515,204.83354525414808,38.420581921764935,96.86424515114538
484.23157511794426,205.0013043742005,38.475251383083894,97.56231567809226
487.48490949421296,204.25681022014248,38.81534051934051,98.71502209057078
490.2582733788562,203.1857986742122,38.75229252147727,99.5391486971026
492.93928918378606,203.34255168759594,38.654810166988696,100.38902031296671
495.71668859403286,200.77642106088848,38.58870076910246,101.7934788129331
498.2332671898312,201.67048967985687,38.6680504439609,101.65524344190916
500.6500551026919,199.71006615792058,39.04784064988625,100.7934166500274
502.93141313069646,198.723071955691,38.967883592747995,99.38555958024337
503.84795761848295,198.2918742867298,38.8069923167218,99.1945518982607
506.14268832909437,197.61476831448897,38.19376962306853,97.51764735714667
508.2743672803794,196.87214283895293,38.40069570563637,97.19614383834724
509.74903246826557,197.3105100342333,38.43486843312034,96.99214084732264
511.7260062168523,198.45631394855621,37.937789822894445,97.39455567416385
512.8888998326307,200.58907664527703,37.73098562165681,97.49609952510694
513.6705869214392,201.41942420240107,37.30974420313412,97.07489444305492
514.3881454968774,202.5664912557703,37.23615449518985,96.29249601403555
514.7474214173267,203.1579082369496,37.26647332508678,96.37174319791725
514.9862655507542,202.89817781054853,37.58471401330986,96.25635950916964
514.860144708186,202.38690983701414,37.69398327381994,96.01250489418095
514.9139523065923,201.38285668977238,37.89594163796053,94.92803468491081
513.7617393236725,200.21747750789484,37.467674646875615,93.30807083110605
514.0555942821868,200.90665510276372,37.43745406538382,92.7838680823931
513.3344720284306,201.02054957172479,37.68502968385056,92.54693282383738
512.2772630797305,202.1310449402766,37.939940854985885,92.2786075349225
511.93104443891514,202.94224879623954,38.49703746090491,92.46234870967729
511.00592712235175,203.49320545373584,38.83734613253732,92.77024879876791
510.40369409871033,204.35386089409417,39.23748993708332,93.06878793369151
508.3281785652292,206.85112878942866,40.274666595781326,93.35894776832771
508.42141756862037,207.7569545384314,41.212201536081594,94.3057718123907
505.8811038377807,210.14474045558364,42.16140314021701,95.03504798147367
506.69554309833336,208.4457339724368,43.386288914689686,97.00364441048251
502.9914784554661,209.80582737385805,43.7200254048614,98.27249297560567
503.3363353406393,209.22702901801026,44.98063819644282,98.82362196345485
498.8434442518807,206.82049417295667,44.169812402768564,100.4150064824347
499.6564065527678,209.1751450575665,44.81243819696002,100.53784563576139
494.813341840946,204.77852258501247,44.30338005193908,100.83947910015658
496.846504929883,205.3527919208061,44.50859976105844,100.47131161768675
491.42964472859103,205.12952390705476,44.34611864844463,98.80081773987024
492.4590412875828,204.1885989630519,43.5181708626068,98.11641778046386
488.5804842457076,203.78371885317668,42.08982008734837,98.07345601105948
489.48237846110686,202.3301491354059,41.60414665250629,96.57076678372874
488.5770943102491,202.57013881985324,40.71645226272401,95.74443751983357
484.4231495615861,205.1076137710184,39.146600900064605,95.80618014145955
486.0775589816705,205.04859316026233,39.075349007832884,94.1618383788103
484.7062637379754,206.36875566037344,38.42983195699985,92.81891123053205
483.83512187029197,207.11876253641253,38.071210989226465,90.79313569533085
479.87104501312615,209.4601827248896,38.24813255634129,88.83816435219023
480.71117524406446,210.8279435605331,38.657225655866,87.03240146805838
477.3133716616333,212.39468632114733,38.512026431873316,85.6677448156959
478.8565704993471,212.62200497429066,38.9954949368657,84.33034972647312
479.96740547948696,213.2841794646139,38.91687683930268,83.84822033696734
479.64974169001835,213.20255990998126,38.16941874033002,84.11012355117116
480.558990740176,214.29685068668027,37.63659998037727,84.54715044198704
481.38545563846765,214.5400057448149,37.716375538484556,84.69007380521762
482.2197432213478,215.27129746879328,37.78689069617233,85.32892029653084
482.28844280344674,211.80131974288219,37.428778765923205,86.35450235052588
483.67244007521015,213.390607523815,38.604808308394894,86.95857225260372
483.8053453695598,211.00085938800225,38.97617542546039,88.17438477598401
485.5375349953763,211.8878700522661,40.61476200558405,87.925287487297
487.80478470554516,211.4142084629333,41.775313301646456,87.98277882497065
490.12499900995016,211.08801384581227,42.71843753020826,88.23345874105166
492.4472644418209,211.66961229299176,42.997081524560016,88.46048213115469
495.06839648382777,211.88771150174952,43.33584113363095,88.30811462456023
497.6415145941799,212.19669366219657,42.85836139791205,88.02219344479276
499.7416944287884,211.52879496652434,42.088899679821246,87.66910669707623
501.85054087985606,211.1858156831766,41.06765558063386,87.40390375997993
504.3626215878793,208.92266712688541,40.11945432388919,87.67114144339357
506.90179793011396,207.80430146597772,39.584245388656925,88.34733673825434
509.6983468461987,207.14851188437314,39.00098423022397,89.33094539670279
512.8835747523366,205.1506471100677,38.129476515177174,91.15570092912405
516.1201686740945,203.19223426122312,37.323732900787164,92.46234505676013
518.3541435813665,201.1374456466771,36.64115438980156,92.85770128518077
521.2049635150419,198.22341645092584,35.9227598952231,93.68781198381218
523.476864486398,195.91230938238402,35.59339877511218,93.64595360731548
525.9865948897655,195.7099015347893,35.313943938378515,92.23992655004825
527.4502847249985,195.75596415201068,35.497163070478905,90.64067057353249
529.6387380694688,195.7430671507469,35.62999101212314,89.41008521013902
531.4836323245808,196.84139416789577,35.710944203025214,88.85178380836385
532.4160404931943,196.85651042877174,36.24171244908068,87.95480647030864
533.786231694002,196.57708342023102,36.72580876908398,87.51346212313226
535.1268055834311,195.2834172520038,37.16803521393489,87.15485158086359
536.7301798228231,195.25184285415799,37.42953772506488,86.57629879746128
538.5982836147707,194.2939334071683,37.49181398974131,87.32365934888841
540.1067513179433,192.40718675813415,37.40550211473755,88.53963511842282
541.4471252398087,190.34261491189505,36.86714070746935,88.8223401645845
543.8062563739563,189.23955539735246,36.43015037368333,89.30426991220604
545.5057691204186,188.32261031747674,36.20354848190942,89.60682626782696
548.1296622971106,185.8375785675675,36.448183278732785,89.38269402026995
549.9547438895816,185.74235121689247,36.498232572428705,89.39773481504571
551.3880512239905,185.0914567818932,36.34937632074033,89.7950596786203
551.8428648258737,182.69416541348522,36.27734422214504,88.85553921261648
552.9234945116971,181.37336258927533,35.83854321307772,88.05553166370959
554.6047080682478,181.20028512104943,36.11618582310544,87.81009804339485
555.6313728874077,181.39901110284816,36.21090625459454,87.00711878611531
557.5937336243718,180.40142319519006,35.835566990444185,87.51680714034141
558.6055744870116,180.96671490306846,34.94441273575319,88.32239692519192
560.7830425907803,176.33759512311198,34.242856683779294,89.90463779736075
563.5656561680015,174.0856434285045,33.174949704507796,90.91286371541483
564.8562025476223,171.8935169926562,33.1408544924159,91.2954314445943
566.2998228859097,170.28024087010397,33.14839683586046,91.0762863821121
568.21974760839,169.3000131436481,33.35526169677771,90.3835967601795
569.3148734689265,170.68308100306012,34.01725149181795,89.919365242863
571.0230639937913,170.42953643060537,34.792995762522956,89.20617529021547
573.4317270418456,169.5499755299547,35.1405308686543,88.51209746650154
575.1944348805137,169.56914719515692,35.049549843646616,88.30033242536751
577.3825255198492,168.98309818376498,34.06718098295951,88.82436011276319
579.3270052497787,167.66915875388597,33.15736085110354,88.8328122452263
581.5044888003139,165.9926633303876,32.43108947642776,89.6541394359883
583.9116625321869,164.02510546578742,31.86777961033792,90.63023526582037
586.4152530285825,160.18820472844996,31.423445278160823,92.11306965751801
588.700364492869,159.45761591929022,31.636834124032404,92.04044858122685
591.1300222532283,159.63211147935795,31.75309786509365,92.11313937184467
593.2093603403817,159.59602227227995,32.05972034343573,91.98935410525651
596.3594084784681,157.90275832558564,32.0272503528158,91.96182522069104
598.5833937197247,157.67122370998237,32.496730298311746,92.28980171660706
600.8357443819301,157.25400297469412,32.73291899999346,91.47022967266479
606.1854518417495,160.77879031315032,33.281852316438766,92.52775929720502
607.7376277395647,158.54395891751693,33.71976855860426,92.74932276138443
609.7007248867238,158.4968088741242,33.95828860068133,93.06977908291107
612.2806810379485,156.33885222175044,34.275285458846,93.4938202200713
614.6077103098819,155.50576014602234,33.991238721467155,93.93141197574506
616.5362505033467,153.9578506493347,33.85131975154509,93.89701103274952
622.3947288843813,153.27192937717368,33.74037342648773,94.46401748269209
623.0851436329609,150.5883121341213,34.03052140258734,93.80078350489914
625.1882682873543,149.72674993299017,33.84592479231746,93.61775601640673
626.9571145069677,147.17009957168688,33.2529366472953,93.48023085705532
632.5454475422747,147.1315702019208,32.6945652925626,94.27699792006612
633.7002757590973,143.31024127019043,32.30219370522323,95.07124660765405
635.9915532881688,140.8785446885689,31.990186990738703,95.3841908763964
638.3597527888945,139.9606535965708,31.692173475890087,95.02588388612199
640.5520031098221,140.65050495069136,31.769698953267262,94.48448033311614
642.9029464955916,140.57332443469653,31.64675781847754,94.38940558267326
645.1704806868319,141.2580823103031,31.688989030875874,94.84978663913068
647.2424000452937,141.21106843041903,31.767521415331654,95.86385786737418
648.535356487147,141.82369024562612,32.101967189461895,96.30102437699753
649.6403235755128,141.81187622831783,32.17989650569631,96.93858031240529
650.8326330317271,141.10771324943954,32.16309261096769,97.19376799024701
652.2745865263603,139.32043568117712,32.04193600889321,96.52267331216616
653.4230767282124,140.24833322265187,32.550794666925775,96.66419828517826
653.9079613157719,136.73216048827817,32.60557914838505,95.98267418223986
654.8490556736523,137.7468193214189,33.281003090171176,95.00917996127853
656.0540383518983,137.64653018157324,33.594636213903826,94.56223114231413
657.3650331783078,138.70923779147216,33.740407553134936,95.95211333538863
658.4235261268934,136.33651852960935,33.69668458588009,96.99438918897872
659.4744279130069,137.1672655679945,33.56650276543843,97.400196623973
660.5785694527189,138.79494587695592,33.5690720705818,97.97418862331392
661.305622649991,137.97694889792467,33.917429445950155,99.20483106179178
662.3932694877703,137.59154555260767,34.031419522832955,99.99962558769894
663.1956818555078,137.89305745961565,34.158010893582045,100.57306645053997
662.754300868968,137.09441794971949,34.54358614629042,100.26599757375634
662.5719276328526,138.2120329935359,34.57065055017334,100.44396095040268
661.7023763520288,137.4189172789738,34.693740180951046,100.79252922969323
660.188483049818,135.22624855167308,34.949981136797604,100.85044931063742
660.1246499958701,134.34133138989915,35.31889045810861,101.26189962100929
657.5341613716729,131.81611762873536,35.1763570596829,99.8951857058064
656.8774191650074,131.3842935496806,35.04832602730481,99.7319308306594
656.6573389884321,130.74474309642324,34.43149790274842,99.81846331581029
655.2253695276012,128.56684772592087,33.86282369002613,99.0540696352757
654.5608489292699,127.39111906309525,34.12281624357641,97.80749234064191
652.8615386012115,127.64319861263988,34.34236356595316,95.95268877229147
651.822557721323,127.10614645858936,34.28186421275375,94.73747428041996
651.8275860208139,127.01076950350877,33.87423199693558,94.3036048323315
651.0556631383488,127.69165174693433,33.2259269306432,94.4398905583405
650.7498447269186,128.75074050754264,32.86874085702301,95.47387201272507
650.704496784239,129.21346472728942,32.57896998317729,96.57575778648834
651.670487201474,127.30592462746841,32.14951996192466,98.77587528910124
652.5566150983534,129.54427963768597,32.20055451621885,100.30355312419589
652.3365123924721,127.41598518036744,32.00580040907197,100.65523958064205
653.5570962815697,126.55774533001241,31.98524162822173,100.34295288769061
654.8159046121121,125.53329645383971,31.97930700067552,99.4379855887665
656.2842420462715,126.27812194407139,32.26624014932459,99.02312365554434
658.5724947586533,124.05971347151022,31.765350607434478,98.76662509468522
660.9458687283817,126.80768833538234,31.63838893048995,99.13038749081184
663.9408044244045,124.37553041038854,31.54813330306233,99.58547549274647
666.8047197826882,124.82992714766056,31.31484089368501,100.00627484218468
669.6371426783635,125.80505635118867,31.124224914956326,100.55484103153347
674.9948456462905,126.07073867150774,30.87251831992251,99.37227079158733
677.1945855487669,127.90646908170397,30.996604284165397,100.60493804584084
681.9898489581846,128.40106227328704,31.01516636303515,100.58295641225894
686.7043725947697,128.97494377897127,31.04630414082925,101.37121174863063
688.4126073238117,130.1742830685232,31.172894031805235,103.28336328579871
693.7781309380023,129.16419489966594,31.485123590228234,104.14784764219765
694.8252488705249,127.75508234947306,31.666241395303402,104.99397522652353
696.3112677094252,126.11360159598277,31.485534055027074,105.2748856184681
702.2696722601963,125.79516264505952,31.881826721978506,104.54706630237332
703.4947885689497,124.66092973648242,32.20552441567468,104.43059125687188
705.1020636842217,123.97252930845886,32.00946449961444,103.51273678989044
707.6387957323584,121.77347133037118,31.52015882390372,103.67447455316417
710.2461060940634,121.92004562844613,31.016786975158055,103.88591187877864
713.0762768683527,120.28445370809447,30.61785566293816,103.82018928637649
715.6042842549316,119.12722031094687,30.52227294239259,102.31174982494966
718.066089228022,120.73337722491593,30.934899949947404,102.45741791725385
720.4522123784934,121.43024208232211,30.769874298723614,101.95112506920174
722.7616245552828,121.90947894362579,30.662402007370204,101.66754734841018
724.1093486391638,122.21441378445718,30.86084660465324,101.1695057033537
725.7239538547385,123.57652291256053,30.779006988781088,101.47795532243691
726.9796620314827,122.93508860634515,31.121398084633483,101.9143333133009
728.0723787671669,124.05885469820387,31.406122951811835,101.92698947072421
728.8367224170763,122.48984021815188,31.7999661838763,102.73896075832758
728.7627477828638,122.95710671451673,31.6665129538176,103.60190775274236
729.0978154341476,122.75080652232069,32.051627342259444,104.87111396494281
728.8257541207214,120.07603939973652,32.47971090905561,104.80939189678719
729.5100572304303,123.87014230311118,33.125432692567486,106.99875681452517
729.2862336080818,123.48347293659444,33.441366889640804,109.46415732944189
728.6889783308437,121.2496031164512,32.970503403513476,110.11074070637694
729.2079190402153,122.90507695067441,32.8572795680071,112.76471022085286
728.8262715140509,122.75122775633935,32.83055373725262,114.1831297208206
728.258443345701,120.37119728202737,32.65298814249458,114.80572996082638
727.4141551590475,122.56302511993925,32.57852099296707,114.9685101179799
727.9382054029912,125.31450149865232,32.934660398039156,118.35381343355184
727.4457783641892,127.42624426312364,33.932784521273796,121.57754393854475
727.8390377264166,131.93179620651125,35.42307262817893,121.53011650440624
726.3945030271049,130.90412981839722,36.554838073631565,121.90105754365003
724.3674394166496,130.97820151240717,37.56026400822607,122.190560753254
722.0135680153973,129.9186734852458,38.17832947689912,122.49492061483534
719.4006519890366,129.9951801970553,38.79825981148073,123.03839193576509
716.2531880180751,129.5105835570571,39.29959816142368,123.57463698406443
714.2848132947702,129.76574751737067,39.855218820039156,124.19381088304789
710.9434721886166,129.62141353203566,40.42672406472536,125.00496112968075
708.920097084819,127.56790128909316,40.87871027810388,126.13800042040583
706.5141238810745,124.77062485101791,41.19764616465764,127.6805174879931
703.2271241141776,123.72126549870964,41.61984554281188,128.98310106506523
700.4855715386515,123.02283219210656,42.12856161763131,130.08800869055852
697.9619227563335,122.13630136757531,42.834728448777135,131.4385116147408
695.4856887716949,120.1974667430841,43.342371722467355,132.54196850334114
693.0926325426959,119.42477030000755,43.61317246247804,133.49835109124214
691.9165879891201,119.84051796851132,43.5729166180002,133.7502413409732
690.2353539694461,120.21759122491929,43.542271997893714,133.98628765871985
689.1533419619108,120.02209658109614,43.38496999558474,134.16380747085842
688.7889761304275,119.39235634613523,43.25617833644574,134.19251175002248
688.1910183179968,121.1097481178435,42.9934352660862,133.93266760060314
688.4088647245235,120.60287869595001,43.044823235684774,134.15860613234787
689.1571612772476,119.38871634587228,43.085104662936125,134.71393652880002
690.0786165540464,119.46578537818998,42.90719764747021,135.25414024291982
691.7145236786919,120.50325891582038,42.76583531582766,135.9275058793747
694.362391505966,121.39467230594154,42.38380214922485,136.8858053980368
696.3345483078219,121.05950922415136,42.17484082326894,137.44637581459693
699.3132082953472,121.90878786804959,41.777334347668905,137.58054142909845
702.0204585421383,120.65945283166842,41.40375649584105,137.6797356889488
703.7934270503534,121.818750266404,41.255625408594526,137.00404271690806
705.4751400789918,122.4609370662132,40.94993312550311,136.12331370885954
707.8304538971973,123.06089520807386,40.531975262193875,135.58141154380965
708.8392050954853,125.00006513086748,40.23091151670279,134.79501973060155
711.4813798975695,125.22080200331794,39.717676738736856,134.26044958043292
713.2468182876732,127.0979663810575,39.373050883593386,133.40181841864276
714.6476368793616,127.16206804958445,39.25559205257268,132.7089054778024
716.2284318529283,128.3488983712839,39.11088667079257,131.884611666183
717.226077250621,131.05098419205572,39.153664408350984,131.1400421898615
718.8742135420438,133.0427311042807,38.933506003209274,130.6619850242708
719.833584377984,134.77096110988606,38.62366690491428,130.00359854325723
720.6813723607208,136.0861558128108,38.07524419776427,130.03714599081655
722.587162087916,135.57382723060363,37.51046850390248,130.38680576591432
723.2932096968929,131.49251464010166,37.265937797247844,131.85116205653745
725.4795352685866,141.4415831999671,36.7301446879945,131.1783304940575
726.4957925910942,134.0165713489029,36.67968475336742,132.15806439363467
727.1661467613737,134.2990784063708,36.7781557140702,133.08562759307569
728.536581708828,140.03523776313426,36.49000002395007,133.33884999435588
729.4358807019428,143.10219188858156,35.96392615614371,132.3414773879925
730.3004270579208,145.0992302902883,35.3396838556028,130.42150084054524
729.3855074743955,155.03148645885983,35.45824029255104,125.13264348692266
728.7123956704386,155.76713619798608,35.18904093636856,120.89772816203626
728.0510149464676,157.28529356053463,34.69269044106572,116.92548670153803
727.8927174877844,159.9370948697894,34.00891199493738,113.36605606007163
725.3653171264542,167.41849162835177,34.53218138367414,107.25417368338881
724.0723324561993,167.37119283398346,33.73123051048472,103.95304602188128
722.7981180767383,168.68802140089252,32.93425369079348,101.12724221426461
721.0792947187758,170.39409508310155,32.00358423316487,98.92886225917118
719.113607705345,172.27268204666711,31.14162616011216,96.80288101621366
717.763724239896,171.3619607969532,30.145603753852,95.8731588408825
715.7074411209657,171.35384921686403,29.604339940290362,95.17654138435786
713.5020413105553,172.09997338074115,29.237418632918903,94.18820622074242
711.8777110281757,172.78360992121935,28.91228960112066,93.18718740986276
710.7791062155802,173.58081360487643,28.9440443618095,92.30553971614401
708.5616536526843,174.35803524950947,28.981007898245856,90.67977485749482
706.6702647472077,175.28359438929533,28.909276117142852,88.92943233386492
704.7017727684711,175.15419785533243,28.794968132019687,88.0653336180765
702.6526841834506,175.50367353912958,28.602051952603873,87.51781311064396
700.7496289447938,174.65106799123248,28.3596366196756,87.18077071217547
698.4850861270241,175.44726788171593,27.98268254040179,86.95413352257053
696.536357172141,176.9101433972071,27.774248268771622,86.43493289899791
694.7533266285235,175.68152342436727,27.538814996036557,87.11803832796153
693.1833917422464,176.99842624191587,27.563354310903264,87.5156622220544
691.4584630405499,176.6600281567244,27.981169210939413,87.90717610841595
690.8123878818865,177.4005378404723,28.112477228804796,88.69114826275546
685.6908182912439,134.30712070580176,27.685364563776574,90.25962010533871
684.7751256556635,134.14629457349693,28.21902880660946,91.34833294781782
683.6718500797748,133.28944266845104,29.060847812123697,91.37181854768929
678.9943765781666,133.69523069602968,29.050589050569624,91.08583642897531
679.370967406532,132.98191388174828,29.50252020874206,91.29698937230403
678.5554877697662,132.7575869942076,30.52163148556209,90.86164916411666
673.7944873646015,134.48613067802984,30.35724046544694,92.00811032323614
674.1385615939024,134.7834722868258,30.791276402635166,92.89099179814144
669.4101807668488,134.7093359744645,30.637410882365018,93.0730279209319
670.199501970523,134.52114774903052,30.864550673922537,93.57202980470841
669.4822453469515,135.66471717054122,31.80316933998625,94.30483920578186
668.6795424789665,134.73374730968771,32.42842032322488,95.0530817562776
667.0830116121417,136.12140035673428,32.705494326848196,96.20475591921877
665.6808801968292,135.5638429104713,32.40930711856332,97.24479984198433
664.2279398922705,133.62920029591265,32.28625563310668,97.78948866607234
