367.5,477.5,51,123
397.6839280444887,456.6138441489338,50.006808217663206,119.8061480668785
433.8556487913864,439.3940903664219,48.38736574730537,114.76824245441213
470.4097441244131,426.30695918215736,46.40702847480651,111.42962640497242
507.25379552805566,415.2666042466916,43.71727008890817,111.24174725612855
541.7333431746722,405.5338970336562,41.8216513581751,111.78715969855666
574.8202196837346,397.3047331723337,40.79390206319478,113.36113187615778
602.5307416987775,391.3971971713112,42.37929724209333,113.07991710452114
629.8035913536211,385.72786045308703,43.90554312283591,113.35397243031278
655.3286882986021,378.19581713849806,45.67375819893844,112.26035756718113
678.5879808371948,375.8098723927763,47.59826928264166,110.7062339703983
697.9528656722014,372.80554545328266,50.2285002229801,107.27387260585533
715.7951616984136,370.65327115841285,52.27976327309475,102.70998438224044
733.9773357821849,367.6389645614136,53.68655615779804,98.27411908350214
752.8560891756605,368.26286600941114,53.51678359325918,94.51920654547826
769.8268037359641,366.82015785302247,53.15199174071833,92.94407111951656
784.3749816908598,365.75953327696567,53.96452750878317,93.29910995401852
796.3105889597178,365.18333558562335,55.072673551511585,92.31274429315454
807.8937825866496,360.4069234753006,56.23016935428866,92.818042154242
817.8778928996388,357.3160680112315,56.28664507840796,92.59421595393167
827.0761061988783,352.96103508999096,56.40724538117421,92.11833723922283
830.9205940517248,351.42021956423275,57.8573163444874,91.04323668520944
833.8308255727953,350.59021066600144,58.79234265171149,90.48661901605007
836.0230314934872,347.3651898493972,58.77865262734441,89.69257772155473
839.3096066136786,343.46723658907723,58.38681542483381,88.62059960626941
843.2774655821922,338.1023486271432,57.67919778764189,86.37218510807934
843.9288727673098,336.90543410109245,58.86857830838272,83.6563254013307
846.3960681532935,332.11130077270957,59.128005628761386,83.07307850066246
846.838269296351,326.04041808983055,59.31649398195169,82.69300949294629
841.7983384109403,319.6373466673833,59.451019410915016,82.82347122364399
835.9838479870414,313.57723777289823,58.7722562325289,81.47569718369571
831.4569097922304,306.4043366713343,56.974269714741325,81.29303316215314
823.1188193059979,300.7700349816518,55.93181512812411,81.21228942695521
814.2466664518847,294.23644414104865,53.77933891496382,82.2986552207103
802.6357635982796,289.3098146085408,52.270120833721776,82.7125479450888
786.6122276071324,284.82480145185036,52.80161168503483,82.42069815220742
776.5200056266284,279.1890696245267,52.5784037447976,82.4693710887762
763.6929740026256,271.7228081255015,51.23835307068411,83.57447575949507
749.9966379932944,264.30736291314855,50.85729004295986,85.57071423717942
736.4395632891537,257.06667200182767,50.79281815912697,88.08174770166698
723.2751727826718,248.16776911969856,50.49659917209077,90.75841203220932
713.373782225783,240.05849564933084,50.6593007875775,92.40026353074504
698.6311447892009,233.8161971697246,50.723311012303995,93.68166014968656
686.5601992548859,228.13271827708996,50.34026349756,94.59800109840798
675.3997578372098,223.70408143408883,49.721752335719884,95.18171044572613
664.7640920938155,220.6845172033828,48.14720522143427,95.64944303311478
658.3197922668578,216.34318678735866,45.19285023972961,95.3629714417622
652.6852559506862,213.03979128147125,42.14907859564458,94.57723153541565
648.0571450648805,209.06100361272712,39.12958930768555,94.12672200351915
643.0370648955416,206.33365930590512,36.61506023901492,94.12951538019416
637.4660634517497,202.6247275179221,35.12190268043155,93.50108474381884
631.8955559974172,198.74465377422752,35.14766127958724,93.33970484549636
627.9684826112568,193.32692185915596,36.34710872634653,93.83550612375959
623.9873440004454,188.3374043650025,38.18004243829525,93.93101526367789
620.2348445908792,183.1204807327298,40.08682233958087,93.47277649917058
618.6904584908792,179.32933118132254,41.350031228004156,92.54828257982928
618.2572929203977,177.69135338076953,40.82631851425357,91.3010686634182
616.5017540849814,177.27549287974023,41.08441499917336,90.17192774416642
616.7363863972744,175.2661207699258,40.624377808760435,88.9646406603895
618.2252489491297,171.26088180735127,39.15176368413023,87.39041990847554
622.1621982217016,168.10515513589343,37.15105125043645,87.79482407231413
625.1364365241436,164.92613931534538,35.379326259169446,88.9216974568794
627.4518256200294,162.27051863885728,34.631584680862204,89.95311455295867
628.545993222342,156.8188562527238,35.488990080637684,91.05027172268653
630.4835304927749,150.63592367529566,36.52438697913347,92.76328291178356
633.7668366745373,142.8433298915527,37.3712000611651,93.24993208052678
637.3822588619793,138.65411314831613,38.151691059206144,93.24170022276166
639.6814611813029,135.33278604835323,38.64010416195278,92.28142101585762
641.1988931782624,133.29289127581083,39.20285064166661,91.53931210055424
643.5224566702232,131.95482677495968,38.45693754209872,91.11414300846077
647.1846784363282,130.14188363436782,37.261556185639314,90.6993865513022
651.6307681991256,128.3191277225638,35.38928508823678,90.39882841908448
656.0640275062101,126.155111191221,33.564103964149496,89.66088295470095
659.0243078084407,124.4699989518227,32.653332349709196,89.00102759188377
660.2098165549166,121.93484785550613,33.70002826045894,87.94675750744781
662.2761668894447,117.53095089430198,35.26080665252978,87.3584208680275
664.9904027380181,114.25723835551081,36.85001464669735,86.43870717836742
668.3714331554139,110.57787309595561,38.02345109584145,84.91728308779764
672.4447007135229,107.71602978217761,38.71995739960623,82.61353727364221
676.6708819088213,107.25010727405004,38.12554426590643,79.48076322556629
681.174951776437,108.10579935755169,37.37971932712296,77.85264802881409
681.9782911569686,107.82955182993197,37.272625121685735,77.11672789049578
687.3318133622201,109.5129161568571,36.04269824963465,75.5685505386017
689.3645434987318,111.26920225662161,36.2131083379396,73.81864575659891
693.0369737075471,112.28343430324166,36.52256386879519,72.45552459033789
696.4346031624622,110.62078203247474,36.67181875672513,72.14762514856486
699.5459446564868,111.89614000269661,36.54244707849024,71.97073618871192
702.7909767486306,111.79241809328255,36.84295601431996,71.67658117254858
706.9746169772218,112.08905318084194,37.73351380634403,70.7317614018354
711.3669548557181,113.55277391662416,38.05743008273773,69.83674891014462
714.2569528372661,115.32391078172361,37.54855895942427,68.72211251858403
713.4613154727148,119.21216164703739,37.16339361646747,67.68152501830316
711.9569142513787,122.09565265764797,37.25802674761605,67.39080222864936
712.875404038387,124.3452173258089,36.55100711450966,66.70910791849634
711.3422780713676,128.39907810523874,36.19440367135133,66.4111097368644
707.3686049235473,130.87209966282649,37.11052523936125,66.60392637052927
702.5181069983297,134.44359781982337,38.987383878950496,66.43428010460067
695.3313773460881,135.48916792417586,40.85636282149545,65.65109277675509
688.54734740493,138.83134894708948,41.9155287371367,64.36014808932629
681.4243745359521,143.6114692970101,43.1526262847848,63.460039797627154
674.6340788079843,148.869088889213,43.61288025445327,63.411991355714036
672.586051666905,158.78005146516597,43.46112751070262,63.61436391804149
668.3536365811086,162.44570044720555,42.039482119245946,65.29928795408438
665.1432774031395,165.97306965318376,38.5952560171765,66.31980112141265
659.951964473965,171.75466602073357,36.00716921378247,64.93314303902298
652.3341929554451,178.3969221303122,35.720771065824394,63.46310778672362
644.488268500406,183.72716415833554,35.565730480053105,62.496685009973845
635.6841324827736,190.97233988024138,34.45960889959511,61.95406744525149
627.7592866390949,196.63722776506017,33.919881031288654,59.876510875748195
618.9902520092526,203.90575999510696,33.33734863692051,57.05200420831817
608.8481043292289,212.92728852665417,33.39091203285646,53.86902214217203
601.4388421480827,223.93033725066638,33.31689355609863,51.504547237482555
591.0561098573413,235.64730811857348,33.428078428719225,49.84640239192714
580.4500335098594,246.71916905002632,34.31973742556292,50.35616678085249
570.4387708288494,260.1557150972083,35.91270498728988,52.295813105067666
561.3185202716593,269.98885050131753,38.056150666489536,54.35675138803573
549.5263167618123,280.71586506202334,40.79857961306342,55.65676584572567
538.3575313965345,290.39339421146394,43.30029676695873,55.14229516281128
530.6703813786962,302.5785740897838,45.36196328823097,56.31325429960414
522.3414776258443,314.8510719491142,47.543649845143264,57.265534887095654
512.7164528250842,327.0297326216524,50.614761534676205,57.25854770949975
504.3877273402212,340.37354888130017,52.12178754712684,58.55023571632729
500.4160332264357,354.0998136852202,53.0883667498871,60.507543831265465
495.7065376165832,368.0268407941686,52.29250372917451,63.48455574496057
488.87474522378386,378.2645138175645,53.45123526617701,64.06217676970195
482.206814913613,389.6927918190543,55.264027458479205,63.346686364256485
474.4301642176774,403.33473111866437,55.439690987191305,63.6232134962376
467.11565379215085,414.447713445704,53.124185165881016,68.04533157531266
462.67828087199825,424.39984748477093,53.08899124025602,70.43922023545997
457.7438604446697,436.64770323152584,52.12380766559188,72.88543379077825
453.03024225240904,449.9829080227142,51.646630826846646,75.48864099917307
447.88437726315846,462.28042902215117,51.8107734869274,76.42822500737921
442.13173370111065,475.2661030680422,51.778153010620116,77.40364281525531
438.82867758526436,488.9817271874817,52.00204258987737,79.26142655879823
435.1413108921398,503.2391265215908,52.41406082720077,81.8599224920205
431.1294030983908,514.4087313326831,54.34699554387966,81.94050313778017
427.77295254774845,524.1811112573952,55.44478052577963,81.96559230263824
425.4011300854112,534.603372693808,57.29492774499451,81.86858033984683
423.1900834823899,547.9477672681752,57.43145366740667,80.38316986848058
423.3603984736931,562.6603460924227,57.67673454152412,84.05623304518079
422.13742538714115,572.2793930253353,58.253196170827636,87.75047217190945
421.14019927631676,582.1593962369016,58.9884990795034,90.21866475390388
421.20355407253237,593.9287552307386,59.39784546918508,93.04114709887122
422.2985799419422,603.7501583841607,59.69107105122721,94.7529035514264
422.77627297918553,614.5814948614759,58.946691841645894,96.55974925829523
423.6526792412289,624.7389365114085,57.47695673636341,98.03054100725817
425.36721315915685,625.4178959458014,57.02854743169639,95.5465751232821
426.8816660528251,637.9877795857742,58.64586089789998,89.19791120637372
429.11749456622965,640.9752356993464,59.10698461373615,84.49405622734488
435.30223296673506,646.4744005393918,57.47395896171208,81.95333381654105
438.268922907956,645.8394740264204,59.89581227171415,76.47176491407824
442.2962647605198,651.543468843486,62.63998053344437,71.4557549743134
449.06510335250084,655.8047700058835,63.69028457354233,67.12078187238838
455.47701833565094,663.1228901534801,66.08913851379732,62.35050932774451
461.78348647275607,668.729354754332,66.69120525319795,59.61039468597717
466.4434158318266,672.2283373790243,69.85428625521065,54.08919721498919
470.5388583412136,678.6854361353561,73.10026132097038,48.05960558687762
476.51028861323175,682.9799525079869,76.83549945552289,43.83618296429662
487.6295064557369,686.7684710228438,77.22245096228517,42.77298231840254
498.55964449462215,689.3787025016177,77.09787930651169,42.20220235951194
509.76405201039483,691.5529343483752,76.66094614142145,42.1746009592402
506.1098056114809,687.3070558456451,76.97175064579224,41.50861546439525
518.4395353591259,689.6890323403137,76.83937550108816,40.94216365761413
530.8655782327247,690.5767789093674,76.38243898484747,40.77963848749394
534.3932792042759,685.4732450218778,78.73950690563674,38.89718962276366
538.1912736384442,686.4008293526285,81.63641220996875,37.092528208710135
554.211601374514,686.2767885215494,81.7750360652216,36.074434719997036
561.0500641229379,685.6962149381226,82.34925688490218,35.39924324759139
571.1684883248763,684.5511470745787,82.48981746234848,35.328074691537154
588.276606580219,680.3562679075297,79.85836259839171,37.73512647885144
603.4597896373028,673.522329225343,74.74930735153357,42.063199193871924
615.0619014764658,666.1652158581308,69.43036809703577,47.55318276423395
623.4017200231788,663.2264494022621,67.98960067066318,51.19765889229501
638.1160576686286,658.4595526834358,64.7502545271023,54.83936963875493
654.648156224434,646.2768480346011,61.70296606112119,58.05277660182975
669.1728005152007,639.5188084971192,59.624302403294074,61.916491899633115
681.1627308506575,631.896935572258,58.46639455220471,65.38253732516087
691.8427727193797,621.9142279333972,58.74112221612743,65.83510279514316
702.2115111884697,618.2834667784175,59.449781752556945,66.24916531201185
713.2061660419571,615.8115924528977,60.93481439177347,67.4717394845207
719.5623504261772,613.1424354404055,62.64526762192946,68.07970396879446
725.3490197369055,611.3025261930635,62.95567896232591,70.80086168209515
728.1189008260379,604.9865881520211,64.385164125217,72.56405204182883
735.6798391733292,599.3774833017884,66.16051376425244,73.18171299809254
739.555145586431,599.3484484533076,65.83713701821885,76.47952092099099
758.595430278896,591.9748341443903,61.44077554954849,82.74475681726801
771.9452820865771,575.4520143087665,61.23489403196468,83.83992461046388
783.3455297974278,567.6865822813933,60.20861049380799,86.2776747659794
793.6277313774824,560.2005698344209,59.94186434663827,88.29134089527557
804.0330877797396,555.8141325570855,58.98432765906731,91.3194701954299
807.5674446269047,553.3536983746382,59.5759933745271,91.67163729308217
812.2928285006943,550.039804316584,60.48330744457487,93.695516393535
819.9412155818978,548.4004408660472,60.570285151369454,95.33947433174825
825.2332741642944,542.1409580945427,64.27088459271653,94.26971669207904
831.371626055388,535.3191716347818,67.9275437713448,91.90177304055601
833.5239343763286,528.4957462257835,72.43147510309632,88.81482297049122
845.6304480522496,522.3764294043647,74.79691607400825,85.54116184404157
860.4382743483175,518.7793840811968,71.65683416058357,87.0820375588894
871.0882301576904,517.6078832333184,68.36452714083651,91.14754923484801
882.3751453869952,511.7903467558766,65.8516383783939,92.67369637033454
895.8274286720964,509.5563144927543,62.17070462069155,96.6856290210641
903.4440458100861,507.2007938069897,60.24324312608431,97.35046677931211
911.2289688939675,505.16927743591276,59.49814785859,96.91064183637684
915.1447031242196,505.2781604251289,59.76147748615945,95.5577883678628
917.3036078319094,504.70341836405805,62.39208382700548,92.90990825508018
922.5383832900245,502.5101141059925,66.13411890931042,89.85794198025668
922.8690892956886,500.7788871920227,69.14891968561045,87.03384671685716
925.4346523503331,498.8363913435875,70.65116492947102,86.06018439151076
930.1327245251964,497.4293350964107,68.18667503302176,88.25826196088036
935.1059001955206,492.74682000462553,64.29803624730508,94.22254579893072
939.134004994634,486.97291731575444,61.95597183264155,100.39007401984298
942.3081499759188,478.234862891664,60.50066530665643,104.77366120054342
944.6998786098569,474.71325614631485,59.00508607527924,106.97962588905675
944.9574912259317,471.70246484579525,56.733797620244545,109.66836470957827
944.8628552173143,468.2565461908348,55.05315868205031,110.99172963409268
942.9613749661814,463.3599420572425,54.91411712628687,108.70838360287642
935.9069226252594,460.549247650575,58.69101535366302,103.88601059064987
922.5319544796197,457.2695663443224,65.48214846806265,98.77546849429277
920.9410409811975,449.836442067252,69.68806682786011,93.83607587411727
916.4299810606044,445.6996441466812,74.18180722873878,89.42438519334725
923.9259489871347,438.7932620245288,71.83565003168411,86.51410027383358
927.0429168470064,433.6567586634752,68.56794065128088,88.11280108010828
929.1876845986469,429.4978173959514,63.93765031120221,92.56584859127582
928.9607358960193,424.59676671917526,59.17986396630479,97.85508630881135
928.6637790371675,418.8467861907966,56.71186776999162,100.82060541763173
927.5512652140819,416.3336312339165,55.410019443414946,102.10052618077239
922.146575105379,412.4646587139522,54.41643163561311,103.77185277816562
916.8657881210248,409.25967009024265,55.642707066113545,101.8785959252428
912.27497536092,404.46466184760857,57.97929083446161,98.71113083549884
909.6244904706303,400.40945521606085,61.42097943275189,94.56443827126272
906.8156191781229,396.58867429700325,63.363833883764016,91.70213772839648
906.2235952626853,394.30635023003816,63.714540354547076,89.26247525441646
909.5615586896508,390.5854098368844,61.942085924169646,89.53567966438115
911.2849160594027,391.0230501493586,60.01560660393925,93.37570389096487
912.6170965023513,387.07024827790184,57.951606290380084,98.38897579527054
910.6362190645416,382.3921023614675,55.30886039543071,102.66367983669633
911.4728121225701,378.1972669260964,53.96408290807588,105.88449170246412
910.9614661417204,374.0330842111794,51.99960608086542,108.50168550525348
908.0712438536145,369.0533636521534,51.68621864108584,108.40008383766104
904.4266350590489,363.9783285094045,51.53565837911232,107.37593880638633
896.7819772498165,360.2617372769599,54.31161111305581,103.55089773764522
888.364925281103,355.6359795954072,59.75806360700122,97.87612544968852
885.506066656747,354.0330400628003,62.71121920257603,95.70241114255731
886.4846457956613,345.34615586820894,63.433148802020895,94.38418963305838
885.2883776355892,338.35323842083,62.84508118883074,95.48619922569229
886.6958123761185,332.7050533586975,59.80225077849761,97.67262786741335
885.3323288950256,328.3940974808491,56.358598252921,100.52052085861433
882.7474103775486,325.0012793017452,53.87845569650529,102.16133461931834
879.5892107199171,320.0755866920211,50.73846653825773,104.77598640218216
873.2649222900098,316.2828946276757,48.42114106958097,106.11966272905408
865.4766230990983,313.38045346692167,47.203677790637336,105.78141045659859
856.3970213956408,308.166006405624,46.29936839542857,104.8283494324044
847.3830825630919,302.70302337808187,47.18298374668339,102.27545081768878
834.4859322587872,298.75248012881906,49.06665126813468,99.87614135063829
821.2998987712726,295.04529907289117,51.448008938354185,99.13672157162486
815.3692000984926,285.28308772743145,51.429446223794756,100.13937569259807
806.2635374536685,281.41439637270184,48.59749186561568,102.62457591838411
799.5829155227525,272.45297343150344,45.56289412893696,105.13789592950417
789.7273171635783,266.12022337017504,43.686547359736565,106.42003709677763
776.9856145653227,262.1293517713655,42.08056084787358,105.98258798024874
765.0151181436556,257.4722151236212,40.50335567790216,106.04614029795414
752.1841391134011,253.3877612810943,38.56653024536914,107.05135455496841
738.7892612882486,248.5975926878623,37.271252478926215,107.5160778040545
722.0299075771178,245.99433025833383,36.8925256665687,105.5574987507579
706.7299915202484,239.9492222591001,38.284285117953964,103.91117872322437
690.5337670352983,234.31237499248886,40.55011665621352,103.56350007987214
677.3317289443625,227.82096358397123,41.80239458979421,103.34845645708803
664.9711846670157,221.86177332363727,42.03586374446336,103.09057316855187
651.1024291428708,217.34857334801586,42.517885443387655,102.2495710430735
638.9317465125313,209.79688963675233,42.69544378878373,101.05679207277834
628.0778994979036,204.49277305072843,43.09879745549031,100.62423468696477
620.6415400381618,201.00389779380353,43.32844710770096,99.62709878342565
609.7054197052461,196.99591214666106,43.20378721506066,99.39591774921938
601.2870343314265,195.08924643743023,42.285331827445724,100.04792848134069
594.7563130981367,193.7794024880908,40.676459505206985,100.46363045053043
587.3178630626983,192.52910105572795,39.25609356961418,99.76768437650495
580.891017036265,191.91183508099476,38.64681298148953,99.38978646871729
577.5013941420882,188.59869668783944,39.02469396652898,98.9527235447923
575.0822845861164,185.0179501249732,38.4650172654842,100.2380903811571
571.5280102412667,181.16268585755057,38.613683695814764,101.4477033886586
568.7794843934655,175.12081833632647,39.191153501311,102.83840902742028
566.9730642381375,168.55285484598215,40.58933936631892,103.22085700420267
567.259932100528,162.3477603326386,41.0364640751164,103.19092247284536
566.9163814409839,157.84321435789624,41.10949861459115,103.50248081484716
568.8987524587274,156.30269148603057,41.293077730837545,103.03088254421999
570.4628318245533,154.81704567641327,39.756058077325775,103.32096698343142
573.1111882471002,153.7015724254337,37.65077270148541,104.36206398950273
575.1521284961724,154.0615788661849,35.8198139295679,104.42729515564216
574.1263224628857,152.3732615192955,36.202203402833796,104.39097265795365
572.5371078056305,150.90386752036426,38.29816158506573,104.0760193914729
576.5291949730923,149.31326595940945,38.12903213005545,106.20558653277641
580.1518526928651,146.69855866348746,38.12625275847269,107.54194473195074
584.6380141605513,137.5622413444266,38.7336932355758,107.72855794673255
587.3356109723957,133.1681137403122,39.87437111762432,107.77224719121625
594.3105329053044,129.69469596880668,40.57103737601356,107.82387008392823
597.3218382691972,126.87817728835105,41.725083371250236,109.0151268776703
601.3187212149608,125.3509121643058,41.91095538865874,109.65433243780305
605.492261979146,125.01068817928036,42.602662655759595,109.9743816980799
609.6065075711161,126.33108263849962,42.326586938127775,110.32778967142605
613.2741563904581,126.43523886137811,41.3500134167229,110.52449036968535
616.5340127197891,127.46290723845202,41.637213180241204,109.80955240398967
620.9439038445128,127.38045644453459,40.38039250916296,110.34860563891544
626.4071275702632,124.76248666561948,39.23614873197838,111.40060860082892
629.8760369950885,124.4243081618013,39.04680781811888,112.43331769930083
632.8074483753273,121.91032605868708,39.791724029351286,112.84349835908154
636.1133809460896,119.72762117174949,41.791531289254976,113.32924371187516
638.7876711155849,116.22383017975355,43.53703330576374,113.18778213583896
641.4801760880281,114.8576111918532,45.45459894910367,111.35899660471219
645.8566795147157,113.20473632050451,46.50314868294779,109.39897162054189
648.7651794390526,114.75373208960104,46.49422140125992,107.54378460963153
651.3557143658306,117.24971197747368,47.0496928189136,106.85193994237625
656.3116747375412,120.57411284105464,47.037594310599886,106.90516124454172
658.9529881498879,120.86963306076596,46.750942980291185,106.9982613085256
664.5065889987255,122.36532203265162,45.67123094478636,108.1406175909811
671.0111713722013,122.68918934839402,44.38416454835993,110.02563976491619
676.6645218378139,122.0643085626231,42.359488000679534,111.57255692532335
680.9922363965362,120.56739062831593,42.10962700609866,112.70034064321135
683.933096725107,118.5011280925378,41.94242680336386,113.64469075177018
690.5471140730535,116.24678330135386,41.829877298815944,113.1104282734386
693.9483307421002,116.87652820764649,42.452857092436574,113.29633273842597
697.427813484923,117.17280931914094,43.29870642231205,113.28911590289587
701.571932856476,119.50610278766507,43.341930539313616,113.31471770562422
705.7168637045088,121.56468657357107,42.81775154054418,113.85073788558225
709.8544699157795,125.05499492336499,43.11588907070045,113.80206794044997
714.9808218008278,128.52966740421317,43.0345510385188,113.19130406395867
720.9993589269704,130.3921320713255,42.55890199527897,113.48834452496106
726.1918132049088,130.65434571679867,41.90620645972699,112.97407788786668
729.3690775180293,132.8555560963493,43.123806606221706,112.34084147973286
734.111785549048,132.5876967099552,43.888368609674956,112.2950224097705
739.473768483616,132.54506059863806,44.22247101599058,112.52575532743305
746.4351476055924,132.8358502112028,44.25160943951822,112.31456243457703
753.1751359826935,132.44483285112318,43.98662139381209,110.89967962086175
759.5066748558482,133.65822026378572,43.293006995891346,109.58433722866506
760.9077773056388,136.88762743071362,44.263246582928296,108.83182696814298
763.9964648937608,139.7924246025351,45.59185237515953,108.383410068958
769.6509037580437,143.42463317157222,45.51780073454556,108.50055707120364
771.5108132934675,146.51338520119214,46.45119564151143,108.58274329669283
776.0662509797893,148.0733188485599,46.4096113836752,110.39553991949882
779.3292271424685,148.07746939130953,45.803171807034815,112.28402516612994
781.8671872159789,145.88827025638525,46.66571630158528,114.98105878048379
783.4302625342145,141.904285549081,46.686593157637134,115.11504620427806
781.2972706991544,137.598627995939,47.43516178106548,115.916166818222
781.8352195576495,134.1313129708618,47.50178365731435,116.57846515374624
782.0909063383375,132.42943400319297,46.80201705444671,117.24085765634469
780.9730744551504,131.295740722813,46.30958385884588,117.76240712470502
779.0363961846006,131.3638248546842,45.44405404359171,118.32031826007152
776.5469528236014,131.32300107060956,44.41684249517388,118.47187723366494
774.3322383789231,130.0449847418756,43.43134294825113,118.80235161018805
772.2155160009406,130.8939053853021,41.50629943059546,118.69278909378184
769.0102242310146,127.96251104982866,39.643572309131486,119.7402324774057
765.0731793022975,123.53616609710605,38.13179504773031,122.54079359104186
759.6455492338217,118.36621690272985,37.927314164479256,124.14518496838068
753.0356950311277,114.49705138422459,38.99081262418846,125.44112747084529
745.5033193023734,110.56272025982987,40.45988003018362,125.98052269464083
737.0451557835795,105.01537183483703,40.798747732444,126.41875782892829
728.8388515598934,99.45679742571481,40.74137403259946,124.55603775831773
721.072445816654,98.16178210733369,40.46016726956659,120.34992867797791
713.004189548333,96.34500208026577,39.97114574859148,117.40317981792917
705.0979756820183,95.4892496944122,39.837556215900925,116.14965463472606
697.7413775422766,90.82586856767956,39.76257023677843,116.58829719062052
690.4946210913952,85.9034489014359,39.640191681937154,118.33183914456782
684.503304922519,81.16854436506804,39.23894340445521,120.77808912382817
678.4508542751245,75.9484428058636,39.08949689803576,122.35854530925366
673.5875101862742,69.4826358602903,38.97524269292371,123.15232846614734
668.3568047135667,64.29795294153129,39.398120427584445,121.12756836524983
665.6113945507665,57.36793321097983,39.57558626099741,116.83502184307639
662.492019345271,53.747345784600725,40.419536962668204,111.89710714963098
660.5317593889523,53.14389928574931,41.057480314331585,110.1771762928874
657.1576052186081,48.080034923809166,41.46167959663987,111.76741894041271
654.9280202212441,42.39912170668145,41.41303804504217,114.1841741542702
652.419452552828,37.62567030794993,41.14301203162396,117.3556745011717
651.0464273410857,30.815245783735023,41.18688612263479,120.10687843088814
648.4311841817657,23.272006363186662,40.71136639116511,121.0471713970459
648.1007572334258,20.51517349346595,39.618133554980346,118.78685270426686
645.6561215298087,13.830990902103423,38.945326486262445,113.97357153994602
644.1182917004292,14.273942882960299,37.986914699556614,109.64839612818955
642.070175501391,11.811303008194756,38.456774760291594,107.61000657764129
640.207573043589,6.595716915662919,38.72345425666031,107.55390936115467
637.6594656018085,4.313270748839422,38.986677063347436,108.15592179863772
637.0276040320764,0.40032618553591703,39.31114395195341,109.42453992152159
635.4557753396755,-3.7809956127451727,39.43696762703856,110.05335831132717
631.8074463852774,-7.617117149513177,39.22573912607503,108.55419082425527
629.569380424723,-10.173716919335732,39.32856286542116,103.95916988202782
626.6664764385041,-10.530171666161422,39.27251390045054,98.68565111487598
625.22995692398,-9.797935165690049,39.94158368931011,94.24357658576551
622.3290488043133,-8.611478202502354,40.205578635766365,90.84075698254838
621.1035721493548,-7.990078235782171,39.67772950313278,88.27062991688298
619.1976114322756,-6.00099438916164,39.41306278345212,86.39533936368709
616.8468855006694,-4.035595430934222,38.846701440945395,83.38732911355305
614.0293869558031,-3.9419481399379563,39.099621313575945,80.08106842896042
607.729268723587,-7.212870560822466,39.2204571432427,75.54413977219428
603.856318713717,-11.076127113881846,37.83655732014811,71.3157120824146
599.3517837068646,-8.046924150041903,35.648322608206044,67.65714507914268
596.729648392113,-4.63058355772646,34.19035563166061,63.95988803162727
593.5503285417848,-6.80283643654446,33.81302960355728,62.704146882982755
593.6946787015945,-4.945099578719443,33.6656758428663,62.268600659474444
594.5637955653095,-5.632715862540103,33.763327282558045,60.87837869639982
589.9770330249264,-5.710167479437999,33.78283014652748,59.82883168052368
582.6657891245509,-9.74768076152613,34.06665675343079,58.46453577308129
578.679229191241,-9.854675512199083,34.02452546038265,57.893392389447946
570.5533327166528,-10.804947056550912,34.49688229810894,56.16191428941564
565.479050551411,-12.066288100913635,34.64483723070431,55.27510722332541
561.4758786850555,-12.649710580585467,34.55909703244602,54.586565925497446
561.0021842414312,-9.761331233681418,34.32373867485975,52.886171272064104
558.6133283666528,-7.358116732623266,34.357873897774624,51.92890794797209
555.4144864556956,-6.541546357353301,33.76354235790322,49.024403939070346
549.6456100132093,-6.491236308281337,34.32204052028053,47.06016022184683
547.0970144108302,-9.056600021468277,35.38292009860443,45.39476843511646
544.994572083082,-12.146973330636254,35.70292802604302,44.918065331162374
549.6320316880864,-9.560003676324708,35.84717633464994,44.33570355244651
556.5716163092063,-13.017279690558826,35.79970741742219,44.28769397355391
563.9624616602388,-9.207692103652835,35.77526082546477,44.245345848997296
572.3052153910096,-9.208455474366236,35.81323549588104,43.610475109459436
576.6347641458515,-5.696300479942337,36.499375718130935,41.29909007788703
580.6124843663451,-4.8439839618803155,37.78243396488777,39.53598931460849
587.6994309790335,-5.5915184746565,38.652088369821165,38.587952880947604
593.1236370653525,-4.391305590747553,38.65422494138479,38.57967036264143
605.3599898595498,-5.841480386872387,38.87089618404473,38.202357916088
615.7239356504867,-7.308501666220465,38.49036902783009,38.112668051001805
626.2576553748015,-8.608755364435783,38.0054452957534,37.92139759823505
642.358863435663,-4.3481967602753535,37.15039932173552,37.70545140279261
662.3550346931681,-1.7750565560800915,34.79288728157869,37.975840363145984
682.1235813974565,-0.6771660381913307,33.018962207962986,38.27386616635772
699.1577614648922,0.8836774820337858,30.355297583955803,39.0533088485027
714.5787862139548,0.14426670747295844,29.839969277236904,39.478026903933866
725.9648680409628,-1.7481743792280504,30.375192021536446,38.817811154057075
738.088031660742,-3.43773142563532,31.61593486559613,36.81136711851468
750.0924970290082,-1.5282490474686554,30.72159572757426,36.356922196699784
758.1674572495511,0.04432609305797541,29.624506936268816,36.95294589826676
768.043256822387,6.165480921790028,27.615829619820662,38.15605459865178
776.9733462955269,13.905042304338494,25.12760463777429,39.68101737432633
780.1387824997054,12.913557129675546,24.93478373927458,39.98914178973804
788.3775895891656,14.462368736710062,24.7540903367213,40.34799192619391
795.912920595109,17.048540249255225,24.612778224126462,40.57349512302741
797.4978933585588,15.880588612661093,24.601078022315264,40.593650896749736
798.0385946490314,14.068633435430595,24.59364933548936,40.613110548543496
797.1970864660219,10.658329360668901,24.62214375936965,40.661084668678456
797.6917242429406,-2.540979615971043,24.4806430687755,40.718035446665375
801.4468084290451,0.6678307339895504,24.353490329195807,42.14275712345317
804.0101090305163,-3.0922687285547497,24.13374327893269,43.46621971278738
808.9524122446124,1.9182688813280002,23.47790996780603,45.67149146262637
813.4368589492577,-2.0653458829002957,23.97046904264638,45.51684522814351
817.4158144970423,-1.204544208114065,24.044582330622067,46.77960853392078
821.0414752259434,-0.46718279291795994,24.03451329515262,48.34187229296033
821.9836892690108,-2.563018968912761,25.69074606717215,47.53382502519896
825.0287099827277,-1.5857045238473262,27.7169756587203,46.88411728527561
828.3034822337208,1.475258438609579,28.811824600795326,48.153527801401836
830.6602820334396,1.7328177921361032,30.388150576614194,47.59428932650411
832.8063165145717,3.814012863746555,31.118400454376797,48.68228637505567
834.6921561489484,4.854050612012202,30.875105155883976,50.767188905868124
836.5646937777924,7.173423393357165,30.575143557100915,53.41663561536448
838.5441988173159,5.413596643270772,30.386826303371457,55.521560116399385
840.2130471936778,3.905743866897666,30.092929427814475,57.70958830002786
842.8360543527895,4.2921501130230055,29.769431932405944,59.5703262132795
844.8066093804068,4.451523941345037,29.27715391223596,61.690774666407165
845.8779349240982,4.9033495876170505,28.953586038659274,63.33898179900352
845.1077706830745,4.328113735531566,29.026686704124927,64.42448045430869
841.9621130613339,6.441406041670284,29.202140531743332,66.38426192326905
838.9160271884326,4.85173852540327,29.77165488313655,66.94666074898545
836.2339140360272,6.952871503640097,30.02797055486033,69.11950160403524
833.6157623493242,7.550447158610403,30.308721350293858,72.33383658788735
830.1730016058814,6.9070934560231905,30.785949589956438,75.77275089079737
825.886014964231,5.4072893078474635,31.64573286700132,78.62890439703347
821.501613828434,5.356120683373533,32.04296931980859,81.1822015668645
817.1761751519466,5.174789426957545,31.843423813591436,83.35969056819135
813.6775837298943,5.704222435352875,32.019566027355474,84.9758037613006
811.2012900111793,5.922520155670725,32.18782595776653,86.42591872601463
807.3591138465172,6.982421061978272,32.433449000896886,86.76865730150683
804.6152962774335,8.003671609667798,32.64723512859686,86.63543054580369
802.5061101543714,8.777006483206662,32.399292105250574,86.45591682747352
798.8524897713311,10.571953333251535,32.53255168160355,86.32460195238072
795.1683004593518,11.718992407965445,32.79085006340505,86.49831989021791
791.0044952962393,14.165448213331992,32.92778560783089,86.66000184256465
786.4075578438978,15.577252097375535,34.02411202771143,85.56922841361941
778.786824459743,12.511096663596028,34.827131797425025,82.57532430009933
772.6110509763051,13.228892466743503,35.444954170184474,80.0430927029978
767.5289643231647,16.331762259448688,34.97814603115281,78.87085903418289
763.8519831404027,19.40718894538154,34.49098433890701,78.5958906720828
761.0544476660026,22.44497715852512,34.205333718646045,78.6533737474436
757.1773791419218,25.57650900080172,34.22923662068928,79.13127685976539
754.0433448129775,27.49031522327043,34.01877630213763,80.27589675659434
750.5667656544979,28.497468300771573,34.74631196513569,80.94316876092432
746.9189732350255,29.89462891822913,35.66243503879116,81.20824021666778
743.3507395904263,30.816572674289816,36.44716530558954,80.70822620537038
740.9352279056134,33.160683253030626,36.85742232160818,79.8397112494421
741.6064313397412,37.249119811893756,37.10312423135257,79.14340844803054
741.9894763834899,42.34027287492979,35.97307575528809,79.02733977160447
743.3142279062113,45.926914232993845,34.39605994491461,78.19116471386259
745.5105272571622,49.207448338369545,33.845069052079765,75.81154162487633
750.5548021065116,55.06942528229121,34.34511569737486,74.46815528769217
755.2535386128048,59.89467223952154,36.76973664841153,73.25087365350495
762.0482449604754,64.72696456637576,38.807853097357494,71.17279536652626
771.6848402944794,69.52888801177296,40.10057849075092,69.87360831917667
783.2695301672811,76.58271846545973,40.15113130129982,68.91038520172012
799.4414744477373,82.8812285539509,39.4929669988103,68.96825031679099
817.00902873749,90.27934184785369,37.81738829601375,70.64141078342878
829.2365463010727,96.15721541393157,35.61854251516188,72.03201069717146
840.5512733056363,102.17305479132638,34.649273366264296,73.6402273815298
850.4021341459145,107.72427612006757,34.598211246865084,74.50095763664505
858.2883603613478,113.74383270248555,34.894268871540426,75.60009482276126
863.9030600651281,119.38599642479161,34.54255691820342,76.12337216788302
866.6307541424045,128.1254797952587,35.17321069098822,76.54178816315489
867.0378097880053,136.11391551673586,36.42505575392785,74.54368697624304
867.333115622854,146.87994320847363,37.14021948820681,72.46849118139056
862.900335937511,157.1379214749435,38.836011002294875,69.51490685609241
863.7878287085263,164.41916133367044,39.23004468252416,67.11640094692709
862.5491567779924,173.39316898833775,39.84345879505673,65.91861451942843
860.6361952395944,180.79608244784828,41.242542281779976,64.77777421082001
858.2534141072347,190.57909902130206,42.93591283125893,62.97463855536752
854.2145169102661,198.84095779739616,44.031072203986426,60.85832494910217
849.3982674152937,209.09862342767275,45.11344321083793,60.1739625453605
845.5513698030833,216.5886153084342,45.56084141682611,58.88780927394987
839.630944850392,224.7952719777128,46.568920974613654,58.42412571902311
834.1140936568473,233.26332977771108,48.64327659046263,57.90428514344059
823.823618853558,240.3174663310486,47.377638062275736,57.654921643699126
816.3537397083225,244.85232708656412,46.01591892049575,58.857344450295045
808.5109266335303,249.92343662536976,44.81915981617382,59.06979112890933
796.0881893791509,253.47712395336674,45.280707933331,58.424060168746664
786.4219729139068,256.30831148711064,45.16946868364356,58.33147594140785
776.6312654091041,259.03284905190384,44.365181560070255,58.22382480016368
765.3304898558354,262.880810922289,43.912811920758045,58.786726361517424
752.7460556081813,267.63950725506965,43.33322346111008,58.55626950223051
739.535593189594,272.88165000134677,43.22525578119481,57.990639405184126
727.4921994808223,279.19154978608515,44.42045880237602,57.72534060627619
713.2224366774342,285.64344433855354,46.38069783383473,57.67842024523593
702.7214764182073,293.3162738651441,45.8469680989927,58.13017024967186
692.4334604611963,299.9682569070202,47.62685743488967,59.13005147884698
683.6435013400137,303.0679902366103,49.261128437569766,60.109990985743444
671.2125343900796,305.4974776318196,52.7395403037467,58.46119767001055
661.7672017934107,308.58787957976074,54.033075675307174,57.42479294023536
655.4261756553495,312.84805241675775,54.38812065772822,57.797058769842494
651.1485131277744,318.19938634407725,53.38769868071293,58.14431290464437
650.2496446964852,324.05858543209655,51.254802952043676,60.01330085989237
648.1010394885761,328.3553147311678,49.86392781183177,61.184441108185396
649.5931680826084,331.86073940358756,48.26443148039567,61.08435264286253
652.9007625816882,337.65555142642575,47.48867376809399,62.01540711738877
658.2134293691751,340.3894376169427,47.71252518304969,61.72531093722158
663.2902683984644,343.79295293193223,48.47046249617503,61.83815688271253
672.8753800574237,345.6418182351248,49.522197338656795,63.073349116445854
683.5839928693604,348.63920995724277,49.877852268982735,64.351051405242
694.3898395882678,352.15980400838635,50.78322006468838,64.66340753818439
708.3391655307101,358.3682524467638,51.70775314684468,65.68469063121715
720.8616633787032,362.0142503930362,52.698009068290254,65.22660091237836
735.626387947903,368.1320880773057,53.31873883919224,64.43296407991114
748.789668920958,375.09115429196993,54.34807670387342,64.4847928169645
763.6953059717479,380.89696676008793,54.96786530065782,65.65566337938566
779.7091165784931,383.91177045236816,54.889663108773874,66.07995394785873
795.2561082109966,389.85121422717214,54.52242926393296,68.26762046776977
812.1302511704698,394.2114331954101,55.12110150538675,72.12931677812006
827.0927606160919,397.20627549022134,56.2828479034493,73.46832748573881
839.5837621197795,400.78213877938265,57.33181642317375,74.54549323377111
852.6759252229951,404.132292226312,57.95112486029705,74.91167889743802
863.5326863675388,409.9925221271897,58.706596711834976,77.87176871726464
872.9902068711083,414.5717740319817,58.66336471043307,80.85716387160898
879.6193498341802,417.2192665654842,55.68376053935519,84.27431316587099
883.1817003648516,421.8886384884194,51.58257589456203,88.36351636437314
883.7346453271696,416.67910116188506,50.06220066437844,88.61569610472216
885.1641946735009,415.8119555114575,50.350718358129456,88.6532440364748
885.4087298177959,411.1497766874807,52.73831604591874,87.11829248795615
883.4423736775004,409.58526519098706,54.333759735582554,87.668886020418
881.4177512201418,406.79465221973453,55.55691240710529,88.6358207718219
880.6511216809668,403.8786298558691,55.837651639492854,90.43129781156455
880.3444477049927,400.72282934986276,55.28003558883165,92.3889249580682
880.724597897787,397.5979616287137,53.210899935222464,94.21767517850355
881.6351327758484,397.98065122031585,51.352125573490326,95.28505632931407
879.5469961227814,395.2990594607022,51.24843729362593,95.68454718344125
881.592482716028,392.386982567171,53.37348707542482,96.11505568394367
874.1657317811467,389.6053622391304,52.70409599322207,97.18084503463551
868.4717864409664,383.7908293920806,52.90742399047733,97.5098542712155
864.4156708431116,381.6729768472734,56.175331074248646,98.04404249414594
856.7459935865814,377.0580791039883,59.32028956832697,98.53466790625328
847.7982601945766,373.5332765338134,60.71331494608655,100.32150000964626
840.2173040959123,369.9328688645344,60.879743744977716,102.17164596420167
831.1848986328251,365.8922339575888,60.1846612537935,103.24116937153762
826.3403090265406,362.10197065161026,58.06487478337942,103.10497158774268
825.8746083321543,357.8983917375076,56.65809515332259,101.90665494390211
819.2745204274258,356.4516634352376,54.90154774958357,101.31071855260782
812.3858005594085,353.3620991906082,52.513347608299085,101.47672305276139
799.5676710513109,348.6466362765882,51.67210570896693,101.25282557757872
795.0908830850815,345.4943829643274,52.09895873340557,101.19243018259965
790.8404404105236,339.47219562760347,51.09695540301709,101.58799637673843
786.2653542754841,336.134413561942,51.315507075256555,101.00739166574562
780.1718773946051,326.93360774891244,50.45524060691219,101.35650733538391
774.6418929513592,325.7942591052439,50.059429464107055,101.22904307601385
769.6138054082688,323.92483619280995,48.70515933696991,101.41571862423987
766.6877650657076,320.9128608393214,46.14935828533692,101.45386381974231
763.6097644559338,319.2026949290352,44.37217202014343,101.3209508111369
762.5127889712217,315.75566467317776,43.139579276951636,102.30348702704487
756.1040774567701,309.02485593729386,43.12899270044694,103.07512589926438
749.4942004083349,306.6733320372608,43.827097436660736,104.04030276770499
743.492342552232,299.74649170517876,45.76876328314385,103.17139203172266
734.2838995821054,293.0305287715259,47.690003700325875,103.164565724651
725.0444245676647,285.93237845508435,49.042260003621216,102.71801929637684
718.7269108330037,281.65808568413297,49.95149840281401,101.7246498440779
711.7777856931882,277.1819934159646,50.0375328773912,100.94720200279016
706.288625125389,274.76234937149206,48.94252980949837,99.5294653267206
704.7743438102852,272.6416280149151,45.47197935682014,98.99140040285062
701.9988990031667,269.0114648251585,42.58812127513435,98.92773262266527
701.101408200531,268.18653189325573,41.35773538200814,98.02289668135609
700.8036368477882,264.3649262344834,42.71308716427964,96.95109354119809
697.4675300676578,259.4529839593588,42.64831599477354,99.46146338197464
694.0364908860726,252.55386528645346,42.68060567309918,100.85705275567841
691.0458893734722,243.9251946955065,42.618861882809135,101.39049600361238
689.8085231583322,239.02985419368804,42.7604835037631,101.99746977000561
684.9552326840221,235.28615811735023,43.339026046011,101.6462398294806
680.2857077575321,231.10606293887886,44.251333345280145,101.34450868526363
677.3421508665855,228.58838278649677,44.23187001688288,101.13088226898903
674.0311942160898,226.24288578150032,42.78085202820131,100.98834394560785
671.7912628562001,226.2271751630352,40.48042032964572,101.23222516397959
670.2661155045618,226.12780321388055,39.060213133203206,101.48336005120507
665.5556498581593,226.4910321969549,38.828900811811295,102.31629108022693
659.3475821513898,222.4985327312204,38.45963011267946,104.54329488306442
652.6462146702838,220.55835217787632,40.02801639630246,105.2010381251438
646.633143924977,215.26472096017656,40.89106527369582,105.7711239324305
640.3286770806837,210.86227042128388,42.0139102095358,105.8043470393296
630.4668067602383,206.2202222080462,43.01858041585645,102.69722528038017
625.5893404060683,204.26319285650052,43.560877130238794,99.58925649094836
619.3599917309921,203.5990656557055,43.45915444407541,97.07754340329583
613.2225377392344,207.69020199242746,42.99056457907995,94.63535871584436
609.7104353664993,206.9572061059805,40.86430622030231,94.17266446597978
605.9120659473098,207.47592145855455,39.284833701564594,93.85048747157843
602.8206512272423,208.20470444691642,40.14191755911909,91.92804198206782
599.2664873138978,206.81403114097182,40.98178844992556,91.55399952344618
593.4467423904988,204.74956479863033,41.38079310537822,93.38530332858204
587.9053333165207,201.83649189010345,42.02985823972365,94.16378068860456
584.0174214706699,198.39886074477047,41.569158303190285,96.36140206435353
580.8715997416066,196.3674399977696,41.26680857436619,97.99050961823076
574.83677853284,194.75239710219623,41.59038299110609,97.98021536062566
569.9777201832665,193.9918362287401,41.97693001862221,97.4459493721711
566.4223525536482,194.78412342346712,41.42177696837995,96.90672636878728
564.9147862443463,197.61423671196468,40.8167127676783,96.43671061103655
566.4199464620912,199.3758531930776,39.245345374218886,96.57096051128323
568.1907550142961,203.6743680209901,38.984519552462835,96.40956451482106
569.5998559263337,204.13250934667704,38.4972868236177,96.26773598026845
572.3100346247945,204.8127185803946,37.77439723065113,96.97831355889963
577.1119720425045,203.9477482004732,37.47103566274825,97.36674056580513
582.6106038050492,202.04855744189112,37.89999207784455,98.43189173056756
588.6840399208971,199.40779297092942,37.925199886126656,98.74502734668526
595.6409147852744,200.66323589299125,38.24885402700091,98.52150789278987
600.0567021643815,200.9477164501913,39.319230104968504,96.75658160752948
608.4356051120997,200.43962664561104,40.12274546807713,94.53074156336967
616.0500000549499,202.3836337977415,40.42344319223978,93.51277077526781
624.0525177176568,205.48870580683325,40.307450721135254,93.5528294128766
633.7058410754729,212.32874185249113,40.27460199439447,92.9361995517854
640.7462152083008,213.23384823166353,40.65844570871912,93.10960707942849
646.9476102513698,213.59494730170633,40.923795080283654,92.59089094136276
653.3772627063051,213.08656674053125,41.13074001782528,91.91258227382646
660.5205620986102,213.2120753183575,40.343030202636655,92.27695732627328
667.6092502459812,211.5782178425202,39.601872169613266,91.37882497646478
674.2649915342192,214.1423417864491,38.59364181329108,93.57755243421855
679.3489016438268,215.80923918198746,38.67527609236682,95.42063275758271
683.0761630733077,215.5073221721892,39.18881325003715,95.72785630259278
686.0390425357797,216.20942820407285,39.583166553486755,94.7891940952498
689.1822128809415,218.23882005575135,39.246438957492934,94.99812679966868
693.1733928665814,221.97518628190622,38.55034435944323,95.56081476514458
694.8768591442099,227.31754708086103,38.21776669119484,95.69943835156111
696.2347766320869,229.53975031651544,37.01024739785196,96.50665646445029
696.6326329780385,231.82338456649748,36.0396586865902,96.84925239014541
695.3677162265948,234.4096002101025,35.58989485938427,97.91557823641924
693.2952464519884,236.55238429678252,35.471546864346536,99.9218434637855
691.4924275744455,234.00813300619907,36.41523593855468,102.28266035502627
688.4402274001894,231.50981256347075,36.758969916674914,103.66676385644976
685.7730786100216,229.07389086939182,36.979253825135686,103.11480200779118
682.0264760284074,228.43412646516228,37.49950900667449,100.98649580953641
678.7399814556125,230.61877556243374,38.76215393305666,98.58431945451679
673.8693131162946,231.88727785532387,39.72755829968069,95.82945945994882
671.9566768800255,234.09547815915568,38.92527969342248,94.89205107602479
672.6485083981771,239.9620966585623,38.87844584260497,94.38466895086879
669.9625932358505,241.81957571036008,39.05988271938226,94.51910373820337
668.4114743039663,243.01501085339106,39.36078953990733,94.90875460654513
664.4707876544227,243.71039861892172,40.0119429979912,96.20018594460916
662.2659385262706,242.85999762791698,40.33409538256073,98.29258761157234
660.7144498101142,240.8587899384198,40.15898400681389,99.8667443331113
658.2703768696007,239.52668677349172,40.49109627654323,101.97351068007636
653.7742760919854,237.3258310296173,41.31775046086321,103.22915693268723
650.5389130938993,236.40052080814348,42.10673283520918,103.13564206736916
645.556658381962,237.27959887768435,43.15098945909576,102.38175338243478
642.5068933856438,238.4237023750445,43.03648966276133,101.93878125862511
640.6720170925314,240.6559562111786,42.147562668297645,101.93588771828442
638.2000641428672,243.18675711925295,41.34722542263727,101.54264232074534
636.928498974359,247.52165373740405,40.30363553145849,101.21411762387183
633.7729361408411,250.38043356112598,39.310514296028224,102.27532699269389
631.1706356062846,251.84396393782677,38.380982979887364,103.15660178197112
627.2234829798186,254.17795978098798,37.810862192170006,104.79606992688647
624.2709595443908,254.1925901886795,38.22683912436578,106.19000578489673
622.3879947055473,252.38263391188576,39.241764582997895,107.52031224412383
619.2747890608792,251.4506704476088,39.93119238234373,108.29118416283583
614.8293107707735,247.67385214134848,39.9568554597474,108.47310475286503
611.2656345475784,246.21343489531745,40.27801026285761,107.36236261147371
607.9080492997234,248.6680285931914,41.70253134450513,105.200038104062
605.5655446613877,250.7151751601058,42.073274893179786,103.91959918776254
603.441524684285,254.4267511276012,41.104945695316,104.73541037990793
602.305244016965,257.1949337730559,41.59551149505913,104.25335254978344
598.63049291274,259.3299478303114,42.82444399754604,103.65083232215903
594.3763968174255,260.03650232446194,44.261782954837656,103.33534537079181
591.9412982829007,258.99311682736266,44.55155237725026,104.2994842191087
591.2850234067245,257.91949987107694,44.950972263479514,106.08827543773151
589.1677308407153,255.7907674442192,45.30466488031538,107.63535020050456
586.8522630702503,253.39156182135537,45.937902591045216,109.0141657278484
584.1844492843746,251.134461700357,46.53462425611929,108.91455972213394
581.6416832426715,248.50541992949616,46.53368430507119,107.8677497702033
578.8592118014617,248.740621998929,46.27914819884338,107.06620743773036
577.969041779943,249.23308047161856,45.83038944503629,106.71713877611887
576.6507240415,250.2433467056457,45.088424801377926,106.52346435173524
576.5530182848748,252.83713984379654,44.180489489982094,106.5134837044009
575.0996880693377,256.0227595881846,42.94986325800086,108.58255374016083
574.3723350814039,257.07500849987207,41.7016638173801,109.10625382518745
572.8080894014245,258.45673349151934,40.69341544650383,110.42084015018145
571.039666618595,257.9033214140244,40.41872017010655,110.82955116172725
571.3857652823622,256.4557603367051,40.91376833073901,110.7551093553368
569.0559779197233,254.97974853911586,41.457931774430946,110.50227083274794
567.0355378901817,253.2300918436016,42.455745093478356,109.85272376921714
564.5776367435224,252.81052574217577,43.190354511888415,109.61818987633518
560.6502791102623,248.65882977510944,42.88229855343288,110.04037291383086
557.9605607541018,247.55622286330583,42.91834813883139,108.66990886573399
558.4201572257512,250.59774343896078,42.147992121158495,107.99772253086084
557.9354081873028,253.21025695966227,41.57379009906387,107.54764360957505
558.1310219651385,256.34557433832504,42.04661978626264,106.40231593537939
555.2504146781811,255.32940652384806,42.53741762357479,106.6078506219124
553.7843041612336,257.7900816104692,43.63534767617688,106.70095958181832
553.0103113652195,257.63917390080144,44.901548525134494,106.68416087590208
552.5149079242386,256.9364901452402,45.72600556395203,107.69981116576452
551.2942122787325,254.822463002419,45.81533224543662,109.32051843984075
548.843103872843,253.79772449742885,47.148002596110175,111.69969007853653
548.4616205552466,251.3067668594806,48.02563563364299,114.58656598675725
545.8140971718515,247.97541443673956,48.70257651206654,116.75808850496882
543.5485678903163,245.18683502115505,49.25972760443372,117.35259991716202
543.0513665622027,245.4772446235931,49.37727798672002,118.08755026547045
543.2520919201273,245.99649735716025,49.28647079480213,119.36881441923151
542.5660724764726,246.85977418149156,49.15416724532105,119.67694209075933
541.230887485427,247.16747205903704,48.76473111893757,118.794867734165
540.9969357672969,249.67474831751178,47.52936113963226,118.97225933952998
540.6643650651956,251.0125286407134,46.1981282943765,119.03450048336416
540.5390891976249,250.34736711186463,44.63416276992024,119.4371544927524
539.4131749341825,247.61758914369716,43.32985850337852,117.89088920105999
540.6833360220674,246.75825682857473,42.18926510263326,116.59904267140796
540.781984957309,247.4022800587071,42.09313656501196,116.7001954680402
539.775659544265,246.7764524736412,42.68806945744514,116.9908232543677
538.7049284337246,246.12261799696353,43.0754830926341,117.41724641581092
538.6848212470297,244.99850602466734,43.57064201701489,118.07672738898307
536.7122681749818,244.1369634851156,44.82079901102537,117.8652924619067
535.769805777451,244.17651490501237,45.379026218119975,118.30290020150849
536.2262936579634,245.53660961369923,45.63937075052165,118.99914817160115
534.4454068696483,246.3518096407288,46.38743125342151,119.90241425142264
533.7464900883001,246.85292772225915,47.41664930803839,119.18422309916707
533.7360052885144,248.2690045311399,47.881739851156,118.63270269254141
532.5819057654563,249.2623220514823,48.374089354654494,118.07753888045619
531.6975271288562,249.49463993340987,48.37604586663168,117.3276368066245
531.7122085530486,248.76222610778333,47.98649298433419,116.56438490045872
530.1813798743462,247.7901391062614,47.167662899722416,116.875431214141
531.1259245910461,246.2798962927557,46.604453159354165,117.56521215212655
530.046782498327,246.04871798175026,46.083231281330875,117.9841938371097
529.362133443318,244.576033804889,45.92884715467747,117.09837303525364
531.2213537080826,244.7569126609319,45.716466033336275,117.40441503439523
527.5749358452736,244.37110770590593,46.17905626411174,117.96779790606371
528.9179839494249,243.84447611423747,46.70184858654039,118.55992668545662
527.4124390292673,244.18243968948678,47.11458527934876,119.57498581063092
526.4177386045423,244.90544833154019,47.950785979262626,119.24884061972477
528.6353601800829,245.8503230897722,47.702757202723596,120.15427666920922
528.008782352752,247.6290713070585,47.18474951300241,121.69203131801066
527.9731073814229,248.18236730304687,46.42959003955714,122.68148982690367
528.167087555342,248.31381154702655,45.83840173959603,123.39509618767252
528.2038623197271,247.64530281591752,45.466061368531264,123.8928511643864
529.2296115316584,247.50464277621555,44.89097106863875,124.0194670157468
527.5922118585073,247.1180477937425,44.834770563713974,124.98125783377836
527.3276800942301,246.58935004871202,44.39603246177151,125.10335279483621
527.8657256223195,245.11133406361543,43.64845565372556,125.33452457368418
528.0603670630655,244.62077343513684,43.47256662434805,125.54828693152484
527.0334985741094,244.13161288236915,43.748355461162255,125.71021686703534
525.0722835892321,244.27051643864587,43.93407845879455,126.22225492307246
523.576317262208,244.79100577549985,44.000530270252455,128.14864485211714
522.744319015643,242.13987101522952,44.13494736236632,128.57098673746498
520.7198011810775,242.38172314687756,43.99140471576236,128.4990383042184
518.6372052730729,243.2178267479293,43.99531017770671,128.52839755986332
516.6442160600757,245.6122906995363,44.155776432909605,128.82986463040424
515.5243523676818,246.21493187240202,44.539037762780886,130.93538545964535
512.1303455628893,247.28164126906273,45.30346462233538,132.98679923926088
509.8403758433829,246.6834199786039,46.51266960814688,134.6299471615177
506.5798150090938,246.61363766919783,47.70284053972558,136.25766893345943
503.51358656713006,242.349384111742,48.12624962931099,135.80130895242377
499.0106427912921,243.5274805736781,49.46418416661312,134.51318822837305
495.4696645865593,241.98469890506158,50.2467350012802,133.2682914940424
491.1453531745462,240.81503867664904,50.20977375700809,131.8264277543953
488.1668295825708,240.04302320869994,50.27649730204284,130.88255271113698
484.45407128556656,240.4623171122128,49.77316467577549,130.73082707480756
480.40714942443304,239.17808212725075,50.26075954245169,131.6985084514394
476.5366754350436,238.26703407880703,50.57685896471197,133.71993183838498
472.7689708547483,237.74856508914627,50.35343996215555,133.56760528180257
470.31238280476236,236.7466253796984,50.202237323724106,132.85910381462043
467.55453330601887,236.1684294270211,50.12242297740008,132.3183752918897
464.1092887685047,236.36182862301771,50.03802182034226,132.48105245054802
462.6158779620297,236.06331471570732,49.910383918674356,132.92051969314065
460.79996123739375,236.4841751261231,49.55592381364016,133.85360358365094
458.70524545711896,236.02097029780955,49.30321241078042,137.01606861442355
457.6226792097116,233.28051387485044,49.39801595471323,140.1283083741754
455.7813821951984,230.9732476005467,49.86536592894521,142.1195942530136
454.5148569414603,228.74995331440817,49.92636648486807,143.04840705128856
452.59908124204975,227.07633910330784,49.94825673371051,142.87265073037094
450.2575049032807,223.52856411071352,50.00885749321886,141.2256183943926
448.49379889832665,223.1041464073376,50.20994957018939,140.59805855177768
447.71313473045933,221.89650802340765,50.1794847264119,139.3287490330928
445.33548509998417,220.54309174366642,50.19238334115252,138.01350832368485
444.69891357185156,219.84843225823164,50.11729377050278,138.24141720124692
441.4252726473642,218.98809077938083,50.30472759701666,139.4612017977425
440.34384729100987,217.5303252047325,50.101489204119176,139.88665855090574
437.4357558152792,216.44472873731007,50.3433370573139,140.65605752899395
435.6378179570868,215.9381377100565,50.549336646455664,141.81760235417772
432.40981300619836,214.84801036351445,51.25369192329359,143.23785973900763
429.5307017783893,213.68604057914283,51.82495654276053,143.87863196937957
426.58072155132714,211.73785937793178,52.54937082760386,144.22050809708244
423.63743676647493,209.67182422349913,53.106411588714565,144.72393751582626
420.01108427419337,207.05926563465835,53.92384912485238,144.52110192708935
417.2724754948585,204.46416285052862,54.53831710695356,144.81262966942109
412.96061307934053,203.47795721039768,55.61606482235828,144.55745730290866
409.4411087454702,199.93126825688734,56.13720211024667,142.59482210262954
405.02069033340734,197.8165815319237,56.88674846043446,141.34269349643503
403.2850968208787,195.19018424896734,56.42132168735023,140.55107544943272
