385.5,460.5,17,47
383.3832390644484,459.063167129923,16.889208249582175,47.10505371298574
382.68226094701356,459.2068975530718,16.556699958275424,47.069363601475004
382.50448450643876,459.6708018353383,16.61906730733201,46.80069049779571
381.9899193383985,459.4743342814796,16.62224613870514,46.86384556334153
381.4558525622136,459.3388769868308,16.791439068268463,46.881036203445206
381.2183676765816,459.2817012570761,17.241475965165783,46.95542704761771
379.92310779985786,458.85001479566336,17.525943033829293,47.11424290924793
379.66640671401746,459.12622569911554,17.90145203539177,46.82476070448013
378.30072120073856,458.83212667833845,17.98669750691116,46.36705446727911
377.90782428939866,459.47095094956796,18.15275638667789,46.04541686251085
378.09020357875437,459.72685581883786,18.18159615586872,45.88045275080208
377.0371139907053,458.65616309553786,18.206568294994867,45.903995046309596
376.03417084974484,459.4224306515755,18.05565979046255,46.19321617793999
375.96541106041656,458.69792709638637,17.826503276971227,46.13155822922863
376.2483704726159,457.96688490924225,17.583257505121964,46.16252339994937
376.1126990281744,458.66862084885776,17.277022922271797,46.034970481289655
376.1806066674309,458.5385110528621,17.105817642968496,46.011638529329915
375.15075029101365,457.4618575852207,16.755359840688268,46.12376843023468
374.7231569827285,458.9885507165386,16.557074534384096,45.65130095650869
374.24810927861347,458.63998569059294,16.42055867170958,45.66297509008802
374.2074778137401,459.4615123059943,16.47694166719012,45.41687544204895
372.67641128930615,458.5987139413623,17.040687140908556,45.60268714380903
371.9497008211424,459.34482042437116,17.54765319461418,45.260433622791005
371.67310791420385,459.01004105509776,18.097870035244036,45.12150238302439
372.3379948918311,459.46582133803764,18.65553080098258,44.66038103185102
372.3196334593111,459.9673817963935,18.919753016928027,44.262678618423735
372.2806243774859,459.0624989216732,19.1947375157558,43.52077953861027
371.4817278372112,459.00134026457334,19.331067621756844,43.11586825898364
371.51046476190845,458.5703748580697,19.33952197075955,42.711269035064575
370.6841368026259,459.5854795569773,18.8105730271114,42.58885578173488
371.31015826915296,458.6298996359635,18.737370373636487,42.577166683866864
371.2255322501322,459.5205977807379,18.086182000110426,42.452814566605085
370.8920036682332,457.9191919563437,17.475319752249163,42.69689122622722
369.93472637910435,457.1584861420506,17.442116490350205,42.96441555909041
371.2981502306783,457.1894302246047,17.056839879808024,43.282158615276636
371.5178688226727,457.33958032868395,16.757723175688977,43.38952690825686
371.4941066287796,456.90126818983026,16.59087384080269,43.71176719281536
371.64566360921464,456.3707765795053,16.6291948057272,44.09536240105618
372.5090280851466,456.2441505247864,16.708232793980226,44.308329016315426
372.5834803926043,456.861419308589,16.844955186549228,44.01763707840227
372.51650226839234,456.25686998724933,16.995073262343627,43.86723197504891
373.1410878718609,456.34574581948084,17.098828905725455,44.15481010666166
373.3020768180095,456.33961078395606,17.03803314281145,44.44790337865231
374.2553808248268,455.1258343790361,17.02182911515394,44.91832980947914
374.0395385351769,453.70029282658464,16.795077932525157,45.06777111636267
374.5896645307304,454.3483100598621,16.790423089359784,44.85589542799829
374.9934398755875,454.31767458047045,16.58546778853486,44.91846278524439
374.859881729369,453.6036051926283,16.267382459916288,44.92107684931979
375.56903190296305,452.4252367854427,15.712635875164125,44.98775028249601
376.15834843233887,452.5019809101973,15.433374023172842,45.0413160966646
376.295536912892,452.29852757471576,15.208296860972538,45.126759629762546
376.3833264383385,452.37327463717804,15.276439325019748,45.047122945726926
377.0244371086477,452.4088247639345,15.42750822755015,45.21866804529283
377.36383293170917,452.15471471057714,15.548398006521811,45.515670465473576
377.3527799506087,451.96528910916055,15.813059870130914,45.84273254846714
377.3781192727283,451.81955068091105,15.994955837793874,46.06691658057855
378.093648169721,451.6411365730598,16.48979933756306,46.13474085784458
378.73134915949805,451.3024375444678,17.040997790404955,46.070696532692835
380.06085457987,451.2349365704899,17.53706917546061,45.902466615481075
381.162404188818,450.6074641774985,18.01837981436081,45.42078692216997
380.3272906218592,451.3665847317161,18.025329679868705,44.895318273718715
382.01845964084214,451.1674836259257,18.37653217687605,44.449340318578095
382.8115635120766,451.4131093285397,18.375615820057764,44.03933625796318
384.03887049180486,450.2778495520961,18.1024498433893,43.964554659574816
383.19424395824154,449.9045611195224,18.037431522462054,44.03653873173432
383.87998304070925,450.66217754130327,17.700102289029907,43.88509771155973
385.5308918278054,449.82349036967247,17.095725339074672,43.77559263454087
386.6227738356562,448.928205922897,16.343316799752483,43.4756063370518
388.20349625035055,449.61830518884904,15.836490948864126,43.08029629916243
389.64098234964814,449.19988415358233,15.688256726343191,42.86299362959114
390.58353264405395,450.02207131554167,15.384790062969495,42.63835962492459
391.6315088324757,449.8555273202121,15.241616025512005,42.48250952239829
392.5894380395357,449.66855978386207,15.413129914401013,42.23909878516184
393.68988811437646,449.84299185303746,15.697936332483733,42.159964648499056
394.89087877676155,450.2824668673906,16.1225965673144,41.94791877123234
394.93197285782907,450.3234706705988,16.381827356929186,41.58628586822323
396.0552459663048,449.9949464218392,16.61446242965048,41.403008891003466
397.84087934114535,448.77691829567254,16.5394610913464,41.49879581617297
399.0591842867956,448.12303714828533,16.352609205188223,41.366525628800254
400.1033518614381,448.1283868474159,16.093725736086565,41.23111810703387
400.77142350411975,447.8896677814603,15.835097695207224,40.97227627449824
401.65935448734666,447.0366003431893,15.444932259095527,40.81806650267892
402.7683236570474,447.2214293915198,14.917030574166343,40.55921269559738
404.00155910402754,446.52667438339375,14.623169247848349,40.00826894407293
405.71525221421825,446.3915890166452,14.539400943573986,39.93693352422497
405.7367895777219,447.09647323362145,14.335212894785627,40.04029933137652
407.0046697378029,447.1971633927126,14.44052580155234,39.9265783274691
408.77011063205185,446.2875657021551,14.724718695290111,40.06534961438391
409.60297016028386,444.8015680493146,15.42423043754739,40.65120028200344
411.79450082682894,444.6177599172241,15.85700887191329,40.5598363733119
410.617411558496,444.9768169908991,16.35606114686817,40.681857919511906
412.8772824434834,444.476958069917,16.759079386658904,40.560554013887064
414.58838567813183,443.6733220537556,17.25320397014222,40.66766904757554
416.45228295738065,443.7176716925583,18.16934080049956,40.28323602010361
417.9879525880289,444.362153973493,18.601193963977174,39.59090179308835
417.65248762682546,444.0270644903854,18.89973430160431,39.06779112173798
419.1830208391776,444.24740595046705,18.864525802315107,38.31577922422826
421.64852500029946,442.8056656077108,18.562977338012058,38.48078981315257
423.8381062525203,442.15273409055465,17.74597008030499,38.42839364641513
423.6945961139114,440.8293531276574,17.43975027525883,38.7433005135396
423.45073843781785,440.7523655041893,17.37505836273652,38.81942503124872
425.56090367102934,439.162031306738,16.396076162915012,39.21206995431892
428.2251018889614,439.54843165413644,16.20637258288593,39.35331107671034
430.3014025622025,438.6430124771053,15.8621728210289,39.59121826030917
432.32711816512165,438.87733150316694,15.530897331132994,39.69785622537479
433.6615932668881,438.1226495418558,15.184048720617696,39.94894404307003
435.3502638932056,438.9761520213433,15.162619438121324,39.82715477184682
438.3605457450758,439.2975419047307,15.159604295477074,39.50070111662721
440.2368930030342,438.0115350020486,15.675532177936747,39.354015228311496
442.02522896596406,438.3092056864632,15.980129468614432,38.927359265928715
442.11861786487503,438.6289109173751,15.908861270239768,38.52315333684745
443.7765460199257,438.7870382637781,16.052471417505334,38.372988461923136
446.197703686576,438.1274996702864,16.447788358832387,38.09694116579794
448.2123100325672,436.6313779296244,16.164366625254573,37.91202319196752
450.5077929161543,435.1712166860291,15.936829927599387,38.11056943213356
451.4586843914725,436.5661053759039,15.311798256794013,37.815116736527074
453.33055102593266,436.0125804887791,14.758535683369264,37.44316236610807
455.28463371637895,435.3107271987649,14.3112887289904,36.95710129934692
457.80304017301916,435.20631299383655,14.242948773320993,36.671964321859306
460.3071652224683,435.7889060578777,14.351396462661235,36.6780222190074
460.8286599333172,435.5741360479775,14.088443430791145,36.64502703630457
463.36650395027056,435.37894330376207,14.17105102829314,36.97556804577057
465.42104337258206,435.0286933483327,14.573998970474367,37.239334263744894
467.56657872167426,434.53788355281,15.190517231030146,37.16792848991447
470.0695734088275,434.4194544530076,15.838347894565496,37.0281283392901
469.36761701609385,434.00338262505727,16.549080118967154,36.89401031029617
471.68590660517344,434.10568756730004,17.422742449291796,36.85584611322388
474.3119165673885,434.0308960318373,18.110692541341272,36.878061210821656
476.8676297118509,432.947759190151,18.485934839147347,36.922049528135986
479.99398382852735,433.35401402187756,18.32133371486425,36.64496195139844
480.00294455305044,433.30123566006574,18.144391603510332,36.19895958440782
482.75850528095503,432.40025064091054,17.689079645534427,36.2326736736978
485.74374541265104,431.41778395474523,17.24821764538708,36.35182214345578
488.77763140745026,430.808454081015,16.911912902797894,36.49980091500236
491.253963012605,430.16747167438217,16.177771764326785,36.8204860976069
493.02001352189933,430.6769479971436,15.398218963511518,36.90732263665443
494.7169593509886,430.0223546362965,14.709843882100051,37.244968609275574
497.0063620062753,430.1874036938149,14.64579954259592,36.965067331872625
501.34994510859644,429.50487476618406,14.040175353029307,37.56629583666274
504.8341921032798,429.4641455868989,14.094401223739462,37.76055909236263
504.9079818427104,428.7724406845369,13.978947419066435,38.102467375022414
508.529160130095,429.75260691783774,13.984415990018672,38.066799525005514
510.86552064491354,429.3917401701392,14.313398699547836,37.952283013250096
514.023964516479,429.70618609131685,14.786755058894848,37.39804839501346
517.6663484863284,429.5770392988656,15.41811337041683,37.07119698327293
516.8630481167975,428.75522561777166,15.794597503720087,36.837692406526415
520.4804461460976,428.6752178131748,15.837600574605947,36.748803131858566
522.9094418794419,427.83270207196244,15.932900047248161,36.693849029070634
525.7234947598706,427.7339009683733,15.901695226332269,36.41347160601712
527.9311742551344,427.8554076553378,15.660373692317243,36.01790775827887
529.42118131019,428.2585064178403,15.100438575049507,35.826882440629355
531.9961026222767,427.38955037628534,14.762319183145603,35.619167668842735
534.2927972526226,427.92736493351447,14.296086180083206,35.07783685512751
536.9511195713113,428.0567187269448,14.394490618785952,34.71315831933241
539.5806021090003,428.21970899787823,14.55560286732151,34.46189034449684
541.3190427936916,427.6362728393702,14.018844102309206,34.5953045478426
543.7670867083898,427.019742482143,14.09300497210089,34.815456922796514
546.5215200755132,426.4894472299074,14.325595700164984,35.24785887679552
548.9769250601299,426.32401368356767,14.841588366124398,35.619989557247806
553.1308214779233,426.42590310229934,15.187969381550932,35.60369693621029
552.886575266517,425.8689527597904,15.224015313837231,35.572779076840426
555.4227503347245,426.1385901390256,15.87608286388459,35.59619183458247
558.5957612431573,425.79042716356895,16.147072117270476,35.42989564365772
561.3777198303537,425.128277727761,16.65149238336825,35.30365158848528
564.0676803600544,424.2830330302138,16.91777531871797,35.37229979133416
564.4405784166343,425.17474934259855,16.823745624969067,34.89344356350685
567.0513162893438,423.8852662839652,16.974360696047665,34.946785405565954
569.8629482197301,425.31585807890076,16.599503722329544,34.106198081487705
571.9339283679917,424.22646624532416,16.951493792780102,34.20326664167679
573.766885100518,423.2607763492143,17.07057349941941,34.336529869145764
574.565007296374,423.1907574468431,16.429941886371058,34.43456905653717
576.4889374595364,422.44931947862455,16.31494403258052,34.71573810668285
580.7004307098562,422.2034855422364,15.821306954395713,34.76637646061633
584.6383025656493,421.89751121214124,14.879824564831198,35.43398959308862
588.1855221196662,421.2118483638574,14.619998780008864,35.776121888319615
588.7054315547475,421.7467727412152,14.357341627261063,36.13305085405542
591.5951336736517,421.1525247584898,14.392637992937823,35.89054920941412
594.9402985862491,421.99027430104627,14.451547612475597,35.48893978513635
597.1010262359439,422.5372806561567,14.835169961249004,34.790567656761674
600.342356861782,422.77244215038127,14.835729286812715,34.19648519743261
600.1401389596226,422.21188511896116,14.78758478817786,33.73167368120172
603.5501018106214,421.83137368285145,14.563393682432697,33.37034299964918
606.0592872182882,421.10979047711567,14.857857606784211,33.59784812381298
610.266910782197,420.7063107814031,14.282872415154301,33.63201249370425
612.113091329046,420.27914823787484,13.739211558730364,33.62154702194574
613.1753247226831,420.58307158858014,12.887133587336159,33.56818957548663
614.9422795769675,420.17888427710454,12.911746818449181,33.36285000413997
618.5140267015464,420.5373822117903,12.418831068131711,32.72341280123611
621.9736098500765,420.63928494837495,12.255803095809242,32.41243276763922
624.7578046521971,419.78438800541795,12.427309312185614,32.29181712672823
624.5977417975994,419.74187039964073,12.35740040538761,32.354486961929396
627.5459751633301,419.3586298487535,12.492619026251482,32.41793163620606
630.1656656881856,418.81103263140017,12.959420933236157,32.26902931493122
632.9727676997571,419.1422016271857,13.726017157285458,32.23645498617522
636.5929689738994,417.7359012994544,14.09633142876411,32.596959417806666
635.9823805927765,417.75407364241767,14.552500933548234,32.57390010335502
639.6452296403634,417.64681892176014,14.718384278346576,32.60890769823743
642.2368336718032,417.0877601732447,14.937533793744464,32.73222099175802
