609.5,171.5,29,81
609.6342908481862,170.39195514579188,28.07222085394357,81.69497643193459
609.3347240890661,170.74009825828568,27.3530513831776,82.46244629138913
609.5644468161817,170.56076273505997,27.086845573116378,82.66011343528608
609.4730355885447,170.74373083023897,26.699893937146516,82.2671627230461
609.4731127856727,170.55105067469245,26.209636894155334,80.85163103870919
609.0453841437998,171.15679349078886,25.88087648647968,79.01113198736506
609.5633689307252,171.34557720571547,25.602605865780454,77.4499497074676
609.598282778234,172.93459240388052,25.358533677516956,77.55480510100871
608.748330101141,173.7852416222109,25.174399629694733,77.61947594077617
607.9490407920804,174.92528691168002,25.266875447446814,78.61266693608717
607.7058260350157,175.13301296879123,25.735190150766833,79.84492681412856
606.8966497781194,175.0428027745396,26.167024114640327,80.41882765254671
606.5831916317215,175.52260879534785,26.42579991857287,81.71300455898933
605.1924976266558,176.34019385293846,27.034691609887105,83.05558140730909
603.8911529101928,175.6819518731998,27.401210035656984,84.06604969648689
603.2368750021221,176.566503736255,27.529828131499393,84.9255029371581
601.9032140555594,175.2907747833783,27.593399795743107,85.03157133371042
602.0699420360103,176.45598881559533,27.285762478932774,85.5126473948715
601.124184284402,175.77351551881983,26.974706828508825,85.91464334154517
600.3189832714426,174.87178542381454,26.68727824892058,86.37756884451352
600.1284021527056,174.47242016260125,26.309018780194926,86.1217189168821
600.0517679751448,173.43291100652556,26.02948034544145,85.06132434908966
599.5186893589092,174.44993537068902,25.54658808126184,83.07014403751913
599.5185075630488,175.0726845673388,25.219445488404705,81.63909431377235
598.7712162015386,176.05526150381615,24.866427274535713,79.79591048340401
598.528407804076,177.03346399253536,24.46495964496504,79.17579956095061
598.0480027240737,176.22165744561875,24.21669375802598,79.72688333883536
597.7355867468069,177.0128370556498,24.121244230816824,80.41575052487066
597.7469315483296,177.77387807212995,24.331036167020685,81.20228131539668
596.9883194535751,178.34526666161264,24.944277061565916,81.7890034764887
596.3916885222092,178.25700373934825,25.466780080875914,82.554837046447
595.3010427599207,178.78398820328937,25.896539527663528,83.09779874161929
594.7239969948696,178.3845274602479,26.118816327598346,83.42300742576893
594.5277610512545,178.0894367703806,26.21751781215867,83.08733763925524
593.4179900206416,177.94611882597263,26.077844852250948,82.75132779233044
593.5482656178206,178.76225001127352,25.999986349576872,82.91004850259262
593.2900614712115,178.6295415594065,25.97775396486598,82.71545148029746
592.9836813884751,179.5894069710435,25.890084929212676,81.6113089524832
593.4794604271191,179.08786616431186,25.881456022056465,80.14044733245652
593.7393011178067,179.2083330690154,25.471997665764853,78.2411270541621
593.1652862575937,178.99768057020003,25.240609966757223,76.68110916723319
593.1637347427728,179.82950731742994,24.95321488872716,76.09766969636348
592.5450200922082,180.90243153888923,24.71598188593184,76.03036324753975
592.6334916693465,182.4556544629985,25.09797961910627,77.09054337588375
591.7739082684423,181.78568614236895,25.497573852975165,77.70062084384496
590.6066352347559,181.3793265315524,26.034755089377008,78.87171165108556
589.8287061109423,181.31634433131012,26.559831233465758,80.30509702057951
589.2452746788798,181.42259939572713,27.130032291484312,81.23397793064017
588.5628247698395,180.62110528179045,27.519282395094883,82.11241042769383
587.2949914245501,180.7714234218437,27.55495433088256,82.84924091203737
585.700299825175,180.2053086012563,27.580134601089668,83.8706456478763
585.4957830676365,179.6532882230257,27.331881710603177,84.27666457520925
585.0153305575873,179.87959454449071,26.975333703930055,84.35944731611403
584.6362066889017,178.42626919707172,26.658374327081773,84.38538979333117
584.1170253410262,177.75679700980314,26.313924284414,83.99497501793549
584.2229081814207,177.0425599852069,25.868109879450515,82.7265386858108
583.8283285216312,177.73154475310378,25.291987855569353,81.13468433444336
584.2599985927872,178.29560490668922,25.016292349888523,80.35787204524163
583.5944269166507,178.46707010556827,24.66466187365485,79.23492003960772
583.7236826858865,178.1152475839314,24.541211435308696,78.8110489324069
583.0694827594909,178.0695918307702,24.15144229510368,79.02064315917588
583.1234159657106,179.44969202677092,24.138488813987408,79.22327307227393
583.4970000672747,179.22640038994197,24.40238895497528,80.40004972247296
583.3488182176064,179.03915201515383,24.879326549885402,81.45542832992122
582.2048910477314,178.97041795631173,25.409572952776436,82.2413396696513
582.55211518733,178.6302634825117,25.782952732775772,83.21730702684685
581.4597312117651,178.20397479219938,25.950528081748075,83.44080047602547
581.7987318458195,177.68319977953428,26.070195628298208,83.5868156879516
581.4953154269842,177.25745913866191,25.93531792233633,83.23904138402584
581.650918968666,177.2982843719916,25.735002970897348,83.33776051802013
581.4060406020786,177.55917937811017,25.71642727275566,83.25996031911077
581.3593151584987,176.61918903740064,25.737866107975712,82.56825616318847
582.3115226025358,176.54578044815963,25.667067834243092,80.94347690993833
582.2300050563459,175.90407209946324,25.442144638430197,79.23295897598346
583.382795512122,175.898506558305,24.986497827982603,77.40934882352059
583.4349178649278,175.42140985472614,24.470009607118143,76.88494661624503
583.5161307129626,176.08891845973443,24.265647923277736,76.94825449186837
583.2052165720405,175.84424191721052,24.325699090253813,77.44954290318694
583.3032749872383,176.47795580584707,24.554508034194306,78.4763796808913
583.206652975628,176.66867888214455,25.069799827438196,79.44804193436323
583.1327909954358,176.82713162086878,25.73974970420816,80.58810488361914
582.8345073090293,175.90298172753208,26.450880251566907,81.27490314346
582.2262960569414,175.5429507623811,27.02312078896115,82.05816959321258
582.2453526516299,175.15386631514278,27.447620764962764,82.50302645308233
582.3267679457066,175.67640796801203,27.360028300345377,82.99573153845714
581.4497335633188,174.20259477415885,27.26131910720484,83.36202714994889
581.7684471299283,174.43199143046792,26.83511450339713,83.72945268079081
582.0974440052618,172.29090121698397,26.520932652153764,83.88510722885249
582.2590243685862,171.66727523954643,26.144682478185427,84.43219844192154
582.4206432554802,170.18117350781122,25.868697519614145,84.01923144564459
582.4275073565148,168.714170278555,25.607182572115917,82.59217966898856
583.0701490015285,169.00832204999887,25.30866264020461,81.19978485136258
583.044194779626,168.25169470559575,24.967068908201675,80.49694933783721
583.1490416612619,168.12903677372233,24.7317759558273,79.12019679643271
583.7584233847886,169.1735268570564,24.63469276847848,78.4106049621315
583.9384780006391,168.26515449119998,24.357782821748238,78.72583037144902
584.3421527846012,168.42800068993043,24.392513191281957,79.16524572488076
584.4448319620853,167.71605211114914,24.714415318624937,80.24694734177677
585.3267669527452,167.6746329515713,25.219877746210393,81.5998432199458
585.450110421209,166.8777990913827,25.731852615866003,82.42170863414773
584.974322453363,166.22970347218896,26.10121193111276,82.97486354278902
584.6888300278856,165.42280741045226,26.306008166507098,83.28944070711785
584.7308808279464,164.33997438387263,26.374778771166053,83.31668713213375
585.2616040477462,165.3762011066791,26.101712954430194,82.87002618987776
585.6603692742023,163.87181235250097,26.012677224361447,82.97510143917033
585.7799634473632,163.14177337058607,25.857565334764935,83.1701893116763
586.4233305492052,163.30041634786716,25.811980795006235,82.24644493159224
587.0883183133539,162.13153979437683,25.79326811270202,81.07663850068529
587.5257458825416,161.09337044646608,25.760215094535134,79.6969396751445
587.8729086283055,161.6898350668493,25.403329229462834,78.09968125366062
588.6541791251753,161.46886255820732,25.14676057344584,77.8157253825016
588.4472708726094,161.37608081150637,25.22458691787423,77.94166300069865
589.2781583641031,162.6495824090426,25.14854296439708,78.71152596506528
589.3694315364028,161.82414996973137,25.614854213334098,79.4684532559497
589.6479264533559,161.99704754150054,26.023543190501144,80.63730070865623
589.5726101289493,161.52842669370162,26.56481711138226,81.61428307100113
589.2611730758027,161.8429726362769,27.068610204771026,82.76360841550294
589.207615202775,161.19146694524525,27.38255739115604,83.38076434932026
589.0316368735965,160.3362243888665,27.479130975229197,83.90385126681105
589.7056857529417,160.0538007624953,27.405614887300167,84.54050046512052
590.0645246176487,159.6331630850891,27.37014754368559,85.04465296236232
590.0366502231994,157.8791233942283,27.092342899165693,85.2851024822523
590.2011699711765,157.9717986292921,26.715556025905574,85.31271644257609
589.9829372615633,156.88655189054782,26.44906178841648,85.0203784228722
590.3714651414358,155.61251057453606,26.143899518032086,83.3606954756721
590.9933454073304,156.07700512744023,25.725093257559557,81.49562782143238
591.3365451036223,155.96576373288414,25.35514258328517,80.18013684898604
591.8457024311099,156.48424317968627,25.04601329017222,78.92137561642397
592.0152595132577,156.76813067489394,24.66001718938599,78.41143673391835
592.6130638151391,156.83493784799035,24.35990823228687,78.90255923321882
592.8198673449821,156.26166217123793,24.450845311509262,79.04830747373997
593.3968901438633,155.9399199404744,24.866523677484317,79.51870001703698
593.432646750802,155.50995990297784,25.242018000495086,80.54234294986297
593.1911615112425,155.92048542508937,25.69933778651031,81.35129404663878
593.5470782770896,155.16353390344688,26.045715342996772,82.29093625904451
593.0696982601869,155.46781932319095,26.085474580484046,82.43807792871166
593.4393013068719,155.44399265424346,26.125887107986408,82.20139395462354
593.5758102517898,155.39116196173617,26.200425928393983,81.98698999029766
594.1707782650501,157.1583789869856,26.04575057921108,81.9322488757424
595.1228732049152,157.30775930091946,26.09893121911888,81.43308622646663
595.0791199940709,156.25145511302378,25.849967007062425,80.62586046529512
595.6199282396651,157.24345606062045,25.415464315922787,79.40186815691284
596.6928103543249,158.15174174312227,25.133885419854987,77.86207665216725
596.9617206361856,157.0430036290323,24.96023186095738,76.54786442858024
598.5408520440864,158.48792418720456,24.620864385121685,75.96718545212835
598.6356342181178,158.73112650529066,24.607397161873713,75.96359199869349
597.985616052317,158.60206420332955,24.819898350576707,76.12315086769279
597.9935053106412,159.50369072785045,25.070970722657492,76.94183580883958
597.8156618059676,159.30388793685094,25.53530465381821,77.70836403759954
597.6704228691722,159.47934116123187,26.081313033781534,79.03037423960977
598.0544575282191,158.7604244223559,26.431222884579554,79.94874727767974
597.6303075815307,158.76966512689313,26.70592230693655,80.726463521422
598.0157701048673,158.29108479738028,27.055433094194367,81.46608375240531
597.2724870554836,157.1172756268106,27.30829295707627,81.79722379345009
597.3172565005902,157.2835662171018,27.435611991920165,82.40757229798352
597.219222169926,156.82373650989615,27.420032859598116,82.28179902558904
597.3546187435647,155.77625680361274,27.273307816051307,82.13474927525307
597.9643545367039,156.68441816579863,26.868289295168246,81.92364937211694
598.0049099790714,155.09787555173452,26.56929810180533,81.28632672327676
598.0803295586402,155.34593923351497,26.062509689823955,79.70563169366208
598.0145466005366,155.78023479082495,25.547865412397023,78.3151806351754
598.6664317113538,157.82579337593015,25.202204807995958,77.3069709032432
598.2202871915642,158.22102455496298,25.04709134646884,76.11889329125225
598.3458844274084,159.3130073951915,24.766330445225034,76.02311649743766
598.7644429652878,160.10916817198358,24.732473815061077,76.30776058582889
598.3429477547938,160.70074265807077,24.93244301011965,76.93427753200473
598.7481133703965,161.360665704783,25.632587414442852,77.9795721150787
598.3164566787001,162.024828024503,26.204410600654086,78.6168942194131
598.2750919853436,162.67934307529583,26.529431080239654,79.77227466126918
597.6231020443286,162.92031232366895,26.797272189305183,80.38033047585564
597.5017162403641,163.17001165127226,26.83116301510676,80.8332865498246
597.7167531262365,163.57703549561953,26.818695686528677,80.74716416172824
596.779167550949,164.35427989580697,26.568007099707636,80.45485855074543
597.4018829770126,164.44471517239128,26.550905786879284,80.55863543252664
597.239969936598,164.93443597970912,26.48084288755826,80.24303816489113
597.7724647364972,165.15974914385237,26.576737787309682,79.17297938726382
598.1222174020671,165.4768032474422,26.449372315369438,77.6301894893912
598.5948263627656,166.1626334393135,26.16743589431185,76.23750814372322
598.6457847095269,166.3867506494435,25.961395094322665,74.89631269822516
598.2358890070664,167.69516354106568,25.804164268618592,75.18096258293434
598.4783270091616,168.681045280552,25.874130617295204,76.0226558777196
598.3429578287781,168.62511998194643,26.301494397917125,76.49194718499854
598.4197671504061,169.49927983899968,26.581720470018062,77.63659517185026
597.8504134982427,169.17831833333022,27.042192362700895,78.85365311618403
597.1414833350783,168.86624864984336,27.491236289455426,80.32881305772747
596.3796873468251,169.23106766495013,27.97256416207223,81.1254510199074
595.7657699753331,169.52274518182026,28.239106101768698,82.00779744700552
596.100262804921,169.14611313031884,28.354531574928625,83.07290938578748
594.6481226566509,168.62750213217288,28.494243542611372,83.43469387206582
595.8808568770559,167.81130322946916,28.07750690569551,84.49826005487273
594.9800078046003,167.1064172529509,27.782134595055496,84.66084367821256
595.4396267790491,166.4239963857624,27.645648981229527,85.17467216939121
594.8989526115124,165.7506985729588,27.438319385470912,85.15849676075766
594.5837982974436,164.7097841050262,27.480699956891605,83.9968786312695
594.4805647329157,165.6352839548447,27.022692002596308,82.48442499910875
595.1652545621771,166.6934714500099,26.666882295130975,80.58080829656583
594.5843332149001,167.6285543293988,26.357100853713902,79.56576635570869
594.2859136220422,167.58909710738214,26.13636112764831,79.12192255427387
594.8718952413293,167.00473603507902,26.01540301412008,79.36399691655434
594.9834804617092,166.92461983797534,26.017146319478705,79.41239789159178
595.0387857322565,167.06120600843298,26.252307180504662,79.87121052363034
594.5969297523324,167.32854126696688,26.782644182314755,80.26390852825288
594.1256686019558,168.08989217304267,27.204090876721637,80.38171012262596
593.8975414586117,167.4619336969027,27.43332992142929,80.94325293082866
593.2383113485985,167.5382621228728,27.168724393241177,80.70368823762323
592.798646732854,166.94999216494503,27.126536669831253,80.19698702455725
592.8489660982518,166.99633810932255,26.761691469976476,80.11363466861711
593.2715687487769,167.69344582232924,26.60408755642725,79.98005271123165
593.0699473238166,167.63891790343914,26.65586634341859,79.7867046221625
593.0126419862311,166.90602508626273,26.81786964395129,79.27308687993607
593.4608156109065,166.19567617287743,27.08420111316741,78.41142105352367
592.6850234083334,165.46608563593708,27.171631036425715,77.50754880556602
592.9551532107128,165.54952706787853,27.18724113019141,76.4289311818755
592.2620089476707,164.94538623792133,27.135443027361916,76.19536241797704
592.7285850964627,165.28721535852975,26.950763837592632,76.44224241385508
592.41324260072,166.26007065666897,27.040414309405566,77.4203463527176
592.6898560891134,166.85421386761635,27.239344901550275,78.27351400758981
592.0561243371728,167.098014086192,27.714130824121142,79.37399338058106
592.0044205119215,166.93929728512504,28.009604786460123,80.57314800245985
591.772376851343,166.60368801491614,28.50412054140786,81.77661331135224
590.8088266262959,165.996440655564,28.959241254220473,82.71866917607741
590.8751759054987,166.18820574800714,28.89335606789015,83.64218182833403
590.5047283779245,165.21907252143217,28.776389723388068,83.80771554680383
590.1485316401906,164.68206125570666,28.47804315712294,83.3559270020906
590.4330978784074,165.58448755266704,28.095973346509716,83.43414893018824
590.0491318225074,165.25109922525775,27.859536318638263,83.36661483881389
589.6277900524502,165.10255614004924,27.474916711436585,82.8827961797288
588.5973035000471,164.02978977870717,27.44616789813685,81.15577936856897
588.7142664272586,164.0785313372008,27.36623638043813,79.52929239301544
588.9202640460032,164.4262488392465,27.042012394746486,77.8454811291202
589.087721045364,165.67289984329508,26.898704127870005,76.37767417336073
588.8147248529431,166.18150098061656,26.46972712565726,75.62415137330999
588.8166727933232,165.92836682310235,26.120737398575926,75.7480522860233
588.8806339531184,166.0832575886477,25.838187681329153,75.859549082636
589.2143635379673,166.27713592357372,26.09435576897833,76.5753254423403
588.6052081396641,166.85078704437825,26.504969984697983,77.32838390419951
588.2908329370089,166.83277686211676,27.252729780481715,77.98009300992962
588.4223796896352,167.34670371405673,27.5976587862345,78.7753129316143
587.1254512725768,166.69924365758868,27.876411851048843,79.06855088226554
586.8205180258137,166.03382552747595,27.671810199204582,79.13441588623486
586.4670869989632,165.4997881130842,27.45343555094039,79.65306940459358
586.6117059405286,166.16017616917895,27.121281194808233,80.18702938211052
586.3484146725702,165.5477182314127,27.16069512062901,80.68907985494451
586.6248391444597,165.58487851469442,26.974329954611672,81.1528510671362
586.7760539864083,165.51009886700612,26.866328878535775,80.54223447874284
586.5279655480099,164.98786317398225,26.4670691107785,79.01850646865716
587.0245940409051,165.04145632191737,26.127136430999265,77.36716529035589
586.4929638991924,164.83622925043596,25.77954642794078,77.08440340748942
587.1085757346533,166.0059988778524,25.396898349060223,77.22526447652434
586.9229219462045,165.59237498450216,25.348158195750234,77.80379933612173
586.2772094298396,166.24365778763794,25.403064726244786,78.67979422522676
586.1674553879698,165.47140130521504,25.59003871731976,79.38483692277676
585.8645462785425,165.64127409209135,25.71793312569205,79.95936002149038
585.5366456235541,165.37760615489188,25.796534440151234,81.38248438666159
585.5477097846233,165.52907933327631,26.141307068683133,82.75920562194135
585.0137483545124,165.27512229154374,26.48108426993514,83.87696433040269
584.3399114749311,164.98713364798556,26.902808455580782,84.75050555780567
584.0389076323141,164.37598152951875,26.89091595618339,85.41460681279044
583.956727950772,164.12901010160365,26.938604502130914,85.63186487777095
583.1497275137496,163.55614411816993,26.732445106438533,85.21687866588934
582.4834499671542,163.9600171764571,26.429954432798773,84.5542881728702
582.6179673916014,164.4282391026723,26.291290588247406,84.08312196245137
582.5217428500571,164.1056797268443,26.292215359435854,82.76086030963506
582.3126549631572,164.48508200982764,26.20290043871268,81.06709984872133
582.9223388450162,164.0245446006693,26.113827355590224,80.3433772226945
583.1722786177605,163.96502083540625,25.882007808852244,79.87048595956135
582.3994209346547,163.96107678907015,25.640086656585428,79.5684564830731
582.7774846421412,163.42067154275597,25.639437981351072,79.43057169276533
582.3924648826337,163.5531276336894,25.29813209001902,79.87276735286702
582.9127948820582,163.84897216315335,25.420430593939468,80.77416320147086
582.5492193351992,163.564740175177,26.251169329969468,81.20569286722574
582.4935326346032,163.24230342200966,27.13663302123119,82.15174500772713
581.6170970566352,163.1644365336634,27.763868553235234,82.6607242513672
581.6803267650336,163.52289095572644,28.014754161977883,83.5159752936013
581.1218299247655,163.44321112437504,28.170710981571048,83.14787801708364
581.0033046775591,162.01257596747627,28.10152410620826,83.34420535106861
581.3378450497365,163.1221077030891,27.73034755525456,83.42468836002172
581.4611950157895,162.76223715281043,27.47294955333033,83.8439299915373
581.4939331589839,162.30621383949773,27.478207358044717,84.02034527146006
581.7468900416283,161.2370549938666,27.483508862321564,82.81377832870443
582.4160012028933,161.66956638234245,27.279572108982503,80.69577710765327
582.988943015471,161.61852299509903,26.999634776704212,78.70845715339563
583.8477469927683,162.51718700027982,26.56801419927645,77.54928579548456
583.8678521050861,163.10378636039326,26.310559349549322,77.51869381048718
584.3542811094974,163.03311611161445,25.920075019410934,78.50042618235818
583.7879173426753,162.8301275127996,25.9379422568056,79.67010499770564
584.6811036931479,163.19261369124348,25.95760960445967,80.5844346561224
584.3813603724715,162.90069621833382,26.344663980530843,81.64244368422096
583.7163149032729,162.66740256669067,26.754196466321837,82.70122405458108
583.5592849771622,162.5351395541299,27.21847355363171,83.67994944388796
584.0524229152433,163.23959422041833,27.445048963403814,84.69315400672735
583.7094000932747,161.70483680813405,27.46790245436415,85.25163887257095
583.9501301511253,161.46242116353437,27.373534332948314,85.90300863871423
584.4979238849611,161.22730186847747,26.89722672672694,85.88142650600969
585.7508794682201,160.61874269704705,26.405487160550884,85.08518744797635
586.0412803409065,160.72973665580975,25.988919338136483,84.81382313957658
585.3265914231656,160.12880863830276,25.72185039722801,84.33490961186932
585.620019142038,159.4722340318471,25.558011567244552,82.7806765368015
586.815541828941,159.5388796281202,25.1258947784911,81.75504569743903
587.0775762522225,159.8977244378731,24.929167607686573,80.72110465099804
587.37200447396,160.42338567071732,24.6716683750861,80.3183893797333
588.2826180346362,160.78735137973666,24.628571785044592,80.41264091505232
588.7860261067827,161.2971784363579,24.411335091835774,81.01740851754619
589.0265909982785,159.95698474713987,24.41849982087772,81.70160868589926
589.3957900008505,161.5308405342266,24.629019860300694,82.46740648062227
589.8553065399617,161.2393067430066,25.29560682774045,83.63654615035017
589.6688229557556,160.59450547049136,26.074626436557626,84.49872077766182
589.822489232143,161.6830050573715,26.52672494791153,85.38706140759717
589.4089876549621,159.88923815702196,26.75711254937127,85.2007144881577
590.295301990706,162.19671485992382,26.57314578698672,85.13213731068649
590.9646103828859,160.58848289200455,26.481173499544724,84.8543297297251
591.9205592862124,161.2471374563404,26.14582152743288,85.08334664227505
592.0272590641916,160.64893118662076,25.931463545201154,85.24334765789538
593.2198601212883,161.1688091775103,25.5759631407551,84.70932105338605
594.4186573179394,160.00126612541962,25.354864537934333,83.5251725002798
594.8433067251641,160.36114150404222,25.16634221941844,81.23142388784814
596.3827722730539,160.75722211887665,24.982333856945875,79.64597615581795
597.1240738674401,160.90192546681297,24.705860815153756,78.64536433509026
598.0240498668034,161.67931373592415,24.57196771439928,78.92893785446986
598.5235032607217,161.6997499463861,24.532483514911146,79.75156632666194
598.4801408600466,161.29228226031879,24.72933498298595,80.80331096739036
598.6504963342526,161.57524038000201,25.18072196071366,81.96222320969807
598.6519359778963,161.4591217314507,25.826531705027186,83.23400520837694
598.500922202678,161.25484064246433,26.385083758694883,84.23603795977496
599.2149669426906,161.4330172979969,26.78209267401732,84.97362419148021
599.4574935919635,161.5888366900055,27.1183104969734,85.86457730352018
599.4263591246295,160.03475479448258,27.432052649844003,86.45762893292968
599.9039995142081,160.66889900781672,27.41903535468814,86.36036149091106
599.4062211736932,159.50863952634583,27.097446092076133,86.18679180410307
600.2614545291469,159.09115365554874,26.812131086910554,85.84766386193567
600.7827395924486,159.17238075511398,26.560861435904705,86.0954655419689
600.2999386363695,158.05616647103628,26.395973760279087,85.95778192941447
601.4596560542358,157.15427849738734,26.265741471619876,84.92747050488616
601.195427683057,157.29252257354207,26.093470870418145,82.74498388417766
602.0686723038241,158.61118020343403,25.65333865498412,81.14135418938855
602.9409240792165,158.03068035246974,25.49873118707721,80.22206595796752
603.6442120787619,158.2420880178971,25.118464916609007,79.63739948923632
603.6677197008324,158.2837900529865,24.899889861829468,79.66766479215255
604.8087531122741,159.54681979130442,24.8537971123562,80.05356853992774
604.6566087341364,158.9732660575326,25.00718322483173,80.76120008369466
605.1598462996986,159.06713388069596,25.44275425917354,81.82964698875199
605.1478102389322,159.041158723465,25.919338615156004,82.32535966521718
605.5131933624633,158.93678928323328,26.15974434322947,82.90275118745384
605.1756102930455,158.96309725885135,26.13046976913649,82.75375807209227
605.7323147973267,158.1789847742479,26.211768631057303,82.87647217704135
606.3312435948425,157.91871221013804,26.018262055885028,82.72118634498736
606.9331667120243,157.9403377894427,25.76574666210889,83.1459413800159
607.6236574868076,158.13386237310783,25.70617874874995,83.0377069159117
607.7008704908333,158.00818251167829,25.781044895010936,82.60278918963976
608.2007637751817,157.41375823256985,25.87909565522481,81.38721856412558
609.1831231119007,157.26800829128706,25.888010032705246,79.93017494579088
609.5205782474006,156.72906960750356,25.85110853503231,78.63410564664035
609.861120664085,157.01728639838666,25.670239887710395,78.51507441339253
609.988362656231,158.11620447679866,25.662320902641202,79.09306924068414
610.7549346361103,158.1484868658314,25.85492703157403,80.30491551913727
610.3683477372061,158.20127963243277,26.211759524603327,81.21886063988802
610.6898708828,158.41746015676244,26.507804856245038,82.48335191762177
610.433509354994,157.08055927797153,26.95415694035613,83.5802790614417
610.6972247618373,158.0260316948358,27.39220758676405,84.65411718097548
610.2899656185401,157.0473971322091,27.61431715667988,85.75545693153407
609.4045940183423,156.79833592508425,27.874815629940745,86.20512291162336
610.0560899082064,155.22807762610046,27.98631753021271,86.12828282776718
609.7239831596963,155.73358018255897,27.84849939099491,86.00654962980914
609.3295768010696,154.09756835070357,27.82095842954506,86.35235645277587
610.1251897451214,155.01001963003722,27.400062112211856,86.44197296568757
609.9024238883856,153.23417568248178,27.255839780673902,85.80643647267591
609.9080808138131,152.9473091160744,26.782387336621937,84.4213601105184
610.1824758972124,152.85473941981996,26.470099727816255,82.97219974793086
610.3651029329577,152.8866750272794,26.008671319355756,81.3950543402019
611.1537092501421,153.184712290175,25.430050704067902,79.99951898610641
611.2519224960124,153.9341110610969,24.804787002387364,79.25253801502146
611.8496888325973,153.93427011524372,24.398296802057114,79.61666499702172
611.2279699984404,154.23053425160688,24.302841652873727,79.88693702441667
611.8025805049601,153.6004981104622,24.627715149912493,80.83435767248973
611.788604049855,153.95402294916448,25.240739802657444,81.51624821019594
611.1442562037194,153.9816027319831,25.757377723245995,82.26550047307664
610.3811088725563,153.06862563851584,26.29846733128903,83.21422926099382
610.8038798970656,153.29038471232735,26.45715375498014,83.53197388783826
610.6208780128321,152.68754424387143,26.612369437390306,83.22230901290625
610.9604609521011,152.18404336765303,26.66222463123993,83.34044791706117
610.8527123256931,152.27852343168925,26.48501611570915,83.00701536877311
610.3421273054579,153.28966085768297,26.42466786375256,82.37636544430644
611.1164134757514,152.91419626621826,26.53534888200641,81.47224399189801
611.7164723250731,152.2844745499873,26.37471747238736,80.39037310856406
612.2314230726207,152.45494569991436,26.138786442952302,78.76562829940207
612.3879425422214,152.69893326258472,25.849676920884303,77.74740232672175
612.1369559877513,153.3279834914098,25.438386291669026,77.84614152590137
612.1220126432474,153.55668191974888,25.26787010990247,78.66839476134814
612.3499922957017,153.71214841837394,25.30730232287158,79.44050510096633
611.4594884944222,153.37593340128745,25.46390263401836,80.33599772490389
611.1622810519243,153.5953753554541,25.791378594224703,81.81809748871264
610.3578721562367,153.17333637323537,26.127767873026713,83.23530778928979
610.6219850857111,152.5542807990539,26.404213182405137,84.57661900821265
609.4840908527035,152.12682743574106,26.56697717523,85.10200768488303
609.3598817897059,152.38674416545706,26.631124814989676,85.295416041018
609.2328152968178,150.9946729283733,26.800814052768587,84.78619303666994
608.7988949339685,151.1962486351046,26.69468716667737,84.62626123723626
608.6608600757687,149.88486748106294,26.547147656135035,85.38468967729287
608.7291338429618,150.37044656713778,26.27986959708968,85.79002901223848
607.8277971584017,148.45479438193433,26.118406127296822,84.95080497078018
607.6636882997727,147.70035498900688,25.84944407408522,82.8221758411382
607.6372547171173,148.09851074010618,25.40998971835203,80.99281952387614
607.9258134127449,148.63486190527772,24.936578739114367,79.01106219894993
607.4461450793464,149.24281292129623,24.49821938769245,78.20171891897284
607.5082759825897,149.6877730827948,24.148307673020774,78.59906926114449
606.9676267986678,149.58911107918868,24.071507581620725,79.25936096216243
606.4261289672193,149.38497223011862,24.35451181566568,80.0607381471304
606.4822309282669,150.44648972587026,24.978911749657193,80.71504523669708
606.7016603014076,150.4526086448433,25.603411429469794,81.63110539527196
604.6478351696318,150.22811234451933,26.101712680646614,82.5666301774213
604.9143950257128,149.5558105795053,26.448203447362708,82.99399952509155
604.0452243720518,148.4513401867735,26.397963741004993,82.47981842907018
604.0782651280651,149.6097442444959,26.262841692097886,82.44403405439384
603.8661726255112,149.6964907261378,26.095893877553127,82.56076761021785
604.7538768221,149.64410284001914,26.023108017220352,82.60359508304721
604.483050007686,149.3579802156728,25.923978693739688,81.98791642350623
604.246918171254,148.52880799146652,25.842491076758883,81.02694357875168
604.2940499589776,147.7491637257269,25.62552930603335,79.54021494027855
605.0984512472369,148.28322271115815,25.44716703617822,77.65726034813159
605.072268586111,149.71098244266835,25.12489067175191,77.59342408213261
605.4121076502022,150.1068997629476,25.046983242593832,78.16620976952366
605.0352258942056,150.06947753313023,24.991491273820746,78.80941652478597
604.6134203036089,150.0748652030186,25.366241798991148,79.81654081746322
604.4733074945042,150.36802991566145,25.88264657529213,80.66157139850984
603.6683546722467,150.6287362917156,26.430192529140875,82.0997177293865
603.5855387278878,150.43340617129635,26.86838918664993,83.04098368454612
602.5466027631329,150.2635504572362,27.25549943078807,83.34876498269139
601.4768189652751,150.68965424823762,27.274853279479114,84.03543774889405
601.3149536319523,150.16947406765513,27.19425482501202,84.21145917563749
601.8769595273236,148.96653687621603,27.03776583423817,84.17094841332838
601.6255996899457,148.55581128088758,26.833496041849834,84.19620367970316
601.0840819406868,148.2355806379706,26.553267694924003,84.31335370817474
600.9962777537835,147.59754070656805,26.24142788304827,83.47453417408349
600.5477758969658,147.4114491620721,25.928357648777144,81.99168052754074
600.5791174715872,148.09362319958714,25.712108213566495,80.77369115111715
600.7756943369549,148.84918835708157,25.224945284582866,79.2853447656104
601.2343173498799,149.79822563074367,24.937076743054348,78.29450768843614
600.8507717177666,149.60364480992666,24.450143263247185,78.10067212719697
601.3872925171801,149.71103456331568,24.16592151391147,78.72476105961648
601.2510602476607,150.02096816519708,24.416537247701363,79.40120857219281
601.0121454334537,151.0592265037208,24.983403981556506,80.02191508163828
600.4464837075456,150.71003830527619,25.45899813954945,80.94472925175518
600.4281687628477,151.49461275797256,25.909825533465764,81.63691548086868
599.6076280511811,150.89414775686862,26.272326768047698,82.19246963526004
599.6321976632681,151.44626433728268,26.189977743153342,82.4416601890697
599.4275531990108,150.62090925819854,26.1408480937585,82.50716061995072
599.1761766463574,151.2958463412366,26.014106532012136,82.55668633046913
598.9035457029818,150.98850312578222,25.88332055718727,82.76401781047304
599.533654093583,150.84419875407244,25.924357094771437,82.77958691489646
599.5294834508716,150.58872448298732,25.757409777484668,81.92439020388524
599.728019680128,151.145018343452,25.624867828682103,80.3843070629768
599.6739183925645,151.45181602435434,25.45799329924059,78.8522012641604
600.4194317236568,151.22273043810907,25.47128117887261,77.71752890408871
600.1835829405275,152.26961198985356,25.35059142652006,77.91816339314425
599.6178313417469,152.70325216874926,25.365532615223586,78.61216793506443
598.9223256032051,151.73891041884738,25.58093998731147,79.45365389267766
598.7890457729196,153.13054989404066,25.81787765562214,80.84541089581286
598.8145486892898,153.09472832586576,26.252151710796475,82.09784850962541
598.2696524626552,152.91122319568456,26.807375317839732,83.26336461267348
597.3581207182735,152.50639203289603,27.282520892212794,84.63310782413774
597.1485684010476,152.3011482395851,27.63125673007764,85.35167337196602
596.4797844378953,152.6239454838832,27.717173607721755,86.190850850304
596.59327549001,152.06021179369594,27.878018363443438,86.27392159180829
595.8769672528532,153.0756099230128,27.66532443584058,86.39532698570142
595.6005908051258,152.6037611606944,27.56394883941701,86.87189247842065
595.6355805657962,152.2227434860642,27.442820508583495,87.60215642114974
596.291720668985,152.2088783984275,27.310758641172228,86.76484420798394
596.0062549952224,151.9793202183433,27.302350663269348,85.30183856650437
596.1702306911455,153.09286637917387,27.076046022588677,83.16674935936479
596.0395532360395,154.50459552677745,26.611018915664935,81.38127150143636
596.2032650296792,155.94331771439303,26.08260378723852,79.53830078381321
595.6515163368385,157.15567461063677,25.457126949782943,79.11238118936195
595.9688980012066,158.08771176756338,25.11970529561291,79.33868539838164
595.6258896808093,157.93148904014663,25.123657045546068,79.62732630967523
595.9863779881497,160.08354257956086,25.447888646578704,80.02617018528404
595.1652563520928,159.9426412321786,26.03483120610721,80.74831816737155
594.933658172995,160.46225574766797,26.530817401871758,81.46447393921115
594.9033551787038,161.47784703032107,26.81658693963894,82.39798682754869
594.6547431927329,161.16862050341237,27.06352805773895,83.24358731154764
593.2136903629074,161.8825297801152,26.82534558376877,82.58551589616536
594.0462537504355,162.3286873290499,26.659283373417235,82.7809080794086
593.8066243052751,163.0965795282768,26.393365471593388,82.74380200756156
593.7477743548873,163.68926518168416,26.28935056283218,83.17361739203105
594.0405031033655,163.74278888648362,26.40282672685981,82.66472184505339
594.33900401451,164.08477061383476,26.322033016810472,81.05302377693256
594.3511318075168,164.73772949566896,26.223494188571273,79.49447718020868
594.5817830440463,165.68138768305002,26.122320207629166,78.00664919493859
594.5487169596873,166.40806498471127,26.077051176052763,77.3434927985176
595.0269808863915,167.55545806011,25.949148882451343,77.71890556510908
594.5197013737948,168.3962510186293,25.86165259644163,78.36132692079079
594.8728857240917,168.74758011029903,26.1371141947485,79.65043519024069
594.6155793666861,169.76602066863808,26.446800836008308,80.67232473014823
594.0207821273403,170.18026119268018,26.900266626841468,82.11291001583481
594.0036629384826,170.90597218087822,27.435190636785574,82.93995950931784
593.5501724152415,171.15956870996433,27.779896869615882,84.01684261729862
593.225270259562,171.84330403659087,27.9786148982447,84.46899567277052
592.3025311672948,171.03976095309207,27.81982181393462,84.6071140443961
592.3235786122916,172.00151449464676,27.572782194135826,84.62867889694041
592.0262910203572,172.24220076226075,27.302805178164117,84.72254834464928
592.0026435308275,173.30865086482478,27.04057609792781,85.05065788035068
591.765953038218,174.00642135997026,26.84875088922309,84.60441419898153
591.6142855050855,174.62691918398593,26.78673693095368,82.88009759948842
591.2195916389056,175.49768837392034,26.64284669872147,80.80859884359535
591.8185051320172,178.35475256830605,25.967426409771676,78.79515094913239
592.2850283590172,179.9659901399277,25.561737116816715,77.48593960364913
592.0798180330502,180.70761558093997,25.208698026681446,76.94190110346432
592.1358850302807,182.87214112435882,24.824394263410085,77.0294464292853
592.5692007037969,183.64104376519316,25.013712127498355,77.3149808483155
592.7318389861349,186.08472674167973,25.424657293531375,78.01643249177789
592.8536972208033,187.285060128059,26.21944208685958,79.0819679780831
592.4013318502584,188.5497494677233,26.733980408658763,79.62384045270039
592.0046597193574,189.1961193475285,27.068679743912696,80.07976292644267
591.4745249714947,189.96243490230262,26.936006143477307,80.21979228690324
591.6862517862414,191.24104165683048,26.608424007204235,80.44003673034692
592.2837654826051,192.95443133719024,26.0651310261932,80.74341951333469
592.301116802046,193.11985592354148,25.69784877457949,81.0775140357006
592.771178869959,194.5178358294104,25.433763261609514,81.06179547495458
594.0543585270841,195.94404690388998,25.275938474184393,80.4586602160253
594.3336006382673,196.0166299175965,25.07425796704711,79.64615593654472
595.0939209037175,198.3867333919553,24.78211053059088,77.70744573198299
595.5953897584554,199.7167827571161,24.59528665072772,76.26635294400604
596.083722460543,201.51233868802026,24.185988383031052,75.87361702252059
595.4199546451603,202.7303469796979,23.994004207888274,76.09350163278407
595.9601475770021,204.29106061301326,24.089095252888406,76.66266975456588
595.413946784603,205.54515365737134,24.497343161653596,77.37667166176033
596.0476717303488,206.38936565788475,25.051229062703506,78.44505236539968
595.4449452411429,207.36808981704175,25.7502929596371,79.80277814986884
595.4006766812792,208.0294668836202,26.331398363637746,80.96121898970392
594.9457972828753,208.97555936187695,26.833119974776565,82.02333038366956
595.5126022391468,210.86429386449902,26.84986254026095,83.240510311836
595.1307148220718,211.9338430960407,27.074165152082635,83.53432372161642
595.288581316064,213.36278948462484,27.017953499461846,83.58214664841238
595.5217876140171,214.26841726146228,26.831442706095547,83.70381751113463
595.6029219488723,215.91795407500666,26.68798888698339,83.34670707984665
594.7558513204705,217.12544594415954,26.528282163287876,82.10503517110783
594.6396858042854,218.74261944136046,26.232620291472006,80.830791569307
594.82268807104,221.74443432043947,26.007814914604594,79.59870340660798
595.9486009273348,223.2499739965658,25.88263548230367,78.2688659242817
595.9866079481908,225.46367369460825,25.676882618012247,77.1702300131517
596.9183004782262,227.9570407131654,25.62753464252086,77.20187184960305
597.1809094670166,231.16257865046424,25.323722200876446,77.4896103670952
597.5097304871,234.7150113335557,25.49169640121119,77.72186696441327
597.3287252750816,237.35851011347188,26.11799423741437,77.82237922742638
597.6806582517297,241.52245970726543,26.598725537917637,77.77289285874797
597.8287087746627,245.4590306745426,27.11120638072743,78.17904779919367
597.0825739030882,248.93446065009428,27.404131012029517,78.46565466022408
596.7984035774562,252.2941553321918,27.524725624856767,79.45410955338376
596.5056177502738,255.20509053403228,27.54104389415442,79.83082609046816
597.0919626142,257.90079848139953,27.37473007515358,79.84811447658694
598.2423924404723,262.91578430968906,27.13672852731503,80.0266837364508
598.534334385711,265.96667394240745,27.05268722097064,79.77152264652061
599.0231976489777,267.48822239407986,26.771875009661038,79.061604501797
600.2175231301329,270.62596948134046,26.476085461306123,77.92582552197791
600.3461870011452,273.0699894093466,26.14228154766891,76.23281993148379
601.4446230803761,276.62775443674684,25.55480227060047,75.52599654172238
602.3821484931086,280.35840397040704,25.029475022634813,75.9543840588747
602.3783521993088,282.90880339071884,24.705968219250977,76.74089000111849
602.8877303971533,284.5737835542999,24.541125130751865,77.90706586246353
603.2741341382925,285.8463017958016,24.744886526170262,78.80091173038171
603.1493191544087,289.18147110166177,24.79957500304952,79.92838891837452
603.6795129132404,290.40828082835344,25.22679043452861,81.18166076328527
603.7797929340678,292.3531032844885,25.560887692392313,82.6584833269062
603.104046616555,293.1429133595313,25.73716353340389,83.3058030934313
604.1131697423599,294.5909181743388,25.843158633875454,83.85152634726964
603.1138269947232,294.953944747602,25.83257536846763,83.62518811172728
603.7712614429286,294.25704154111463,25.885038096088063,84.06499703191189
603.9432048780775,294.2246051128328,25.992051601633115,85.12070877378281
603.6322685282669,293.33414360605786,26.224369204628136,86.44821156552706
603.7880123456412,292.172824390453,26.464972870367006,86.7116933404716
603.6891947728699,289.80356410181435,26.480673450603962,85.64767743016961
603.5044884367253,289.84025565198294,26.394714772843212,83.70878946895438
603.2572455779551,289.72000085416516,26.230647068886036,82.44215878577373
603.5342137603769,291.1236515130775,26.078241804315667,81.33089690619673
603.7770719331783,290.35689555410323,25.96059853472276,80.91556606024444
604.6224720817659,291.535524018665,26.11856170342898,81.16112523600982
604.7031183257172,291.1199998394221,26.429416412057535,81.6477949145049
604.7932634492373,291.1703631112035,26.981655328377954,82.053987039689
605.2254993972631,291.26782154646196,27.652101740584477,82.69481526537876
604.8668074188271,291.380512444706,28.070048442789037,82.48267688242095
605.6930094100923,291.90126928897644,28.23487647300738,81.83204610317804
606.5482181790577,292.742908623816,28.009868075663356,81.01889463457923
606.6140955669078,291.64638835545406,27.766407803055923,80.3044599382251
607.1671123514575,292.95486045227335,27.378040979142433,79.55612898768956
607.4915107768271,291.91731034945497,27.309035197433975,79.23057845365653
607.3054843461584,291.875558005925,27.237286625923453,78.50822160802842
608.050128415323,290.798895508476,27.138929974677747,77.48720039435395
608.1939332185555,288.9335029418476,27.04964048878582,76.4821957517623
608.6787743891609,288.0734899506398,26.88111681418549,74.63547192300558
609.743364811352,287.228694559645,26.664805900070945,73.70185775847712
609.7728574409658,284.6624274256263,26.54168498508235,74.04493136748754
610.4138122160153,283.13682763662706,26.36167124415699,74.4045871279658
610.160145344884,281.8782857276058,26.429843119516267,75.20666376007227
610.8807201309783,280.8643215358745,26.595603656847736,76.34824425363473
610.4385142505693,279.1857423583768,26.99300541552947,77.40653705191319
610.4907555936688,279.0220547337758,27.091874480300326,78.52690942292605
610.2208863578647,278.55326333545247,27.294612164650367,79.91197528231694
610.3227176810049,277.76850518824915,27.56373803107677,81.11364037900401
610.1290056006034,277.5009265002365,27.5884591367365,82.27839065053703
609.7484990274206,275.8705983907746,27.659157453752442,82.13183151263412
609.5328967353809,275.85380237197427,27.36514970224541,82.34696584247204
609.8796789368463,275.40512429671696,27.187080301584317,82.23542790710253
609.6709408836625,275.28218009948677,27.078356888317543,82.22463152144213
609.4634780167191,273.94718828394787,26.863842016563886,81.08313463036416
609.3833769955518,274.8246975144658,26.663206748346,79.87314259087518
609.589238814405,274.62340310814443,26.30492926568104,78.81108375279928
609.4468872982097,275.22925691672106,25.928710009176967,78.24733316260445
609.9410964107618,276.2171217666596,25.658456228042567,77.52823519471437
609.5445661191003,275.5885109148108,25.636158053392776,77.59649741908001
609.738144332621,276.6365079070821,25.69915101347263,77.50820578515396
609.6129113979632,276.407423769018,25.96738912521503,78.28212433236394
609.5363377314167,275.76357585597043,26.716071915442313,78.73211091039316
610.0327048263308,276.40393071414496,27.38437052152017,79.50252695889088
609.4431071556797,276.9624116535496,27.7229353315112,80.0433178323857
609.6793376964929,276.84770256952163,27.99818382220029,80.61387901248851
609.2992907678198,277.2718003059293,27.975690091712966,80.76565290288579
610.000281721077,276.5423347804832,27.85771168136842,80.80352363006278
609.743824883862,277.4055133896019,27.616457143384856,80.43364844078658
610.0027619486768,277.8648086989787,27.471402169209867,79.94702457384676
610.5389448629866,278.15672187177154,27.392722897406408,79.13749632992467
610.5249044960073,277.3834385032617,27.439126803248993,77.22229348610333
610.4516514778595,277.2957561501268,27.08063707624251,75.6269272200831
610.5939686298502,277.66412234200885,26.60597528200278,74.46638638085179
611.7937878568375,278.4847142227872,25.96799144343045,74.31628540680882
611.7364532322057,278.43204841595895,25.580408590795862,74.18641698787351
611.5620969968501,278.71077872530805,25.40609566802128,74.74678116203722
612.0505641482575,279.56689403312265,25.446882064516622,75.1896654355529
611.754512700782,278.53873823901836,25.42419213567612,76.09529993883865
611.255326486114,278.7255745995546,25.385317860910533,77.33310590409897
611.3363225907704,278.73573339503145,25.486980092239374,78.42035252403699
610.4145951921686,279.025502218434,25.7984444805455,79.71201245852313
610.4180707345879,278.5358778951538,25.996762344976922,80.80661286398072
610.3627544939872,277.9595774288556,26.230702829127203,81.52876362534496
610.0612514724456,276.8002551108429,26.4372468787544,81.55952903277846
610.4844039654188,276.0887653730565,26.175590323155475,81.19791206517493
609.5188655478826,276.2499747789878,25.91981637201898,81.03177432223346
609.9352589882853,276.52613879578547,25.30751365855067,80.00636815696232
609.3006494029956,276.1187696576455,25.068517878568642,78.84908628401139
609.5489339286597,276.879110221596,24.887395531866574,77.91641689774852
609.7426248252448,277.32743149678214,24.529372341756726,76.97792554629984
609.4329563516727,276.8378733971063,24.199307493036613,75.91679096745327
609.5853101627782,278.3502647057164,23.84047917374469,75.0249145487346
609.6864267664392,278.99759510905386,23.687017358976618,74.52509866746337
609.8349000521422,278.6743392983765,23.729430100820238,74.51518165369774
609.4016725948966,279.5533398444102,24.214844859423902,74.31779014071662
608.5861938768251,279.32209741579356,25.44049935376774,74.23686559081108
608.2876206373636,279.83856626432555,26.395996854695774,74.63056232463235
608.2365956357668,279.8757938333605,26.99287034350222,74.85355999398895
606.9758406955392,279.726176681657,27.448790796009465,75.38964667504898
606.2738922518712,279.608195843187,27.395843711139396,76.12657931165246
605.5909231702318,278.23288188823534,27.427716675519818,76.99155324892997
605.6224893535554,278.0330099264469,26.993133258829687,77.31736282606953
605.5643816708832,277.81408965604277,26.67519408387345,77.44393208682745
605.573076281842,276.73126776488436,26.694388062053036,77.1112996354712
605.6778712489302,277.54953361389875,26.41174921588792,75.9185027919021
606.2773839056281,277.1629267826469,26.031695059566054,75.02593626775271
606.2014616318133,276.6387384169965,25.43229983058422,74.45887310723836
606.2586539417456,277.16579330007715,24.699531505103693,74.31795871270485
606.07864203249,277.9985467160788,24.4821145253322,74.73835671735614
606.3634419634728,277.89725674488733,24.27845600905841,75.61657682554497
605.3418866141263,277.63334956131393,23.997814304492024,77.60070218016422
605.1379710792352,277.47381452727046,24.027895573592268,79.0727865505049
604.1694349966439,275.84021681751506,24.207571756032635,79.90339082163929
603.3198683299647,277.2047269076477,24.316855498135837,81.41722285237262
603.1776164300521,276.2200901921583,24.70880465719103,82.3851479070772
602.0494444483905,275.9559099752959,25.03795330992144,83.33222226807095
601.1737566838497,274.92661783035715,25.453176762282055,83.49598002653832
601.3854731280774,275.33496822432807,25.354239815227096,83.36698815287635
600.5465744624975,274.0344987049905,25.366887338456912,82.51278087883793
599.8570803093922,274.7941446705373,25.23504881857179,81.34487844526285
599.7735851542246,274.9063561133178,24.97160564697547,80.03339904210078
599.2623733971207,274.9682736316984,24.815587994305513,78.72503327032368
598.6955417041547,275.1398681671863,24.76919480827704,77.42824993197966
598.558803946688,275.08703544733675,24.873362137632924,76.54380586840955
598.4416363446995,276.17710425713335,24.836431983877205,75.96738199965557
598.2389074939788,275.31710022578545,24.77942249171531,76.31192717268
597.3329128731333,276.7743494024107,24.72306289650735,76.12962014366356
597.4143142870406,276.2973079923178,24.837768029489155,77.1812625276649
596.9813095073429,276.62300171357765,25.56144713608484,78.04416887500885
596.1290167044207,275.86054372329966,26.451775656605896,78.76198676491617
595.2846792058916,276.26580316637444,27.099236425987613,79.0221084427314
594.4612351048853,276.2787986198415,27.444367649965294,79.41837323066353
593.7518999544776,275.9090178987658,27.493048317220392,80.35100457785762
593.8131818910615,275.8505961112674,27.396106471047396,80.76243001315821
592.8086662691921,274.97750439187587,27.124068436069184,80.64905582330965
593.289993105684,275.94821625086456,26.54470934545253,80.10718528507323
592.9552244584315,275.5613263417367,26.37639648651119,79.74795519274555
593.101029687781,275.82593998216,25.909139201187475,77.90735670466171
592.7258311753133,276.0798746877412,25.44619975837992,76.86807087733102
593.1242493822037,275.406312324145,25.2756570038091,76.26420302029491
593.0535049266291,276.01609144002487,24.89271134846065,75.96314092043214
592.5607862276223,276.7483081054134,24.575351786597167,76.38281720593461
592.6769994617041,276.8011295688452,24.46428398872795,77.00922004876247
591.8026890272245,277.1552740041153,24.374187397054875,77.54754432309687
591.7063908047681,277.4464346701345,24.504003118991754,78.57784739787309
590.9015579212077,277.0013554210208,24.718756285595482,80.11931639958328
589.615211536883,276.04451002685255,24.927698596481118,81.40459845788979
589.3795640956611,276.2056476546102,25.27840831300697,82.52395034718799
588.2702212638819,275.86110956197507,25.527364076205206,83.12731338434114
587.6248528398686,275.81436246181977,25.7342827269815,83.62284922850966
587.8280959594027,274.71923400865467,25.95660683403984,83.3487935814342
587.0626096275022,275.3841084858856,25.727488550689763,82.4857193124506
586.5370105737632,273.86060254570475,25.68380500438213,82.36705936740326
586.1119836659415,274.3385512688875,25.439157410685645,82.50206043483169
586.2777008009126,273.8912749901506,25.211045810606947,81.4157651567648
585.5273809554301,273.0453333649972,24.83110686444892,80.11317471131653
585.8871134532674,273.9410302937997,24.503254249517312,79.27816694303651
585.3237398751143,274.3681691242175,24.148519257653177,77.8353967694979
585.4642523208473,274.72768790173086,23.97387748124011,76.93176410643895
585.2773748828625,274.8425007072688,23.72554148110717,76.54111993006593
584.7775429909105,275.2813932753444,23.751964889492466,77.08951670633695
585.1785548267757,275.92320222009295,24.236924946170987,78.0635501458804
585.0591957064255,275.62127736918734,24.899673818652094,79.11325999516781
584.1995819221607,275.38061200651583,25.585394397702533,79.57877035883702
583.7545183672457,275.4405075312118,26.084736796886794,80.07222086275164
582.9657054019972,275.78376754009884,26.088038953999842,80.42919340059585
582.5216412138099,275.51172941816765,26.106403777231808,80.57234612413166
583.1003655623795,275.28934482824076,26.04621495920485,80.70885963153056
582.7922659022511,275.18038320723895,25.982510176182544,80.34517118062872
583.1376983348947,275.39877344799595,25.659343473689542,79.90783183572086
583.9838570997903,274.6518642464304,25.48835820784487,79.01026420674741
584.3273424746245,274.22856980017986,24.90542632255044,77.48913893260722
583.9460341969726,274.5498633590918,24.42351541870965,76.36998177479589
584.3614325655585,274.7809857201684,24.12296005173914,75.39632067700556
585.1476742931843,275.6231703072735,24.058916971815584,75.45432186984559
584.9255334933837,275.91424723958926,24.229651518079585,76.25149303744817
584.6404771113611,275.546453916031,24.324771440642643,76.67262077791415
584.5901462926875,276.2727386559696,24.5718942816844,77.24628282536551
584.4578522319105,276.4614327207308,24.91374276335991,78.1312142606624
584.2871822236983,276.0810583613671,25.225929946858905,79.44543770368249
583.9161789743503,276.1550186807378,25.761291433653263,80.27278155459194
582.6197703109746,276.1516576801048,26.056105086851286,81.04515311297152
582.2018276663196,275.33764554235245,26.301667464421758,81.13695552663691
582.1374493621147,276.15747499860277,26.333147720485577,81.1398193068167
582.0226199880176,275.25184604828615,26.192822646572594,81.29491041553402
581.4908178108344,275.16251955910354,25.885345052658455,81.36896215970154
581.8271252150448,274.3271071603132,25.689035162765244,80.89057364322593
581.6880124094256,274.4583511966774,25.336178537236925,79.24509807126043
581.2617680253625,273.6657693410767,25.178049453152106,77.542187050635
581.5151662361493,274.757086904447,24.78087122597976,76.12444921078634
582.1319316158704,275.7455871933304,24.454345716991632,74.88613340646481
582.2978989225296,275.67468760952954,23.97149810356626,74.56934188774518
582.4045380808169,275.52268796451557,23.536753916253733,74.63837513811552
582.0560812224148,276.69341778966407,23.311779758454648,75.2322511239575
582.1136494233424,276.13940755903445,23.57819095663046,76.00766214036003
582.3716601313273,276.45157604285805,24.09912930800204,76.97035772924662
581.90665396209,276.7484521416549,24.619506847711634,77.74414505668491
582.1001419229852,276.07178022385153,25.065219257525097,78.54547323009847
581.5397465719453,276.4227591916473,25.147174791720097,78.63514007897646
581.0717381845534,276.650227377619,25.020586185491887,78.77281996708479
581.6008610634526,275.9108793812739,24.91674579506807,79.24335346130087
581.6019648661819,275.94689715962386,24.750611543495978,79.35649831534376
582.0928624562922,276.6093896739138,24.833818327844476,79.57070548647081
581.2597559668765,276.7188134003073,24.94302566283141,79.23763517185748
581.8385510589045,276.86162155275935,24.956300656883478,77.98798943561033
582.4861686858917,276.7994135612244,25.118072572632705,76.59601485662272
582.7781905621791,275.8859913909329,25.223163358231407,75.16456842953608
583.7835282924084,277.4874675618203,25.01213665952219,73.97668485721616
584.0253139333107,278.1568823395956,24.92672178221286,73.78901518421105
583.901557341946,277.26605532878125,24.992841341590143,74.07086804693472
584.3741697911596,279.200643528638,25.035287341600558,74.88595392291705
584.6222192908352,278.9679098801741,25.51798029438232,75.68758459164619
584.6834590482738,278.9923481359866,25.855833083744617,76.62651106235148
584.4056660844786,278.9656965092838,26.179013587216847,77.67664281221325
584.4606630031827,279.0351352650471,26.479897365021934,78.61795059483806
583.6140316811635,279.98939675903875,26.702268771801517,79.02823377827195
583.8558799525218,279.01808572949074,26.86867031448824,78.87570131351839
584.1490848313268,280.40474273471233,26.869824488820313,79.40900384779877
584.1945967354733,279.28471693566115,26.645969196448018,79.24479409526941
583.720140845909,278.70126491115496,26.187969960066077,79.40444878896561
584.6058201252805,278.57722137120817,25.92449900317542,79.37042172071925
584.0097549278366,277.73131068628373,25.495236194327802,78.75872145741997
584.339642219071,277.69560524973144,25.21220820676497,77.42584141598898
585.07824239358,277.47206913607357,24.882118200726424,76.51760391849703
584.8679872202589,277.6071295043513,24.31382367056423,75.78321145771747
585.1830563243292,277.9254817886162,24.186550002047046,74.97859820576844
585.90739627383,278.8126277740896,24.099585181399036,74.76796089600023
586.310471435359,278.07260052615527,24.161403298397104,75.3217923522418
586.4238388520091,278.0642390669614,24.47073148055784,75.81740610686836
585.8050040388223,278.49708423926427,24.94624825630347,76.39337080204992
586.293073749698,278.7186199274699,25.678255287455862,77.69172029069759
586.2055526476582,278.5352946564799,26.416257639392995,78.38653734731271
586.5930066771818,278.37289225089523,26.854245092926682,78.82346304760921
586.0222957162609,277.97026573021697,26.84533158366964,78.82924059791895
586.9397329184426,279.2330345126706,26.754587909935324,78.56460448412244
586.930170722849,278.27300482394037,26.618569069969013,78.40821923572847
587.904313616644,278.9339640850352,26.45322021303538,78.52501700592009
588.035782324817,278.495611329523,26.31649438030372,78.56583997242693
588.508995657887,277.7087663002572,26.175104556986685,77.96904620336757
588.5997230567746,277.3994142449659,25.95713317103045,76.69591712780067
589.5784161243959,277.3513754808027,25.844505784796013,74.98149713377292
589.8328327789999,277.21553420622024,25.64559502173612,73.48097397252671
590.1729605889296,278.24474076330824,25.29470543018545,73.88992445431329
590.6630204497055,278.43723118064986,25.17835559751161,74.16099567260473
591.0320750089348,277.6377930162277,25.25357701017341,74.84926013354439
590.8272117586566,278.21665861616543,25.394465164725204,75.78325189890936
590.6230907844822,278.11056016309504,25.683322109030456,77.31264851208141
592.1389932815298,277.71566830215875,25.812581024465892,78.71918348755884
591.0505239602443,276.479877759675,26.195933412917114,79.12492432823313
590.9441542785305,276.7969641325835,26.57227508378357,80.03469653728828
591.0507987638849,276.49434881287823,26.85369322061858,80.19117694900905
591.8638654842255,274.64721472253194,26.889132951553187,80.1577630160542
591.6288287946779,274.6705827789671,26.74317879664016,79.58414866545955
590.9047374134122,274.34614059693797,26.46677078082073,79.70531079002356
591.5238611817401,274.35887917543766,26.2176648872123,79.20267750056446
591.3862092300116,273.39136874646954,25.85659020437724,77.85605234524084
590.7335686263251,272.7439277132032,25.596046545455177,76.35495586563098
590.7001871145031,273.57996281719085,25.14030434534814,74.80438960682105
591.7669058886881,274.16455055039427,24.96131692744084,74.23582958221333
591.7855138968357,274.39637162644476,24.940581235935525,73.87881022289277
591.238650968951,273.4419093635358,25.077697544566718,74.39384520231634
592.1024909649688,274.632131507488,25.35594535366345,74.7320355198197
591.4420808229751,273.65700226668463,26.237730728640898,75.07822774871796
591.3984545942405,273.6237946779686,27.03658420501558,76.04756752341336
591.7618097519518,274.3635798059663,27.658097337392807,76.72368531482695
591.176247110062,273.6722876794374,28.135560931413856,77.62608596650543
591.2182986475297,273.6334142559261,28.255906735243883,78.08064634444995
591.5230648705418,273.031931519002,28.2370290200163,77.43324439142586
591.3536579214926,272.9532736609896,27.788159729199393,77.63104996732967
592.4201964794958,273.679301520556,27.429641753398606,77.61995525150039
592.68792051247,273.1774572583027,26.96836737633855,77.24410142523797
593.7632447421265,273.4192064811629,26.263428145541297,76.63718339667375
594.6426428688542,271.9597230313266,25.798612967372648,75.8396736174982
595.6838592348006,272.06286020500335,25.171981603239715,74.71742721614
596.1563491834909,271.22895166449183,24.794497767184,74.37529699720572
596.5303168980499,272.40318582427824,24.49062659759503,74.75037756679302
596.966285916577,272.09261379092993,24.470323718602916,74.92711864076426
597.9008358192267,272.10091110349316,24.46813806640265,75.60300279161595
597.0170759805345,272.29183475384895,24.649806074475418,76.12308779004152
597.258603516075,272.27030060101885,25.056595838198987,77.54328052445081
597.7328437479151,271.75122198789074,25.624612748099672,78.19621185864007
597.5122244249088,272.0852732547274,25.999113943453043,79.06159092286717
596.7491560720565,270.8288888108,26.329694127741867,79.3273989323498
597.1994362944904,271.2499407811142,26.58627322259278,79.74151259063632
597.3627488761105,270.2863648740388,26.491859842880956,79.8856110066549
598.0394261664627,268.92730832069043,26.117211383621168,79.52532373989273
597.5864819942578,269.0125189832494,25.756633229655918,79.65882402489181
598.9066190489566,268.4393733403174,25.359704857715805,79.2877318545257
598.8698197244119,266.751023448633,24.935385765268258,78.2656489077918
599.4745343788363,267.46919580756315,24.46464474653846,77.43699577594914
599.6192999573152,266.8649534427355,24.10006820511406,76.62313067116233
599.3891041181639,267.85304061161116,23.680286498273237,75.43575317550929
599.7053262732445,267.92063839953465,23.45658223175213,75.04896028458931
600.5479467978671,268.5230588002556,23.27065668276648,75.17716544261992
600.6075276669084,268.1453056850506,23.326247269503497,75.48628003093641
600.8521362796836,267.60414826245005,23.888940801971508,76.3446248056562
600.8645777554439,268.29456956223913,24.433594715208557,76.74457038929027
600.3732110187373,267.53329875137587,24.88381498738493,77.03287863165284
600.4799374837339,267.0994665579618,24.851011933986207,77.62890382041606
600.3106750894268,266.56639292608014,24.707564683854464,77.9821568829008
600.6392235354259,266.36951594271375,24.462798210681605,78.23894648379363
601.1382969381175,266.3283945690496,24.38186156698434,78.6567850474958
600.9455855490336,265.74375776671025,24.42827669930665,78.81473615385288
601.3902766844647,265.10730695554184,24.250779403877882,78.36987506752578
601.5854635199026,264.67786903688966,23.915594355327684,77.29439206960978
602.6220674535415,263.7084553531977,23.792943243115886,75.73971920429724
602.849239277405,263.4349813758278,23.45307570990039,74.18562870307383
602.8370777649147,263.62254234307835,23.264093574477442,73.94595619295877
603.4905236719118,264.6742095312016,23.22348813362194,74.20519281776517
603.8651796737558,263.87209826427267,23.262181303140146,74.25400293993322
604.2542212536896,264.46505757298064,23.310889489345676,75.30782898575586
603.9597353957703,264.39148530128904,23.691803831422334,75.75292534665154
603.5104699151035,264.6805669027801,24.09609951557995,76.77408160167731
603.7469129925208,263.84897511580857,24.58704377217945,77.61533643607252
603.4410303824675,263.0924251806126,25.085775034506767,78.57688359354717
603.7049953566448,262.99436493071784,25.38885775237758,78.94051493065324
603.5472681541969,263.06368050481115,25.551355939745953,78.96309947522514
602.7517186204958,262.1173097312095,25.37690510900041,78.54375086396584
602.8924682661175,261.46441058225844,25.174261175821307,78.23213576026431
603.684577463128,260.89208049250897,24.82348532673742,78.07245152409857
602.8062873674264,260.4311815393338,24.471182852506352,76.8416369827103
603.7453485342317,259.5495353409264,24.137618924772102,75.73297207743158
603.7608015264542,259.6195002040474,24.010875965646512,74.5266785396966
604.0121860549004,259.82105815403634,23.670297629193154,73.33068264103488
604.6336177186977,259.8697499688859,23.547457790596923,72.58917831812886
604.614622918756,259.0425534895316,23.34456770579371,72.61144291895025
604.9085497713854,259.6548397090595,23.315610959362793,72.7922048333414
605.3714574973822,259.0643205803301,23.602161611495426,73.3743810984411
605.1344014956961,259.4349811841351,24.03396472181278,73.7346846180802
604.9340383460075,258.86192440749824,24.732464978442593,74.33570409853525
605.4345349222455,259.2074698523838,25.261138011345583,75.108003201478
605.110890130043,258.14599222282004,25.517762392417573,75.65627443674833
604.9733961598819,257.3102230966123,25.467325572159773,75.643815892556
605.0109406708466,257.42250715064876,25.20266612328949,75.99395725952341
605.4016996083458,257.0765946623616,24.959317393875217,76.22307388210146
606.1032717495369,256.4705066445048,24.94681253581699,76.11497759134573
606.5733679744894,255.20008798044836,24.667167223172264,75.50381043909655
607.5858297790569,255.00589422995114,24.401012649376828,74.41183123324285
608.3312223729783,254.0210077712442,24.241059346871694,73.51902051341922
608.5496450331439,254.42192334905494,24.079585250228888,72.03979139141283
608.7454322757084,254.27422578188904,24.032613826775798,71.84410224811478
609.3789002173617,253.6398583129603,24.080018415690656,71.99554859649473
609.6768211162832,253.75746611837457,24.17079589961625,72.15237305953781
609.5174320949045,253.85033547861184,24.22358916873788,72.56617045995486
609.7036295523046,253.8251425487533,24.579725972191675,73.6682484478534
609.7590036727288,253.62232031175924,24.86639333951098,75.04045996133124
609.2347835787818,253.23674001472313,25.115624409515362,75.69974693614509
609.2880736564015,252.48057973889036,25.411629552099214,76.2748602062211
609.4600243499623,252.9774686060252,25.454886171407153,76.68958624277961
609.3630476398515,252.37659136014457,25.294221638328267,76.9396636505718
609.1239327496957,251.03867028829114,25.008199232818548,76.88983617185738
609.2233363020268,250.24053270785913,24.856511000560186,76.95519964868518
609.4139207044005,249.5689788708318,24.676137294952085,76.30617859291957
609.3894699019389,248.60124582913255,24.387650265193592,75.25439053355682
609.3281864371514,247.44209990795656,24.01987812420988,74.30438422679995
609.5141408844573,246.97639179042176,23.62584088974132,73.59187479506045
609.805527893942,247.64469024052468,23.21359757741617,73.21244999063022
610.421209398286,247.09210289716847,23.062289567125756,73.11483811251564
610.6987277012689,246.95397755015446,23.057891219617108,73.19270428315195
610.0704758432349,246.64336654649458,23.23964522750954,73.5519788076474
610.0400934842769,246.78307720515974,24.03416976588681,74.30690359398528
610.1173407896056,246.1757021183158,24.907148485727305,75.0137449465672
609.7543152236078,246.2974624043956,25.476767257312005,75.64946011888395
609.9146482433033,245.30294015666837,25.9549986035183,76.57320212315034
609.915915033091,244.80479905339618,25.85924335951428,76.54107067632101
609.4942011411273,243.99260600491877,25.589491817384292,76.22208941125344
609.5730912337192,244.15708923978445,25.113148558326913,76.13979159322207
610.3278398631786,244.83147354522112,24.841024770668056,75.67784735177928
610.8909726128826,244.1230550209644,24.67055068504427,75.52449277851238
611.1288259874875,243.4537619112051,24.48311712132583,74.45115892738272
611.3221530101348,243.2989543163173,24.228775433456946,73.03515754287093
612.179913548857,242.5760385480025,24.06934196911834,71.93429170134195
612.0600465164388,242.92230231915107,23.670932673339998,71.06833677097279
613.0232665167019,243.3574578910315,23.263857149017664,70.89628176219883
612.8543855140206,243.5927033594482,23.136938393281497,71.19620487975916
613.4680366760285,243.4559363652777,23.05119209381704,71.95332628212648
613.2183957220677,242.87195554927214,23.28937680897426,72.9475200196311
613.4111817184612,242.5431276527355,23.726712562025593,73.76000880168183
612.9782429954872,242.61567072802927,24.3839611299762,74.62365949992545
612.3570546013707,242.28384128377274,25.30145544068739,75.2832767925884
611.749411308874,241.472403743803,25.99656394607554,75.71726582611825
612.2688533138005,240.54867720122405,26.44124121361216,75.85883123599078
612.2082818493205,240.10475234432374,26.56396748314983,76.013194655045
612.2379214537723,238.42563639392787,26.752890911084144,76.29519221516904
611.862503376051,237.0584563923931,26.67867790461574,77.13278793982668
612.587678049906,235.5515903552017,26.378856272588777,76.83855402032826
612.2217617457502,235.76002654952453,25.752698496798594,75.26755331861808
611.8109808646565,235.33337665653085,25.28144302399299,74.11071459294772
611.7056041331814,234.68531925775923,25.10088388776108,73.17821434494344
612.8594730791243,235.6843088526124,24.723472338457867,72.45193327249333
612.740423541322,234.3651479901585,24.495317000934627,72.79485795417295
612.8975195420103,234.12627078954893,24.12207785565176,73.30039991412647
612.9847221349789,233.70108293722635,23.8968805828448,74.00119125090036
613.0965981650694,233.17870890068446,23.629221636533508,74.84702193506814
612.6245219490028,232.27223824743595,23.443131005693665,75.64811383818378
612.5515539846632,232.05813274597813,23.46834394016447,77.06078358562534
612.6979553197776,231.71268113722005,23.46145357505215,78.18685322169392
612.898100378741,230.43015319766351,23.40637150594594,78.64566000679758
612.6506885232802,229.93558169960215,23.588661510440943,79.09883320912374
613.4798145984548,231.08396485687933,23.67235963360565,79.36253866771702
612.5220719690872,227.23364493871372,23.76924042304161,80.707938159047
613.5522587848212,225.14483796746293,24.062575297203985,82.13128250163405
614.0450324593653,224.58883704852508,24.417268545840663,83.33859513928721
614.9886139231155,223.51134658766716,24.43376531968763,85.2458721809314
615.9213849867601,223.81565127846173,23.98772163600193,86.33346877296749
616.8933314369642,225.10240195160907,23.655979523900847,84.74406341733061
617.6714038909618,225.9648315301979,23.05145340653237,82.4237667334501
617.5747436032901,223.14346482092188,22.40799402982627,80.81137081469132
617.2659641926786,224.28700625813622,22.142272573797378,79.77625513195879
617.1092713606495,225.62844492941542,22.15527469984776,78.75349660768347
616.2644912438491,225.76568312367002,22.74667871968824,78.46204407873476
615.726711409153,226.64298144287517,23.37276342851455,79.01558271139685
615.0394539975457,224.99519766697995,23.944593646607764,79.11467475735842
613.8005722250675,225.47763201392468,24.488545765401454,79.58842615395363
612.9118184200213,224.21594630579983,24.983171996366217,79.60156917474129
613.3204856075769,224.12594459513915,25.283164238496155,79.27096106194398
613.2783783627893,224.32960124033613,25.23142136780354,79.94659776754456
612.4451421827017,223.78163514303102,25.257701576909035,80.09392555722849
612.4166362510799,222.30807736822334,25.443870536300217,79.27509591069214
611.5431389981496,221.60994500883712,25.669270040940006,77.6535026010527
611.8356166788469,221.00962658561252,25.628001546305722,76.11648070841191
612.4948735105822,220.22963733786852,25.223810914737545,74.73736942881449
612.6757958021539,220.71031819882006,24.738902893953583,73.74690324501796
612.5048849709118,222.98105716540297,24.547554988852696,73.13101892643039
613.0390915275241,220.78292534851613,24.350133761290195,73.43033441338403
613.2237324356823,220.6838476959884,24.344256516983798,73.58304105013839
613.5618342722018,220.14723561267562,24.41357331647123,74.01480354636524
613.8097587714726,219.91773229329735,24.48761612834693,74.52307838984056
613.3306172190449,218.7624456454549,24.577692553381148,75.32741501312404
613.9361894931778,219.07275765724077,24.455563608180874,75.61230624309614
613.1195044310126,218.75975084089328,24.18310370683838,75.42833596666108
613.8211334494664,218.85672480063786,24.06400616473522,75.45614590616348
613.354692764984,217.39297515712167,23.77330466989256,75.72472824297007
614.0595760956396,218.15783590043293,23.536463004003444,75.30576625303638
614.177520486058,217.84998093974605,23.472830201154935,74.81276457410647
613.9310378774774,216.36599583030318,23.534988215261933,73.91115142469084
613.6148055530771,216.6876144891845,23.391076557051637,72.30793791063908
614.3036453658759,215.5050183041746,23.462615562244757,71.22537041394446
613.8460691528603,215.031446175933,23.199979134630677,70.37680529886086
614.4188508476075,216.13060885442223,23.150898022052953,70.51310327867441
613.9573555948192,215.3660998267595,23.133050667521914,70.76579336635615
613.7771862344058,214.97083203911376,23.361952548648947,71.30963080054963
613.9623423635406,214.26483454516415,23.62646063244314,72.25120846772053
613.8020654057984,214.2682701543737,23.871749207420706,73.21433197309825
613.6441105662683,214.58778001603238,24.09619327174473,74.24098800909638
612.3794721063089,213.1091939225899,24.220529109663012,74.39609386984002
612.5570555107311,213.02230647049515,24.336328967755435,74.90828904590299
611.9413668555882,212.60488900756704,24.257397583201715,75.0058568351854
612.147175061842,211.56731742706873,24.186253034440846,74.9173974056211
611.4951466642474,210.30330973885435,23.99845659247778,75.04128041586942
611.4557411017167,210.129951850792,23.836110841451845,75.0203360569634
611.1727307126916,209.12233692602885,23.719560923625153,74.24964433285078
610.7811231927814,208.21958453894575,23.338640864988335,73.20658734325353
611.2044921756394,207.49989936836323,23.14907098961556,72.64843473424618
610.841673195457,207.8283497910358,22.980911969599504,71.96284934731796
611.0628959205376,208.21708935874568,22.832215136610667,71.39616810291898
611.0757287314175,208.03326915826813,22.693819801530005,71.1193515808661
611.3465504262082,207.06575981386746,22.68735686143438,71.29845343578988
611.5220158228414,207.4596834664887,22.677804220538576,71.85840125936971
610.7980037548933,207.10073531162442,23.333727926899613,71.98610882741434
610.9987901351088,206.8862234276617,24.034010325274448,72.4836012927089
609.9554983973052,206.43194525898662,24.571716442445275,73.06686557922058
609.3747502067608,206.63667893697345,24.87492626395214,73.40561574634492
609.3021367411079,206.08685807808166,24.91272255092462,73.7254444725094
609.4065653042077,205.5861023063497,24.847161845299404,73.96956551685835
609.4596032135505,204.40638607803908,24.695335978602202,74.4091663399117
608.9709064031398,203.53362857901627,24.490696656651657,74.24794734824178
609.2619213426752,204.3081088770491,24.150732296675137,73.71920953526475
609.7145487891014,203.3910880113613,23.971738781157345,73.0027029515922
610.2985675994806,203.59141190687993,23.776133237330043,72.15988167956738
610.0056299451956,202.72605393523742,23.639561150575485,70.9687040262032
610.4365803512867,202.86600355871428,23.42505058478453,70.32460573692924
610.6013118778185,202.52809996193193,23.134457743411502,70.27866082335056
611.2006538264526,202.74113128699477,22.934795912736526,70.59271959742303
610.4691331399649,202.79697367547945,22.94225883932354,70.80838758267595
610.5453519971763,203.16609526709982,23.193428791393224,71.70929430368633
609.9057745218083,202.23488525694702,23.459037394511185,72.48763565444388
609.9737612150111,202.59372633695034,23.93265096222244,73.27997482336333
609.3787043566028,202.4772300372447,24.293542178714674,73.74779568629579
608.9288245453976,201.7945234186575,24.464621011654472,74.2112214900367
608.4166104548073,202.0758658975218,24.351186987329843,73.98983991065165
608.3113879889632,201.20198329985604,24.1489841054593,74.0250699630846
608.9636610300691,200.8949634450472,23.92604059664224,74.2691943363318
607.9958707061721,199.82362684802325,23.730084045415786,74.26253906014959
608.3821083602577,199.95357469492274,23.607129194035572,73.66870345641567
607.8322374905504,198.0036887254575,23.401529689706507,72.82241597762152
607.5930514609704,198.2225511608491,23.071355563372887,72.32023177550467
607.6135875790529,198.3780104641387,22.881080667481683,71.42430043498919
607.3459930650598,197.7329839104102,22.690540647215702,71.09459040653611
607.3508964677118,198.59483593635204,22.490271595374605,70.82957592507937
607.511104805265,197.6758581669064,22.52261642730254,70.99498305069399
607.1557422074787,198.39962739695463,22.44361959748055,71.24826348689116
607.5337082489316,198.1982323976319,22.887035010607697,71.7750806483269
606.4168432609421,197.70413145469408,23.354074851584542,72.21776103647612
606.2656595071102,197.5698865881066,23.817720815697903,72.70955171839013
605.3826538514172,197.21506993851762,24.074196456803236,73.49307926498082
605.1651035286743,197.1335428953715,24.135227232770937,74.00974523777433
604.5731435982915,196.91176850371266,23.917281491996874,74.12142495533041
604.2059291902663,197.37559969035183,23.67878536030873,74.17988447498118
603.4023348334563,196.8618094489949,23.474402356666246,74.130054259758
604.0213680209757,196.62862842935505,23.369252312918572,73.95697212665536
603.5458174241313,196.12933219875148,23.071472643417685,73.32323870018246
604.0562844227672,196.23577396630344,22.78996573583713,72.66593607909908
604.1421273465262,195.61063857171263,22.681743069576527,71.821306260218
604.0071473108914,195.57331052764064,22.511922398916113,70.74202953853224
603.5411380127418,197.0242482912686,22.239549992560107,70.61918290379339
603.0018440524151,197.1115611773059,22.134878426061395,70.73215833444515
602.7542131087881,197.297176073517,22.287755617308576,71.16618639886883
602.6667223265366,196.89969950893965,22.507180662482163,72.09601026581456
601.7951898133484,196.37139910603952,22.810551165047144,72.4714382834717
601.0490412482088,196.7560430563652,23.111442402954154,73.46474710923785
600.3756838719839,196.78869272682056,23.430069777855792,74.36161652147428
599.8275616280233,196.12943708403003,23.782247908164543,75.11516345301712
599.3861204700838,196.224926399057,23.92224600535061,75.06742096834029
598.4916335517624,195.44169316977144,23.97618334964559,75.33094276672465
598.5005790390368,194.93364334296203,23.815770099649228,75.82789448781404
597.8448337691245,193.87784624306335,23.653879239365423,76.08152548322757
596.4108353465882,193.0756517037596,23.49337099753923,75.94883637198515
596.4094780038736,193.71937016992257,23.463393641720394,74.85383638807787
595.8702654857525,192.9066561771906,23.233231961310626,74.40874540305228
595.3829115032909,194.09319403699604,23.429722193327514,73.0631916513293
594.8475434218342,194.25527119369428,23.567907031873233,72.2371400028803
594.5742211383595,194.4772336859347,23.392785842215787,71.82928959716156
594.1563141086599,195.63351142857772,23.371983821807667,71.27652441319847
593.3943155410068,195.83553506060912,23.37647557552959,71.5425415388413
592.8478044265584,196.0170929255582,23.549134318613277,71.68660196975553
592.3224069199986,195.49723757050714,23.911634503794915,72.5893071719116
592.4213509823002,196.32575392492987,24.464033554370253,73.0388678335038
590.6589914956278,196.18470023273522,25.063938541890327,73.20089146114822
590.1762633209032,196.12248950827322,25.33560374029276,73.35702311008396
589.4267784735237,196.6368574572449,25.212273525460105,73.34385868716959
588.0525751597256,196.20433080293236,24.784682418986375,73.72242880931128
588.0536810577372,196.47204146013726,24.62601766914788,73.52245832297687
588.1943965650981,197.3996447355409,24.430498375417034,72.98538143086864
587.8532771163232,196.9447550272046,24.121940408934215,72.57803922259465
587.2915538022311,196.94273435752956,23.980940182527043,71.4968099187105
586.7695539986152,197.28124565595024,23.790094985948777,70.78222502607463
585.3270008298572,196.9722463183982,23.77161445899324,70.10886439579696
585.4761729023215,196.5931758740706,23.578930201259162,69.95179450097055
585.2325215053795,197.2404018045006,23.591927365413163,69.8846382772413
583.9081606200457,198.18826903656873,23.479607256426817,69.93755822632832
583.0994468920957,199.4185162232367,23.591955919754806,69.86160774871377
582.7445383675562,200.09731075069317,23.87974222189708,70.12755444609726
582.116379990248,200.07332892415218,24.339029898506638,70.79435062777041
581.4289873452448,201.3797229920508,24.733625686273875,71.41119033964466
579.6341307044765,201.32323339888114,24.962214690695383,71.64345276999781
578.8736021137812,200.64710172948546,24.881333624405347,71.88941718529672
578.2225433667401,200.14515304761605,24.843362512607044,71.97507757813406
577.687744381606,199.0892395478746,24.58169515256048,72.43644695699625
576.8503791091994,199.6635443085759,24.428660709428136,71.8030465143824
575.50486823592,197.9585221153273,24.305092001885384,71.08553410003728
574.6137705575404,196.31337464638676,24.045495681169637,70.95859652449064
574.4776342016951,197.6672798059966,23.956544009744547,69.53556229684656
573.9970742736965,197.5355720131052,23.72301846092583,68.67413130498508
573.0487969521581,197.77166986261986,23.693281757452826,67.960554601503
573.359677704293,199.3875693998673,23.542746379138556,67.21523647831735
572.3369250622957,199.32640134501622,23.135988307878108,67.22472791969072
572.2204372264525,198.91893201038732,23.031846605621112,67.6491256613
572.0028778374955,199.02154056867454,23.174414998536747,67.98376372689646
570.7480638541724,198.60749342811002,23.595477615604032,68.17020655643779
570.1160037104339,199.4311433746881,24.499567490407106,68.48070407138556
569.3578499496938,198.88658742979672,25.104784935917685,69.0893111205559
568.0972014510912,199.28714057859284,25.549286355119968,69.57457188171766
567.1744864940474,198.39542755604873,25.637356645298567,70.26277426156845
566.9237030768277,197.07528519738278,25.405696942033522,71.02830419240892
566.6630386128602,197.9880510372351,25.07837887156292,71.18321849373002
566.2396358042723,196.9697454127051,24.706706643546738,71.456858579994
565.5004098841181,196.72419552604538,24.27363979088496,71.16999090031051
565.7470211046317,196.9957303242881,23.84987161002833,70.7661007868811
565.9651553478061,196.22898317166806,23.507786866679393,69.99734136897668
565.4827643461728,196.83204872544403,23.18944156205427,68.52433743818635
565.5462270730571,196.41624571157638,22.875787705313314,67.5567382819388
565.5354379484606,197.4291499059801,22.645285662996756,67.43008980142604
565.3520812820196,196.50796900223278,22.745482131578974,67.41875895812571
564.9411451645135,196.94710824365978,22.837818906119054,68.25983117088174
563.9668223888588,196.9905640659357,22.87534988394994,68.77233244442071
563.9333335563048,197.9164950452869,23.51474397380901,69.55659414294492
563.3801706038926,197.61024102912407,23.982711047227852,69.9442354721179
562.1692234804209,197.6891011839037,24.302879239026,70.35332094249259
561.5901912524139,197.46113513335285,24.432469721765823,70.8356423090272
561.2066372929456,195.97490400920304,24.45089478414252,71.2990251009975
561.0266966591574,196.2147889965261,24.306289908129976,71.49908317410375
560.644582268308,195.80899627702658,24.049919205385176,71.85704806008613
560.5956877959546,194.8541598753515,23.857466431799608,72.19092616662839
560.0587705606592,194.62585675727337,23.759686851525238,71.8471455567192
559.5078848426783,193.27807022827753,23.70680879140849,71.09744473852066
559.3395300163928,194.6091047970412,23.552768518604665,69.70926573866578
559.3400565567053,195.43706452493785,23.452555318088287,68.96639073553965
559.5840871048479,194.70416957666612,23.508863084908985,68.78346632811284
559.8581839864241,195.57689331706692,23.417063398104,68.33226015647716
559.5706334549004,195.76925102723578,23.376212028995837,68.58288149284569
559.223069431471,195.45165630227893,23.748147062186533,68.8478836005925
558.7986294883692,196.88500065403844,24.55786092629802,68.52995912589427
558.8087039278558,197.0765722147704,25.221914479957228,68.94942807069923
558.7437146732185,197.10621530813717,25.772134166313887,69.51085332977411
558.0494039091427,197.8162068176588,26.0158271199034,70.0168153542947
557.6525751437598,196.54998053395767,25.993560244617647,70.66789988065847
557.2299197067045,196.87198137715137,25.724769828025373,71.04401583476636
557.9412207950644,197.6140961180584,25.32380437577755,71.3509023521741
557.951516754513,196.20697000157605,24.96701812046603,71.86084974695825
558.3967335881662,196.55256814424558,24.576930398517938,71.27115573112562
558.8205605220832,195.69566957427259,24.01316749328486,70.9292210976952
559.5672780156182,195.79535817011487,23.435608894764542,70.27516510232827
559.5230003271646,197.16222972412777,23.15107612045508,69.17154155645154
560.1280318947951,196.1503864335537,22.78278494545274,68.95984438859149
559.5679508142733,197.3847499366024,22.65962723745467,69.18810715719808
560.3353476821624,198.89127823788616,22.77794972787303,69.39977198636272
560.3334157176329,198.45185420803543,22.849980955964064,69.971041482374
560.2025174576926,198.69503057302964,23.127477972577996,70.77197849104067
560.0529867716183,199.27218325477514,23.692474139867755,71.51400384177546
559.3884883308373,200.56161579745054,24.27738070275001,71.61056762376475
559.0345117893534,200.18004876253235,24.623568013613493,72.00844985444016
558.546343188518,199.97891169401134,24.69872947790337,72.27999675997964
558.4707006606092,200.31691266144597,24.645599644504465,72.59498760961054
558.4566246622109,199.72822533500144,24.411895413187946,73.1510829632404
558.7169228817589,199.90335939740459,24.23789837413523,73.39884600164976
558.4676318075842,199.93648414024312,24.12186150583743,72.98928410347229
557.4404970437503,199.674592295885,23.914791607464643,71.77145953012649
557.6872719343324,199.93863970005907,23.836333191876022,70.43995121145579
557.3787587151838,200.70385188430018,23.70442863947742,69.59560711993963
557.9843515263548,200.55919599086022,23.643775739608493,69.21654556049081
558.3790754875674,201.37703878796566,23.525606293898402,69.01902646541782
558.7502213692186,202.287288706685,23.409779851183124,69.30476070161805
558.4836605399842,202.94089671019998,23.24371917809009,69.83159594599951
558.3344519250549,203.05276122381576,23.510019681907885,70.18428716632273
558.3343832176051,203.48973478439586,24.273383188668966,70.49880993194236
558.4043674615074,204.91671861345225,24.989599421857605,70.8001486130935
558.5702366347263,204.69329064796935,25.507977685946848,71.38089021078731
558.0730381398453,205.90740936300696,25.76364633126833,71.25310668200298
557.6871215105443,204.48998358840961,25.67313794749038,71.88071717284805
557.7179036543083,205.61424182891136,25.533936903959585,72.18704530968816
557.8565549115733,205.98056986377765,25.15553811696093,72.4990606562383
558.2416243592837,205.30122719525465,24.786399184823736,72.83426569714929
558.712686079511,206.82162571510005,24.447952480724183,72.14588636490174
559.4704944887362,206.81196861923922,24.025132345585,71.38709738384429
559.7496922154363,205.93437720952596,23.685147771558473,70.30265293734068
559.4881906876044,206.56671864560215,23.274487399392406,69.30318874032486
559.9075078309957,208.64469403946362,23.261416662605406,68.50165646876098
560.0694248094316,208.86656253526522,23.202277634856436,68.39998394721049
559.9527722027146,208.30607726361742,23.011669786671554,68.76974701961224
560.2466325757647,210.92970363133827,23.370487369695905,68.94883438731993
560.1309102340196,210.65748529588905,23.688088391639447,70.01343906463852
560.4912735260358,210.68507933854977,24.22266185262047,70.83672515524712
559.5422624602386,211.49269707674773,24.50250585501872,70.87877203129872
559.2624126128429,211.56836613902337,25.04364868674034,71.20730285520706
558.9499258570451,211.95646726726477,25.361020359032146,71.7658088125304
558.7216726901871,211.56468818174193,25.353156978487903,71.76928559224152
559.4632641723374,212.21404875112725,25.28867470922527,71.98540732132216
558.7507312338606,211.4619110515618,24.67855930222791,72.4460701210802
558.945750122152,210.59554635188022,24.458832604074445,72.32350779623833
558.2530358247465,210.91406335321736,24.30676737392683,70.92976016479513
558.7623891140198,211.215276737195,24.157440256191578,69.60663611309502
558.8343840094886,210.72496354913176,23.997210302478972,68.64089403333472
559.3259124970784,211.57913451804046,23.800085093332548,67.64203309641753
559.473083962302,212.9164297516076,23.488830866711723,67.38125145191509
558.9303966514155,212.74300317146438,23.05194661073035,67.81880815920245
559.3290325076963,212.71550149136885,23.159306036016716,68.37386039520217
559.3201179387875,212.86214614778783,23.625031684196934,68.96191081119647
558.7070516808282,212.95063313599732,24.343600787926047,69.13555945893638
558.9867550317413,213.47931436836234,25.01104924490579,69.84202133788767
558.4852672367712,213.65069792160335,25.451374869559775,70.80272019381565
557.5132035791812,212.13636944606938,25.521513675561323,71.72065388781876
557.4575256330993,212.94465760720095,25.464491244408585,71.81711291063311
557.1645903089383,211.79263458715022,25.043342253715544,72.8558028868918
557.3244090907068,211.71358240215076,24.832964176376883,73.42100084142822
557.5623915901814,211.21116140766793,24.496883023472364,73.57274783537206
557.7601554150659,210.938324488841,24.193501226447882,72.83021354600413
558.6442325316762,210.65382411943074,23.7456666457847,71.98793401043346
558.7685348762045,211.63435614783373,23.354446072185496,70.40084722733016
558.8283300147364,212.0976661313088,22.934832507587064,69.04027874353427
558.758866280239,212.95565789253482,22.581346962408425,68.3536860330024
558.6147395775332,212.30707969396985,22.500472080981275,68.09509325219962
558.3810238491586,214.3418823766546,22.721447629908788,68.09564303056791
558.7560161857251,213.91289808284822,22.917514077533916,68.47430879463712
558.4375869527579,213.93574269692067,23.198922598733724,69.1733303099195
558.0597819117477,213.98047998850302,23.655621794705045,69.8643708014847
557.6440071557153,214.84047470435215,24.064439102571043,70.519619549947
557.5806434814053,213.29369173077754,24.405721148466103,71.41079268055259
557.1124451306283,214.05870488070116,24.630420450403797,71.48959516374063
557.2094871891478,213.11268420598714,24.623948092073846,72.04937113612404
556.7180827841324,211.7521697445811,24.471592641240356,72.66242195339105
556.102936495353,211.51481028589689,24.271834964931024,72.72273689574955
555.626510534118,211.4716051245482,24.220154907840094,72.0559864437391
555.3308234382683,210.76628953545165,24.0263316627299,71.52477446988604
555.344480889702,210.11056192968928,24.12298121856668,70.54986989442347
554.7690080330283,210.70970847941223,24.019526917036686,69.56187980353396
555.026539341779,211.16035479823822,23.986080528354172,68.89211455397782
554.2860242773133,211.04973213454463,23.72748508412722,68.92204293402402
554.0789808923388,211.0429686091266,23.692166928968433,69.18174195105517
554.696280993571,211.3117848463709,24.110344517527185,69.57201199626952
554.322890416484,211.1703061432396,24.91831382562375,69.82893485179082
554.0271900724591,211.55162867709709,25.830511867656472,70.20048475420677
553.1211644088078,211.51250307419417,26.50555774661784,70.54382240224473
552.6830827137987,212.3133170385796,27.050360021657035,70.84334422322966
551.9662677198768,211.59546713650175,27.251182373239942,71.45972865348786
551.4822197920117,211.10158784083964,26.95825196573299,72.16552055856329
552.7251816479511,210.01343111469308,26.34783966170663,73.3317466399839
552.2847025298851,209.50278090122487,26.042522654079363,73.15947275757128
552.609044651074,209.80191392440952,25.517045116556503,73.25033469286473
553.2932992666397,210.40433885529427,25.30607000789231,72.84239076590589
553.0059111976983,209.07281940483892,24.902572515632688,71.97900668936907
553.5600132436559,209.39540113130474,24.513620056408058,70.89369530009327
553.0365222833178,208.99441388592805,24.356752303812925,69.98624231491735
553.2638178791757,209.85086978710342,24.298079302576614,69.93348807386886
553.6050509635417,209.97134628516926,24.19628450387404,69.94964519660309
553.0207773243579,210.27489730185266,24.15651903237891,70.2100636743867
553.2635125761509,210.8381452560725,24.2536029883647,71.19009867071688
553.0503154525527,210.86841242486128,24.589688181901636,72.32471494692412
552.4880127594814,209.74425256198043,24.94956025353009,73.07907762999172
552.0425169207448,210.6834366688279,25.190126496890834,73.56536896410257
551.8172927261264,209.95619755482033,25.230342222972876,74.08940766031456
551.7770035488442,209.77672000552684,25.08740752567007,74.384591116157
551.2019555751376,209.58612115567195,24.920940701285822,74.33439239109644
551.1794119068423,208.83315305377135,24.628617587894787,74.63800944969503
551.6366617982776,208.8425424222819,24.222621003647895,74.67718937890913
551.1709018716303,206.71914708050693,24.004347947320248,74.1920269183856
550.7112984626245,206.30222706937604,23.786018954861277,73.2253995687067
550.6119237365028,207.298465800317,23.622392492054097,72.1714673934803
550.7689691161214,206.89310950723979,23.320742333249406,71.49501679356136
550.9146573074362,207.58248738653688,23.180684232508938,70.8254163560884
551.0710316383459,208.2324198477306,22.9896398659671,70.93519448770945
551.0253363387045,207.58231071792673,22.909635282640217,71.26622214978302
550.8130953773805,207.35817980560586,23.359861386414693,71.77264862686174
550.4381269107139,207.27795171012747,24.28238912682808,71.98674600298298
549.6089052828182,207.6215497178194,25.17584801334141,72.32070951728511
549.1199190653556,207.0532491547675,25.691469066488004,73.20881385762893
549.0862255343254,205.81791736224216,25.89629493245959,74.15638982194443
549.3780363063232,205.68836241282466,25.664726881725223,74.46350356942156
549.3994800043791,205.4502515249712,25.237833998648213,74.95464231459171
549.3992470259251,205.01610915320683,24.712321330735627,75.67600637712069
549.3930695559383,204.4023688712437,24.349262674079192,75.77908644456407
550.1401695223901,204.12946027563183,24.0481511534603,75.56477227668749
550.6325018494164,203.5229482728323,23.741937143424224,74.82200874280446
550.569215112412,203.47274681322634,23.397404892859555,73.53465149966286
550.8921124924483,203.13448511458864,23.317025992009597,72.38501470444864
550.8815530324396,204.13208545554178,23.103539838098108,71.75974393224845
551.4241875581914,204.0242114584626,23.021977480243855,71.45864693853758
551.1300062413594,204.69455807176774,23.155686403780845,71.14612632411753
550.6632059835785,205.77573159902764,23.586990471588827,71.09485920085689
550.6563505447418,205.99615110212898,24.199984269622803,71.61784315550776
550.2222658182277,206.39084407694133,24.87054645872825,72.24528536140065
549.252010330292,205.09209755916007,25.35439156107205,72.76934118306548
548.9451631032495,205.918863784608,25.845019224755397,73.29571819986677
548.4811930272389,204.78052248430134,25.995323385203136,73.20577811409399
548.8634689586821,205.33329470219905,25.67328460076777,73.53206229634814
549.152653905144,205.28871399353386,25.077479783003135,73.98004075459883
549.4381261291146,205.31300640728875,24.48358338381141,74.30291985173541
550.0990740887038,204.37478100432338,24.274093599238626,74.39913787053386
549.8335734446781,203.1717393846291,24.05577372458918,73.55508378082088
549.7208132360148,202.34765526064405,23.95959830751761,72.74736185011055
550.7042864671978,202.8063900312666,23.632774974042654,71.77830188483443
550.3242190069784,202.72932648514154,23.246008406177303,71.21165569741768
550.677054049782,203.51146880691164,23.142506105737745,71.07621908206045
550.8179348835743,202.73358946765333,23.115151873808927,71.22402271010861
551.8025999292198,203.2837307379271,23.212954017091,71.83557340816277
551.5671195736129,202.82412062771044,23.965472228667217,72.32776053204421
551.1344157221255,203.2094157497303,24.812445466710606,72.69511534396605
551.4882331505437,203.78060909362068,25.27304507738057,73.4935328992731
551.117610528748,203.20500148636228,25.732856202224426,74.1650279981283
551.7195163851306,203.56193101734738,25.587916116313004,74.51013521518789
551.5361598996086,202.28040454511142,25.60669773211898,74.76958284159038
552.125558213995,203.06794854623706,25.6019919656205,75.13363396707044
553.1434694536581,202.40924422371006,25.05933640981722,75.65229227118587
553.354726297734,201.59745529211793,24.718831292098024,75.89710431291321
554.1413873025953,201.73544548326075,24.148317734028083,75.03713740986034
554.64562673912,201.84877395946518,23.708340750684336,73.71352813830632
555.7625506472394,201.44435190466794,23.47954073260202,72.89504909726597
555.4215764452902,201.63606945822463,23.137580163760475,71.93406232723073
556.476633823465,202.90453063121666,23.006148521462535,72.26860471055573
556.7677246770799,202.11640482988275,23.056906212521575,72.59701841210813
557.2673057139823,204.10241883293818,22.999383919715047,73.37680000301263
556.7602281911201,203.4329367226017,23.327268966889157,73.55620604669126
557.2194240487852,203.36607687809294,23.72317611973809,74.58809930634175
557.4753759829749,202.87586798814107,24.012065899124735,75.54474473480175
557.8835895243071,202.92499250538998,24.261131565674603,76.26008175653632
557.4781345406137,203.0155692049517,24.39771362311498,76.8206752598787
557.3191229490651,203.19802630616255,24.349339812813554,77.24464820059212
558.5111530992696,202.69153836740298,24.273746423720475,77.90419341953239
558.1706197682623,201.5134524165489,24.068019174277957,78.29679746826662
558.1320826425457,201.06381919441185,23.843153372009645,79.05832033517959
557.8350622122922,200.1614709980287,23.67356056409413,78.59077823498018
558.905056955948,199.73427040847056,23.43035192528565,77.57349235946236
558.8522829060555,199.436536825338,23.30106012374233,76.06764212002678
559.2106658884054,200.09430444790323,23.016498852598534,74.47586214513905
559.3343546527519,201.0862851533826,22.80035100617222,73.51055639194855
560.3805989685019,201.31087245994638,22.85547590006296,73.13703029523752
560.9398378859548,201.30338723848786,22.808180435342734,73.28947627342814
560.9771467307596,201.45257290066235,23.28518579213138,72.98697458934012
561.2773724938381,202.08103001110192,23.792622010877935,73.05432763664183
