414.5,305.5,33,71
414.602146997963,304.0260159921387,31.739641454240452,72.57045636539868
414.9798103127518,303.1906594273313,30.87919158788744,73.82401643457727
415.24853299489547,304.01286550465034,30.62042416396877,74.07769547695304
414.7065024627209,303.614875997138,29.744727304238076,74.95309956613787
415.1143883394072,302.9567978319345,29.426509584860078,75.56864358994989
414.86160107257547,303.1983141718769,29.080830787816048,75.35983668149228
415.232329830839,303.8195183669647,29.106563548865488,75.5157024745901
414.7233750214473,303.63435132228415,28.951630665054893,75.53715737565197
414.4639141864801,304.28279979589036,28.865333209241495,75.3981295290102
413.943389806799,304.24397595005166,28.829232458220034,74.77639217372875
414.22865382338495,304.95375458871587,28.974078060340222,74.44397629101546
413.94126192596667,305.12085415806905,28.909122282174984,73.9635645595881
414.5433810911435,304.98291099711946,28.94759895292756,73.7379919385971
413.9362460016411,306.14517260126087,28.795814597020275,73.27905536876492
414.8704406763247,306.1110303353681,28.861059051974397,72.85939207893333
414.57783750569337,307.1734905592039,28.575419062117522,73.3531139614314
415.5400379225017,307.88714707753127,28.320358362167823,73.96009147691595
414.9458011768906,308.1848182370246,27.974567527294404,74.56501432707299
415.64315703912496,309.04774746916496,27.79319727735874,75.06949229048087
416.1836389478147,308.98710935783345,27.462561762362718,75.69872239536127
416.8013732183698,309.86031451686557,27.370410682266368,76.0555950057638
416.76868898698325,309.7836349945782,27.09382753638153,76.7284032247427
417.2616588675082,310.4267507937025,26.98373487654329,77.39809017698542
417.6121253445811,310.0672836392792,26.834667976932344,78.20190167880614
417.5769438474395,311.6531149376738,26.933708002613344,78.61423776213167
417.45743137838895,312.2793431464603,26.869941971104286,78.9960595227738
417.8969933086131,311.0738792864207,26.690093187045193,79.79264145389726
418.09336774437406,313.07066884530025,26.32234726073787,80.52928599183879
418.61706151277843,312.56645985719416,26.287403147200237,80.96669021940518
418.76813996396424,313.1286737363623,26.151951331655944,80.82155282724175
419.3716908498579,312.9095348784844,25.796408185566776,81.22281672169368
420.0705127355238,313.2541747953346,25.47582809393014,81.20374802433429
420.68307563270355,314.4161090522421,25.34783331344076,80.33108452570185
420.3476246317761,314.87546671988997,25.36336543748045,79.37786664317187
420.5151486142036,315.63101476335777,25.56697233645982,78.64456992414094
421.42903518571825,316.0211446050618,25.879587682200032,78.25046432613058
421.7860709074369,316.62743863102804,26.121447246624797,77.7375328799186
421.4920724050502,317.6235216425554,26.01312616143627,77.38901166658682
422.0371319440869,316.2059430987591,26.186117124981088,76.78337500150906
422.57353733337993,316.9533723565035,25.901340308644922,75.49171509775655
423.0274920530921,318.975148614073,25.625797407268365,74.91715481589397
424.00469267957754,319.5275100826666,25.57980133904322,75.19669110264473
424.21412792536427,319.06501229125314,25.629388933721966,76.23151310869949
424.53821334311795,320.5206770414006,25.54479545216891,76.80811581360479
425.2614319802209,321.12767839978386,25.751910352531276,77.77161715949079
425.0674872642726,321.4793386102816,26.002693261510068,79.20075184904523
425.2332387816388,322.03448113914345,26.200880969270344,80.50292854898142
425.19703674651475,322.2018966038659,26.423163079474477,81.72996974420846
426.1282609386814,322.28728213558253,26.73138043610801,82.62125534142743
425.5506781812922,323.3631659881321,27.20031344365759,83.00685331130076
425.3674040583158,324.06113019659347,27.707192227764047,83.44499569611295
425.31099131617293,325.36615504038895,28.19616963141474,83.87058982451632
424.75411614616075,323.92000209176354,28.734505671474174,84.95191683230176
425.01038093289714,326.62475970455745,29.30357366460606,84.7971084663026
424.80861469324446,324.88540069149997,29.8540046519832,84.96746257792779
424.75171699909623,326.66606692571503,30.08450785699968,83.92367151803649
424.35475348454474,327.591376604148,30.08816056406974,83.07259296698717
424.46703755124486,328.304928420074,29.870379974320244,82.18073374040478
424.17424953563375,328.0718294129446,29.625928246467325,82.10909252078831
424.5563524375001,329.34448821802,29.429237458336672,81.18136939115212
424.6220589678227,329.93130851677313,29.01380272210483,81.25575218441574
424.8302935832049,329.97295845047347,28.597117892376353,81.45108662678372
424.79247992705626,330.9596276803228,27.974034941898147,81.54942084507894
424.74713176531407,330.72994322270114,27.633676434831415,82.18975567564452
424.94699067103716,331.89954994221966,27.614802739596197,82.27790730122838
425.50282964503197,332.79192292942537,27.556898910029943,83.00359213965272
425.5912692139624,332.6812443825979,27.456448543188138,83.854645900502
426.52186904971165,333.9928093533626,27.30433230960915,83.92201335734907
426.46113412970544,334.8823725046221,27.436677303908276,83.64815574780042
427.63535272565196,335.7399963039929,27.335770333954315,83.53023156672234
428.18575710748684,336.45278325958685,27.269671143076565,83.90441012936557
428.40797214864307,337.78342857510205,27.385753841907363,84.48982097729333
428.6312947180262,338.3960953508884,27.52610299349298,85.14459709349867
429.36931585200483,340.262175994466,27.514282679881347,85.24637130553465
429.95156299093355,340.4629575957796,27.679161404076247,85.59758305674978
430.481257130797,340.8743842887307,27.7487917887094,85.83392781194553
430.7919998414027,341.07666547733953,27.855049754720326,85.94701234348796
431.06706551185346,341.16137222922157,27.862264996231517,85.7491720453886
431.61156365722593,341.1625109590478,28.17930949318336,85.34821473325051
431.8528067303693,342.68139331088275,28.173697221560914,84.85169930478816
431.89053382194413,342.7913273706931,28.064821011628084,84.90729548150836
431.84810965760045,343.30150051003267,27.95537099844509,84.48981382589902
432.4085198621723,343.57596830811696,27.90357944367154,83.66935734688546
433.12588330878395,345.2419833675299,27.675476819933696,82.57611774014461
433.8625336815433,346.213746006875,27.37126801434109,83.12165763174247
434.27182056453967,347.26591935759984,27.041528182417153,83.98424418072003
434.308064614801,347.91251030543225,26.622092650330053,84.9329076543942
434.70537960473035,348.5023782039817,26.57635885205478,86.00207346290128
435.42417313440353,349.29899339397167,26.48656048422908,87.22186140491237
435.77110056050003,350.63295838701566,26.672252393548867,88.53601545469785
435.55340715096844,350.5333037960405,27.204610970322086,89.61520905847354
435.2328097370509,350.63604381832164,27.602012936457122,90.22738088177778
435.45038188819683,351.6002232108554,27.95575166457985,90.56319822700506
435.9343821013619,351.9133748250667,28.258053057097314,90.7055739021622
436.23419809164636,352.2152614659811,28.42468724369229,90.6933833358447
437.1912929445775,352.31731146769255,28.43536731360197,90.56367322970871
437.5167817684891,352.95502170884254,28.44404154127467,90.28565315043143
437.4764379556938,354.257883615738,28.348339070320076,89.92304905328483
438.22462614393316,354.2542080575843,28.45588482251874,89.76492120991256
438.8339214790548,354.493733473024,28.38220913697858,89.36757579279197
439.80225698739457,356.456297567641,28.3063011932666,89.16703623614157
440.36716160293133,356.31345980015794,28.678239451168622,89.1359728973876
440.67348370162233,357.020434728084,28.486778839907146,88.3330042078982
441.2062556166845,358.2720606101592,28.39844016706281,87.27080654950642
442.53233465164544,359.42014395796383,28.36637830380601,85.8783401460076
443.3392860181343,359.6968060527653,28.250438880116203,84.90952839875519
444.20430227297754,360.5154860437185,27.989714389114155,83.86262031303932
445.201915317984,361.82675174509023,28.021782458036768,82.34338566704024
445.914946805406,362.7018167760509,27.939480092819664,81.37471887053795
447.4635638996501,363.6202701206907,28.00797447336207,81.2799841840507
447.9343348532899,363.443810095114,27.930594593918435,80.71061438687647
448.78565957687675,364.51458624848726,27.607537326996763,80.3391143939346
449.3926652319685,364.67762993813926,27.521847187620143,79.57645011176415
450.42174067583136,365.67002137360913,27.41800326000034,78.61650425788378
452.115271895409,366.7744179343245,27.024659921797095,78.1219744564222
454.30128926194226,367.5215045007116,26.99161778440331,77.70298483442829
455.507160056516,368.8135782881595,26.65798498279245,77.93261136841929
457.1160538499745,368.60534556364263,26.450960802628988,77.72662712138903
458.3490981129441,368.6566136208878,26.40065377464512,77.07857374110199
459.5775662339145,369.1256945200016,26.68436222607888,76.86080464688443
460.74951073804107,369.06186631076764,27.13481096730695,76.57552366262715
462.0122690842429,370.01198739106803,26.78868637428372,77.20264432551267
463.89103499037986,369.9621057001796,26.707713056577706,77.24275968150853
465.6423307690941,370.4378527099036,26.54528329953378,77.17920261179057
467.6513019620018,372.02995678135926,26.40011336893388,77.81251723308517
469.7328869318953,372.2359741113595,26.170848553811183,78.54831007915003
471.085669831699,372.2592523175118,26.101495103141716,79.58097443863491
472.3336344144125,371.9783417199759,26.29802170630001,80.80547894183135
474.2602506232302,373.6900283235272,26.859433529997496,81.67671814241302
475.4820538678377,373.35623269602513,26.989536051860416,82.65176913924807
476.7738740695458,373.43853869242184,27.331190762961487,81.69798002672263
477.36593851788615,374.4989913440474,27.44889108514514,80.82613988422295
477.50073480537645,374.9758011984634,27.509166290373184,78.83560201209139
478.3407750349302,375.363010731604,27.402227644543878,77.21406576021752
479.65191057590795,376.8457080622851,27.083722574780126,76.06277649035772
480.01404778068127,377.49141673906263,26.980367273624285,74.40605451772882
480.44093017039825,378.2785920022033,26.572602384756227,73.0234355934009
481.50206543763716,379.09709243350727,26.3002380564094,72.33626305749515
481.914735887295,378.4062267959742,26.312516580959908,69.6814090015981
485.0300097453555,377.51360044695645,26.22997148935066,66.28218341670514
485.3209463759803,377.1214671414852,26.695861933354692,63.31279316348136
487.8778327173204,377.41158593463365,26.86862880527036,59.84404606523688
487.39615819670456,378.49505890066126,27.227495195745327,57.32237045097449
487.3828372739096,379.3693026531182,27.51793241715915,55.432742410586755
493.3708204640088,379.4529539187357,26.04616697232465,53.75787080472106
494.27257214093464,379.71581929116684,25.345598813442045,51.43588316002517
495.58361964405515,380.6810210257778,24.784456470622658,48.7284773562085
498.5832023698917,382.0345948246148,23.913871589170476,46.1959272155857
499.6164192519619,383.7003653601247,23.259371723955965,45.26543408958851
500.7576954687357,384.11925918435304,23.08763910699765,45.12065808263419
504.80496944971895,387.0175747398017,22.707991161815766,44.59101715652079
505.9944680820813,385.1668944448128,22.51925096953985,43.81277159491785
506.80121718500783,386.72409903505377,22.139906749663954,43.21777779300647
506.9637076258518,386.12141476268346,21.91043766951688,42.50848898339227
508.2356468009226,390.170776342469,21.419704489587005,42.812855347136576
506.0608185982623,389.83112937447703,20.893774862040214,42.73130618495691
504.5994034981661,391.00835343220285,20.55824205373345,42.93122060498194
502.9091734646223,391.81829503149197,20.497494473497444,42.90809636808125
499.41599701688773,392.60684269657537,20.458649386178543,42.88374721463415
497.46781217821376,393.6206336028938,20.458659143024754,42.883483402790716
495.79451454455227,393.95429714646014,20.458641718468495,42.88332952246419
493.914077930077,393.7965273177098,20.458629231934463,42.88318602371307
491.5798826309051,393.1457267800851,20.45863480143911,42.883113925058
489.0395166105913,394.1143701561482,20.458640218531496,42.883092449840696
487.1069652289668,396.8281007417709,20.458641405929015,42.88306143148828
485.8192650581757,399.32921502653227,20.458642825544757,42.88302631289335
486.6824071460945,401.84460696865096,20.45862479541335,42.88297267615354
486.760741572636,404.2307549628741,20.45875361960879,42.88242332314428
487.02930287231646,403.9761699372309,20.459088069140915,42.88175813120552
485.7892108679014,400.8220227430514,20.459229381971966,42.88104010653967
484.54593171147036,398.1943584213117,20.459236410043907,42.87928485719684
483.24779228570577,396.7627708785237,20.4593059739296,42.87916701026228
483.48129945695246,395.2100991552384,20.459308298563858,42.87912181547554
483.6522210563089,390.6154645930199,20.45930739359027,42.87909326382616
482.43556302256496,387.50357954009553,20.45954159576747,42.878830013962045
476.2969350917592,385.1244628351635,20.45983517710553,42.878544727994765
470.6903966950219,383.3273439837142,20.460500090087056,42.877907810455795
464.7694391063448,383.5878702345995,20.460955993149284,42.87741640773758
459.3933616059855,384.66386274259986,20.461297105318117,42.87704581930332
456.0273727657584,384.8057021481709,20.461502839818905,42.87669989247302
453.2357094370643,385.4899193071484,20.461590895522498,42.87654228979655
450.5989898320722,386.2901084182962,20.46161549369029,42.876469267124136
449.1241949103228,386.13842846360586,20.46162085308875,42.87644114716782
448.35624627343066,386.2587109540682,20.461628262905208,42.876411067862094
446.6446854101139,386.59746981963417,20.46163783553172,42.87638446517484
445.2390872907413,386.59068743135566,20.461642038601877,42.876364518967044
443.88862649195295,387.66045570074596,20.461648061151056,42.876345525886514
442.2340054586017,388.362994742917,20.461652409271494,42.87633345488062
440.684694060513,389.5517130546359,20.46165717490077,42.87632297890374
439.93575133492595,391.0160851630934,20.4616672932425,42.87630829613794
438.941805335264,391.4455932350402,20.461678585779303,42.87629915316756
438.64372367177793,392.9432570581947,20.461693898682768,42.87628395917476
438.79395663200927,395.30947451029124,20.46171698664687,42.876259962727076
438.58381967212546,397.18971143693454,20.461804684814897,42.87619284199971
438.7987956731354,398.5088252870786,20.46188457843259,42.87607744830648
438.95368346369,399.40723273750996,20.46196419022298,42.87596099848583
438.3314855455783,400.036518861188,20.46209935769186,42.87577142916172
438.4497235509784,401.8976828530373,20.46227066966556,42.875551809568385
438.0856800395248,402.9130553365655,20.46244961771701,42.87526553124796
438.1886651306427,405.1608793103518,20.462638147987516,42.875013244075724
438.07104853603977,406.8052467460026,20.462810392040033,42.874803238878236
437.88518797196133,407.77612950331377,20.46301329571916,42.87460109209954
438.06027882733406,408.0333001285792,20.463234297795704,42.87442226279513
437.8943009342521,407.83876464458854,20.46350966689875,42.874204656319364
438.0292262450375,408.5559912939243,20.463945635188878,42.87384614429177
437.63494518090477,408.578612325974,20.464515524455873,42.87341976206712
436.798982235938,408.5356905517011,20.465069954428493,42.87290657389329
436.3184053358282,408.3165429828224,20.465828478101635,42.87227167701329
435.4336003789312,408.0070415733823,20.466791794033348,42.871553917699764
434.6082746919452,407.77040039295827,20.46732660516202,42.87111241995301
433.67943070585443,407.4102483414628,20.467901692822096,42.870602890932425
432.6952290126064,407.5942889633853,20.46842852578273,42.87017412292143
431.4081489702345,406.9843080746838,20.468692440864075,42.869933096712664
429.45325652795964,406.5163045960227,20.468978395436345,42.869658432578696
427.27476516812015,406.5426596430577,20.470004083865366,42.868768456489
425.9854625805163,408.91748979665795,20.471301796380747,42.867715307949304
423.7578213188206,410.8003958035433,20.4750247761625,42.86461219653752
421.3692897024555,410.5846311656275,20.477108894360345,42.86276456406684
419.6573865780782,409.9911796571012,20.478946444613303,42.860786660709365
418.07902842057103,408.57631024220433,20.47980090507442,42.859947163324094
417.1132216257156,407.5144790366985,20.48025607136155,42.859480517405245
415.85046078674816,408.2408671498128,20.48118272709479,42.8584015215157
413.99505701935396,409.9238996707568,20.482251768917553,42.85706588407725
412.6596328755194,410.5829106203908,20.483566088614946,42.85554178754353
410.9881920298249,411.4754988530242,20.483923728337597,42.855061782046995
409.06581902559714,413.21609487781984,20.48435253899348,42.85467584474511
406.74865858107626,412.9293789741378,20.484906300044535,42.85423764888576
404.4864368237029,412.0570444160701,20.485417834658183,42.85379148486976
402.0068671278122,412.86296116456924,20.48586944415192,42.853422726717326
399.7701315585334,413.9358438941759,20.486934195380364,42.85261933987652
398.0925226718221,413.83122931027447,20.4876302173992,42.85202266410667
396.57396252253096,413.0698051459785,20.488392636342876,42.851379371681205
395.369826399827,412.9454028295249,20.488891387030357,42.85085291771445
393.6785238051302,412.5423944651274,20.489335197563403,42.85044490953274
392.47972425140006,412.3665365793842,20.489713931870014,42.85007971001649
426.69058822829254,435.18259223014644,20.425980057674945,42.79199642362878
427.5284524529405,435.208082241942,20.39490838576089,42.743307709917715
428.2780278039188,435.994520188967,20.418035873463428,42.6395387284807
429.65369073912166,437.6966172719482,20.122132642904486,43.49120012282111
432.90409917324786,436.3430728723539,20.06258898708493,43.85568404644502
434.1055416295291,435.73110125755613,19.645837411543262,44.89054933247712
435.32890054380573,435.21992012618017,19.349287286618576,46.056316555861386
436.4748872544652,434.2136945264323,19.532149499531272,46.789431779710235
438.8408905408349,431.6315451956924,19.896120233157824,48.12148175344581
440.1428622107624,432.3330778223359,19.959371975013564,49.402647543020706
441.07320728534216,431.3685250144724,19.927874941088458,51.09734098035047
441.4885585014449,430.4893829588942,19.982947121309735,51.399500308944596
443.11910054453426,429.39710878939866,20.206197742391122,52.4028912973956
444.3089741974109,427.54323253976213,19.979556887672363,53.9155456349713
445.19135621649673,426.28152451925456,19.862350108106757,54.75948148094093
445.45713590291325,426.0385541314872,20.088229752569582,54.92516629148125
446.21849689650196,426.0471374218854,20.501524563411532,55.073024259453874
447.7364483252344,425.52549950564537,20.674077745375396,54.884524212074
448.9409115061031,423.8750928765249,20.63976705288854,54.99976270034119
450.7629497939406,424.9971009060074,20.25784982474756,55.08952621481669
452.66577881833524,426.6842820652404,20.1960706173585,55.81125945833192
453.3500206443878,423.3743742841641,20.214272098233646,55.96055023258174
454.1516682609397,424.5337615758554,20.24321763737722,56.404893916258445
455.8429095331546,422.45850646363954,20.178554449865725,57.43757410261948
456.88198304363493,421.15634950848187,20.235376901790175,58.11422015671834
458.42829490808816,421.64423026768566,20.328286696443346,59.08272567284149
459.1737805838681,420.2838555152781,20.41435983188291,60.19147816933291
459.8954620780688,418.51297819895774,20.513292776251266,59.64289361816624
460.69192733503536,415.9919326896475,20.693758873531905,59.362064791205654
461.26522908726446,414.1472363011754,20.639188636094914,60.293035431843165
462.19471836169066,413.3534321782518,20.54919166320839,60.86173720357683
462.8761655928349,412.8067896743452,20.530674837829324,61.50932260902452
462.7935748486902,411.34497505859446,20.750661303148384,61.48225704110281
463.0715228590129,409.63651316760706,20.995332015386417,61.502875738849035
464.23730891003504,410.76517471675965,21.20375105370769,63.41507587967965
464.31342945207314,424.5433959503847,22.370491497913687,63.102669133254764
465.08381615239057,429.0687679300331,24.72940967900488,60.597990504463226
464.0255166918808,429.0245661530122,25.52477151277473,59.412936054507355
464.08006180661687,431.33944616201666,27.198699872322287,57.23270139279113
463.9315164110379,432.2766528753899,28.887278619527386,54.94811633804622
463.4862256024598,435.89365055513593,31.16562874368732,51.81046020432329
462.59076925027165,438.8728979072132,33.89745011848903,49.02999098425384
461.91028678959685,440.1193893063011,35.97281413918855,46.95995836446276
461.1719176384841,440.028179851977,38.09787603693796,44.846686259774884
461.9724805808048,439.84908722366606,39.194014585203554,44.28665528791155
466.0582556261447,435.64733260563344,40.10679791432359,44.461448627370416
466.95707336410265,433.2782355913746,39.735874116912655,44.895561692753276
468.33495110450906,428.5802347182994,38.32025230309202,45.96532766772454
473.3521058485829,418.8773948766156,34.979149125216615,50.896006015948075
475.5128425151185,414.50323852556437,32.11980562345941,54.99674524698115
476.1672112295121,410.35737375535166,29.60331835107491,58.7513806711957
476.8586874606012,407.96435647554046,28.124847352031033,61.633138144560085
476.3848431052068,392.0395032417107,26.759709190947817,66.26171233377727
477.25893779362093,389.10902379460754,26.21522846280118,70.3941969686071
478.20548166520325,387.4718993133269,26.1592729351364,73.58327266702248
479.2809666582583,386.15264618801166,26.10532595928015,76.8961564186638
480.2543815991995,383.99380100512803,26.13263874802918,80.13452087004814
481.55514374985626,381.99219986804843,26.566714155272834,82.84813850751914
482.63308289955404,379.93247700124823,26.99543582764854,85.3332320339357
484.65667251997314,377.3807153529959,27.478918169757133,87.92155400025544
486.2263148045364,375.01602356090757,27.533334629454416,89.82593133786528
488.26328788013547,372.4242558704535,27.338592751480185,90.31000335131131
490.25246845934686,372.7194876082541,27.560940936013953,91.11489796134246
490.98850292540055,368.4338612771462,27.166933346145974,91.2392683756334
493.552159004952,365.45719281835886,26.811433149170764,90.47470930855849
495.8611195684368,363.1287157512832,26.79767042369045,89.72072327242168
497.80396085865783,362.1102118527176,27.0303760192127,89.62559758566613
499.03786860587695,360.8082686242679,27.53696557505212,89.08393450681424
501.0174542282327,358.86878076572555,27.922626750689748,88.52195506185062
503.1452284836379,356.7930313043704,28.240834457835916,88.09342258960234
503.80834190555663,357.13564666314994,28.524981230217026,87.42311028226254
505.7142556555821,355.1746446624092,28.910773168337467,87.52103882331002
506.4383078467204,354.7272292469392,29.293463239681678,87.64801246030325
507.4954122811489,352.8910429511424,29.701345282689942,88.53433735482952
509.39993121722546,351.4388430966645,30.110020766554904,89.57520618953293
511.0595036763775,350.9951124786957,30.45895355554145,90.22824687262087
512.2015086131665,348.4597675317963,30.454386230715304,90.54102317694222
513.5813295051521,348.1268316550647,30.546714642514306,90.19002431253884
515.1687245856608,347.08103733950725,30.971235118017347,90.87432236576527
516.7338147956231,345.30450478800435,31.32836343870877,90.93724321599399
518.6446886226591,343.43406016434574,31.50903859423729,90.73552482209108
520.0649201474753,342.19541882241526,31.3078787520026,90.66270479522811
521.396539421894,341.62140690930914,30.97675513808647,90.68094558711574
523.2829474800383,340.779256244698,30.799100698204807,89.6784428601704
525.0193635673168,336.7249165631356,30.365895837261732,88.50122210732847
526.0265282746058,337.6426627985957,29.96417509387188,86.91714426324492
527.5105565255119,335.12045723863366,29.349977301395036,86.36987676378428
529.422945641685,336.856078038483,29.104501379992293,85.91568399983997
530.1012216672444,336.7612238881984,29.263850775215985,85.78837805323022
531.4684157454155,334.5600513042152,29.082830472038587,86.36500887144979
531.4383074717213,334.35386307330333,29.475303336565823,86.87257773587483
532.33133821279,334.33349040111125,29.5023932139863,87.28487405748916
533.1124968586747,333.89977388812997,29.369170952047824,88.22894214614621
534.028191399304,333.28531410184775,29.418879068321957,88.72489332872269
535.9946674441508,332.70480535937395,29.454593770544285,89.55445918903838
535.727118211828,331.5335906199155,29.78433560748706,90.21774547757141
536.7582349631518,330.68725842925744,29.99238079708489,90.84823208159716
537.0919876251725,329.2181718021639,30.281637250444703,91.02990270745784
538.0432726507775,327.73301343716867,30.480241553787856,90.94695100483119
538.3783357056959,326.4531987292423,30.705530213600422,91.04398233528043
539.0484306477039,326.19330673618475,30.732328988489506,91.09000169322361
539.4406643815009,324.9134924835658,30.68022605622724,90.96239913461879
539.828557036227,323.671936450817,30.776240394583127,90.55901918618513
540.497272105314,320.93692479118516,30.415422407078232,89.21460511607498
540.6202020373515,321.17529513246046,30.07847880032498,87.33786731838913
541.2560961969199,321.67170116909244,29.7400701313042,86.11442547317728
541.7962454944295,322.2909739812162,29.49006548970368,85.23024135324616
542.3481560820456,321.9522222374875,29.450129884043825,84.79459567459642
543.6078961825003,322.206122966434,29.40008632864242,84.94406393296613
544.1205942979863,321.46335008572873,29.386587065558448,85.65974149931976
544.7216168404337,321.16602926647704,29.475065986553332,86.96283947527515
545.2129644060091,320.43621061866065,29.449594986033105,88.23891759160192
545.1648569882127,319.38035733639344,29.40268346800451,88.93682463182898
545.8521956617511,320.0820997559314,29.26632098794724,89.58869271900741
546.6703113223792,318.989730795643,29.27911486848856,90.27368837006813
547.0181146960157,318.3971321370361,29.164673077308457,91.14940490095847
547.1416146295489,317.2850362378423,29.145650694706525,91.3424723459373
548.0856504523351,316.5584817733683,29.397372921967495,91.50025253857993
547.8549019357246,315.78596048322356,29.255337938911204,92.15131372171754
548.3696433303895,313.47042034725104,28.890666403128975,91.73210722379565
549.1180581210973,315.1706868933836,29.040002907910345,91.35796253828404
549.3032406864925,312.30892334233715,28.96622229388356,89.63226183047098
548.9752928065396,311.8673051232365,28.82163667475723,87.58357106454017
549.1391679579458,312.12817524277705,28.88799827346645,86.09812099422123
549.4919039932686,311.55521439076585,28.8311263638967,85.3799884952102
549.7908245971184,312.4862818057791,28.7328112992709,84.37507401687981
549.0931824065909,312.9269555546004,28.618385487645675,84.04783364881095
549.7213959867237,312.74041203653957,28.602106633272967,84.39947167411349
549.0217770787807,313.32037953459707,28.41311562740451,84.96576777617352
549.0577507929588,313.19432436622225,28.425570961401647,86.12845177425045
549.6473269463908,312.8272407695074,28.476711809254205,86.64995247104572
549.4402519957655,311.74239425289653,28.525447329477576,87.49944470337171
548.7429638269897,311.71180372952875,28.645903693846535,88.94229694036918
549.2261550631207,311.00523432148594,28.73593940205026,89.0155415809253
548.5597816851983,309.8582321117237,28.99181512041166,89.32682085701722
548.4075825392242,309.19934595550075,29.168204704002136,89.55351214624683
548.7870039101051,308.7139053386714,29.334537092607697,89.57889193318158
548.8757192453662,307.7331690182948,29.50374441613642,89.91699976775959
547.9240250265052,306.6732834648808,29.691321839682978,89.83756881388803
548.7267915552734,304.71152434891883,29.642318184879603,88.89380560889187
548.2385401549237,306.01422743062494,29.565676649832085,87.45725475496604
548.2361534130916,304.66402113637616,29.235834664517455,85.50992507204018
548.6404336659493,304.6224523330484,28.993875315990316,83.90747515332806
548.5431351981013,305.7987385615192,28.64858220079855,82.6135648725186
549.2160278244503,304.41754130915376,28.66648899331213,82.50906274791603
548.9403543565785,305.972905967045,28.386627640386216,82.47201836293492
548.8061928458474,306.53971290545826,28.405331565330822,82.6585255359894
548.2238912175719,306.46874037755504,28.045587158956096,83.04669204474729
548.3343911389356,306.5072501543644,28.190191776468076,84.08946459489593
548.4548081842597,306.0119467637428,28.3914215240634,84.95358730989125
548.4831595516694,305.716699103751,28.415114405835112,85.68068148513177
548.5198694046638,305.3010642632849,28.36514722580446,86.66348774996447
548.0509527019798,304.69955555620487,28.283413379967293,87.20298113248548
547.8900232776236,304.4602398796136,28.231833304128408,88.03975334169562
547.765791697242,303.2337586085763,27.98564309093508,88.59187166742339
548.2105901469496,303.0277139462704,28.194787603682727,88.68835004681041
548.3693435120736,302.34837463196277,28.457496148722345,89.08779962335893
548.0131611774128,301.8795961973512,28.665218510285474,89.44265761095593
547.8373743388297,300.2688134335928,28.68505112266491,89.18471354641642
547.8513771139958,298.469441251041,28.503321289352677,88.50770632079123
547.4436887458658,297.6078709531822,28.5573702820826,86.91802981979865
547.0270170304526,297.8163954863963,28.577915391661634,85.53850062555912
546.638113899616,298.34504182591604,28.272262037627613,84.31188982186765
546.5187254374883,297.63080394213137,28.08940121817139,83.77477368193583
545.7750095629093,299.21058691775346,27.94085975222638,83.60292178289195
545.9423477499331,299.4580288964611,28.00796443052965,84.24958324040128
545.6575819666001,299.7398598062298,28.02510107064763,84.82685433845882
544.4675404424139,299.85538388109273,28.17973789480746,85.50543684497525
544.7435520146371,298.32061137311746,28.20203149039707,85.85181491832945
544.3497462549685,299.8238680980406,28.19835207087993,86.12908204328171
544.3558148552851,299.5204491791715,28.360721743139322,86.98380497411281
543.9879999051548,298.33644193475106,28.70913716156932,87.66501647966975
543.64170917404,297.74395705988456,29.04580423967214,88.25171938942165
543.2766043753053,297.6665669483413,29.345682368559327,88.53019613343272
543.2613841319297,296.3542550927059,29.716986649398848,88.78555309627515
543.1915824985483,295.2474335928413,30.06555719952984,89.20461909347915
543.0635707467325,294.89944182146724,30.153214941523792,89.27018981922578
542.8697407192337,294.2629598791451,30.471740202345664,88.85099178618361
543.1729150366431,292.0446838140781,29.827796854256423,87.36115660628957
542.4408921556,293.2910307291426,29.428243912004483,85.4131789555314
542.5260772242875,294.33540501360943,29.046729163389863,84.06069324451175
542.5533722765025,294.0818314924883,28.861523884189737,83.29114622738206
543.8417585893353,294.65507755887086,28.70176323476602,83.24222630206788
543.524757327052,292.8150142730851,29.048525730951283,83.5429886215488
543.343158786999,293.3916456107719,28.473001869513844,84.00267495988535
542.9265600313654,293.99897238380726,28.047934004689964,84.49383339120108
543.8301752170149,293.18452063230137,28.28280310925161,85.69455730231867
543.3774328946012,292.9808777712693,27.996657748242598,85.92038358260174
543.6470825986185,293.10391111149016,28.06464193243221,86.44801994085256
543.5392764736158,292.7853621744061,27.89582949600551,86.95735041606724
544.2477819303646,292.8238727158967,27.944554375621795,87.35904829933168
543.72206335114,292.0943273835293,27.712077683286484,88.33940262306689
543.9272955224982,291.06394588395426,27.753305444909742,88.52433425663165
544.2743412108938,290.67017307826836,27.91153682536271,88.6623709745136
544.4514821264605,289.5254327925439,28.287437939957478,88.51633304277345
544.3059483595637,289.2456008831015,28.4185363525334,87.95575879593872
544.3664452058623,288.4544865901613,28.536599902806593,86.7718400067122
544.4853625509852,287.2325951864894,28.303010436038107,85.12871351992762
544.5953213210112,287.47072525632836,28.23932610237773,83.58119972290869
544.4339116609024,287.362021490738,27.904358338015726,82.30197587019342
544.2212965078584,288.5281821845215,27.36739247281995,81.29309598805862
544.2025623255299,289.3507176745264,26.95802570702378,80.89931199153888
543.8015175195194,289.51774527659853,26.81930922821318,81.35145772800355
544.1716901790293,290.1735015059734,26.887285444780588,81.83029344144163
543.6144166366386,290.23107688759086,26.820573255079253,82.7383521308358
543.1230056500023,291.48542404685674,26.958582060303158,83.49597351092768
543.77663301534,289.95974540147455,27.065688329688562,84.62130505343919
543.3655794071893,289.3911348175029,27.226163783008605,85.32340158568604
544.0223669856705,288.8061780092326,27.53818824877265,85.4161617579365
543.3007398461602,288.2018094503415,27.73773344042133,86.05060705042425
543.1732328110223,287.96864358183564,27.708699072625095,86.41348506185952
542.4987420965034,288.13548829766347,28.23427624913372,86.92107120298071
542.1555629962518,287.7347392188999,28.71643978468176,87.45432461716062
541.9159798676787,285.7551022904209,28.613573182502478,87.11251157150022
541.7328235224343,285.27996166807196,28.927453537078165,85.36418560985352
541.2285669175236,285.76317019264815,28.72627259978958,83.62587517862872
541.4790011782978,284.74564883311217,28.568114513631514,82.12678494024213
541.5078783938193,285.8266886307822,28.20528789421126,81.39486014531717
541.2103775815345,286.1769761442423,28.038608975358024,80.914178827222
541.3261276006643,287.4959225992152,27.9282150401612,81.32793358039267
541.292158294362,287.0171021776625,28.054945226856436,82.14153427106761
541.3565918200044,286.96822926753265,28.059374441769883,82.43587374846318
541.6365479402735,287.62776540531974,27.886233731144557,82.87151941894165
541.0742176068441,287.8856102401076,27.565490106850525,83.5174744465552
541.2072545051213,287.6785050705349,27.425309649810664,84.36047335825032
541.2698855290197,287.87540347914745,27.5079111116691,85.15727204864706
541.0066618227929,287.87607541356016,27.340654038229346,85.88683848103014
541.3900934958274,287.20913659419483,27.4910302985409,86.60688114261086
541.6333496754032,286.24395650784203,27.843004849255486,86.6945111507886
541.9044980046634,286.49230727496507,28.003280238445573,87.113181153751
542.0342787563209,286.18594942675827,28.219720117004837,87.48597876721215
542.0127775734137,285.8985476162113,28.437277367252896,87.54982687578246
541.8313030152872,283.95742802619884,28.26643589512696,86.631639572653
541.3733442651353,285.2236578709309,28.17184223553384,85.20494558352925
541.0578591146071,284.3890304059301,28.078880270354887,83.55764572875604
540.99058447322,284.477494392271,27.9788239278574,81.84428227118802
540.7361823431091,286.0004753810779,27.312053885405753,81.44617319121829
541.1228111755341,286.2271111316586,27.095035646691816,81.27882457499794
540.5640930654314,287.5193863605477,26.8223036768947,81.94219987558166
540.0152013908574,287.70393185191347,26.770825670642523,82.54392651837273
539.7416101892794,288.3346836023979,26.895791449777086,83.20974278249481
539.7505067872347,288.22118686447266,27.205360284611036,84.29881605752047
538.7947396802246,288.2439568161723,27.272066369816756,85.34885399015795
539.0170957934117,287.72255011945595,27.203589121879773,85.87333007423013
538.1844859603925,287.4351541712189,27.198830526924112,86.11239946465787
538.222662199853,288.2567865328955,27.657967070735047,86.7890223793968
537.6558099264776,286.98157560183455,27.754065974213496,87.08270963191474
537.2775099270543,285.9001966929594,27.728730579249778,87.17181947374348
537.7897770338443,287.36150280780134,28.193869622543957,87.1772332049818
537.5810783155542,286.60145308616336,28.32126635221293,87.00583687208136
537.2529326884865,284.9375932839228,28.431901104101623,85.85684043499751
536.8503629472742,286.78488817628903,28.380091376359054,84.01194156441912
536.414456226875,286.55385836968725,28.257117064529233,82.70575238115961
536.8006253569326,288.23391143405695,28.354804498784276,81.68106376149925
536.9348729054113,288.38689580438785,28.527923940257942,81.64564938456496
535.9860262638339,289.1159549043392,28.11245370450736,82.13499660443152
536.062345949409,289.74797863069364,28.37512587849084,82.3691849734466
536.3093128424357,290.4011974922628,28.60286409093817,82.73681653570105
535.9611631128887,291.10421176515433,28.53649714578487,83.61100158435463
535.2304488608693,291.6897763766398,28.34197784537254,84.57357916947383
535.8309543670448,291.39118174461913,28.60166031160584,85.3963632521073
534.7340557053174,291.16637404255187,28.3233576156057,86.04909692091695
535.7430714631575,291.20682358069547,28.52833687835252,86.72875782073073
534.8236015691859,291.2755588064727,28.241877315175657,86.93886747424251
535.3701011342052,290.676622125814,28.504507510050303,87.47762283886726
534.5811171191247,290.8741739074239,28.51895510869292,87.69183806846755
534.9772958547504,290.91687214155905,28.73021921565791,87.9929106663402
534.725514023966,289.8350284481177,29.211931954150582,87.31233593011495
534.3156041480115,289.5097825688638,29.319001092369838,85.4153435291532
534.0198624580813,288.93356185331965,29.13061282964071,83.0876845669462
533.7817062108345,289.3150118346613,29.011636809043388,81.09372183437307
533.5203870169642,290.2390496568039,28.61432268499666,79.8976297492195
533.5826033621645,291.0189005230569,28.206014857028478,79.56464310460407
533.4390052880742,291.6107359366785,27.79249629783449,79.98186434431648
534.1324632689788,292.18195271288596,27.603060060909485,81.15503071026708
533.3687479132534,293.08722850509866,27.48992299281926,82.15676025758597
533.5259853446812,294.0680090731263,27.606184373688432,83.3220866814215
533.4862484576066,293.6532236420535,27.619992098118765,84.269102066246
533.3208113413111,293.6863337039118,27.642923701849224,85.29438305928188
533.0838847979606,293.34562046235783,27.83363603981094,86.03663928985819
532.6778546084977,292.15940636406907,28.028710024808376,86.44691023698502
532.5541321421172,291.125134937216,28.240123651779435,86.8302053117987
531.7934481250371,290.1691287854223,28.630401044917736,87.34200210883242
531.9912175698827,289.7841790378269,29.12437767436891,87.93835929819596
531.8787874911835,288.70988518537604,29.576076658900313,87.06141165802029
531.4809697396842,287.96243766908407,29.889789893031555,85.43281993332572
532.0901513860937,287.7695098684194,30.030102556938647,83.4411547350182
532.2046751369161,288.8780926128195,29.64983668569051,81.87869411501154
532.5811616203654,288.75813879553874,29.3760558863126,81.47163767639185
532.6162193989143,288.9857562638268,29.13940687396214,81.81237687521467
532.6862843235053,289.6333753702162,29.037873409007346,83.06200737009274
532.3365940796303,288.24493800752276,29.082140855356315,84.17688990321119
532.8092755115185,288.9272747649524,29.190743679331767,85.34874235308878
532.8909313773117,288.465910633087,29.2760539628638,86.18658033317543
532.6465677279391,288.43536443056126,29.215927447007353,87.2633877412405
533.1283015178179,288.665648055596,29.28155098701577,88.39196257529274
532.8140547979085,287.96498625172285,29.50927495471251,89.5479478325046
533.2830131635428,288.02431603620255,29.56996728945347,89.85046466730617
532.9549907004039,286.77083469164006,30.055458933828135,89.64230918664654
533.5347863822394,286.0933323732755,30.24617062401287,90.247027184639
533.2202479445591,285.4408853566895,30.582467487481196,90.86497107065901
533.2661392867943,284.56106962576683,30.733538727642888,90.46445415031744
533.996174679153,283.2698800163912,30.786117240639705,89.35316619568312
535.0776177880272,283.2306691469479,30.66151913934651,87.23932075508057
534.3721855372872,283.98557366212935,30.73328709465315,84.36090038896322
534.7073573868221,284.92195286201394,30.36036041042085,81.84681550212972
535.6378678798469,285.81456528650165,29.916660987138037,80.30611650297352
535.4020406704019,286.2133641094214,29.766679372969946,79.94531444944214
535.9098519071016,286.449839996207,29.500688483261282,80.08953539391892
537.0332262513652,287.1661944492873,29.563441681101665,80.86220764277246
536.404253227815,286.7163143446472,29.82973142479641,82.31660522454634
537.1050169290398,287.1405983653035,29.973846875129993,83.20398753399519
537.0830078694216,286.53206754527105,30.240915722806605,83.89913320182723
537.5030557197181,287.1219431133019,30.145545547592924,84.87879874133321
537.8064527013365,285.7679719991808,29.94244108802581,85.98383223906845
538.294631036743,285.13517900009214,30.101420697081906,86.5315258288748
538.937870978703,284.1512691895621,30.067566636182846,86.97306659651844
539.2318955685221,283.4386805858961,30.040704843057547,87.52193393217684
539.7235775954074,282.5888580438366,29.963221776931007,88.01831001147409
540.2370139640896,280.6587952860083,29.85234302808071,87.61114398126274
540.2913083678342,280.5661050326586,29.835740675614637,86.98656698368976
540.4099632890576,278.8962764477444,29.654956536687415,85.94503051567017
541.2779345366818,278.4594015746053,29.324533288494237,84.5905159301308
542.1906942606319,280.21264918297226,28.99337786380258,83.50208411557277
542.7009859069636,279.88381793861123,28.180551552392743,83.52707578453548
543.8227681839492,279.3749526659178,27.418604091507774,83.9874972984358
544.9668578301153,279.48737067640695,26.758793653698472,84.69828879754188
545.8502188054525,279.89737605088516,26.350242331571593,85.14386609370568
546.6210291666275,279.93787904832806,26.210820400725517,85.98906412456527
546.7701225193252,279.75247272784213,26.065667443599065,86.99262912445056
548.436540489183,278.8566409236538,25.964084651008875,87.97001645480822
549.0383544944422,278.97414673745004,25.742324013480136,88.2236777989412
549.9588506719394,277.89980293865864,25.718326444748108,88.3497218303925
550.5943330760498,277.76778100018504,25.757036376365058,88.20092757615036
551.5371187863905,278.22968424275024,25.61342571961503,87.96790643943534
552.5554429851837,277.52444075565074,25.6100765297158,87.68952894410612
553.1599353505452,277.90044301250254,25.77642713472442,86.829971194216
553.3292674208011,277.250898437355,26.142373461169683,85.59626372318849
553.5944628611688,276.56048300040794,26.36294495702875,84.18954367087409
554.3760801174485,277.57365311557305,26.201865366954706,83.46143265807316
554.6218621904997,276.3842988323024,26.00044274373689,83.0849739787495
554.5767751740456,276.8310756855961,25.58819366902097,83.44239349680208
555.6777898048867,276.6202137719075,25.30336068114218,84.03122618777135
557.0679019976246,276.26008627539454,25.039621509899995,84.96781202198093
557.2934969299147,276.32699754194624,24.945725787565962,85.67008309344226
557.6872576139529,276.1034991647909,24.987324817057495,86.43059408038846
558.877787424616,275.97829732788125,24.926476367835058,86.94635205971349
559.5984998244129,275.785243111083,24.992182071895645,87.47630652831364
559.7237162479516,275.396329857359,25.106851426518382,88.06189686558903
560.2483269749445,275.0278522115448,25.266436129644994,88.40268017016061
560.5476055044124,274.7940039826769,25.245912696788466,88.86509587988681
560.9760707628008,273.95229819410343,25.233626130474157,89.15037727858213
561.6464179976555,273.3889446596282,25.063919982069077,89.33859604291763
561.6611935118493,272.421998361445,24.965839489377036,89.26946739904966
562.0286722369952,271.7719205153489,25.0792906189116,88.31604299785806
562.6370094132135,272.67442860965576,24.992119278178485,88.24331218960776
562.6710310487658,272.74559714475424,24.8940909293947,87.96416641110068
563.5059392324938,271.6467981000802,25.158232257899808,87.03362667352923
563.6108890813163,272.2207176320567,25.085866850806937,86.45228296852024
564.6892501951395,273.36906173882784,25.10348797070983,85.6889628656346
565.5792587788401,273.6388826543122,25.04566356759088,85.02779907744716
565.3465299877034,273.4735697554972,24.800624903049492,84.25291213684943
566.0547738394666,275.9477305842182,24.932374284865542,83.9502170243597
565.9172482007937,280.0611137686999,26.545021025010655,82.73350142901704
566.1114775655952,281.4568235877102,27.59466752097038,82.4436453400382
566.1258428896012,281.3268552981591,28.607855150698946,81.81895863003211
566.1894226811938,282.32480821189796,29.34580465355033,80.68197140978931
566.256570509897,284.3997623438578,29.761335200920975,79.54164161228502
566.4185974310028,285.02344321777446,29.67622861610891,78.881504288337
566.992413054584,287.3841499901228,29.499425186863487,77.81618839416831
567.2709437501702,288.9627181106669,29.45055246060413,76.18733193442162
568.6127130292487,289.7673352154728,29.457085485241272,74.99466421593684
568.778881077186,292.4486660142903,29.322169792727998,73.6953752303013
568.3413191086328,287.09684095870654,29.239945621542887,72.04305495877847
568.5494799652029,288.8436583449719,29.274915588738725,71.2920945369863
568.8262283716057,289.2615085471696,29.296555020230045,70.33841398022227
569.1520366807733,290.5132404368356,29.27765458078866,69.77527748761065
569.1245873629434,292.42481014166765,29.28252509721238,69.51358975145423
570.0275499273968,294.44751659159124,29.29456487976653,69.3693182567126
568.4086410111042,293.7613392598623,29.29626606463121,69.35529117483206
568.2728715977202,293.17374223621306,29.29603071861647,69.35422904232094
568.2778129686648,294.36702322807866,29.295732886032255,69.35245676386627
568.4869207448485,295.77674139067545,29.29544686380867,69.35145157766496
568.0595529080663,297.18248071149526,29.29523324185216,69.35055462013791
567.5514885200662,299.28728508739863,29.29495834277294,69.3495893047631
566.9320370416704,301.93908832529314,29.294755121280982,69.34864567840036
567.3300789401993,303.04638821941535,29.294666678875608,69.34766583758935
566.8144486360252,304.9639926615263,29.294629961135733,69.34685450776507
566.8832373423729,307.099745594374,29.294615374716045,69.34623363276177
577.3581524754641,271.79114869954435,29.31372202869997,69.08521544732342
577.1356849769485,271.76095227587604,29.354463505185088,68.80888553326751
577.352678247668,272.0326668444237,28.94603621773664,68.40820868594409
578.1339292391613,273.0115445953758,28.533129614579664,68.21749224463261
578.891051512564,272.6848812900724,28.43068151838902,68.00069713778642
580.1690189993157,272.4885810755077,28.329168065118818,68.02404497459064
580.8979305045825,272.2998212832102,28.17023564525296,67.7867508141638
581.4227948867243,272.38107738258896,27.684386311263328,67.56432389981825
581.728660708712,272.54964010911107,27.363589945226686,66.9287823984856
581.7856981920668,270.9414281463491,27.432520564783747,65.97441088333575
582.1509383204144,273.06886622674074,27.357819014162253,65.59601458667298
582.5237717255663,271.65184624621935,27.479781374276087,64.7993344091659
583.5159448926405,273.49380072965505,27.02584211124138,64.79442987306535
583.7992367383177,272.18923626425607,26.994682711974413,64.04736454612716
584.3837578007683,270.9666482828566,26.61116614745252,63.15215173405423
588.1147967844976,273.1684587636425,26.360677993226343,63.20295563057569
588.0568702135747,271.73368244535567,25.710046755303622,62.7123820102066
589.0201235718719,272.66019063297875,25.023857860211976,62.93034427647048
589.7702342901302,270.7153698872944,24.84050997411032,62.417488953111416
590.9670494670358,271.5956909195663,24.55848812554809,62.18611539175667
592.4477738772746,270.36703781337707,24.153716884950498,62.274124814965795
593.2336433800818,270.3573969225295,23.974924241831246,61.932688912630375
593.9217570913858,270.2449114121163,23.783540955461596,61.756420717129146
593.9283350327719,267.3869640805549,23.77498976246631,60.96572072235408
594.5676405376116,268.65508998869115,23.65052101333832,60.482945239699646
597.2797080681066,266.6745850251389,24.40487706791827,59.28337643908199
596.8722024022485,268.3026699121028,24.207602451834973,59.02488375293812
597.3490743416478,268.1639472508313,24.068672902183543,58.70394302621032
597.8610879304687,268.40057581435474,23.876176414735003,59.35526687851072
598.428627782903,267.4892657179975,23.769687031407102,59.84552179679585
598.9858561635166,268.4529352573468,23.65918527677943,60.82233391934548
599.9552727123418,269.0752770121513,23.5476965967012,61.83150134662617
599.8692706830964,267.6829870667574,23.424974134415052,62.565591811754814
599.8378934410118,266.481107260851,23.039035581551254,63.49807859737275
600.8506655128152,265.40219451699073,22.84772686770809,64.09678354924282
601.8568695286252,265.91044014134314,22.64326146494856,65.26197131092921
602.3880853127416,265.46114080701625,22.622231640604646,66.22902247938993
603.4061840611282,264.59676107708344,22.797470892336115,66.5937546775215
603.839995881606,264.6091983532758,22.936246286834322,67.86022107228786
604.6343492110863,263.97564098054283,23.12279554637663,68.79326298946104
605.3601428350792,263.49075074510756,23.304301178639836,70.61925476499613
605.7051584999161,262.6397648455654,23.797792073392223,71.42289641204565
606.2551133283748,262.42096469248537,24.077793362367103,72.67502577952327
606.7913821656488,262.08053016665326,24.425486434088413,73.83834495878907
607.7228499016143,260.90583695517034,24.851541698165114,74.0299125875045
608.1469938883193,260.3448132349602,25.36890914696566,73.53009952377433
608.6365249400964,260.12026696373556,25.54283392752884,73.18513517382857
609.3252994613612,260.13313906907644,25.818758739064258,73.24922387255208
610.5026321286867,259.0553501771502,26.07172270357693,72.99356846968269
610.8479093353557,259.3922331347971,25.994109853368364,73.60504892661183
612.662082894083,258.4768470173407,26.305705811093816,74.13348876024908
613.3891501672849,258.2848442101583,26.503600182956173,74.39838451306102
613.8550144909736,258.00524171066854,26.597753302851714,74.69817927973507
614.6612356122117,256.6399931356634,26.3039682201809,75.5544684562651
615.2995112316617,256.57157022755,26.121981419147225,76.16424717745068
616.1069648059956,255.97503322802874,26.19593289875229,76.98767426964048
617.0336180169153,255.54537732186134,26.26202192369035,77.54187434591606
617.8935617345015,254.88590322183472,26.20799084990689,77.59114156910161
618.6924328149464,253.6655632319347,26.027536277136825,77.84377652402989
619.0861947563518,253.3604940273895,25.87684272422091,78.35052964857721
619.9484348336656,253.0135322724201,25.885673626684145,78.70997144236006
620.6957231616511,253.5456466331224,26.020292422449643,79.28796345650535
620.9350500745874,253.4779003844896,26.25980053715172,79.88191726821073
621.4566486657682,253.2826752792658,26.565081433632212,80.3393721965448
621.8369523987808,253.29023124813708,26.85102877145524,80.90025409472825
622.4321176415915,252.53248187632676,26.996176830069146,81.64263171980339
623.0975961270847,252.0401960378269,27.251154617269037,82.33908521319027
623.8034954475379,251.6326175680344,27.80300024249128,83.0452171810517
624.256035140078,251.4239637632274,28.375002513867038,83.18578006734573
624.9746866468396,250.48460474325924,28.480470243713775,83.18931500181324
625.6112316641112,249.5478733481254,28.653659973346144,82.7297304020968
625.8444890581263,249.2102015638344,29.02636547073153,82.37809357059338
626.506079703337,248.7929248128985,29.327379279186957,81.50777351060609
626.7644111148917,248.29248885998564,29.6859648286324,80.6060720693401
626.9713558692343,246.78195245458892,29.911880934895457,79.25144345267378
627.3310367432961,247.82069422248074,29.633994697369225,78.21151549226094
627.4880142196863,247.9198113483523,29.35471614367076,77.94566115682812
628.6037268583545,247.66468098503753,29.12390527101242,78.04210268961766
629.2968980423587,247.54069388574806,28.91643405778919,77.8818630641629
630.0819795641733,248.58855953788432,28.834537362999132,77.71137215734366
630.8594698056088,249.37081603538692,28.786883006226528,78.10622870255298
630.7150979489769,248.23922060092593,28.898461375132918,78.73767459066289
631.4001890308376,248.5627214922458,29.004168417344047,79.00942464384622
631.9907988227976,247.90847056210674,28.943018575626972,79.2911013145339
632.5336807796343,247.4443616843334,28.93031517449623,79.47612204621201
632.9964889306406,247.59794754888333,28.864185750401994,79.80400985261551
634.0062465743854,247.7576237118191,28.93814985782494,80.32953852487861
634.835091190516,246.74692683162317,29.299317150985026,80.91916410633063
635.3822675380794,245.61881592058333,29.235064682260443,81.18164584662323
635.6860812871264,244.40116185182512,29.32870132715643,79.99566973769494
636.3974416104447,244.44244210072654,29.008616302544347,78.79358964856061
636.9632254319182,244.38086400538157,28.77866249111762,77.63118749631691
637.6781621720836,244.3454117649335,28.434515033506973,77.37153582296196
638.6344291596336,243.34487261184697,28.160883245754516,77.02734325701891
639.0956699401606,245.11330264759945,28.003831300674868,76.11741985963198
639.8095680145624,245.38149930308288,28.028185854347907,75.77074933997923
640.668453434591,245.9724805333122,27.984160050415802,75.70400301549934
641.0882642851083,246.67278584340946,28.4044713442239,75.89739428453363
641.5456662681393,246.663863590115,28.614429913257,76.31150441707621
641.940952939451,247.45212574309585,28.847250320824237,77.09599853038023
641.9106635283447,246.7968191996619,29.108538888324766,77.4399829465557
642.461847272694,246.5510603972178,29.156077558073548,78.30719816420634
642.6515764675457,246.51086316622337,29.22219419702796,78.59752878306412
642.7466006678288,246.92425859990104,29.36959844653191,78.61845919437629
643.0198137130159,245.5760818159764,29.582100357084727,78.44476614662497
643.5049516495876,245.7118416720057,29.665546865533013,77.83063914501366
644.0570195017855,245.79583267489068,29.781652946186774,77.36635538691485
644.3818134434322,245.72704876070105,29.72952420033314,76.69966778936406
644.482994179609,243.9025597769185,29.923006651071418,75.92506797143723
644.8621386030258,244.28469473883388,29.735490750118807,75.0104576842232
645.7088698230762,244.49624993093568,29.576131226735562,74.47645177808081
646.6910826140253,244.2828230549176,29.379571779480738,74.23823624806205
646.5668800478953,244.36822633215542,29.241131293254263,74.24020309949597
646.7888103049457,244.85264431638427,28.975751031777115,74.43194907741122
647.7159324525551,244.86759660150975,28.370715186875763,75.68896863092432
648.5419877069277,244.65589598251995,28.043381208396255,76.81637499108868
649.0202968730667,244.16805860527793,27.93863299568993,77.6401278772484
649.3412789116143,244.3021503821731,27.916251094803314,78.38154877749861
649.7999876477855,244.26660925626396,28.19965597582371,79.16108742637343
650.2196143431106,243.89522392261858,28.305713237429792,79.47736003820613
650.9342499123145,243.37387155514241,28.503138447212287,79.6822938342852
651.4428518236033,243.52101148339375,28.47112626787264,80.31525554157955
651.9172163477898,242.865326561042,28.5525829189625,80.67703059057914
652.4892838192693,242.44948430894857,28.768721933256135,80.85961300297674
653.5236792410221,242.25538191241188,28.97889370190244,80.34229413825136
654.3900307500451,241.8817664107212,28.938798921123166,79.05876485339415
655.2751819087637,241.4886939688505,28.84568261595414,78.1152466035144
655.8767671084576,241.97284231434705,28.577937676904767,77.8378868355483
656.5359791006498,241.42867220696442,28.11131419386694,77.6552329831215
656.3814585038594,242.1765940245552,27.97845280957072,77.9161959599547
657.2092433963741,241.5305135030379,28.096535458890372,77.13597264553691
657.3291871225873,241.8326527997076,28.16455564739803,77.30715054032997
658.0778830985666,242.92243082630375,28.11213478003392,77.75888420767293
658.2819840890045,242.68459684636497,28.21507552987125,78.07891260852003
658.4764253490922,242.82137247129072,28.38518932946655,78.60630675986019
658.5388367965986,242.19172364122178,28.55728744923954,79.53221764116658
659.0999663974877,243.19981527083036,28.635696463213,79.93632675942139
659.4504133457548,242.4180397815911,28.697443877370702,80.29816095723739
659.8321641202863,241.81190121178605,28.53326971373329,80.23119307788842
659.7201796429279,241.21021766517296,28.587875229367036,80.16431449984229
660.0920185055685,241.14164044257782,28.47866558269895,79.78684184599543
660.1060321790369,240.07426001282158,28.624052078678623,79.64352128842417
661.1104359039177,240.0905798075926,28.433114292155523,79.73668434992982
661.3090167525403,240.1451553102139,28.31103083196713,79.11927822059508
661.7958633540385,238.76247619434398,28.497510091434066,78.33897261871681
661.863196245948,238.75064154990486,28.273201067640265,77.04815933790056
662.6530540064668,239.03729153179194,28.153357792390953,75.9298791461791
663.7440068175123,238.36317271599847,27.911046439099053,75.89977486454276
664.4114995841742,238.67223782372838,27.57187344106123,75.9357287951058
664.8274129812689,238.5928586829023,27.4539054301167,76.0561582168029
664.4025092127913,238.4072320821136,27.21922862831162,76.67317333442162
665.3202290608561,238.79824365923332,27.06440805277968,77.80521303781006
665.3663965526256,238.24461139183103,27.128476640608135,79.20249008124537
665.71164303634,238.9572777968431,27.245990317428287,80.21681519778069
663.6096338586129,236.8622810987346,27.62385110299712,81.10585472894643
663.0896149911955,237.67593054568698,27.58933928205363,81.09668413475481
660.8618099479999,237.46993842731962,27.6651562013305,80.80538226013468
659.1681826456838,236.91558435549757,27.599225247643624,80.2768387882545
656.3856028526417,236.568821997371,27.74541520253269,80.24099761924995
653.5137622693203,236.23161504227102,27.94505711975546,79.92052918425028
649.1059608916084,235.74330152094313,28.19545716216644,79.40945946005274
646.0503331872061,235.69578071659066,28.547241154497627,78.49011989848488
641.1440446222547,235.21121130741767,28.466292207130056,77.94232301069226
638.3297343075278,235.05388363510724,28.50571758511876,77.38643386211471
634.305559268567,235.32743255723042,28.746303609695712,77.36828122546417
627.5576424261332,233.8996741063212,28.762765270027398,76.39076313506456
622.717356237062,235.2839383948254,28.21166250015939,76.06873056788281
617.5869046656643,235.9964867258235,27.83072184717834,75.62566006564998
612.254758282003,235.97683990339914,27.675264782347732,75.73348991012804
607.5985432081576,236.34724446640578,27.67821903129575,76.31088947857272
600.9807491417417,236.098971434522,27.979414235050427,77.12988394498346
596.2390732998658,236.45179739989499,28.278496967386246,77.88846588951216
592.0604130248892,235.63236655998213,28.80224369913265,79.36988458237275
586.9618801241116,234.67608994626926,28.70332237147636,80.58227265724871
583.5498804419813,234.39070521109227,28.798952499744605,80.63337885331455
577.54624637107,233.11015007731623,28.40781938119123,80.70362389030626
574.1505783460153,233.65784708439284,28.454079728633452,80.74622571527202
569.8583142470222,232.4168522076542,28.872250886214346,81.46145607314995
566.133868503168,232.12074451204137,28.948028264883597,81.81005862360391
563.1401936506155,231.2548991269369,29.128624334581996,81.44985977398562
559.1812131891547,230.34356468895203,29.255882437679297,79.60586667218737
557.0340661519593,230.84400976836747,29.12677324897799,78.091403224439
553.5820863042696,231.36548440405724,29.237955406057743,77.43584560969663
550.8637676057258,230.2497521860571,29.193813632155493,76.94470076415699
549.6900628584644,231.5353259374499,28.814901191024596,76.4360244127233
547.3203559604054,231.58684593604244,28.256982700307795,76.48462624634023
545.4555537135138,232.16037577008038,28.33682337153541,77.45062967526445
545.191406546123,232.6348026248575,28.08775386955194,78.07987271310859
543.9660207119605,232.2547215622918,28.12635989609236,78.69613383285271
543.7529975692192,231.38053661271795,28.168364931822616,79.64962989834406
543.264488558124,231.05661308401037,28.50865329636315,80.1715591187355
543.1735247663592,230.12104963160928,28.777435941245173,80.36406842691139
543.6137229495366,229.6748182597477,29.00391821315769,81.13536105218344
543.7929089694846,229.1727992132501,29.38412794988067,82.14915767443193
545.2759379316414,230.0905891708997,29.09511918557083,81.99826799617801
546.1644758332776,228.40955014861734,29.343938024174502,81.10044260980403
546.7953280225004,226.69374225203217,28.98481658916848,79.01282326884963
547.418337773094,226.83787844276844,28.67041548044879,77.26149944904544
548.3306745456565,227.77846676710817,28.336018868040078,76.56088458129555
549.535926333874,227.22200588592426,27.949161169443276,75.95657113610571
550.3066121904635,227.66066075146182,27.58989857377223,75.99801288322578
551.1791745048463,227.56240370469718,27.355978187712942,76.30375990908425
551.6327037553274,227.64559739519018,27.22276714749742,76.73198184826194
552.2877110295916,228.38537372601638,27.326812953201838,76.50029188325723
552.5278214081025,228.39896944643093,27.432064958764727,76.5961921773739
552.7652835711084,229.16013763057188,27.429705896262767,76.8634211338753
553.1732357772623,228.77215605432008,27.56999081834728,77.32315923449906
553.8375812854197,229.20975366644973,27.56817203160881,77.63957100868336
554.6487015130167,226.5576606062743,27.72828962676122,78.49730403455173
554.8329659415413,227.96672249848393,27.57931546221879,78.10238371845529
554.9043136462238,227.13724700684566,27.530861023763343,77.97573582763974
555.1725733665477,225.91468924313173,27.69612577663144,78.16110122727521
555.9678797410213,226.7658267639993,27.434789947049097,78.08609104283222
556.1221649606122,226.21834199993242,27.350890826994277,77.85912157941935
557.2436098494986,224.53897463270533,27.18210273569904,77.60143461434964
557.639882914369,225.0955792592574,27.200982351445752,76.66738200737798
558.3902420309513,225.13481377322853,27.09778477963507,76.40315565533615
559.3356092328706,224.5067053713289,27.07158809170824,76.31252039500271
559.8496701651738,225.17103303145734,26.902872221516994,76.06322079145117
560.6102988050078,225.35509815170167,26.644286889328487,75.96494360643965
560.9621396892743,225.548323711463,26.271494405406223,75.70092041238448
561.3971694020997,226.84047051375632,26.054787538368128,75.97619731103272
562.2980221255797,226.58884402888452,26.09414392192887,76.51027448382047
562.4491157544868,227.31872067758158,26.22728154161526,77.03101222856348
563.0915975073294,227.04301452382845,26.11662311729752,77.35859090062036
563.4139970666038,226.9713931391471,26.129474052249826,77.61878959103696
564.310129477059,226.7782668317713,26.082600600205247,77.77668988261404
565.3976049114995,225.87755446629615,26.059265112565342,78.16253755954062
566.3030413233424,226.24508801209643,26.10908359785452,78.21418555821487
566.3550181659676,225.47600430294233,26.183504158367068,77.99102165671414
567.5839079194874,224.9124607012193,26.43096180151984,76.20936881652004
568.3071937465679,224.42374677551123,26.479580410153126,75.7340246466425
568.7011270988785,225.46717977512745,26.45884080218507,75.5472238310496
569.3839922283069,225.713509286984,26.319151979523596,75.76044676057596
569.6507242873789,224.5223526551768,26.081154463228064,75.99515627396147
570.0295832231467,225.1790209702769,25.96026036507665,75.73034473874728
570.5613928562937,225.5039114388985,25.92967709235883,75.73330249188032
571.1943647811826,226.27797970228104,25.99508178097974,76.21559294418017
571.7204693935846,227.04467006176253,26.153497727837117,76.81744991900383
571.9458475426733,226.89242542572794,26.333136007639617,77.45528266713009
572.5472344246283,226.28024323937098,26.495731921273403,78.07592750735424
573.3505641638174,226.7895215836268,26.517837429887205,78.66275183080548
573.3251347399853,227.01044506821742,26.552873958237246,79.00948045128104
573.8702814567074,226.56496735781934,26.76118322502652,79.42141366720122
574.0596839460682,225.83712819967357,26.863658245322867,79.32985363357825
574.5848813034085,225.85060980392325,26.90865814200094,79.12554216896773
575.1977684613607,225.70827496866892,26.868264404137243,78.85415790299491
575.3098224617844,225.0561544747336,26.779406986580987,78.04056432284187
576.2742709954001,224.18561619081785,26.550671614830016,77.30117667062636
576.8270811333678,224.20015004301075,26.535930183155955,76.34960060728521
577.8410955339044,224.5720861271309,26.551222753161017,75.7282630940795
578.357270772423,224.11283232783757,26.46608175354846,75.61245498736676
578.6113648343181,224.26450999050132,26.353726675002573,74.73564021560901
579.1684944476095,224.58725634800948,26.317569917864,74.24293485816142
579.8349086090839,225.37749378601882,26.069668080930576,74.1500325329164
581.0747237486598,225.69681158102642,25.940953233754882,74.38301992254213
580.7962233106157,225.9288534062073,25.88047883861826,75.05597569516925
581.4541698285357,226.12936092163724,26.098798153623612,75.50141838411223
582.0612543427424,226.15642114101607,26.22770046672477,76.21696718010723
582.4989184879519,225.47111078968575,26.17889774526798,76.57873146701927
583.5232994975141,225.97561293966123,26.166087817360427,76.75277470010361
584.1322848407663,226.10977297418964,26.19717561588739,77.04343932791184
584.9936620246824,225.5676476338175,26.266073927498404,77.16228233911194
585.7073675179155,225.07916670958525,26.43018134313177,77.41624389956681
586.9533537103324,224.98557377742387,26.531598946243523,76.96166482505824
587.8634079252156,224.65086237061138,26.593014602475655,75.86885831529605
588.9270261380804,224.86811142547288,26.571480815372304,74.72397249881645
589.8279223973072,224.98094043517878,26.64856510222393,73.90542826991674
591.0859632977963,225.27633200680685,26.482959804618034,73.59064842780424
591.7274465549413,224.66020966297955,26.179015554808828,73.65172764915023
592.9618064229854,226.1633658865769,26.01121678200774,74.26270212250301
594.0752276732854,225.64803605675928,26.041723772527014,74.98917385846849
594.299141719057,225.9966053850574,26.153990573962474,75.71106944450226
595.0157498380376,226.21203214470367,26.27071110739447,76.71955103301303
595.7254994428201,225.5676293113658,26.36955498884031,77.57197977040559
596.0036610566444,226.54006952441358,26.530445868705055,78.31777841764378
597.0397463117239,225.93739500762845,26.59811667667673,79.05448181894707
596.8716209185735,226.0852213741862,26.794885888680433,79.63685360432139
597.8892858666509,226.52704276362556,26.797045168322242,79.85654537153184
598.6638004356378,225.4059819250467,26.79156008437984,80.10913183617284
600.5448684254189,226.0123127805621,26.33394423497493,80.12623518270578
601.0320319581222,224.74806523252457,26.428439434239817,80.20777149849214
601.5918697206416,225.42359550625397,26.31341414437697,79.459122042361
602.6512196866444,223.95326137372112,26.45645465846219,78.90371300830866
604.0876331648409,224.40909544058795,26.193167449307367,77.15940160408246
604.4511526685659,225.41055019977202,25.994172784852026,75.83055290724754
606.1597199958336,225.81858393734493,25.71395476773734,75.03754229497751
606.1952351103266,225.36057313730583,25.738986148436695,74.50500639898482
607.463002769039,225.67141861089084,25.594808968142512,74.11849654503078
608.3040007681534,226.7881353506779,25.350561998119748,74.32003678219252
610.0431244793049,226.80792806430546,25.203356388713473,74.72252583260996
610.5895077728629,226.9824890639846,25.401128351020496,75.03993545566149
611.7571869598006,227.30215602741413,25.70990354495534,75.35751124493171
612.3601062478599,227.6811550072326,25.93384926677983,75.63027905716062
613.7433511709502,227.67998189806565,25.81124670201718,76.20335089528749
614.9447150856275,227.68524349755117,25.712481818600555,76.5325578398635
616.5673553243442,227.77922962495973,25.60958348609502,76.65140448753894
618.2465698688856,227.98356895153864,25.704344008447336,76.86176781369397
619.0208342673147,227.0100502839702,25.54549667006214,76.68230454229399
620.2149740360135,228.0190560735268,25.579807388402152,76.18658986869838
622.1882154087295,226.10877017144878,25.311094780756857,75.96085077121253
623.5842498927086,227.67582439886752,25.269222031289196,75.80564370263609
625.4780804815116,226.43484978808064,25.059548763000357,76.43545559701563
626.1760385817491,227.36725790175632,24.945142200357843,76.0588936783648
627.1699171245289,227.97841974104367,25.013021520743273,75.79120103034967
629.4185554255415,228.25786671174237,24.896434062852528,75.81152845678825
630.7915981972278,228.15635686889726,24.824233149683057,76.25261629097227
631.8284062697453,228.90451270833807,24.659923411622984,76.93968402378799
632.3758771654777,229.06824365689425,24.687212030733953,77.2421222841273
634.2693989984781,229.35972123528367,24.704759305208682,77.95193357918409
635.7562773461319,229.36389249404365,24.884110491446958,78.96979004485654
636.3815580747203,230.15427481404942,25.067074358138246,79.58549781123237
637.9695518869902,230.25527938967875,25.125851071137987,80.35880589973505
638.3407899363566,230.06414972281218,25.25796459442595,81.05012696933663
640.3009656217635,227.61231058476557,24.849561332285155,81.06667260077657
642.2649237124147,228.2082507241022,24.491760001980783,81.21424828428442
642.786112222976,227.95242222289505,24.438169678245664,81.25091158094916
644.1289840567399,227.13125221879636,24.494083029379556,81.48158090433206
645.524012322131,226.9776276531353,24.370580472749033,81.17899268242465
647.277227629878,225.22040450106678,23.653090763779673,80.23305318715376
649.254568344496,226.6111508245986,23.16424776685558,79.47421435822062
650.4632843560476,227.15953375811586,22.811268868752563,78.78865992221255
652.1352769745856,227.1796190733968,22.63846507202962,78.16826138017834
653.4902011609006,228.09515671569164,22.517060455503174,77.93784665810394
654.7526198465152,227.51184420582052,22.614522040191446,77.28909778029364
656.178791940938,228.31403507434374,22.80029359116812,77.20139747597122
656.8811655277837,228.27754928627525,23.110344987156225,76.77874674504609
658.7947251053317,228.2765084629359,23.257103262022145,76.17084029834858
660.2871352763193,230.41272083017103,23.282359442874128,75.95919465857439
661.4251254519378,229.90851278628296,23.37522336234337,76.49023902389075
662.9690409434228,229.7926237864126,23.350589515298665,77.026241157123
664.6104731916425,229.3142326668797,23.291660622954588,77.88335291897732
665.9039336979749,228.84906650516095,23.43484667930545,77.5901120345596
667.6491772744556,228.95401612176732,23.298289999671617,77.24425164128311
669.2700482462828,228.09188771543046,23.56641333998321,76.33643624364495
670.7781715922895,228.8990513168548,23.739346783696817,76.1268308969135
672.5115240733805,229.75621265325807,23.70950071395546,75.9613678203594
673.8490565130998,228.95131443610296,23.94502076112242,76.29654515219161
674.8916172036346,228.3507289320813,23.998839237535535,76.93825212281656
675.4813387231745,228.76838365401446,23.940255225364545,77.37432882549562
675.6174570160525,229.12685075751148,23.828987196608793,78.1636739678287
674.9801760049097,228.88405476847691,23.763983822585462,79.48670643662048
674.520361281997,229.45505639287836,23.73155578759874,80.49516939150715
673.3664409857922,229.20353138003466,24.099645231784436,80.99766213256697
671.9578889212282,229.43276414389734,24.631562116497236,81.6942590418991
670.1699859479096,229.72840764943618,25.229642557305674,82.13658797759113
667.7995063854239,228.7093988859337,25.842585687251457,82.48740638884294
665.6948061211921,229.2691284340429,26.23436093152001,83.01205654173955
663.5820614660022,228.96250079952324,26.64651982998894,83.2642349193566
661.1169841528992,228.2376175345487,26.960429663256573,83.05660894747459
657.7881873848671,228.4342899036968,27.352515024424495,82.46911267354818
655.9992208590957,228.56314770422543,27.461165448861813,81.95413347166465
653.1476393456198,228.23916859779297,27.1009396513505,81.20777608413438
650.0085897465302,228.47067650567124,26.935814419445386,80.66808884684994
646.6882695309912,227.90919916260543,26.827962609617877,80.80481417287797
642.5916680565252,227.3474908797316,26.863614746782023,80.22600350378525
639.8375982449659,227.70448033167912,26.961793623135762,80.45396860299535
636.7594545958897,228.08782011800443,26.765701599236046,80.69686761596942
633.5737796254642,227.91260607344736,26.586957889269037,80.57644687652942
630.4874266563081,228.43815187464367,26.44354272620205,80.37014233535126
627.018427014917,228.82620076686794,26.620294374096318,81.03482268715608
624.0383716680716,229.08643450706742,26.629515480384967,81.03180506256156
620.9620700785933,229.8055016038502,26.775455813729778,81.33158364308201
618.8434713835973,230.83413194361833,26.895959230180857,81.9815172918538
616.1303137741564,229.18373969533883,26.724783184719172,82.82381666191749
613.1572712368386,230.07918407214717,26.722334247514027,83.09499565541687
610.4928106578432,229.32974246617047,26.6333195572689,83.45003712390105
607.7875910923109,229.38314802787647,26.660454092386118,83.35375211835776
606.0269813730439,228.63725677015435,26.55732274471105,82.05008060853343
602.4181303637611,228.68230049506576,26.114064088990776,80.68219724787537
601.1860838186695,227.83100508500988,26.21180152159632,79.2814300376679
597.5287564910058,228.76512716995512,26.40870267121694,78.26725611399704
597.0914075782814,229.4044100342438,26.853410592500566,77.89660454710183
592.8034879233021,229.36472672221353,27.389715333672477,77.48708704998279
594.6780873618799,228.67829261106777,27.7692043150985,77.68818160017045
591.1018183316099,228.35847332569864,28.409959729459082,77.36444388726306
591.3998993818054,225.4997815301636,28.54590318221841,74.60281975738587
591.2928941134265,225.65837523238199,29.257113433159972,71.58945892345997
590.833246675212,227.59308405664552,29.47081287587718,70.06476688375857
589.7024850434344,228.2771296393426,29.576900338879792,68.68690562953535
588.6177808466238,227.1550231466845,29.49473159360037,66.43972838658004
587.8986308966873,228.36351095741225,29.239407354641187,66.03569150299381
586.1635551266799,229.544975145531,28.368181636355377,66.31893421974337
585.9795461724684,230.06150176656018,27.94366096149951,66.02793520169931
586.3284138612488,229.14330716864913,27.272444025675433,66.13731986947575
584.5998483223148,229.9278518017549,26.676792567990507,66.81596753411131
584.6522806293214,230.08576679523665,26.24000285984974,68.06145642150697
584.2641761021339,228.91094270419785,25.726807641191527,69.96608860689003
583.9335671980386,228.33453057349814,25.36768691407317,71.40116184213589
582.8846226414743,227.9682757766278,25.134672973918313,72.86992112116405
582.310063790517,228.7091907934114,25.309292880727668,73.53181815172951
580.7784019422099,228.06297237878633,25.885880279734565,75.49889474242758
579.5906591104164,227.43201434157908,26.46546512163585,77.1773406809149
577.4743254282138,225.89851447986484,27.47002670257848,77.94371460325695
576.5781195232535,226.86688032260116,28.025495029146526,78.0619164657579
576.0088815797172,226.99009093633163,28.608547477669745,78.81846033095596
574.9100198542656,227.1841844361813,29.504144401740614,79.06921515569279
574.173129069763,226.85972269069228,30.040272131157472,79.67447434026867
574.0872056885325,227.20074261119038,30.086403891200852,80.85634553194917
574.0944914062284,226.49955097087707,29.82974231999645,81.03770763719126
574.0494477495943,226.0744233872872,30.007024031310227,81.03618846946347
574.0984310514476,226.01674949370044,30.26692907925311,81.28946574088512
573.979871445002,226.30930262108714,30.486527966885973,81.19197316409027
574.5727830406482,226.72436252044125,29.694080827972954,82.2962427181805
574.2613815682209,225.2806056621365,29.831591129518948,82.1567967771209
575.0270401501991,223.7648388607887,29.397051404680035,81.21471354136136
575.311569570609,223.91460193463388,28.929765520410562,79.80171373987761
576.0239347905732,222.56142552849062,28.54038599925189,76.62176741886337
576.0731518812447,222.34528393748266,27.80365950528684,73.22329417502175
576.9527597839003,223.16874392937478,27.05311486448822,71.4429625900517
577.1637689408419,223.60976496644417,26.384488472125206,70.449621098
577.7087930571471,224.2884485288603,26.153044015016143,70.44450073448972
577.5653109009836,223.90585716588907,25.7548384517213,69.92698482914554
577.9793783056663,224.66939022999503,25.255788634764734,69.63545169997232
577.4253541757278,224.63352278202004,25.230388293872775,68.45721365643107
577.5641531833012,223.90666382332142,25.454855698876678,67.73031495662555
577.6679431125565,224.8165103630272,25.436153631532314,67.16649221946867
577.9445852534355,224.90483481190284,25.397113429364115,66.94365987715778
578.2499562792876,224.31600546921607,25.730760065270477,66.17028818895804
578.9343115547595,224.63115511019396,26.054981881651692,65.02897289576416
579.8310580506327,224.52545081694623,26.078507279606995,64.58251977266485
580.7181114706106,224.90330877545176,25.830202336700328,64.20243089651682
581.4787008424845,224.39676844227657,25.820121620181673,63.74198806528573
581.5800792443163,224.5862911990782,25.125790201277937,64.04295573146152
581.1182560714808,223.10100487166937,24.816446401265694,62.72855095021353
582.0275339650761,223.25596578426112,24.54578235010551,61.93896503773448
582.4571555544967,223.1061611725888,24.134771374986386,61.78430562675983
582.1513073466593,223.8086742821164,23.95762856966059,61.9725923864491
583.290138619378,224.8185804730901,23.53409641152944,63.24351238822978
583.1388349368975,225.48060079729245,23.536874978911648,64.46011257081871
583.2321223081249,225.7647777540287,23.50651618730354,65.5954745777945
583.2765846482123,225.54487793334022,23.736649329356062,66.17205211188025
582.9570907571018,226.17668300189666,23.866981801899946,66.59706123078695
583.6387991493225,226.29038878336962,24.255441014048387,66.54328762422188
582.993763134682,227.75973642632968,24.667343447133987,66.91009093830785
582.5159922729943,226.96393551528013,25.00992733531206,67.15571783822676
582.0594303810377,228.010487249557,25.175124705212223,67.87940876511985
581.4923498896791,227.65573282965215,25.471092569357253,68.74910069192084
581.0303188959892,227.21406226816083,25.56509788940918,69.97164311623979
580.9026943396403,227.12181997643648,25.606470695096206,71.05258060343604
580.1573337416116,227.52502716338086,25.549371203859636,72.03544545203566
579.2064389766687,226.30744965384167,25.57279128317642,72.27227030715838
578.092174796108,225.41990210156754,25.23434023603354,70.68495343584601
576.2889790449182,224.4695605176503,25.58807742437222,68.74701570257268
574.9865236943979,225.77161561995558,25.115390030472586,67.7099602464973
573.0960024586926,226.0619572354885,24.92260323247396,66.92525228331857
571.5319536301191,227.55355286196664,24.802034603152293,67.6314643258793
571.2386578822769,227.8018128794115,24.569508493150536,67.70578709351413
569.2601284399199,227.32488783039466,24.170661368190594,67.27219960953181
567.9597176206274,228.8941708307142,24.553038420975426,66.54299711711725
566.8570986549548,229.2109576011806,24.502054819498778,66.05946576733218
565.1104393569038,230.0370588807757,24.671818422924982,66.48912065099782
564.0872076648175,231.013372136511,24.927465857657815,67.1079524792184
561.7519380225809,229.87748372019107,25.135795917429988,68.33926133433447
560.9355082755146,229.86670401773324,24.992395870051062,69.32721117017739
559.735775682698,230.48154941694395,24.792808626485158,70.75533725865782
557.9826099801476,230.7755346437997,24.79656677986165,72.59283572660775
557.8849856245831,229.46942519728654,24.679474218159566,74.52698449167004
556.2305126493944,227.70775723859566,24.992791334766302,75.8360479099673
556.1992640378957,227.74516013773138,24.796264891381973,76.56979008532868
554.5755627665694,227.7750984323531,24.86917149859432,77.84148102194888
553.5932898691002,227.4223214246187,25.160378284247926,78.08043309940845
553.4123072652507,227.4796002617504,25.21458334270646,77.88168564508858
552.8738726888715,228.1654428230309,25.43703910530497,78.42057209769236
553.3019592503944,227.02809240424259,25.389277401651015,77.92110897385845
552.4819238341032,227.96832255576686,26.396133939322908,76.79878196300807
552.6927031483004,228.93048847915173,27.25730147956106,76.37548997887109
552.5932146798269,229.1482065371495,27.830560240143107,76.15767740959512
552.3455467756135,229.01374585520142,27.765567922616405,76.25151294578302
552.2616320968423,229.34999968438757,27.540549026908664,76.2352512938995
552.8724957741199,230.49198013102176,26.874494377526855,76.3799982386896
552.678709845276,229.99359465286528,26.5828785797658,76.98384947578339
553.1190859766464,229.46539537409572,26.354249291420757,77.49542295626559
553.2912492729789,229.09515357756754,26.13168586107063,78.0632764627808
553.5352310904599,228.52613009611417,26.0385082859649,78.61424694053053
553.8945828129789,227.7769638973886,25.94335209691976,78.5775937956843
555.408935681862,227.07040387271218,25.411001654334918,78.16339112355584
556.2668066890085,227.71350638167095,24.686764309231332,77.40349494019102
557.4245227549457,228.4587414255487,24.042372593120938,77.21689862982502
557.3116655163532,228.55735961452538,23.65346626551921,77.83442079107152
557.6734549134846,230.2801966180234,23.74407988554009,79.0685859182918
557.273290913468,229.50293703240567,23.83437202503483,79.6633829282342
557.8757108549156,230.9609509245733,24.18188361690151,80.78113571869758
559.123953056504,230.06029463791225,24.447427907877746,81.79965918088229
558.3946222504503,231.40567578218725,25.239688312538078,82.31545297410413
558.7209700513134,230.0767601788251,25.47113910315722,82.97121351546892
559.5544709678068,230.4952854628617,25.687340419012283,83.3655366151127
559.1284966747329,230.49027941893303,26.006923146605175,83.87597934652857
558.9139272665908,230.4722018218514,26.05687759761694,83.87520889700932
559.3378907092233,230.3241636792922,26.21199436393264,83.71398156870337
558.9525098262108,229.83410589833753,26.418703548170598,83.39743003161374
558.6990241912225,229.49737824086273,26.55192928730338,82.85876636329459
559.4686199052115,229.4336617590471,26.385655153827557,81.82026810210282
558.6990869803773,229.70333628540533,26.31461703869061,80.24240383923473
560.2109567843132,229.92222324142622,25.79760798730664,78.92980826429012
559.00434780051,230.17075288222327,25.939477240084756,77.84883500078146
560.1385094464026,230.33380166128524,25.731166288845007,77.03191560427864
559.0390144164365,231.82823916563422,25.911489842963718,76.77177127413904
559.6663609141347,231.11882853421173,26.193806921229168,76.8282629347425
559.4861574863291,230.93131908109342,26.398015230549742,75.75328870743422
559.300808196881,232.29160410593977,27.376953579381635,75.24755668569563
558.8773702099002,232.83423531954224,28.329763353683212,74.9616035717879
558.4567345108051,233.44917698775862,28.957012637000403,74.58237728119641
558.2024135303748,234.02830431257235,29.126706109625463,74.68285101654052
557.8389319439503,234.1641198597799,28.963379975833625,75.21012791734942
557.7954429791477,233.9014203128977,28.57990449409843,75.95827131207533
558.0506101799743,233.7276095707902,28.21469385731756,76.38305134422819
558.2413139443147,233.70897170757172,27.889514634781406,76.57799624235611
558.1187663793369,233.67777712298317,27.656752413433967,76.46540626123794
558.5339417802395,233.7072285482254,27.222291817727267,76.30361634653498
558.3350656194516,232.98115227459792,26.87509414283165,75.71162855489221
557.8427866284977,233.22945069251202,26.602041922903798,75.01560427830152
558.6824304400363,233.60390398387239,25.98659814614752,75.16071950468186
558.1717185112426,234.1719060040548,25.46946495112276,75.58707348605324
558.0089689461068,234.32107958222892,25.287114030468103,76.26014345874474
556.7648417515305,235.30292676945496,25.66737672421665,77.14774932385563
556.6996909394027,235.88621783793823,25.745757085135317,78.13974701324406
556.702191306325,234.82900314589824,25.509768042503403,78.94361330986064
557.8367980294049,234.49284058842886,25.36096933023,79.04349875423665
556.0563749033053,234.56830605736226,25.655189224397272,79.28880802094254
555.7524756423517,236.78957359529855,26.05364404470344,79.54504680600138
557.1394788718387,234.6473714789925,25.380903493016756,79.71516461588399
