752.5,233.5,68,153
754.001578606818,231.80920938546865,66.9017285552542,154.3062185467202
755.3584779298543,231.81011466582453,66.36658171887426,154.78226155241657
754.520943029873,229.45268361393332,64.64341929723324,155.84996789448024
757.508421565911,227.2971043791579,63.24884981747301,158.34971033410096
757.7569721322928,226.22319005301227,61.962124053304414,159.80890256423496
760.30679318644,224.2652187121939,60.89253699109156,161.69909580091013
760.7458898263101,223.49303037213795,59.920126768564295,162.89477699423804
761.7494524536645,221.50781429180205,58.960720277206875,164.34314756852982
763.6389928476532,218.77757816524053,58.13132291704029,165.67984720049813
763.8762760182778,217.66296219603316,57.421786125389715,165.3950904056212
763.8939359460753,216.06927540727662,56.72414368898045,165.3355798755446
765.2699192021422,211.9628305008933,55.94192066706569,166.2114635962397
765.6944640254886,208.86529257343017,55.584082399624236,165.9678578486879
766.4669823466609,207.34363695936622,54.967265790925566,165.4545274981415
767.5644648854603,205.00413986713022,54.43515288140985,164.96715462862792
768.2789389386878,203.00075048882317,53.93033747968962,163.4434043630252
770.4828333943722,198.95003036258908,53.19237602956363,161.77346800569114
770.2783742137879,197.54287566769676,52.910204045349495,159.62283303283536
771.7227821504782,195.29581757262486,52.89173543339747,157.5241176113459
773.3931362028076,194.045991603995,52.60361912942861,155.9755832464206
773.7355147504602,193.26068276978987,52.18617724303515,154.29605190321885
775.0418088805319,192.88717066306123,51.88513530857542,153.23553200447063
776.3158280272883,191.73870186679466,52.063997354189254,152.06808527960575
776.0180903828017,191.97469552423587,51.91653406503361,151.76257987685938
777.149849015969,190.07227322950902,52.1399464537739,151.4037849208724
778.6651512458537,188.8384264401526,51.991295233445484,151.50985068243128
777.9744817272331,186.97545017432347,51.911103346843454,152.00808676816672
780.333423715197,187.3214338270941,51.890935607030016,153.57811382450294
780.709587709807,185.72311941206016,51.77647483010563,154.78091996074602
780.7333158921249,184.6305725795482,51.6656357579337,155.99790270677124
781.5817486717572,183.06224121661404,51.56287031635259,157.1510600644068
783.2246671790338,181.00398299819676,51.87476465365171,158.22379760490958
783.1163034984149,179.73437609439833,52.14564874297811,158.68158097732578
784.3732597381469,176.65300936402562,52.59048555779541,159.85337005254263
784.5347804281384,174.8770359634329,52.835521682447094,160.31091096421696
786.1481968025687,170.60256550306732,53.679358107780914,161.07854800234924
787.297145418326,169.77985353755798,54.016041965286036,161.77396598482437
786.773669459202,168.81748459385824,54.6979432398517,161.72190402652836
788.5244287796991,165.24431962725862,55.524942035838556,161.9164159703782
788.5684551654964,164.44668350258476,55.8052470418396,160.2736494414209
791.0741792904298,161.73000184742057,56.449028360454136,158.24082861249755
791.0906483369005,161.73518511167237,56.547807830188205,155.0700111486302
792.8685855110284,160.34418634539117,56.878911869765034,152.50082574357054
793.0765526580841,160.2519856659148,56.819821673029466,150.31201595712227
794.0176780185851,160.25585959336445,57.0156840310986,148.7468977971616
793.2349058611983,160.06310657152926,57.33125433349724,148.2636006973307
793.3363867341196,158.63574319710781,57.87183084811464,147.7696378900518
793.555154809423,158.38291794818608,57.85919049070725,147.36668656742637
793.5121890297889,157.90320128655685,58.13104379348766,147.76219724702335
792.2462124799562,156.6514184249455,58.17888343833435,148.6774872992408
793.4469690566348,155.14164714851552,58.05081088441885,149.592785619923
792.3037255708782,155.00952236547218,57.62989729555288,151.07996144505051
791.5590920743998,152.91256943686813,57.17992073344057,152.02573793443025
791.3867918160287,151.51856473095586,56.56765015786338,153.12200802549975
790.0888925809418,150.32634402060373,56.277617033569996,153.9759836049107
788.6585520518163,148.59132556487282,55.9386580561919,155.23465863130176
789.0055636802003,146.82916610735552,54.777524254980506,156.73930252993313
787.0595165521121,145.84579019244555,54.16692533488747,157.3925739825558
786.0012373918103,143.91482821196922,53.25174585107834,157.3817777019618
785.3081543855275,142.0977588494788,52.45257908852801,157.47465737657342
783.8401952397583,140.16216612887206,51.959702996063584,156.38888929224368
782.6028667943199,137.38214704716165,51.58214555054519,154.40123038840372
781.1461576325049,136.13791775436647,51.30874241345121,152.71605015334595
780.7082806477778,134.65691197855818,50.735910515023804,150.96411774668005
779.5987175760106,133.56872009109696,50.2216823284952,149.66231038428862
778.0955754348626,133.1346911035607,49.79649120986659,148.7047379329543
778.1606099697785,131.91081784401226,49.41343529168032,147.9497106426182
776.6236128563353,132.74459677248333,49.27545084463185,146.51586051167777
775.8734761646099,131.8840339792218,48.939690406976645,146.38784402361586
774.0708764810277,131.84632490816392,48.85041531544667,146.26156599337506
774.2197753982254,132.73018159410753,48.55458955730169,146.7097284855167
772.8140872535546,132.73647056977597,48.56834936486223,146.90080842950647
771.0882478595884,132.65863944612096,48.537780323357396,147.33403433815337
771.6274082603483,131.27540395701953,48.35439179188748,147.99160953770024
770.9851946857943,131.92132216959283,48.31564947116213,148.67066494585902
770.1498473882523,131.2534619159651,48.56090196667493,149.3054832891321
770.6946178173035,131.1057640449745,48.426766761095365,150.0186010178839
770.8675015232797,131.14250191841825,48.337383423831064,150.7762591730693
770.8188310555329,130.2554904759911,48.35650879751754,151.20478886048252
771.2221438957675,129.58573873899678,48.314262976018895,152.24324101582565
770.6728434747181,126.24280314398037,48.43748548359544,153.19553495442418
771.0851506364166,126.29173641308843,48.480671217132894,153.6050691077173
771.5338040610505,125.14258115838592,48.557413578413346,153.6286463121449
772.0409783040046,123.6263230825855,48.66807152980681,153.7481954971167
773.9200953062021,123.01565615591811,48.36002520851734,153.78123732393172
773.9353938689663,122.66377348277109,48.54500944046805,153.9820552205416
774.6734587369352,121.33677955105385,48.877493720109484,154.23275734217006
776.2109830793185,122.03888504213967,48.84135423219653,153.07266628728553
776.9760800800383,120.93821083616086,49.132209086538566,151.05353425719602
777.2556121286517,123.61752664657428,49.19144846707571,148.9008726852736
778.6650092410407,120.95705161052288,49.55968431927838,146.75721837962982
779.8486696151845,123.31694717527833,49.46454985028777,143.63726240751333
780.7909714995114,122.25295818159518,49.51768640756144,142.00038334112293
781.0712472940136,125.62376067374582,49.357796942714316,139.91005828312169
781.9810174574665,123.84039930985954,50.00483629148288,139.1857715847773
782.6662214207732,125.91473517427843,50.50082371914037,138.55671717504657
782.8515930169369,124.93271057636878,50.902825242026694,138.30873977479655
784.3095643532196,126.886699254909,50.679067256122195,138.15567169467838
783.5610207770083,126.65358368349644,50.86782804498121,139.15767933343704
784.1739300798353,126.36370634603642,51.24365705475995,139.98640277349665
784.7000046592875,128.38245542073923,51.06786491480307,140.49285565863693
785.9349525871716,128.39109138246926,50.910326484724735,142.55734986371695
785.2506623212774,127.41907284722869,50.91509170889563,143.6458572682511
786.3284039389746,129.14315236814375,50.11751922579779,144.51916562601815
787.2663299347585,128.2752420672349,49.60024830036165,146.3213461128728
787.693194702643,128.13982526909913,48.851802419818796,148.08303397244998
788.2898868979938,127.58216126089134,48.13842317419011,149.5700206120841
787.9329070975017,126.7118648941073,47.691325779782474,149.68512577965794
787.6214715383148,126.20924424993616,47.40704448383441,150.00455858821428
787.5073917048924,124.4416170101309,47.16973744273449,150.03760483494517
786.4135547203743,123.95635168630925,46.90918996668682,149.62793545416898
786.0629907888401,122.85208586238113,46.6034112011467,148.84055455014533
786.064462753791,123.69503418370425,46.24109045330319,147.58335632802368
784.3893905336529,125.44197344728336,46.314866275568036,145.85118153049498
783.7566908956903,124.90255075291961,46.360158711359475,144.43457737622322
781.7095008078106,125.6294319812063,46.50313574609718,143.00902189950574
779.7481830879412,126.17259679584458,46.54572624870197,141.93170907648891
778.0743370504865,126.75424751395906,46.516043912982255,141.5935028765614
775.1785733376565,127.65067646243112,46.768966602314165,141.4473708726379
772.2549314947057,128.02429894281647,47.009182703224155,140.83875174227907
770.7316761437803,128.1225434999855,46.85364748756417,141.14265572057332
766.806801627049,129.10058439952928,47.27669497531143,141.172473965927
765.8934340475836,128.79880368489108,46.827331882899344,142.4752229719742
762.125345984698,129.04738344529218,47.14583852167117,142.99591003549205
759.3862165397765,128.90499306255563,47.13389403092946,143.9845517395142
758.3853465598908,129.54626618748603,46.632209823067825,145.1976536353291
755.8246231647532,129.76383522837887,46.59491656970269,145.70713842780333
753.7195990206668,130.28306252985195,46.41905816155593,146.0736214497885
751.8137690365456,130.88917711427644,46.23117541663299,146.584218761805
749.9386029541381,129.91730684139253,46.021828454708654,147.10602339162588
748.5698433966991,129.2493558282364,45.91258705818848,146.99920273975366
745.9670008866277,128.70118404590906,46.007234823997614,146.81365901154635
745.1273385454273,128.10715835161835,45.941048809033646,146.31363247349202
743.8458836136226,127.85856361270281,45.916265696645134,146.53760877340372
744.0754541039984,126.77824728514493,45.7928310988835,147.7347138682854
744.260162809175,126.36508810331294,45.680796468843795,148.1039843522535
743.8932449661464,127.1176998467914,45.423229409653985,146.94615258988307
743.5862716113286,126.05233741722029,45.564381884536985,145.60918102072634
743.8896917477294,126.56785078913717,45.47078564459496,143.8444532862157
745.0556931705755,126.80497027163445,45.10264366831059,142.17952368458631
745.3951839020217,128.87117900984674,44.87162094302985,140.6251654046339
745.7323413004374,128.28746095681345,44.815687050396335,139.04146663826396
745.6916533243116,130.3226435345892,44.976125971140426,138.22577782472294
744.8579802422194,130.88067430002775,45.42877846982026,137.9779206490857
744.5913383924247,132.07166856611838,45.63259216079784,137.98882829228899
745.2730044078663,133.19635023781217,46.11099692343279,137.9886245234101
745.0843140024425,133.9917839511748,46.12341652736745,138.91883019963586
744.8771118637068,134.7769701693953,46.060339767460576,140.10811657667142
745.3493879687497,136.0901251331041,46.36329405666521,141.50920857338716
744.6279662654686,136.67220681791986,46.480973383561405,142.4968684859974
745.6139326091188,137.06049761153895,46.291835767862736,143.93117433085763
745.5333594379972,136.90276890801238,46.118598294578916,145.10990756388807
745.9236349597701,137.26638796763552,45.69394709162658,146.05225348051522
746.0321772577295,137.52799374741653,45.40918038593459,146.88660303240337
746.4728180597002,137.3162015783125,45.24106209824298,147.11869640751007
745.8140349661445,137.3293910753083,45.27317031664265,146.95802418513063
746.2298846882857,136.64849729273925,45.25896782775487,146.92244772992117
746.6700590019052,136.63134152267588,44.95412392072688,146.9490323194769
747.1935032941088,136.4859440865434,44.66651625634841,146.5017834662513
747.0121387471115,136.61969132538312,44.646734360438614,145.20924156711652
748.1623366002731,136.97884951924408,44.5134643560197,143.89202664938819
748.5372024140918,137.78548536590853,44.89017611446015,142.25259652451442
749.1855354648612,138.82802879356558,45.09367177992729,141.15976726426254
749.4751868391678,139.08719368758133,45.29569967639846,140.06622124250072
748.9365356229936,140.88583029322854,45.62966537159109,138.96257677151695
749.6613763367545,142.80640074204933,45.67889377511618,138.57376169479826
750.0823909610508,142.66000857248258,45.847568805469535,138.3965064278374
750.3138994286642,144.88408748717455,45.99542175473391,138.4860797691077
751.0542311385054,145.8330812189005,46.01726029962028,138.80117199658906
749.8663753029957,145.98391487249165,46.3704070826393,139.0249136130327
751.0574824310916,147.41359630934363,46.441276818452025,139.68909099773632
751.5204742322512,147.76435497758746,46.41182080450012,140.7048476118255
751.6059642634139,147.98499373061344,46.38742689210575,141.80675915454057
751.5937635671045,148.69637272547908,46.35132899658296,142.69393768824685
751.6031255670462,148.42417719683607,46.117443732756826,143.35781641112644
750.339374731639,148.88309957900603,46.16721465253332,143.8190747113236
750.7544272647634,148.56189683199943,45.76540829806151,144.1712563386357
750.1631192585136,148.0002754744281,45.58475045153702,144.57476682883708
750.7239804664847,147.55531756416278,45.472657881214076,144.7494214284357
749.682355893959,148.69092499470432,45.55203868481945,145.3024985118564
749.5045169606619,148.70884992602453,45.85370418204904,146.24180960559877
748.173465293888,149.4818040910355,46.07225096843213,146.83299553483886
747.0472729606912,148.2705581663319,46.340502987311396,145.81755775396653
745.0922099964993,147.75351156602596,46.66941901770028,144.3650033486824
743.9725472483141,148.71188180166126,46.7987696529255,143.05002165550704
741.6724322067303,148.16332464890837,47.0448894951568,141.5920154928732
740.1568041235946,149.78191257956325,47.00213600452196,139.87139184141756
738.0460018461631,150.0711376713369,47.004629116819245,138.87641849931998
735.0934883062359,150.78064797520508,47.141754776080234,138.53571291119118
732.1149235350774,150.63651213170138,47.26314470581784,137.9698002090842
729.5482873307426,151.39648415263542,47.15260169242942,137.7477971366833
727.3355582760742,153.0763132082095,46.932928213784145,137.97720719989726
724.2341185479092,153.29114460500125,46.88465658521412,138.85741751040928
721.0430836088544,154.02647118048588,46.7905578308163,139.55875546928803
717.4831651770194,153.9614107893583,46.88756087032884,140.515051524008
713.2289877237514,154.8911603667093,46.827378064767565,141.2239503681158
709.0691360348177,153.836629082564,47.156589098732326,141.57230174332165
706.1006312855111,153.60699497700335,46.71364855080634,142.26589642136094
702.0070777644423,153.87958542442232,46.61965150511422,142.89938831705038
700.0549921068178,153.735748739012,45.973979032216185,143.36180705384828
694.9785120985322,152.00385720679066,46.3879759216513,143.93643711459833
694.2872005350202,151.10680829907108,45.61523191267358,143.76111175517937
690.1538505270615,150.58320960074897,45.67050328631811,143.63245637624988
689.8537822827485,148.8171176784831,44.88325631394555,143.8778994409049
687.2138763678664,147.91676590057287,44.94417604623668,142.82179075803214
685.4040578981848,148.16175019072563,44.69055201071588,141.3529491036719
684.4211091276467,147.1064470264566,44.48925160905843,140.89086279953477
684.4093130693221,147.43825576908387,44.09389188649874,140.37322391406704
683.1898026376845,147.63684785963056,44.23622586203298,140.13888501672034
682.8923741289002,148.1380422796276,44.22493719965077,140.33066748619737
681.8279908310587,147.3985778903537,44.466680942436035,140.60451170244357
682.8285354871135,147.72111031810567,44.212184032784734,141.15651267717033
683.0136476708461,147.9655457029075,44.23616300036634,141.58495113217228
682.4294284819496,147.70302581326814,44.42861585112085,141.35627348896557
681.9770473192716,147.81591111755029,44.63115189531071,141.2844045617053
682.4978398708421,147.27003861443598,44.53310963026628,142.0711348682364
682.542921000545,146.52444889014353,44.52939865544801,142.88241176326295
682.808564260878,146.385007092446,44.36486949786297,143.75752085876485
682.761178873734,145.90030881466726,44.30906233955459,144.2101363822369
683.1971826755239,144.24513712735714,44.215172809915316,144.93882806923506
683.8486154560346,143.29504928939684,43.99655591088878,145.19485456092863
684.1119836012274,142.04190865461754,43.765411749733545,144.9550964399233
685.155624113364,141.37707715980082,43.33325956209218,145.1312147651738
685.0574462669624,140.48687562022405,43.23984375764579,144.57320818208063
686.2408741831939,139.7528693857277,43.204693495403646,144.74253271619781
686.7294148356008,138.953741141083,43.53847687755598,144.7515178984957
687.742705803083,138.43206687738441,43.61915350086467,145.604120044014
687.2286000291909,138.84994353422857,43.71769906592577,145.72034928809927
687.6380601037696,135.89732541541446,43.95744168894712,145.03762957403683
688.0066295876795,134.6727631634085,44.17517985926495,143.38529457487493
688.763217556906,133.38612977428755,44.25182859732555,142.01883905354097
689.8756187833621,132.99368150738565,44.28365418091232,140.33430299495282
688.409212778126,133.357131515002,44.694306376550344,138.56989699541379
688.9601633125604,133.75596924554506,44.68841217795095,137.48546248562735
686.6494597177763,134.84801522844054,45.07988610564804,136.96924044533537
684.0751612202289,134.43773881866463,45.63851966461599,136.25621355774146
682.7449695979874,133.66647425818124,46.055596272288696,136.30290320212288
680.9212373104907,133.76969468718892,45.95849273776973,136.11467651958517
680.036766524144,133.19097748913805,45.659226331260996,136.52508399536828
677.9280892390242,133.16653229157754,45.48626346146766,137.00350477264567
675.4237938760439,132.475686935208,45.22167131847066,137.43065106037406
673.5381227641647,131.99182135232374,44.87143198781632,137.62239263406724
671.9492388163504,131.09226845318057,44.232062642081324,138.07578338642466
669.609178767369,130.02325583890953,43.821787766289056,138.4360186645959
668.1720700417474,129.53582934584028,43.42940437028821,139.17084884242107
667.0016490351552,126.88991880683659,43.06940352611181,140.45115525673214
664.9256766735291,126.33650920590799,42.82491060440536,140.62685549344042
663.7949266144344,124.00834361372952,42.71709652886918,140.71137023340037
661.9645021115608,124.16079523805465,42.55277549448568,140.58808694183955
660.9576032392066,122.48952401094259,42.30037460409295,140.52464451752363
659.568990071458,120.90916687508316,42.063947899657975,139.76020005015252
660.1359416955216,118.6214581502056,41.49832546760877,138.8479380184013
659.7772666790877,117.93130886002129,41.11745646342068,138.02494470576454
659.375331900024,117.42863110822708,40.957488636370584,137.51976151211022
659.2104525155428,116.24218984152138,40.79777328757697,137.18119489925087
659.4908515166894,115.77542380571042,40.74692449258973,136.92033989258758
658.8830598468443,115.55721023398156,40.84249137662961,136.395712293709
659.1003529363882,114.97932563954004,40.86193535367736,136.2434462281136
659.1892911981366,114.06574495589702,40.9577204138425,136.04165094371203
659.8692051797935,113.70158778714503,40.94266300125652,135.5988901755489
659.9982772597987,112.13883697943103,40.987087485531376,135.60378131543672
659.5071336159867,110.36966910194182,41.06046050513851,135.36313466952097
659.7375348972174,109.62088239175046,41.06246857824383,135.44788643939864
660.828935610493,109.93000267120586,40.92532454800935,136.97477603795855
660.794319647391,108.90305607729103,40.9837862976759,136.86044346055994
662.8153901085191,108.28047192729596,40.63954042546862,137.69108875506453
663.1843571429279,107.66232037926031,40.508291041404306,137.58889957685147
664.9348190361941,107.93100724785482,40.17010152496766,138.46744979271878
665.6663221286808,105.24210153574357,40.10506458590494,139.02663052159826
666.9445497937705,104.17179355889101,40.19881129162947,139.1850104475858
668.6178393393727,104.46798977353193,40.0817570512703,139.45676109186277
670.1073446188342,101.98861278130326,40.35015464397414,140.07524741808646
671.4975785801591,101.43019642843484,40.75500042295388,140.26409451524557
673.2245498805335,100.486908223364,40.99659681985526,140.03729645372283
675.0651777792207,98.90314679765189,40.859420564640956,138.91476546069515
677.7032350455652,98.91997967133922,40.59032221389781,138.10077740001176
679.0714398898399,96.96515690199253,40.82038801210361,136.7529065545804
681.3772803495278,97.87460561965116,40.5569035992281,136.2187345468907
682.4430350695836,96.53653618011238,40.83963285044632,135.41204576254663
684.0751046503015,97.30739356905954,40.85614382786562,134.61377065902974
684.8809631615192,98.06744636659417,41.077693182879266,134.35859268961661
686.2298052343083,98.47896139526918,41.457365852639235,133.87212404388578
687.4402904347204,99.10020654760085,41.48457565048448,133.92275972627536
689.0576122770831,98.04370604125936,41.465976868560546,134.08658085118674
690.3475779517161,98.586884449787,41.33851224559767,134.28760413342803
692.039395940099,96.56505912315701,41.39381393286391,135.39247042580237
693.5982923399422,96.52172495420953,41.42169154714845,135.7190422733142
694.7915608940693,96.48714386681618,41.15190229503425,136.39480777251418
696.0855346565858,95.93287103566561,41.176380574139564,136.87047322393886
697.138970948244,96.87617882628739,40.96595219229244,137.59440470843018
696.7721699121767,94.45176639603724,41.04396355140301,138.60130370947917
698.7390971870747,94.13899226222358,40.834089189976794,139.34136895060198
698.2736736739068,95.06184664693687,40.991285570102754,139.27673267854325
699.5306746476308,91.87175416000711,40.926824714573684,140.06721409252728
698.9379702459139,91.29582156457916,41.12688040578672,139.6898199593094
699.2650309715834,91.7483835207808,40.91144979564576,139.0710470422083
700.6648759908013,88.49977688908103,40.80232701222999,138.11420785733515
700.9559197513667,88.92797255445099,40.53227678024211,136.71222576827157
701.0857651049514,88.34974138581617,40.21066154846716,135.34225869079205
702.1630213780727,87.31842403148165,40.02329265704784,134.07054686663943
702.1559944218657,86.98069975972507,39.853466180725334,132.78811395949953
703.788231603881,88.37402458959573,39.52133434599158,132.0071868224938
702.7465745049549,87.65551916477592,39.82951743746712,130.74407507730004
702.9907085279224,87.21145798055714,39.82057116935268,129.8246623934381
703.5008348118722,86.92305887726948,39.84589815410352,128.2576848984906
703.837710527117,87.78051873073596,39.62203396950747,128.09577648973726
703.626441467452,88.32328846511183,39.32735327255697,128.16986159755413
704.5565609947292,88.7846934959274,39.139496095901734,128.55001360066603
703.1238030629708,89.2957391989689,39.31344239269189,129.2358026915618
703.1578795603485,88.9372089866776,39.51651049922039,129.99268277394697
703.1624073632319,89.17090865447318,39.493205319060664,130.5979074064802
703.34348978601,89.23750293153361,39.442491729779704,131.23656574280886
702.9358893054678,89.60272833533111,39.438486631885155,131.62963304453547
703.0481262819204,89.71977128190655,39.38260051262276,132.34338688832307
702.372460601954,89.71937028208693,39.28600785464931,133.05545576322933
702.0179444916075,88.44048425970402,39.30419381098001,133.30409475516922
702.6259902278422,86.10799830761738,39.149557945925025,133.54913763178513
702.5506661350048,87.82065083635477,39.04177559103792,133.6898535398865
702.033163673574,86.573820734838,39.50607653059281,133.8514183583223
703.1699613617483,87.38418937647822,39.51442066077486,134.3288899793082
702.3726321240833,86.36895924972364,40.29928214714074,134.00650957081479
702.8039939210128,85.53816508320551,40.66764421135528,133.609529664639
703.0369100425629,85.43592764690945,40.66041949288832,132.79536270774048
704.3692988161616,85.99757294236716,40.56770396122444,131.92744541594692
704.0203870948084,85.54026141653412,40.59813634214808,131.26338163423134
704.7950151869769,85.84933772689956,40.35657614265132,130.5466123911121
705.7725539816278,87.01843766409965,40.23447429855079,129.58138130962726
705.1189426567313,88.55218605568307,40.32897881918571,128.85037944909837
704.4875876675587,91.04412885685102,40.60107593303664,128.74221053301125
703.4889930251965,91.639442334383,41.025414871195814,128.01319607074703
703.636410508528,91.88028347606294,41.20590793273482,127.64209067034557
703.7294746666176,93.20911700135491,41.2049633055538,128.29991338874356
703.5689585068466,93.91761490196222,41.07488317592667,128.88479847169947
703.3618535821013,95.60346014873458,40.90782376119614,129.93268557672653
703.6203517761484,96.2281270453138,40.66321070535446,130.93980935078307
702.8498703569709,96.35626944469443,40.52107212807533,131.88246196809845
702.469135142555,97.61071840582322,40.45487985053178,132.40693668645062
701.6822897327378,97.42537834830257,40.5434974613575,133.00515958928221
701.3287041191198,97.58532772136897,40.47619049149563,133.34630675207734
700.2210349790483,98.82625091352769,40.33678743672349,133.97497071703359
699.4763252373446,98.49020541775255,40.6834514117081,134.79631111325267
698.4956230405376,98.11854586906766,40.94222325889732,135.40788576625218
697.8729015241846,97.3878104892111,41.19993549049764,136.11564148766573
698.1275247220988,98.51065231331201,40.93694353879157,136.35966697833416
697.4509493973168,97.40250555306497,40.96732013573579,137.02884243108684
697.5985380974718,97.50628942666738,40.70351292446666,136.58950543503883
697.7888206215696,97.39451170566105,39.95603560071817,136.09933393928065
697.7990206732669,99.0913972776194,39.476619114629344,134.62940319892078
697.190506812385,99.29607427792659,39.24675886642233,132.90759092155773
698.9092182410808,100.26193645219666,38.74722939968641,132.34407235876893
698.7964835723091,101.34389691694706,38.59031795367194,131.01117255935313
698.1284639175142,103.04102270069582,38.653603666955846,129.69862131686781
698.6634346063709,103.76843642796845,38.580427008728705,128.48793040440438
698.1988203660533,105.67802450615484,38.672190501132334,127.704686312088
698.0917446366153,106.12133213064337,38.654094994838154,127.26160418565047
697.710086484617,107.02384668761044,38.873768181883925,127.39295057048798
695.8983788476286,109.07302700346737,39.341986550724585,127.50210327114107
696.2098002754391,110.55386258155478,39.6887168948527,129.23314251459394
694.8390195830476,110.9699331821454,40.29414913878166,130.60317097016625
695.3734783610233,110.67117621549848,40.38842492790011,131.89223491986328
692.226043289331,110.26821743157727,40.99315434710273,132.7984110019908
692.796323869195,110.47520281724962,40.55020994333697,133.35232495001787
690.8468370014115,111.28837239665083,40.53552720574433,133.84150006962733
690.2747046532868,111.10147125636772,40.27508363573544,134.19498382900684
689.2610522527209,111.61388276476102,40.22601533658636,134.3506759823176
687.1311158589194,110.46985062335173,40.34910786219602,134.46132227159063
685.1828285291838,111.04739854625271,40.62252788146964,134.58797519745616
682.5365200624359,111.80548279018862,41.049312486168816,134.7963662551013
679.6060798804565,112.05456237173831,41.30127704431107,134.7617621001749
677.2062605452018,112.03202896369557,41.40025024088256,134.74396161008755
675.9760194965818,111.2466408602932,41.1116430970947,134.3872349463326
671.9357319645599,113.81548032204338,41.28589186719323,132.8963737070058
670.2398640998624,114.84273371343811,41.028008732528725,132.01311464493475
667.6120851881584,116.30064474493363,40.782786927183054,131.58122173920077
663.8573878313435,116.38144895761621,40.94111028308562,130.7468518735585
659.6767115359637,118.36911408141896,41.24755698242687,129.66933208509
655.8839359084692,118.27206701090901,41.60703354182879,129.32877035710277
652.6264959442922,119.80517822404767,41.37062362566974,128.6161453333981
650.1888946856777,120.56230486228253,40.90570773469562,128.4362594513757
646.4566979868798,122.65196339934612,40.798252739804866,128.01673542038512
644.4713564474899,124.06784235365934,40.22596134653878,128.62874052941308
640.5846138455769,123.88324380494012,40.347318330760245,129.58261454821917
636.6873336784392,124.93301659062695,40.50806242281763,129.8661964277885
632.5247965828074,125.52156480088864,40.83866887879062,130.35964200898937
628.755694532433,125.4023585755075,41.175620995896935,130.41526689237455
624.2047566115522,126.1114229597184,41.74265530018312,130.50091324373426
620.9179049569562,126.79834003059145,42.13316921728514,130.48480782169946
617.316712039303,126.22115947901538,42.730059599710714,130.85256493763464
613.5095118771106,126.67155524627047,43.23684254586064,131.35844909949745
610.2579515341641,127.16260202253734,43.45857781000053,132.1090341987734
607.2410808477001,126.75509250923511,43.62238939243186,132.3696156476534
604.841761196088,127.17733570811933,43.493173680855165,131.649072265818
602.5652932482718,126.6641833933626,43.00823344733698,131.06892228450687
600.8260953489761,128.4376188944498,42.49092292611947,130.00798720876986
598.2600419810838,128.66684518059878,42.28467412067502,128.92358286950412
598.6368987437637,129.3022169145811,41.485856285398604,128.62910149412983
597.3929125467041,130.6839305946603,41.01738012452496,128.35758602209398
596.2667974289633,132.06070093991383,40.81790252004087,127.23212951432619
595.4999992733831,132.8337458350592,40.6627570280321,126.24999795166985
596.1491867533757,133.54248096977307,39.973321775326056,126.59711353486514
595.4809850570921,134.48703458330385,39.83590150132066,126.73283879490984
595.9341584740878,135.18719316874035,39.58400615677773,127.60261005825626
595.3946383528489,136.09159301361214,39.58552936663234,128.37837553117134
594.5042899512247,136.17646371875531,39.750948283490125,129.40795574850185
595.1006396728357,136.64861382241128,39.613166294987565,130.08985037589912
595.0967410106882,136.3958434420743,39.63922984265352,130.71717742549015
596.7512948291031,137.52511683043178,39.35842392167448,131.50403341404922
596.6778069548833,138.0943819069251,39.50449526753514,131.64707143065638
596.8828487683218,138.7976562065242,39.649187176718385,131.947872251052
597.3527766836787,137.91451260540362,39.7076181893043,132.75048288144717
597.6878819024857,137.44503993821115,39.82177358449604,133.35009846648632
598.7946853847749,137.58504317434404,39.947347327849165,133.88526979249173
599.0978486348523,138.0844885150551,40.083463912411084,134.78113030220877
600.1128134522803,138.65798599240512,40.02264619695829,135.7048982202047
600.8903922994987,138.39919431442004,40.03158829118727,136.29975273963845
602.1326160508132,138.26900089705086,39.74083538008034,136.38147769149947
602.9311387113519,138.86810624786716,39.4784713315097,135.1323849260608
604.1099508139092,138.4879575040724,39.35265316620521,134.44248352487165
604.9967716795526,139.41044132402567,39.03496539056894,133.12817019614525
605.8596826205026,141.02912790550192,38.96942409395788,132.2942143820544
606.4741918781107,141.7233233729351,39.24191822541675,131.19363413043843
606.3452924062633,143.2514108303987,39.65343780130698,130.00682383476632
607.1424306602919,144.49160689146916,40.25921045516084,129.78815236997406
608.2452127289315,145.27792484314836,40.203500977915766,129.34776474904825
610.2544178819328,146.6767930673006,39.72946680678578,129.1365618471915
611.131312787046,148.7189036274183,39.48547981485757,129.1222455311858
611.5053035672729,149.93979986686685,39.43011656485521,129.4829149148528
612.2957573466921,150.16218525197152,39.484995658582044,130.21700015984885
612.2317921099901,151.43675455586896,39.82570875336955,130.6496523330751
611.9400201286902,151.7238861001603,40.49987917926347,130.58984569543156
611.477186264421,152.29709210279827,41.36017952205671,130.60477190026157
611.3492337966717,152.85869053998547,42.05301189533769,131.1103367942282
612.1132117426183,152.97884311528236,42.64551365267534,131.74422733855783
611.0582342130288,153.87357969657106,43.43943391800076,132.26798302157675
611.8021700283783,153.36556416859904,43.93761527726123,133.08133366856617
612.544093138261,153.86692800879024,44.29740986178664,133.34069226042345
612.1032943579967,151.78410255716315,44.45108212171737,133.5806305782284
612.6061489215633,152.44178152927373,44.29457902495269,133.79308010814358
613.4808202324517,151.74016379415036,44.025242382713984,134.29640924112914
614.3119688709158,151.64962004705575,43.43822481846275,134.09056448148078
615.6901974096616,152.29876699809037,42.699677267796346,133.93424240596488
617.6573082582232,152.29424108826223,41.97892650649441,133.84729754029507
619.8594836273348,152.8770350296075,41.452937231818055,133.112760911877
621.6871971381184,154.70987319267317,40.95681673643474,132.5480918088749
623.6958178557461,155.13209716867186,40.51244221783603,132.89958852374
624.9560850783452,156.36325342208062,40.34034889660022,133.0416168086248
625.9076491937185,156.8867125301327,40.32797107402621,133.25810272345626
626.7015819231152,156.50371595683833,40.9332842689498,133.69988403418378
627.6952942585958,157.29811751839884,41.27741949445764,133.83101859321462
628.8484571174741,157.0453774538896,41.619947793958666,134.13302127996852
630.6198300891704,157.2472255221696,41.7216260506244,134.70871326119874
632.6317756937314,157.64647804397862,41.666830548442064,135.10083030887404
633.6349491301245,158.1596578463923,41.72574217861602,135.32400864884042
634.9560535658733,158.4723265261864,41.861278077168464,135.47468829946408
636.5030803195027,157.89031572257485,42.008506079309015,135.97411173974461
637.7614642504313,157.65721284791175,42.427072661497846,136.10578859583848
640.2414654616208,157.4505047198084,42.185539858869845,136.50213855212985
641.4045403204213,156.9400921470238,42.53605544736011,136.33348708846904
643.437306476613,156.69351973519804,42.27400256803645,136.44115705145236
645.6922266862903,157.07554641776593,41.95701130792247,136.5115747928458
647.6071148331993,156.84433307627285,41.654051382207584,136.57517085339737
650.3621018723799,156.1912356070756,41.0248904256421,135.51108743333236
652.6743871162677,156.14700040336078,40.590849761169785,134.9800002216672
654.4773186359453,156.52508286725225,40.42704552346546,133.49796688997262
656.1001574950659,157.86910727039745,40.28710692189282,132.4875595946457
657.7930966200486,159.07173780491203,40.18971777524473,131.02416784410178
659.0276509693077,160.6620927286683,40.42759931873087,129.16188162539632
660.7598721500199,161.86278326205647,40.30879666296468,128.09888769031096
663.2058415955948,162.17385712622814,39.68190150731886,127.66343056069385
665.0880543076489,163.12033672286225,39.06898274557946,127.69160440880754
666.565760512136,164.44791700863848,38.299341801906905,127.6393746214805
667.9046466903,166.2239451599164,37.674494555442074,128.20750703199835
668.6705287102504,165.7761460171991,37.38882855707562,128.86862210520044
669.0118833904885,166.25834061058964,37.661121564095964,129.54483932177013
668.4962539185068,166.99631837045445,38.13443531619925,129.1400376812062
668.4554989622465,166.29101734066393,38.46685986199405,128.89370679076742
668.5018932736848,167.86927517494706,39.21824878323424,128.56057779136006
667.0732550428419,168.27978186832422,40.24994798585635,128.81177185547241
665.872401515001,164.54144737021346,40.320796334110156,128.568271307474
664.7209095849495,165.14279630634493,40.488431158950206,129.34911647357927
664.7488403092412,164.77556779531176,40.67182957922682,129.77145195533765
663.095149502665,164.67289219804758,41.43412242437395,129.89345268516436
661.2420796929948,163.80877799537853,41.843215859174535,129.55589067569227
659.6898059797285,163.64928641254858,41.669603905748126,129.25556978041615
658.3655932616161,163.70124117181305,41.41847556618547,128.76580989195696
657.2690297859243,163.72263822616233,41.27352854868183,128.2128263096294
656.9892003226361,163.91127924584742,41.102966382557206,127.00467167494898
653.1768953718429,166.82345941477223,41.36887648555977,125.46974433957135
651.155772425425,165.2552285351033,41.68323403267714,126.01863471638657
649.658826480835,166.0255018367767,41.71559332908358,126.70214268800623
645.5138011740924,167.11877195818232,42.36402902862841,126.84744415242457
643.0625080948649,166.10554342264552,42.37736014023872,127.2295865767773
640.4679158001175,166.52557075193988,42.17533703472634,126.93150753559735
638.499782795409,166.38013237425747,41.81112410890168,127.03116217461107
636.6607267729287,166.21555833856343,41.60719303061697,126.94195794010997
634.1012369598772,167.03985047882855,41.492738933270296,127.17794223162414
631.6544135962811,166.03959989669488,41.76644013433956,127.07880994061497
628.4311614996611,165.97961476803772,42.14205247043209,126.94724284512894
627.0645842971961,165.7284265502487,42.06918852285357,127.57121279330165
625.0269779966426,165.52780392524556,42.366564085920594,127.43388620874371
624.1219167726136,164.277441057869,42.372274526646514,127.34335198713697
623.6743360854452,163.27912390298007,42.09094368678062,127.48289677741408
622.4954115613375,161.68204649015513,41.5741508397017,127.6859946839661
622.4388600192767,161.3632362017638,40.81514814655965,127.9239609915303
622.7642559504618,161.7916967485338,39.78127061610267,128.25403552348618
622.7813830480171,161.80407067733657,39.016924431951466,127.8841610966096
623.1025999045395,160.29089615323502,38.26778187937106,127.93241914330208
622.604701436808,160.1637487962089,37.80762319025378,127.21983830422326
623.5096264651512,159.44591282341344,37.4123135436091,127.67737090893662
625.3576275911508,160.57442489846227,37.23179705515972,127.11385943698528
626.6187944973626,159.42308678916314,37.14795387193215,126.82470707091257
626.838154873146,159.51344674092735,37.872045472546105,125.31417821695992
627.6323755023047,161.3108938806052,38.428572485484096,123.68692397990921
629.8378486295154,161.9068361663733,38.69655508314403,122.63861787812631
632.1414416670227,162.54985412739617,38.754183480327896,122.17766425817405
635.3838741962207,163.26162387074757,38.44612916335626,121.7123789299681
638.7589565807642,162.96029970785807,37.97216325825258,122.09416653606633
641.3060069557847,162.84135928690085,38.07931926022576,122.38402217001416
643.0087273754966,162.82638513689923,38.42484496972157,122.81189113814258
644.7464445451916,162.70933867739956,38.84533209906633,123.22954375798864
646.1778938605139,164.1276723848169,39.56158009203317,122.48054953040977
648.4504929411648,163.7497879167396,40.31795759143691,122.2044900630915
649.9386385786961,163.82972045392734,41.34039435325485,122.69527984110633
651.3849005438951,162.4990381629124,42.08868162776703,123.65163365138477
653.2211576657181,161.4689565518809,42.895308619472694,124.30348014199483
655.0764534201385,160.38200517766037,43.367445878027,125.0087898890702
656.4144895016938,159.31879119358877,43.372427353374675,125.65296776279968
657.8229293704612,158.3687246653757,43.067010542704324,125.8225727029996
659.3669346301476,157.71793806106822,42.75063531729202,125.9683142170116
660.5142075516924,157.00617723932152,41.81334886694089,126.28169494081962
662.6251013757999,156.67710782821229,40.71568240784326,126.63916451016564
663.7647646651093,156.60606324535462,39.73088884352206,126.64022467559869
664.7970095335314,156.68873203846238,39.07151292293902,125.79990972722729
665.6335560852414,156.55031227218075,38.67685290400712,125.57704069670112
665.7773457818935,157.5840408486547,38.65944843126186,125.26660079858267
664.2541692429502,158.42006786359755,39.06799866986928,124.85069272282902
662.193994184138,159.22746712609097,39.84005548305017,124.1270711368528
660.602127968839,159.52664738691195,40.34099119695811,123.716610905104
660.515777254887,160.61693841178507,40.4590427167665,123.35301851562082
660.705722972339,159.7092047293937,40.2903881610921,123.65941166928297
660.2730374231428,160.61956045782267,40.347024306080925,124.02077714342477
660.2492400617992,159.60179526884335,40.25435119470082,124.23855265669073
659.3089297572084,159.2276277437253,40.381173676708244,124.04646970193721
658.627339798482,159.36659442373832,40.44501322684365,123.67424545956214
657.7930136751828,159.582020764443,40.534833800773605,123.08399952721057
657.4731425209977,159.23156425269786,40.2698993737426,123.39221271301622
658.6226055258579,159.30404158176776,39.41933118453304,123.94539092745786
659.137098749901,157.87644798671215,39.003221807350585,123.94185256977856
658.541343628241,156.72291938724857,38.789219121708186,123.37993842089688
659.1168784626774,155.90965802215948,38.114834529787124,122.80268836779567
659.2070019469601,156.81954688974088,37.48332911047537,122.18742608978616
658.9623426981003,155.4767653877765,37.01392513600406,122.00549904053806
658.526986179404,156.5491943070185,36.53549991350894,121.61373158367638
657.9062385953674,156.04715402675313,36.11749507872115,121.44165574257288
657.2533776209475,156.07886789887868,35.67601367749382,121.13691112846686
656.4465710168911,154.92612016057785,35.3465935480136,121.24865145522725
655.4494646244916,155.07985564005622,35.66109940169829,121.22133782392243
653.4741358919771,155.53488545362322,36.06716782406372,121.11695584914747
651.2114485775635,154.28767413385378,36.689142747003984,120.47470575347211
650.4319997896441,153.53686744921035,37.17212260204825,119.52482538267721
650.6045424109536,154.5738320612711,37.33307948227012,118.88595427546852
650.6172115071754,154.42884801507722,37.04746813127621,118.15410349158978
650.6859675311163,156.11366843829887,36.54227586159847,117.63809032687868
650.6785245356497,155.3433718595939,36.132828309946355,117.59121080705776
650.2518023036439,156.2910273963072,35.84849329969948,117.10591841611108
649.3307803586565,157.13436172564144,35.736638998222226,116.34205190769202
648.3041449359097,158.1340085181675,36.177691821369386,115.59420516578723
647.1511602618926,157.63147735334607,36.77944921910134,115.02477027252968
643.8232902463383,155.20000281529008,36.93390608141719,114.97098608371857
642.939794961488,153.64752614470277,36.97311392482994,114.72412277068787
641.5564788664706,156.09743928902202,37.80290319646879,113.93063402935161
640.4985545003469,156.53621790225918,38.71096644154118,113.44371798553834
638.3748155910952,156.03299822526225,39.493252180500676,113.69237529750566
638.0785201145068,154.8904846261585,39.66867421840568,114.39925746855256
637.4916724098638,153.84454403712473,39.45654065582872,115.3415691352065
637.5938520427331,152.04832606968108,38.55560974196928,116.59299759900918
638.650972864215,150.9500980948239,37.20137297704969,117.94324116163861
637.5463559729494,150.31609352628251,36.019966739210396,118.26974844287115
637.944460148957,149.35059539216462,34.74460123740335,117.83673652285924
639.0180844926092,148.66955678258043,33.405145392487235,117.5900986846546
638.4799104359852,149.83585620856445,32.973636540670235,117.61971344428937
638.8151797156479,148.74581730827586,32.59720902455945,117.82023826062886
636.7891518549625,148.44433749106273,33.1345238020218,117.23561289883168
635.5657294645249,147.4903776889233,33.75553180520982,117.16417955206072
635.2156154493393,147.32181142827739,34.29526707265764,116.94899671900534
635.5180824798867,147.8346730859552,34.55835467856646,117.06836302996196
635.7669509112505,146.72201148782983,34.83105618892774,116.96465118249623
635.8802362162127,147.03867366467716,35.07857871817516,116.74632801254981
636.564459720062,147.39797838947894,35.21770698399028,116.53216417537686
636.235439166239,148.02949856954882,35.73646285503915,115.90725215548139
636.0846425033036,147.56740643408295,36.13829667969107,115.27486482359174
635.7892525453282,146.2743954605396,36.638327465989086,114.88105173726174
635.5154666616779,146.38320937135978,37.07998744941558,114.13851251196539
634.9473170165935,145.46772502547879,37.581768593069555,113.82588884609186
634.3581026445739,144.42162682733078,37.93354695602039,113.56679334747513
634.5341421095927,141.9267660676869,37.908421973526856,113.32992232602192
634.9688521700178,139.97576223997774,37.490679234669,112.98438426229353
634.0325160828471,140.4433465244631,36.85971886353913,112.45502905949755
634.220698637756,139.32003478300982,36.5269140127657,112.533449903778
633.3458070716038,139.15252653160235,36.23677395399963,112.6876721377464
633.0945006406786,137.2964241738771,35.81543709737462,113.74078466531539
631.1635914035021,135.56156710317833,35.339670599345894,114.37338089632786
631.6257263102426,134.97376168283563,34.58420027560155,115.31590580666577
631.0731297198795,134.35157997513664,34.44352310453639,116.57594901363349
628.7855921039612,133.73887162570205,34.94712664524137,117.3650121780426
627.1561853014064,132.7772826585911,35.53473186869812,117.76814077869213
625.3420443549413,131.53344873189616,36.369019096482276,117.28700260371593
625.7641582002602,130.96653066821398,36.570529983687265,116.99215330436826
625.0411898272365,131.14478585954197,36.40680062064963,116.75791996547204
624.8166311880344,130.0653260497371,36.393952636163945,116.29425595738097
623.448296939982,130.42115506011066,36.60956638754823,115.92027103448274
623.1982207501995,130.59182766203105,36.670537022061,115.76472459487078
622.013538918511,130.33039881864013,36.89689388383267,115.25200760704631
621.7434870648498,130.82517267906604,36.8515323387557,114.860437882067
620.9115336941502,130.2959754735645,36.99198667899384,114.18957304052184
619.2363176867087,129.0359237040477,36.936950229978905,113.94956810863874
618.049839004017,127.66922803142083,36.60526196166484,113.18269838554835
617.3305468691221,127.65695230246638,35.92203198050852,112.68900861678412
616.1764472026933,126.46306364702836,35.57122257198746,111.73963773811548
616.2638089571025,126.7636364120651,34.767851616536795,111.40467287234294
615.0468313228713,126.57094709000222,34.16235266327355,111.23316084998385
614.9078068425774,129.97333077276772,34.69952083648869,110.52455294261327
614.2277324694917,127.48830683789468,34.448220698650026,111.31845668928193
612.8327996562995,126.70470232407895,33.818810564383796,111.40797049024408
611.5363622778077,127.00115936838688,33.01959357026874,111.08896653665899
610.8950177393582,125.23432267170675,31.798098639522973,111.38352469182954
609.9277121974479,125.76234288470141,31.29013212286444,111.98397685674446
608.6558658177792,124.04170904646188,31.005983123473932,112.73211380164086
606.9073271194111,123.93468601501127,31.271956146278235,113.40575637924394
605.6055096793266,123.20952653593494,31.902174101970523,113.47224788950537
604.4480072247242,122.75845152714524,32.104161213705225,113.37526449901513
603.0592897849992,121.90263826469325,32.4736096906436,113.0721846507044
601.2467140693358,121.06157118569574,32.95708493445525,112.34119043269234
600.7727509912527,120.75997181259544,33.398734542712695,111.56914527668653
599.4498815352542,120.84603336300435,33.69588403439094,111.26742869921559
598.5813037164187,120.58206731618573,33.84552610604491,110.97970651505133
597.8126080305831,120.43728890228812,33.9718169709336,110.7744312145602
596.9393624448368,120.3304703946426,33.907602599861704,110.5569352874131
595.9767585021707,119.1286353515008,33.83540269119521,109.63265608818949
594.7768511207613,118.73861864287232,33.586678387699266,108.97717469774534
593.9168383828852,117.77702238669885,33.20198851616136,108.179122159662
593.3675054992568,119.56047026876138,33.107208839311255,107.22275486462264
593.1727851698231,119.11937169025539,33.04477953357906,106.8400161705375
592.8497361811764,116.8159530459886,31.866054727402258,107.26953440923587
592.7386087807179,115.60203123136209,31.065634490935217,107.67506682785657
592.239678483671,117.58886733970236,30.853984520225026,107.41333346920825
591.9633104398546,114.90190707468527,31.14236620007039,106.97698416663135
590.0777727766645,116.75901690409631,31.309495079078218,106.27062540678081
589.7400646860063,115.96914688213276,31.517485705403672,106.73415844711448
588.5066979453272,114.5206961207393,31.47183048055458,107.46305998706752
587.0104813687975,116.78493892241725,31.66456885707908,108.21952988526803
585.5266440322874,114.82759709025792,31.660095350091336,110.11529813477651
583.809995442881,113.50551304809036,32.30560199202364,111.86580019013519
582.5969502675576,112.70425524186658,32.823389439495,113.22728572047616
580.971765269683,112.26119763175089,32.96630012852724,113.29133475284898
580.408046604625,112.9090053009407,33.25619689172208,113.84121773790989
579.1805707523008,112.4811347201805,33.5368145471458,113.430126666955
578.9425961419087,111.81042607102731,33.87090095827198,112.93735443107408
578.160141368194,112.20457157434488,34.25935190851801,112.45325650391052
576.4264381042806,112.35409160712777,34.82368703284156,112.03453183900479
575.7251161890064,112.92657951519709,35.246314691457556,111.79611727832118
574.5993861983682,112.9579405603402,35.510789108502124,111.59007522362606
573.555241950905,112.58241179728722,35.57990851125012,111.21753131311704
572.4210865471939,113.20279518826321,35.720225734993086,111.01157090190023
570.8076363523966,112.64708944994801,35.687263940063396,110.56661378912938
569.2125981372014,113.50701148261976,35.354164177216326,110.2932879065404
568.0051404222152,113.71328378286444,34.82695023363831,110.56990770615175
566.2213188963835,113.97911059140478,34.33513073799952,110.90238202305012
565.1379134369173,114.34951325852036,33.89804670797261,111.28604060464383
563.0488716824046,114.34735629914755,33.91378909913888,111.22450360986481
560.3850347422107,114.99659075542348,33.87613228342102,111.50943160893405
558.5889527835399,115.44831039319668,33.42462793065148,112.18384243676596
555.6504666964554,114.52115294851559,33.2565409007189,111.5471726478597
554.0434403433454,118.01925546422112,32.73921719740825,111.14940111101653
552.2171827697811,117.49511859976376,32.50405825129051,111.41808053775381
550.1608520529124,119.26464329773955,32.28702875180008,111.6475894055809
547.545866487297,119.16368384255975,32.49701849875377,112.54873022498667
544.5052076497166,119.37777220888839,32.92521756353247,112.81541788460997
541.9697325293264,119.04614405306421,33.951750899863356,112.40690770055367
540.3673116212586,119.35527843929543,34.2945829522812,111.74140232533784
538.8365782576983,119.56374814676238,34.70721497404904,111.51818910728906
536.9625805376231,120.52270827840128,34.95018216636607,111.28024745309634
536.0506055709229,121.01571681736401,35.2935328155946,111.07612368810194
534.4341263542365,121.05039877120387,35.397427881123804,110.90118852533436
532.7864574264636,121.80908857958957,35.356609606832606,110.85546689997226
532.1459966604981,122.85317940487414,35.631051875457864,110.3970954634458
530.038369708916,123.10248669088547,35.56551688015402,109.76311623974314
529.0451004242416,123.68214848461338,35.32332477094454,109.38449101129993
527.3112315801748,124.12117169838476,34.95877109440836,108.55395502514982
526.9927032699804,124.37933236778389,34.09552897631741,108.59286370782831
525.0655244268104,123.87550415609601,33.33567844122189,107.55817079267257
524.6586501156685,124.82773730056715,32.52840948824172,106.48561213369705
523.9760609691573,125.36407328501929,31.85897607929872,105.70051502226613
522.7924549727295,126.90507593491594,31.324566492030513,105.2235338218228
522.4987476087713,128.43431358366877,31.29243242233952,105.4987625190681
520.9010110637068,129.07166814496173,31.898456345216793,105.37305082251518
519.8060489461177,129.9626610316219,32.236416702717136,105.54525959494075
517.7071448764646,131.095798574421,32.5910387019631,106.43664237105216
516.1911991774067,131.72898122168965,32.515340616817696,108.063339429649
515.8677144668872,133.66419178238115,32.09962180638851,110.48912430573301
514.4930415946151,133.73983346310646,32.16408061855959,113.06121531104264
513.1178871643833,133.9636109071626,32.75194321857091,114.88009795344792
511.9507048282773,134.2689324295704,33.53316748894274,115.79929204013257
510.7162238787053,133.76102558380703,33.944059205286386,115.34247332351725
509.2262291604713,134.71385577357495,34.322239616943605,115.056278652714
508.5375364520822,136.22306200711714,34.70923860727301,114.5977061495426
506.8186778544954,136.40536541818358,35.55444796324376,113.3594056228046
505.5140666135484,138.13262240317903,36.00602378910142,112.35373179411008
504.7945345841692,139.27324287840972,36.685717401654685,111.04818508278828
503.76545479452994,139.61401395327357,37.24789564529316,109.32864032285394
503.3662728388789,141.02658885782532,37.22040245372426,108.18931097407
501.605905830587,141.73678100380317,37.13242951916671,107.53028005564182
500.98358551555395,142.00277258382553,36.667285164644284,107.2448198288418
500.0199544875883,142.70768301238945,35.908302971231734,106.71535057474514
499.4444416705632,143.48029522981008,35.13846008931352,106.32478612639984
498.7611447741107,144.32061609552505,34.48948991737486,105.91695056257245
498.44854648015155,144.54539997523216,34.05814851949143,105.38284818042939
498.67907760819907,145.08510285684116,33.71379828969436,104.97992414099681
498.6455412010731,145.45039997600742,33.603016998116125,104.08688067688092
498.43535933403933,148.89339135855323,33.6183138247778,104.12166712641942
497.5073298279478,148.32856577202054,33.688569518937214,103.68584462375696
497.4465145362881,148.5056458018996,33.74603842906844,103.25228050047603
496.8355098410614,151.2766809486237,33.635727367785286,105.01163089565698
496.1574968416921,150.9061141280282,33.58807220750451,107.17109794806471
495.7801172903,151.21737263813804,34.039661940591174,109.06524424075702
494.5328056349588,150.95263710181027,34.856004182471736,110.0425680441636
493.7049764616158,150.27635561464444,35.24377469842342,109.98649730954142
493.31954089028665,151.2076777041024,35.505427982767145,109.97290842084767
491.9971981004457,151.6461113905284,36.197401980265205,110.02969613117511
491.090675784851,151.94292135560073,36.77112979035637,109.51982142729447
490.8748592408699,152.63577846181724,37.07925391830984,109.19093690579467
489.52861424107516,152.80510866921864,37.91345658345727,108.47898270375089
488.8120703628863,153.77419584467546,38.48528785961797,108.12568381727665
486.64118038562134,154.7268379023319,39.20278783825672,108.06133743561392
486.1728469707996,155.68536944632427,39.21872574601008,107.86564993223155
484.57957118806826,154.61468121810105,39.00861960616571,107.44465060475773
483.45827229740524,155.02517739356963,38.53583361940999,107.28437502590003
482.7820666097844,154.92793123436252,37.83309377051533,106.68974285548371
481.7993465343123,155.4713698475466,37.19111872217982,105.74768718353788
480.6476083974565,156.3026650059241,36.22555512658293,105.25854829042794
480.54792372242156,157.7996040555425,35.25410650542325,105.46079402961587
481.1786499582511,158.7543743890974,34.462440826757614,106.33464722236934
481.3774670595557,159.8826869873236,34.09831536451395,107.40620973000318
481.64139923448226,159.52624645612548,34.079858296536486,107.77158528254611
482.0763674799948,158.82317326041976,34.10326507533634,107.75175885462923
482.7817108767277,161.92767874150837,34.30585333298758,107.86981908233233
483.63314624548235,161.87566384990475,34.46425350001921,109.37826959899141
484.45000101837104,162.35988193679054,34.371028501856955,111.28126835220652
485.46665435167307,162.00875791725556,33.98931718933309,112.74077051496425
486.69196622638384,163.08900368171072,33.91015650029051,113.62557446296742
488.1347668084542,163.2786810017596,33.97109092346065,113.61644990156682
490.52435086949527,164.10120971329104,33.92748464906527,113.62166925863247
492.73507612782277,165.732943977284,34.38575338976505,113.57554191526258
494.5851775134067,165.61411991478934,34.70379583878155,112.59442621197437
496.1851805474059,167.07453335989783,35.08097826260437,111.78871639481648
498.0692314612992,168.4687430169265,35.43059465457488,111.31368876624495
500.98683918848843,168.38151133316615,35.59957584402571,110.44676493341012
503.28734529238335,169.7141717999316,35.86066280692071,109.68836073743566
506.0854664049704,170.43741461948983,35.84004075615446,108.97417079028622
509.44804781845824,170.8290149034877,35.71814798304235,108.10745451861234
514.1746851536965,171.67295479298696,35.997663305852114,108.27617538181815
516.2570939457029,173.5292426071264,35.84739354669877,108.28871052281109
519.8464269277408,175.7399077895756,35.74915475242274,109.5021000065455
524.5031846369163,174.35689544627957,36.00350184475281,110.02658235381264
528.0895849732027,175.71319930995162,36.006212055511504,109.85965872566587
533.0405850326562,174.51021185691906,36.13760961116508,109.23882989981269
537.737422848615,174.83091307772506,35.87698489782645,108.15587815705322
544.7617427807784,176.381777006731,35.85986969170283,107.17111201664696
548.4546445446,178.2849945162934,35.35881796078201,107.45578245864272
553.9995877683072,176.97856893307352,35.46282208496201,109.6472511382623
559.184033677685,176.69282025914356,35.49724104196331,110.87336883552936
564.536968452149,176.0881088647957,35.70440402477343,111.57182401195863
569.8290503538128,177.77362863639883,35.42566014332069,111.9121337176384
575.6456563318309,177.63260050931896,35.85064997714066,112.539564079159
581.0229735166492,178.05154292877006,36.40030447163972,112.62805838444851
586.2061548575011,178.5217168033186,36.893004938434295,112.52352272717886
591.7860853461763,179.03284457048036,37.577022707116825,112.51329672147318
596.9554122944437,178.88403405213296,38.02648240463721,112.47783681076882
601.9329699399364,179.5387768628529,38.1768091607709,112.53107668562112
606.608055374693,180.47148682949157,38.42668731011755,112.36518258547362
612.240698094231,180.24150530460776,39.01264775116848,111.9921844335735
615.9552656614926,181.87489581904137,39.41590530921126,111.3953133587773
620.1536418942552,180.6027465027575,40.33029671880819,111.24997123092325
624.4618802113125,180.97720881977858,40.44625626480824,110.74094603848094
628.3323591967663,181.15373521788655,40.49188314802661,110.58984207871084
632.1393106257079,181.5557878743873,40.47888904639935,110.53221073373837
635.6828526886152,181.47946492493878,40.40846036568377,111.1808558794711
638.4885079030773,181.748145550581,40.1301868363262,112.17280282806914
641.4526559464075,181.41185651096953,39.78797463867332,113.1753727247665
644.4169418697637,180.2562992213522,39.2339712543327,114.06958261611962
646.6829058706286,180.06884411692542,38.83070202411786,114.89105720132744
648.7003163101626,179.06702615676838,38.34829198603798,115.41705332729185
651.0598933355542,178.95611685425692,37.8131441493967,116.0788129809369
652.8577768782741,178.98621409709833,37.33500969144425,116.86033848026234
653.6900141855957,177.69007180891083,37.290132750216934,117.07421653197915
653.5421127002338,178.16519761253966,37.3585479052269,117.64871205797648
653.8551975451032,178.33868921751088,37.380268604453775,118.67686307769407
652.4978709584482,177.7535896991058,37.77679939083142,118.83404696348038
651.5895554565805,177.1373882168125,37.95066415730794,118.60193746068265
648.3664583476739,177.13611398220286,38.52531878237822,117.59289699881819
647.5266674851193,177.18854508151173,38.291845206774624,116.5800633584547
645.319167139288,176.42663946380338,38.345596451568625,115.50986233343438
642.5735703797787,176.23352690140104,38.312941436956635,114.53158562432341
640.3892672345439,177.2046340214476,38.07486971839302,113.6149021993548
637.5341891998128,177.69708742503138,37.98866195728893,112.99305863819893
634.438612605001,177.06877565974438,38.032157752503295,112.25699696998909
632.5712999757473,177.99251371368882,37.85144449477542,111.68264639138944
629.5768197141012,176.94581215539762,37.91150286886698,111.2000597847663
626.2001963542275,177.67707097499974,37.966494526511326,110.84229552061545
622.7374333488763,176.9032982703688,38.04306490595752,111.06767341412262
621.3287323107161,177.6028042213132,37.87287976876178,111.50581125149924
618.2324779037682,177.41105466463665,38.09315528721684,112.03554519010581
615.6783905766197,177.110547224041,38.10464643931667,112.81288501996565
614.6628157110277,175.38372402966604,38.21084938552738,112.39780920832189
612.0420479502933,174.3172651517035,38.310630279768475,111.87831907964912
611.0371504651002,175.6996914456637,38.367449142557234,112.40298866274927
609.1567570622259,174.61112717484127,38.574119937640084,113.23504851123309
608.4014858815619,173.09590390527046,38.50374267559295,114.26336692613765
607.9635486837516,172.39705803362608,38.222022152008975,114.73039514336824
607.0596924190418,172.08134842487996,38.23561675387745,114.65241239571918
607.2410877653014,170.71057843332807,38.08063238035657,114.16925049741427
608.1485058739379,171.40672604726808,37.723956086636946,113.3940797078201
608.2623986947381,170.62285042941886,37.643425657105155,113.37844356864059
609.2771532966515,171.05156490755357,37.5594324435355,113.13290212696239
609.9782856988727,170.33097252796233,37.692901815728796,113.45818720409986
611.7325485589741,170.25610992718396,37.62862882494196,113.58893824674371
612.5060476526804,169.95781428761632,37.79166345823093,113.6064943629533
614.1775731482825,169.6567687762639,37.813501611924266,112.9641337436217
614.5560834905586,169.84864173806184,37.97689084520331,112.57272544969048
615.8583543203642,170.589476329018,37.90661160433906,112.36422077850509
616.9088597058819,169.31258596896217,38.12081212938527,112.27166780415877
618.036019997143,170.38294723460422,38.25078128837929,111.76554102463703
618.7640715821095,168.25183108373028,38.87736001274867,112.00155205105531
619.6540467142295,168.31607131714654,39.06657042451105,112.74137446594051
620.1014977618838,167.83294704014816,39.162282147371045,113.98534347129228
620.8418998794436,166.65052232016032,39.352430709187466,115.57131422245568
621.4404434837351,165.52420644715747,39.50054380082129,117.13522204668554
621.644832340109,164.2813379989364,39.68302968031659,117.92206229662801
622.1301516020336,163.22224209990367,39.31962915113829,118.5916895652746
622.5579886434832,161.79606283909118,39.07228400672324,118.40450159718398
622.7372548576838,161.03462290325749,38.765130726239356,117.69345040424565
622.7052819070685,160.80083999136662,38.3360973691708,117.71142325026517
622.213152868378,160.6998969098913,38.29616502067921,118.11338098647326
621.3262237702071,159.88006404658597,38.41188541871157,119.08864643356199
618.4357503334788,159.24617014574153,38.865797818748895,120.07999340621222
617.9135659860817,158.70357724534597,38.85415948591705,120.97159175483014
614.8649098599282,157.44565658088828,39.21571247995389,120.91217149088047
612.737617796063,156.68484157330073,39.326756225299135,120.51828155328157
609.6287926101265,156.86891573663513,39.46869439319254,120.06266648749462
606.8014790530788,155.74066881191362,39.54040190966229,119.96394526430586
602.4366903693129,155.7102816863965,39.87698630386617,119.98508859937041
599.649639627651,155.70684495747219,39.53637726549211,120.20523568676526
595.9973122427704,155.97740563378403,39.5744028161983,119.85770034090214
592.465678683582,155.209201837816,39.71638096744241,119.95557426908853
589.4025343535959,155.01561188222314,39.516837737308336,119.87369685872578
586.5671108269823,154.75796471824123,39.30674959842737,119.84514094359805
583.7114144605214,154.03540363553387,39.254550088154616,119.93462055186858
581.6186289075914,154.152617266092,38.93857242692485,120.08108839873687
578.5216801850186,153.11933446366302,39.029163578582896,120.32648117015214
577.5190417597532,153.25535596786662,38.729185731313805,120.17919650961385
575.8655444759721,151.6309753060877,38.64747409160073,119.32484370505892
573.9270688557089,151.82514981293193,38.47949582773283,118.4497529101357
572.3835752262748,151.92888867777253,38.81118423368026,118.31666799836896
571.6875096792076,151.84237351309235,38.84073157136797,118.87220544333186
569.68897544864,150.9008661117353,38.99477911651801,119.22766978713788
569.058513200545,150.94255568248465,38.87231413974652,119.60886838010953
568.23321059649,150.07086024464724,38.698325923059436,119.14371214045843
566.9805348424215,150.78203211839792,38.56116129502698,118.90341003800714
566.3965111796823,150.76218109235603,38.36017683358678,118.48210455463328
566.0137156509284,150.37786549502007,38.21996129004721,118.35563974529596
565.9100286241155,150.92703252905707,37.96434646041598,118.70975464134091
565.2025417754558,151.72984222711673,37.89349044677512,119.04741582288118
564.3904914269548,150.21148481376673,38.13293590657909,118.7790356922295
564.4671491636146,151.7288007408127,37.91866246502438,119.11830878160377
563.826361817599,150.63553810406478,38.158403875538724,119.08115618148818
563.9169902435364,150.38628486847472,38.17075579939897,119.0102405268519
