553.5,555.5,54,102
543.7072699897262,551.7080699143833,53.42867977762771,104.93305207530159
534.4854681061304,548.763931765336,53.18685111073731,108.42080733343326
524.8833002204293,545.4440199254084,53.48822515118235,111.64170668162333
515.6269478654272,542.1811571068972,53.59485915195812,114.65306783767335
507.8643153792912,537.3317694423428,52.800925515831594,117.33762722058495
498.4273776752886,533.4389688419787,52.77650838233295,120.13324152479808
490.33716905705376,529.4806251757498,52.50930713430559,121.25220317976566
481.1580161316137,526.1097539845821,52.387478021196415,121.77328821346822
472.7827569094307,523.1204533922921,52.13154962718347,121.09864251847054
465.11069545920844,519.8894271425222,51.46864585526474,120.51444085999047
456.83459306707863,516.1325576327092,51.088366966428694,118.11533903641565
448.548186860812,512.4538008874823,50.461155727838914,115.09307652589284
440.9887306296488,510.1495316702372,49.6458793473919,112.61409674520374
433.3688369176969,508.7992246475781,48.69226543462576,109.67641800106267
425.55200173025753,509.4787684511288,48.22818419207289,108.38632682340463
417.5870202973562,509.09315049860066,48.21825810371284,109.0209052073322
409.37495181207635,506.97896520394625,48.236293847465944,109.83200823568222
402.2079856170159,506.5080965114022,48.250834033302255,111.81017204575053
394.38107495517477,505.0591671517772,48.52961530266318,113.73604172939409
386.1583039663736,503.10758105575894,49.2366624072187,115.97757589996155
378.45179250446415,502.18242640106877,49.8226370293408,118.17122334124642
371.00968331145367,499.7733340198296,50.603351234453484,119.55824765374311
362.84139912438144,497.6666503370872,51.59831060743827,120.95136069336115
355.2740455634572,494.13525933342885,52.53233222818814,121.47363824511146
348.6665444161135,490.98771399155174,53.365111393603094,121.29757042437959
342.4264835804711,487.12978833009447,54.76066218018333,120.28644821366376
336.13404866788915,483.5778730889199,55.66302449039354,118.3044584979539
330.97089947099283,480.971803047623,55.97750876675457,115.95260035819665
326.98476541012343,478.142808131549,56.09457755148776,113.55421373313027
323.7254923206084,474.72413026002323,55.493597344256884,110.400817256028
321.3724623489458,471.867463404016,55.589342441543195,107.79364677950484
318.0681696844591,471.09844290363503,55.843761739632754,107.03063783252811
316.5252228650768,468.4556872897794,55.96004206472247,106.69850570391607
314.2045955802516,466.23418646994736,55.463232249912494,107.14908285551253
313.3672376046716,463.499576679805,55.45027546681197,108.39305886737688
312.1968794498462,460.20692693285696,55.1783695154153,109.31012925818456
311.69580433225354,457.337686609754,54.647069862371296,110.66128843222262
310.20452274841364,453.2055617120087,54.39867456828956,111.90812127367263
310.27447177305817,448.70703408479585,54.08462393611666,112.72166384041515
309.4993630062322,444.05432250354886,53.69460192108542,113.7700813113808
308.9373027163117,440.1896162847584,53.07884718430661,114.65175595980773
308.9731490856133,435.2006191805456,52.285803775842595,114.2802075504355
308.9773342633624,431.1596178059815,51.63181921355343,113.53270247180492
309.0501880742052,426.6811107145543,50.784330080561105,111.3900834378014
308.80248530308234,422.5384712505131,50.016700802250156,109.07702996079344
308.95540941384786,418.24141868073593,49.24944110458385,106.79772678278184
308.03894365179684,414.9516864425771,48.295280896660785,104.97312040491248
308.87702092570663,413.3399974413261,47.879972486841694,103.83714009671505
308.7820186194477,410.46806957600404,47.463231856287024,103.46150663439656
308.4607908808822,407.7949272949174,47.17395682461372,103.53558489011229
307.49842907488073,406.1243981145237,46.58712309599472,104.11664230676217
308.8900293229288,403.6807789144133,46.370268291579485,104.73699399586232
307.36763647263575,400.95909880843504,46.12464323510077,106.32513770467547
307.97676823305596,399.6831995756938,46.14032401109718,107.63778683811151
306.1503647098872,396.7150471356465,45.743958656006455,108.84278230429612
305.15685755191527,393.8199192937119,45.08871742728789,109.82304090640878
303.6016072237811,389.85473475261085,43.785847474272686,110.42707122060557
303.01659697555306,386.54711385981784,42.709938252711304,110.46880283620865
302.436317759634,383.6985929417752,41.90567677640723,109.96549629506617
300.4247544878962,381.173331828328,41.01653754229491,108.61996568458865
299.1101942433137,380.2267738403028,40.79549910163522,107.226793637644
297.7658082296245,378.2292488728418,40.989707311035694,106.02788481325823
295.7605025444219,375.8100031428755,41.040228044233814,104.48107420638796
296.08499332457484,375.0844495138639,41.116631136542516,101.59205304262763
296.9051075588465,373.54499113160085,41.16115084075922,98.24483569765661
299.21294519496377,370.9415110504119,41.303759660474164,94.43790463994172
302.5751710527444,369.958227615066,41.866083057064955,91.16433011887946
305.75248420523013,367.868716146952,42.00014426735227,88.8894322138903
310.68658792645476,366.64225848167615,42.06882647334059,88.11644927860344
316.57885444326047,363.66260381040246,42.42341068063485,87.73794762795623
322.9790575825962,361.29032281167144,42.95564981822315,87.70862771318687
329.49769743155593,357.8128848523244,43.28928744055515,88.11579273634271
335.56672804904656,355.43922130708984,43.44185177777857,88.0467979769887
342.32036446942055,351.5951092549657,43.65851597163747,87.66323806176678
348.23944817277317,348.9332318997908,43.866927925894146,86.92334407140243
354.7977488376337,346.376314719684,44.001990757855154,86.79570475684191
361.1799448529457,343.14367574606877,44.392635653500726,86.29137868872203
367.995923269553,341.1478345460152,44.610612444553844,86.28925091197985
374.26732932434646,337.9401525922123,45.18100910571872,85.77105158716371
381.0073873737195,335.89682698963117,45.64730986183106,85.90508276287656
386.45271447651953,331.8101073507581,45.93260856760798,86.02300198294446
393.0458314032475,330.3546596640516,45.851837742106085,86.14067635950077
399.9636986368807,327.1902390507385,45.93839503051602,86.7923644756228
406.37728394415336,325.02533425303614,45.733475926590785,87.04266862745452
411.9754217372214,322.22820988101034,45.768687614624724,87.71865632032817
418.18279063955634,320.6074985696042,45.704053188250654,88.24542092121345
423.5016757513478,318.9751386159694,45.463196493110104,89.00000565468555
429.82253238407395,317.94259488579405,44.8924423188443,89.73545606440751
435.43941995419834,315.1038872662537,43.84042510553648,89.97635644905712
441.14884338547824,313.57912173206086,42.98748381396053,90.49985864590656
446.0159519590304,312.74825908438214,41.99485716673411,91.25401632098654
451.0049525919019,310.9422343077854,40.90277451823972,92.2630564118235
456.34160361247046,309.4449686932302,39.75290616240534,92.60520979707708
461.48811512809795,308.18172438947227,38.74332753575239,92.93850663785402
466.6339473567116,306.64831610414683,37.663399757602285,93.3738532435238
472.5182015896954,306.2232919402174,36.85675576307022,93.58416062747406
477.4737530467873,304.6212640899163,36.04150570075412,94.01627323573005
482.3070703068745,304.0047284640179,35.4616469603038,94.01538254771512
486.7472184182091,303.926040064604,35.09100859743687,94.14921839336866
491.1049395136442,303.1004585636178,34.88421051057057,94.20262155246851
495.32142893656857,302.6780278102552,34.65910596281749,94.08679917695724
499.03698502353956,301.49552556467125,34.94140321270365,94.36793659506601
502.97832861772696,301.1966017002337,35.07425710098901,94.28978343082505
507.1151420774081,301.7624162792287,35.070845216111636,94.34189703444702
511.353205130617,301.869606129894,35.44995707050916,94.02754363217583
515.972269319053,302.19380342853094,36.013521656283686,93.64258016674171
520.5970723997375,301.46966639804504,36.6007961788137,92.94811254756826
525.0840852161745,302.25916124131163,36.92904620359362,92.36445569813988
528.8470150853229,303.26258278859285,37.25731721023058,91.49411844578627
533.6510194702134,303.1026426810878,37.70857929921441,90.55294378732995
538.0144489228106,303.84609545482147,38.1762270392226,89.49488594021994
542.5340821409602,305.2931665400049,38.572015381976115,88.90353989526508
547.0703181520096,306.7295276614531,38.64443223774604,88.17282071175588
552.486535040401,307.2064346145638,38.62116060085587,88.33354177963264
557.6511004882459,308.7950511408852,38.75940259945317,87.93662269564831
562.5733953829632,310.33823796740705,38.84031654079233,87.94654344568082
567.9416369933316,312.1044957874994,38.592220427904834,87.9677423192749
573.8346994260165,313.3252697402056,38.18729635294014,88.00331123705877
579.5215474651368,315.0381324964201,38.00438282169662,87.6946153915305
584.4117505230867,316.4358504951189,37.504424665696824,87.42114918935992
590.0641110216234,318.4344437522997,37.043848489790335,87.96976002302075
595.2672428205665,320.2456382978645,36.605657783139655,88.09906990268584
601.1201560813007,321.8353460058528,36.284559693372735,88.19390475564543
606.4729750075228,323.9127723528181,35.852707432054004,88.23873095957256
611.9028561774862,325.7581892162201,35.81005610744704,88.16630424380057
616.7539377617887,328.58358314094494,35.732021280516825,88.38401710388466
621.689803605214,330.2109604754342,35.69751646134203,88.41752694792183
626.4962031380829,333.53546232545233,35.86623537808717,88.24947121922955
632.1088404137624,335.36264085922625,35.811427249762914,87.99448005362872
636.0523545667962,337.92719249890746,36.07633261373915,88.70644981046019
640.1391559115884,341.2053275435016,36.46515935225527,89.35755953923453
644.3467695828194,344.4892101107301,36.883260256863764,89.10006185320287
648.4412456145251,346.9498793407849,36.932645710237,89.59097057403201
652.4240699365491,350.57732162062916,37.15373412673583,89.4255497251284
654.3479906647009,353.70704404708044,37.22846838263617,89.16988476037886
657.7497835777286,356.4819838616846,37.540054942750196,89.33590793649884
659.6093393100347,360.50107544319985,37.443190220386725,88.80758910376022
661.9463447864954,364.24790988726346,37.7542838283172,88.32828398134951
664.2719954950742,367.0734082205922,37.988635430111216,88.48046133355177
665.1364961874589,370.80744549655304,38.32108500359361,88.22018764680357
667.2382970082522,375.19903943285465,38.79129956607816,87.6349653961486
668.1466855805726,378.61404943508774,38.9508538938342,87.50732557204122
669.1562234634363,383.0556483015319,39.5110117744996,87.02306792551771
669.9702743462154,386.60255970942825,40.08997058442654,86.93090307252407
669.8778413741384,391.0602802035876,40.34341673133886,86.91872040787482
671.3909959042497,394.27514530303506,40.33630966505837,86.67009057747961
671.6749160664215,398.94862496286265,40.620083875569776,86.73870533161596
671.7163516493923,403.6944708491311,40.79873601599794,86.79800843212595
671.6460586544814,407.5742358240184,40.8046819976087,86.94665538130764
671.6050350524157,412.64289614250373,40.843913102960684,86.89545534980576
671.8021967070541,417.43180047785097,40.9983224916476,86.8398625223119
671.7176367734103,422.9068599935775,40.99024225016865,87.00451533381543
671.8312850606208,427.89864262313483,40.89844373752393,87.50589632561633
672.2639810541428,431.6102264744968,40.79152282219984,88.98633503768723
672.0853027207921,435.08476098364645,40.777318617300054,90.0536339316805
671.5734258133654,440.25801009025605,40.83866728698537,90.95211557685971
671.7853112156278,445.1172825363533,40.88562803887616,91.5976549284396
670.867773660815,449.7360208263705,40.853334927218555,92.09955441652039
670.1195683109903,454.53774195291425,41.035937781752445,92.375184352764
669.0471132013713,458.6790761808458,40.952065108763314,92.28980917845607
668.064631748525,464.2408018304977,40.78821260193442,91.87952125500684
667.9268472602153,468.4344272083213,40.76601498247518,91.37613633264202
667.6410212958724,474.8632424868703,40.57017425922142,90.55655165872268
666.3353291229589,479.7200737668353,40.69700026116102,90.31504562345089
665.2807366679601,484.87149947728483,40.57308475688255,90.05268435300349
664.8933966901245,490.352299823007,40.8662870943363,89.38009561682048
664.5085358277013,495.02251608854124,40.870657940944,88.84360290508789
664.0263842480382,499.95502679665105,40.70798914020246,88.51235586478376
663.664640381477,504.72936656356615,40.228667181895524,87.96308505287743
663.0014464487768,509.16851534212975,40.19937017085416,87.04520047487618
662.9325371223869,514.029540072692,40.41269348424044,85.98350562800941
662.6770129358584,520.2503420721545,40.30514095235571,85.95996860753922
661.5638885434688,525.8259728811867,40.4213292837201,86.68406843204065
661.1527913964344,530.7456281789822,40.30487803612084,86.95631198226255
661.8026762701697,536.8197500616659,40.391450814132334,89.72425931796954
660.8950093046105,540.1910697108747,40.5396626196252,92.81240195619733
660.3793015659343,543.8887254293347,40.594263946167516,94.9311972697655
659.6209194930775,549.4753094534965,40.68319381949643,96.27555966272628
659.9307943011597,553.2085279403651,40.869554168179654,97.61768973610816
659.4200902657815,557.5645809090031,40.77257775845953,98.34110873932298
658.7448236340537,563.1504346103293,40.83559120933141,98.7147475967412
658.2004387167034,565.8946701305472,41.058718734843026,98.66291586523505
657.9409046529526,572.5404050130155,41.07087051817899,98.15305372816681
657.5172737284427,575.9305307463941,41.36615777260579,97.49479961782467
656.0257840975574,581.9863202579814,41.35210820670889,96.80865375352442
655.4874620170109,586.978929317885,41.80479413778336,95.73865207964019
655.0124219315245,592.6991471031296,42.18324693029248,94.84542148046451
653.9440741271984,597.4122161474668,42.50433153411514,93.97560453589413
652.5848107089726,602.32982372212,42.76854699971733,92.65991682189043
651.6337378344193,608.1651712055819,43.13209301928582,90.8326857526715
649.2949425663876,612.6714610604256,43.3900220334377,89.22564078724687
647.5694590572937,619.1052784787333,43.502609906956884,87.84251255768709
645.0162635881915,623.5629592459823,43.69066445371237,86.59376507882274
642.9400418125566,629.0947268320249,44.099785155708325,84.84692416638104
640.5164137066661,634.8906313481654,45.04521069427155,82.83595810590197
635.3053653249824,639.7078249281421,47.007707009030696,80.0736708223522
632.7699763674602,645.8493414101102,49.44292917990387,76.48199261000292
630.7538305270167,651.3852764727119,51.898451628040846,72.28377589666482
628.1784117878226,656.815579029613,54.33006441503815,67.33994934731575
625.8338054947544,662.9119952814331,57.02899983003964,62.601637546037736
621.7260991556994,667.7735892556744,55.06101140036134,58.494609990316015
619.0256119497025,672.1183578203301,54.355578169990785,54.16942174940205
614.6813210952815,677.0040010883229,53.314266194445445,51.931994943183426
611.2260634528584,678.3839974587084,53.49826237147314,50.981314069172434
603.140752552649,687.0360055785561,53.495138062883036,50.75595497974562
600.7148027754928,688.9327084080556,53.50245505951734,50.73930751471621
598.4963111540548,691.9312279251029,53.50738998162316,50.73121444162026
599.1312684731859,694.6354637637332,53.50680870594029,50.729072472533495
598.9283772536406,694.6355372877365,53.50649054407295,50.72892542452697
598.8683572255728,694.6355875392505,53.50625455142894,50.72882492149885
598.9601746070082,694.6356461181691,53.50603085032196,50.72870776366173
598.9501653138428,694.6356850023772,53.505853810930454,50.72862999524579
598.8161832639486,694.6357255012684,53.50565124945629,50.72854899746316
598.6793039633777,694.6357631263819,53.5054413626202,50.72847374723624
598.5313611284482,694.6358014026615,53.505240065487655,50.728397194676965
598.3244986847595,694.6358387516598,53.504999668040654,50.72832249668038
598.2096038314862,694.6358782777942,53.50474046480383,50.72824344441158
598.013738792055,694.6359178607206,53.50454702667747,50.72816427855872
597.9049041570764,694.6359583445471,53.50436070903309,50.728083310905625
597.7456450018028,694.6359924530433,53.504195186696506,50.72801509391338
597.835151579986,694.6360276605309,53.50405974162613,50.72794467893822
597.7202442853379,694.6360734312796,53.50389563541063,50.72785313744099
597.5470722904647,694.6361091895686,53.50377758401745,50.72778162086278
597.2382392278623,694.6361523387662,53.50363632091654,50.72769532246748
596.9680613743033,694.6362101959326,53.50347684363211,50.72757960813482
596.4452162282735,694.636265556899,53.50331566665176,50.72746888620195
595.8002871083464,694.6363029057693,53.50316798418848,50.72739418846132
595.3356497153009,694.6363256116196,53.50301157025215,50.727348776760884
594.9946421046748,694.6363490598126,53.5028385786327,50.72730188037475
594.8359029461853,694.6363812050006,53.50259961164741,50.72723758999871
594.8013297186147,694.6364120474096,53.50239826796423,50.7271759051807
594.8230542183106,694.6364442917503,53.50217472832699,50.72711141649941
594.8533239846943,694.6364907346623,53.50193247983499,50.72701853067548
594.7922212902998,694.636542868821,53.50163098935377,50.72691426235791
594.5598423232502,694.6366126880863,53.501402092503255,50.72677462382734
594.2150726920554,694.6366823702228,53.501201173923604,50.72663525955433
594.0177097951673,694.6367327208649,53.501030102808805,50.726534558270316
593.6397310740058,694.636780557802,53.50086960518263,50.72643888439588
593.347454057163,694.6368277218584,53.50071399455082,50.72634455628323
593.0982495349879,694.6368733841755,53.500556858433285,50.72625323164911
592.8409767221382,694.6369151985422,53.50035969247999,50.72616960291561
592.5636660996346,694.6369552379742,53.5001754202906,50.726089524051524
592.4648400072192,694.6369896275062,53.50002762448091,50.72602074498752
592.5057049543725,694.6370301074304,53.49987176039474,50.725939785139225
592.5802352419488,694.6370656449786,53.499748649002555,50.7258687100428
592.4454791155594,694.6371010397306,53.49961911496771,50.72579792053878
592.3963203928647,694.6371418815284,53.49948110147764,50.725716236943335
592.2858277817598,694.6371858616945,53.499327026797985,50.725628276610834
592.0748682613962,694.6372284248323,53.49915598416465,50.725543150335405
592.0598447809078,694.6372707832795,53.49895310921806,50.725458433441055
592.2586305676584,694.637318905788,53.49876188773723,50.7253621884241
592.4063356919886,694.637378429512,53.498509310051524,50.7252431409762
592.7655359917468,694.6374485847763,53.498255213506816,50.725102830447426
592.967760975435,694.6375105699318,53.49804630138049,50.72497886013633
593.0349859178557,694.6375683288387,53.4978223363818,50.7248633423225
593.2777702024454,694.6376263831611,53.49765200013947,50.72474723367777
593.2579746919401,694.6376894580357,53.4974810233905,50.72462108392868
593.336155623924,694.6377406678989,53.49730877991771,50.72451866420221
593.3536883436318,694.637788272346,53.49713291559598,50.724423455307885
593.2359221017247,694.6378371945357,53.49695793757632,50.72432561092853
593.4124035473222,694.6378906676539,53.496770411495326,50.724218664692174
593.463050957965,694.6379346561664,53.49656563399292,50.724130687667184
593.4757902435642,694.6379762297006,53.49636341823995,50.724047540598725
593.6194395855861,694.6380273744004,53.49614385983899,50.72394525119914
593.7286435456014,694.6380831295586,53.495926729031304,50.72383374088275
593.8310353162469,694.638130482146,53.49575147912775,50.723739035708014
593.7687295151542,694.6381793547265,53.49558853588209,50.723641290547
531.3545242659354,674.6131264493106,50.72615204945626,49.520989075255684
534.0246892604805,672.6575407435919,46.699576380510806,48.16968022775155
537.2949826339598,670.9115295729023,43.821900810233785,48.83656900704271
539.137687752296,667.0729169580036,40.683704306757555,51.152359300316576
541.9773984060358,664.4280690094881,38.868109750986804,53.69394061147105
544.4020727627365,660.4629202746181,37.6982663857912,57.00110299133686
545.8443908779884,654.9826133841717,37.648975900373884,60.589625478894774
548.5721512298938,649.6690049127611,38.80463407153249,64.57437492293667
550.2034369468694,642.4710694543081,39.69462096430259,68.45239401031378
551.2566636395314,634.5526852021661,41.02946344117635,71.88395488062565
552.6519522609939,627.3320510771321,42.14413770124216,74.48434273671192
555.4645605402781,620.4737401973871,43.6027662812237,75.85655550724924
559.1249051639574,613.932564769191,44.111111839162945,78.8063418189636
562.4004577573004,606.519586870119,44.072574172618424,82.60342226615526
567.3475360400088,599.3473165107068,44.02802316750447,85.95108912938902
572.7131276123794,593.284589599957,43.95186264391809,89.89624796034894
577.5601548501596,589.0921727674416,44.05250306887025,94.07309050218032
583.3773464368941,581.5734351751003,43.379765021744134,98.08693649832547
588.072581508153,571.9577287839322,42.04657828071551,99.76331845790753
593.7138540167076,566.6692361152448,41.849445289057996,99.71553267711855
599.5347748063599,557.5164911522112,41.65749289279776,98.61650829044147
605.7783898508384,551.9204031839095,41.67737244586959,96.99178206640049
611.0746270413129,545.862842208214,41.39186580021125,97.0321397660824
615.9339257310093,540.5863696943302,42.1230555607111,97.55237853316892
621.679131164868,534.0911284131845,42.771670381164995,98.25595676043822
625.1771207793347,526.6643575910093,43.39120876850353,99.18430271081894
629.683503194329,521.6790291038388,44.010746222755714,100.12454796488404
636.1090805059814,520.2243822708231,44.63837234591071,100.5691592902935
641.0206993391304,515.9955415113667,45.4261891000839,99.91256487689432
645.3245400918798,510.00021930408246,44.46114484739262,97.80291994667515
650.8398187947669,505.71438725817353,43.7568108150316,96.44048388743104
656.613233111688,502.90248072600656,44.39009501993442,95.91115593003647
662.48044721274,500.156040216559,45.649018754170854,96.58824343467981
668.1870535500798,494.8306487067679,46.96547565041429,98.61390724497261
673.9697167778207,488.5099147267324,47.907562105393694,101.34522086239213
679.5665770554788,482.30017536590907,48.85437785836629,104.16714919188796
685.875940626548,475.35281404750833,49.05579632322244,107.39357406105026
691.8719444128251,468.2661297902233,49.147108414669674,109.85057866875997
699.7760480669778,462.4242955243776,48.35926968241413,112.00509814497036
705.8516831023638,456.95870286532414,48.070050621773895,113.08245598657581
712.2783739578997,451.7789153192594,47.778426952083834,112.4930564693303
719.0359091077398,445.44734395558595,47.15510603442268,109.7266909874487
723.9779850340021,440.8730153745188,46.49696450446889,105.78570181016653
728.7671809532293,436.56067104546867,45.44180989440808,101.65293845715843
732.3640462814835,432.9709997044512,44.277421889266954,100.72456839352685
735.4100366844378,428.8047832448692,43.461832112716195,100.39892216535185
738.1437340839539,424.31399326414254,42.79745111525883,101.88329305469219
740.0339624957275,419.32655669073296,42.46247273104259,104.07406376163104
740.6327982350543,413.2275511823438,41.73645927360045,106.19471939358263
741.1945333137468,406.3284101589836,41.08976267626286,107.81166694475856
740.7159128694888,400.8221718716174,40.93252187723302,108.08267699727423
739.254326382277,396.23008347739403,40.68522580601756,108.68095920106522
738.4568688393636,390.6745169216805,40.26417471485783,107.59714602342979
736.1302187709772,385.76766000065606,39.6387754535896,104.29649619512946
734.2925861032701,380.38931011979133,39.31756771504462,99.78399277082384
731.6943081269657,376.5927922012397,39.722790469106044,97.98203768690658
727.9209592066496,372.4386202718831,40.6709356058806,98.23794185598351
725.2679278818234,367.96348207727425,41.671870157998896,100.0453578326036
722.4782473968415,361.53270576800435,42.4183158218713,102.5704293567831
720.333020802929,354.7471350397796,42.92023484526777,104.41918826776133
717.8917543022051,348.78619600461934,43.59095296634452,106.22855470325526
715.32800172234,343.27511060054087,43.68773169327446,107.34229827294779
713.2238272527775,338.4022179918134,43.3391238643635,108.72655127909903
710.6010275386635,334.14511166092757,43.02645236134756,109.66147498136749
708.0432856685417,331.26073207013957,43.15301064459041,109.83455344928996
706.1625142649095,327.6068633134526,43.125281381923806,108.89964188429471
704.8779787622187,323.93059974374626,42.45757913481812,105.99689520473768
703.8766453461645,319.6845431176933,41.435433268562235,102.25074246563273
702.4894679130199,317.50985191497244,39.933284095087245,100.07575086289573
700.9317725768208,314.7325858503184,38.742293541899414,99.83688938029576
698.8230073904208,311.2637965304985,37.898621865443985,101.39790780875396
696.7285239860817,307.3046677068701,36.902079469257785,102.61263180656627
695.0434346331683,303.3176546300481,36.00700272388212,103.97797580460114
692.5979118710775,299.3975686907927,35.23235639549428,104.70672085282018
691.2742737501914,296.0386170311341,34.584316894773806,105.69763490288074
689.1504510663794,293.267161627062,34.00829998136134,105.40118738125192
686.6549941514527,290.92588035805517,33.688431855495786,104.4978462747039
685.3201122743574,287.4634270692343,33.36077577554936,101.90583562364694
682.3893124975976,285.1381757980461,32.906869347623605,97.98618016126254
679.8872626893886,283.6405918648711,32.902749721945554,95.85292338314224
678.0403502563319,281.86019386706926,33.08342294239877,95.48548647049715
676.3089056713726,279.3194548433728,33.244254130826185,96.27915848380195
674.4117053514934,275.92477660974237,33.410178150864134,97.94039738972245
671.5948706452316,272.86762313473537,33.602136137606436,99.76318803572032
670.3949613437816,269.76298443438776,33.63971847913868,100.82112352128493
668.4014241470455,266.3312066170601,33.51438709563321,101.92766726552885
666.6693350985126,264.1279342899946,33.401866174220594,102.4092555979436
664.3607362828614,262.9146943436625,33.565892552318815,102.83463971881818
662.1817859618767,261.8389585568202,33.74204241990466,102.59462655510646
660.1662319870486,260.8686442466379,33.91612569991358,101.72599409186816
657.1152839699091,259.5914292924743,33.75311628146438,99.65084159510513
655.8426317381872,257.0564813001798,33.03108127690602,97.63431275211843
653.5242521028316,255.2205978300249,32.65925557142073,95.39350587803615
651.8113355878553,253.42095593659303,31.93790661361104,93.76207152906616
650.9964448444568,252.7132453440671,31.14269649274186,93.41839609165095
648.2360609347088,253.16663879469098,30.648571734113034,93.67597317069644
646.4829933659154,251.9038299661655,30.316631472300877,93.73927741412747
645.5627441555021,251.29824739036366,29.839041600052006,93.81578041439442
643.5359031687772,250.53664308869696,29.765992654617484,93.78725313973715
641.4760281508716,250.04299670516247,29.862149264677967,93.19284689309609
638.6344062552517,248.63537337012184,29.925874775888357,91.75260993585802
636.3076149861905,248.42205658429054,30.152061970230406,90.28704911722365
634.7660327059401,250.40096235967252,30.157373089492594,88.78074966477212
632.7084855521725,252.28802987058972,30.562087319665757,88.74561806281376
629.9676579693927,251.77151328260675,31.036886043727698,90.26515868435357
628.5281842195715,250.9877111418187,31.363156388829214,92.52508444525014
625.1871886022168,249.50686334877233,31.615971292972052,94.58830056967298
622.8484889065923,247.80962089536484,32.22791524751455,96.09620882396106
620.1408800895522,246.55927827068462,33.13467712826834,97.81779913885802
617.3911471308537,245.52077254406973,33.84420173478267,99.50814575448902
615.1394828154154,243.56329116837733,34.28502750463644,100.96061055627358
612.4081293825617,242.5537987010062,35.029042544477115,102.20524663599726
610.8775226402902,243.64995659021082,35.5930536326273,102.8994212025892
607.3734571890693,244.9661729425131,36.14930217270327,103.01012609602236
605.7092848447352,244.6321281015855,36.529898438748816,102.21925595999124
603.7024552763078,244.44141359246356,36.390909603496766,100.47653088735373
601.3646315908268,243.72268785421812,35.97866396527298,98.25237557520938
598.7547552670292,243.48686837570847,35.52581586671337,97.22843242849945
596.0703542146555,243.95712373134705,35.32839864162673,96.91439407115749
593.7675476724811,242.97116840508127,35.028670100761886,97.72889159865093
591.348450607965,242.28987933182248,34.745915915127426,98.66853682232839
588.5448487568867,242.51032745748677,34.53659844952886,99.43080479085607
585.0933835619112,243.0185499368912,34.41240300406109,100.70402886891247
582.6023594577416,243.93345027969906,34.444224428647864,101.86452645447594
579.8149699741032,245.15739024734592,34.5159001396991,102.47607997941785
576.0017082916992,246.2590510127211,34.638470047628445,102.32193299586291
572.7904516804953,247.73189821291396,34.98434743248144,101.2504327406798
569.0278203716523,248.44136229158892,35.21765982433729,99.2426910996148
565.8521159898621,249.56975601137634,35.18094698299829,96.92150552777537
562.592401610107,249.9531730317946,35.53398436982778,95.37368851574747
559.4727470154525,252.08886581691158,35.681997839990075,95.39577523555256
556.8052154911381,252.75987661978755,36.092508924812705,96.46024467098408
554.093081354335,252.40416127918166,36.45359055291104,97.9327506700555
551.7805342099771,252.6058557485781,36.5252647747935,99.2517386738972
547.9466212096493,252.14943951583007,36.38275466247286,100.58577433544198
545.5314342160874,253.73755615623264,36.330054365996844,101.03542463389098
543.1525801956498,255.65233660146646,36.322401097820716,101.40378978788749
540.903940910727,257.17212871587566,36.26066773147833,101.6224245627465
538.0162705356024,259.98385171508824,36.02895319913472,100.97398419099977
535.2909918032127,260.75455802228976,35.60574614899119,99.9901895985617
532.9065018914854,262.6249183017565,34.66805616501167,98.55297827501036
529.0090786454879,265.1241126267172,33.5117546238647,96.69733273574565
526.337355307192,266.66826610761814,32.9738145435595,95.24265354627505
522.4726321888551,268.7248097240903,32.404771209615554,93.66984498650271
519.5910827957955,270.1169486849486,32.00211996903173,93.55815708210474
516.7209306873601,273.6941301683727,31.895756896168564,93.47685891933382
511.974418995354,275.93392375457574,32.343802138396256,92.80257293635026
508.79233320260005,278.8665306065043,32.40821004439982,91.05560626465879
504.5951898518004,281.55372589338293,32.971979930813504,88.3216661685016
500.39070738399147,284.73197362735544,32.896477360022644,84.95421822786977
497.1575299276715,289.5699104273106,32.709034169330124,82.71016168270799
494.02633005831836,293.78231800870816,32.630619794419445,82.1368794560091
490.9808894895326,295.9569633774927,33.24596315504394,83.40543520739271
486.852182266285,298.4435055140037,33.86060254279277,85.87351590476867
483.3312581216872,300.6007542568675,34.18487671242052,88.73030690933632
479.85371159270693,303.1736261800909,34.26256269640645,91.31614570449113
476.17571360432004,305.7314277968934,34.98077419213163,93.17943241305534
472.33583984599915,309.580912137441,35.4868380654324,95.41123460598365
468.1071920044827,313.445348376854,35.75245188658778,96.97806506142274
465.69636354552847,317.98501628966545,35.68885203722334,98.8953246184902
461.623825355085,322.3417704191685,35.66841728682364,100.11614157768483
458.1431465108765,324.96689881570325,36.64799015468404,101.6562981642845
454.77315784162505,327.44612317163916,37.55720939839927,102.70537298909483
449.2242542739501,329.6470683008981,39.16209184350261,103.57418080110297
444.5691370110508,332.289944835365,40.59152183057437,104.21425475853638
440.21658568523696,334.7830621522379,41.200838387536585,104.16751997983215
435.8948492893942,336.5546967369403,41.85280794054418,102.45306579379536
431.205388953456,339.2525701517283,42.374354421136374,99.39219097158923
427.6221862888538,343.9218177628328,43.229772754643676,95.49228293810103
424.22676422324827,347.3915599661035,44.72022425813873,91.12527277281627
420.36856597926015,353.7521259676633,46.387975726583704,88.55503588841007
417.88736340092726,358.8657439297202,48.43708752158564,86.47161023651299
415.1049289134638,365.1806862665694,49.84313443688116,85.80386183143031
411.25826010298124,370.793633111288,50.64558956578096,86.09376575704451
407.95230955570264,375.51543802101514,50.710549856810275,87.47686473123036
404.6063598293961,379.6501313987783,50.59664982517042,89.01361696801355
403.5354609437836,384.6706339877958,50.260731150472566,90.25649679211477
404.35482183524033,388.56278514812976,49.78217539272084,91.70612982758698
406.00373044604237,393.0676643130464,49.79036937106795,92.88353485072007
408.28787731481924,396.0533352569762,49.873751334655644,93.87455000708036
412.8298016505024,400.1555010869139,49.942136740742896,94.03587138522995
417.25467841912575,402.7593394852601,50.08657818793223,93.78519484412216
423.14479996840254,405.5426811327859,50.08542597072627,93.25074669463953
428.8884192103073,407.1919923528943,49.7131939337552,92.8283275529914
435.0452588832764,408.6054938808987,48.60347691386673,92.03539570402913
442.5076413149774,410.54145199969537,47.19440666868985,91.253060240743
450.23781358652093,411.9610877735769,46.46592610112769,90.74622525456448
458.1375678318978,414.5904422312173,46.136016380515585,89.41413825319354
464.96512373470375,414.2891130811202,45.1855602221815,86.66442867542754
472.01400060835994,417.4334053209387,44.611513864700655,83.60992069572958
478.57288950697193,420.45748097664574,44.017303267183664,82.13105525391386
485.29272324624503,423.99455267679895,43.6443033454002,81.85729971295189
491.44305727241397,427.38374051690346,42.75294944864097,82.94102749496211
496.9185250310974,428.9163711028756,42.297947463989,84.6315365294692
501.95988965388307,431.83212141773674,41.8652245126681,86.81731361733733
506.59283147841177,431.6013887706665,41.90915436306142,88.24470371092008
510.70236495930214,434.75601189601537,42.58298596085092,90.8739988725759
515.2023164941401,436.15286591434597,43.350400663086745,92.85666660648354
518.4676372119268,438.84554653720375,43.35671219992548,95.04671286580336
520.874301755539,440.6113520700849,44.013743868621276,96.92313135631542
524.1817376747199,442.9146734934108,44.69108165550372,98.3876864962664
527.8505310268756,444.7942501262703,44.969143697682725,99.3144363029046
530.5571100276497,447.5140944085896,45.59354854327185,100.3834609836579
533.3652054437492,449.32019182435414,46.356889094587316,101.10558812783681
535.460527127897,450.9975136460633,46.76133373135788,101.1668659340797
539.2524465119777,452.6733243304931,46.88460155346722,100.87342012903238
541.7827055885634,452.04424403435314,46.810199332760455,98.61632360117987
545.0239534874995,455.54111522574834,46.30570894412907,94.53405949941055
547.5419258358429,457.0388035397756,45.91252118637651,91.69558055032738
551.434244269167,460.63223239823503,45.79598133892379,88.20054035545745
555.1478648122946,464.7025370484564,45.76269786756745,86.50429751009275
558.8713739546376,468.1767398765941,44.834662470149446,86.3114074292263
562.7772854066707,469.9727295000771,44.381452103467296,87.8147317177218
567.0072487110295,473.67773036201424,42.964898125822735,88.74149814417711
569.4137451334317,477.6760077652185,41.26899884409816,87.40734501394655
572.2000423727463,480.925361821729,39.652087119985595,88.01470503523336
576.4239207034135,484.57489295735394,39.17570449353271,87.99789173782992
580.1553403539205,488.24285537699626,40.291932422743514,88.42618284474278
580.0155931517843,492.4372026590301,41.213662404122346,88.59852725162241
585.605928533145,494.0181416787,43.054507487653275,88.09845746461727
584.5174705972867,496.41111498919463,45.30732446537,87.28003012692261
588.1226862320926,498.4494744465649,46.910411719927865,85.74635434877871
591.7556219847588,500.6583865029734,47.83772602086981,84.4184843737638
594.8859638606539,503.9798307682405,47.89461009439728,85.15635603610082
596.8602855261668,503.28232599154114,47.49042372214228,86.62554491847753
598.8259521615489,506.62460050881936,47.27881057657612,89.50586576459743
601.9516517365491,508.478231712107,46.19402405169777,92.95860272859701
605.381843415667,509.42899547284924,45.05039989832657,96.23344773518878
609.1562138029465,511.12030170215724,44.36780902611153,98.53047843071704
612.5092823684064,512.586135535878,44.3764822665905,100.87882480136128
615.2462660820851,512.5785902441239,44.396129989684724,103.42536231861592
619.1062551704857,514.0896103954763,44.30864483198746,106.77925423255545
622.9045856868938,513.3556265961287,43.11122476978298,110.72112858669819
627.0078121771957,513.7131178294886,41.872521384821376,113.74131743803241
630.7071986278652,512.9966846175314,40.7573058984908,115.3634149447438
634.055995650841,513.7271174113696,39.99899951504513,115.16452965224872
637.7780801619183,514.8672400536026,39.51699441806169,114.17751490138266
641.0753050002829,515.8075679887219,39.1400292155144,112.4163170732293
643.8229213439927,515.8538415670181,39.224649109119056,110.53412507925732
647.1347623465224,516.4057548096889,39.31322591982502,107.5248270305766
650.0721316692922,519.0465737933591,39.557665569420955,103.60131045834709
654.0990625115047,522.9815510361603,39.56108537913646,99.80630714461972
657.2327618158303,525.4990018772936,39.572361372994045,97.15915537270789
660.2899785901012,529.1413453895173,39.45049440999292,96.17143203997188
663.7125497463048,532.8072205772359,39.4306484995632,97.44382099253767
666.8366991684799,533.8764179887927,39.57578513342358,98.96547823050483
668.7848762314169,537.1478682450878,39.850563572094295,100.64467511476529
671.6096658733097,539.4234930575948,40.0722954760527,101.89745447763593
674.6085978722416,541.3888045390117,40.49903207938523,102.6819179749154
677.2793924649151,544.0115180278245,40.85734447484872,103.2254910316222
679.0898030256277,546.6958874644549,41.35248347457839,103.16314482803914
679.9032331029151,548.5418164927362,41.74470276679604,101.76088619011665
681.9194998370866,550.6736852289929,41.93280185155364,99.55801030512762
684.5193567207506,553.5823696392886,42.36656100368984,97.17856586960714
686.0510735994734,554.941673964351,42.2182251981332,94.69007786345554
688.3465841108457,556.1013525649962,41.61876892606002,91.76141498236717
689.2627422104108,558.3934843420578,41.68142838916135,87.68366687156887
692.1268684351855,559.9820164010445,40.86391917615359,84.90639509697374
694.7241379326542,563.9686093800315,40.250950806521324,83.08504696477495
695.9757419525217,568.2834919114773,40.24817740385605,81.46077172808562
697.7264241367589,570.5614576384442,39.71345398463104,80.55122355967438
700.274707729867,574.1104856390928,39.54311484483201,80.22316563195503
702.0303403391183,577.3892151814078,39.519380573060964,80.81931296211982
704.9406217284001,580.0095696103559,39.51822573440835,81.96732986182252
706.5398701991428,583.269544315593,39.29107779385356,83.19001093306841
709.4366490372665,584.1577766218826,38.91506638988412,84.79577588706319
711.4660338818492,585.7496241211228,38.27043191838534,86.34563954336788
713.8758150936118,588.2226190568269,37.86893504280328,87.67912249987096
716.5787445964149,588.9977046218916,37.33863536718363,89.54508143565977
719.9748721341305,589.767273944992,37.13114572601758,91.53986498489357
721.7407618823111,591.4877874159955,37.574666064861596,93.76276845899363
724.3710425073799,592.4309665800761,37.92880942364098,95.93859827933102
726.9365503182689,593.9522406281089,38.69430344923249,97.58274623581664
728.2763273214038,596.1259630550906,38.61677876654055,98.75462902238672
731.1562628237211,596.2091480228985,38.39022580466103,100.02889643685334
732.7480410259421,597.5890825812032,38.891246626857715,100.6310468591233
735.0296385804824,598.9922794554697,39.34511084394932,100.06148954400103
737.8205182223404,601.5695203002119,39.790359140036486,99.75545899205915
739.9907675637471,606.6771469333653,40.14483774070106,99.68923259648011
742.1827011335047,607.7627486514117,40.27349568282025,99.32285458553523
745.2988352225993,610.6005708713553,40.66458766164406,98.21318056648524
747.6431911274934,613.7783023686468,40.61312293742699,96.97795158450623
749.6040181114885,615.4957803784607,40.883699670883516,94.90004610294145
751.8769809218536,619.4307522563572,40.92676330796572,92.80867442966786
754.7756901214,621.9100100782377,40.15316912380834,90.29145131024467
757.5734874012943,625.0624300995797,40.09245424846785,87.82629623078692
760.6163048992195,629.2827801245131,39.33766222441928,85.41431751347018
763.0793221822943,632.4705796559459,38.47626818027296,83.2471821194278
766.5291596894298,635.1076036068059,37.761032348283436,80.95991843744957
769.5385149345192,638.2652815726796,37.12422693699255,78.59190537832205
771.995807042853,642.8032759813841,36.492491555316185,76.59687874200436
774.8213540004172,646.3053249258542,35.98843562312858,74.29037549570324
778.1235227150579,649.2597867920199,35.132322929107225,72.33674732611593
781.5629287759808,651.8629896942324,34.01571640799981,70.16617941040853
783.2686294204822,654.5116607138731,33.14498479863885,67.57497169043275
786.2089320030032,659.3324637309453,32.41739667766429,64.17708809510044
788.509775089549,663.617032190138,32.20458837322501,60.992895615649275
789.5033211015924,667.5478157735839,32.40599866084469,57.39581237743796
790.5534943721519,668.33287109524,32.93232248029079,54.68774881035123
790.4301385813973,672.860255124496,34.01581580198882,51.183447289314586
795.2788210697305,676.1551734318042,34.01331605206792,48.500630528290245
795.9960291606276,679.540109668867,34.042826424000005,46.10067163219806
797.0245076222752,680.5162566562085,34.015067908831455,44.27144023088832
799.7645583362379,683.0288495178459,33.65782786625161,43.00314480454982
799.3721547526521,684.5763778372723,33.7533097007815,41.81421311515209
800.8460323227084,686.5927753327288,33.84514801884456,41.2066560182973
803.2001820135431,687.9587919956634,33.875824638914764,41.07585784371887
802.3763435230528,689.9031954153801,33.89974735697105,41.01204890620218
803.3801254666563,691.4568613685202,33.91248171233309,40.98811534205458
803.771237019863,692.6806540626368,33.91772697969528,40.97673343358824
804.5789906148988,692.66308668189,33.92527858555271,40.9617656333693
807.4780191219928,692.8719368614745,33.929656492629206,40.95402012010566
809.6932358744564,693.080906656233,33.9301059184578,40.95273696512479
810.8572449861242,693.292468712522,33.93014021587386,40.95247496506894
812.2290043243349,693.650801439297,33.930126063683424,40.95240241942462
812.4130701890984,693.4831245127123,33.930107643301476,40.95236492995397
812.4068700024806,693.095497135381,33.93008899578007,40.952340281883565
811.9400893751861,692.7212331215674,33.93007068627446,40.95231801368111
811.8876419856299,692.4642404188211,33.930057155509935,40.95229132086127
811.2825167908954,692.3121696303472,33.930046438487835,40.95226792192765
810.6941273177905,691.6351688012844,33.93003717382879,40.952248746083995
810.4480042509641,691.7808634943569,33.93003071920963,40.95222873850579
810.463556018357,691.73811337523,33.930020144811024,40.95220479771829
810.7643525608783,691.6278362031737,33.930011196254725,40.952166389731595
810.6238349284404,691.9183481204269,33.92999911692274,40.95212798212808
810.6770504046482,691.5532487159253,33.929982564548254,40.952081618153954
810.435463644163,691.3725292352576,33.92997061541449,40.95205321803895
809.9326684074045,690.9005769861946,33.929958967578095,40.95202232187804
809.2796048027949,690.5450713518462,33.929947422906515,40.9519872524934
808.6282453059042,690.4675437957576,33.92993669085018,40.951953433348514
808.1335102442379,690.6955176052303,33.92993025263656,40.95192245754593
807.4306406122913,690.272348650676,33.929920910801414,40.95189223263268
806.7905598872645,689.4314005393801,33.92990429078668,40.95186446974324
806.0951995631325,688.0176699540323,33.929889551248635,40.951843893765215
805.6678755814022,685.8799697585964,33.929872354529984,40.951828864104655
805.0139352861784,683.2090150297819,33.929856450112325,40.95181699223549
804.9342873499807,681.1020711543309,33.92984342703907,40.95180656122208
804.5909539893293,679.2249083662844,33.929821605975775,40.95179244233856
804.4916127202405,677.6472417777859,33.92980207701658,40.95177994100605
804.3309700567933,676.1135315155113,33.92977443994848,40.95176329361909
804.860365036321,675.4981951963233,33.92974643520052,40.951740326717015
805.0918842870886,674.8445221031682,33.929722387314825,40.951721810802695
804.8295097669782,674.0081087831688,33.929686504935994,40.95169951090577
804.7019581389366,673.0711815920858,33.92967049689326,40.95169067285676
804.4275405047555,671.0076851345362,33.929643725212536,40.9516799182173
804.0271260254389,668.4481762584076,33.92961764329558,40.9516648106724
803.6236166859836,666.6182958950649,33.92960713452681,40.95165600229294
803.4552780320358,665.2512685664605,33.929586685178364,40.9516343979815
803.8700358231965,664.3890919126997,33.929555207967155,40.951590761457155
804.752564524415,663.3776879797573,33.92950828164245,40.95153380876873
804.4598461125074,661.9791706760857,33.92947609796554,40.951505542271605
804.8763126480064,661.0136394092481,33.92944676975787,40.951474025539405
804.4334214948641,659.8198347229261,33.92942752231631,40.951454604467074
804.2912030284534,659.6892241178928,33.92938671461147,40.951415722275215
804.3398431141894,659.6972535635448,33.92934345956219,40.951380437033
804.4072764212826,659.9301714333502,33.92929282139945,40.951327429193796
804.6890348393403,659.9287997702801,33.929241818948164,40.95126797916132
804.658534915951,659.078673066798,33.929187853222764,40.95121556661399
804.6230955703809,659.235493192555,33.92913572813001,40.951167421203664
804.427649262825,659.3979530827418,33.92905254010505,40.95110544202924
804.3740614092308,659.5471729475036,33.9290083947862,40.951070227295276
804.2328167836469,659.2817634024628,33.92894221482655,40.9510226348473
804.1097894161763,658.7750668715696,33.92890187356414,40.95098796225883
804.2007545859528,658.3350284418925,33.928836794016256,40.95093655718563
803.8217688120607,657.7260744163784,33.92879241114794,40.950905589010695
803.7899998630215,656.5782320071478,33.9287378454944,40.950869830231966
803.8953567415696,655.5992081709577,33.928678227917175,40.95083244249269
803.730403114229,654.9049746346191,33.92861321544739,40.95078666536211
803.3234891961497,652.7435593798011,33.92852144778137,40.95070734299732
801.666064584078,651.0661414950118,33.92844714706824,40.950619864284754
798.2099593384623,650.6246713239623,33.928429054009975,40.95057604500691
793.9619027765903,652.0529741631384,33.928424585896146,40.95052511328247
790.1569115298024,654.3446645248906,33.92841695953775,40.95047502103414
786.0807050197758,654.5633279821321,33.928400398902525,40.9504249765635
784.3105090592467,656.41312062461,33.92838013238451,40.95040295645459
783.0155382039156,658.6208813167893,33.9283698510117,40.95039365705686
780.5751352484907,659.5826563043827,33.92835214964847,40.950377717552826
777.9141184478584,661.3797424626008,33.92833184161123,40.95035642116668
776.499795271957,662.1787840037346,33.9282924329159,40.95032894001915
774.5138551610652,662.2338185637165,33.928247396063256,40.950291961263844
773.9245219444318,663.4299934367616,33.9282102828058,40.95024448987768
773.0042381953417,664.9104848426468,33.92818682715916,40.95022516573233
772.6601952878586,666.2435771820358,33.9281395215886,40.95019725575314
772.0103171831099,667.9876392298211,33.92809879218967,40.95017488099262
770.9934419363294,669.3897385285399,33.928083969741174,40.95016858816617
769.9582496391827,672.5598601802418,33.92807071018337,40.95016671695226
770.6994347895812,676.1570392677743,33.92803645369774,40.95014638673583
783.1091675543757,686.4664401823278,33.92007910281979,40.523435545788004
780.5873601759675,686.4078779671188,36.678400757371705,37.75177890549677
772.112350268672,686.4281480006873,40.1019131943384,35.67711541764458
764.0316777027186,687.7456769021061,44.466424334240656,33.6345080547368
756.8851032938959,685.1060578864609,47.401415040313765,33.47609540548524
750.3233214921188,681.9340343611043,48.51026249549166,35.442842670584454
744.4235128260561,678.2782737275115,49.05249457371062,38.39291183510881
739.7129013591303,673.7313279907778,49.38150292321174,42.51298834428188
733.4384588109651,669.7709801979959,49.286487148265174,47.04174619714922
728.2207590918343,661.6198665455718,48.357077550271995,52.38953529246366
723.4741069539384,656.0701513574627,48.19016072621015,58.3012873315847
718.0963447835293,653.3351541305913,46.85786215290509,62.89508975203668
713.7977104935975,647.8591383163856,46.218462146037666,67.95388283598392
709.0923513955627,639.7767525590663,46.03641453400182,73.6593905490478
703.9168962021178,632.0852399998757,45.87383996605755,79.53364853943827
698.6911053905696,625.3853160580062,45.84516741587502,85.27275175612408
693.8527895318176,617.5016340712441,45.22390370186058,90.16837538846167
688.8963603252624,608.319183997002,45.00308558604017,94.69969456618166
684.4005141677069,602.762944123421,44.16949294326554,97.57109212187657
679.7312714559208,595.3828638858532,43.282345699296194,100.52644588772253
674.606759800739,587.4067098585207,42.553672590897655,102.63191880597407
670.098809230654,581.9045677528445,41.42770227873631,104.28119203099814
665.9011374887272,575.2896673661862,39.823082002213845,106.11215762212498
661.2392710025894,569.7396340643679,38.5046927058127,107.76579974150846
657.0850832889389,562.5674504377132,36.97609398913166,108.6377014796813
652.1238117409791,557.1794630131441,35.91954257974116,109.34000308052849
647.6816055785542,552.856769981363,35.08902150920524,109.98560848918362
643.8289559250798,546.6199836185434,34.358375305289925,110.09610977317215
639.66474399898,542.0283066900848,33.986095536578624,109.60299287355855
634.8950984876036,538.5749940223417,34.11448930438775,108.69816677395576
630.8810084771947,535.3477307730833,34.249272947642176,107.30163717353452
626.0029414249058,531.6530133696605,34.48878736990782,105.61068963327328
622.3463356061579,527.6236033583824,34.71229544752808,103.08422828375913
618.7140902859005,523.9522183447115,34.89948649316382,100.79839723688232
614.7563966345751,519.3702693287704,35.60634480030054,97.35043785451867
610.8421078265505,514.2956388967523,36.205151755949316,94.01819427824734
606.5541618454034,513.2949945450804,36.77839536466704,91.78527010622504
603.4624706319236,510.06195954129936,37.40184746707217,90.19055291285932
598.9049076865285,507.3405797107816,37.96617684907316,90.0824416785091
595.6181442559223,504.7539130199861,38.51940284511233,89.62990435544921
592.3046223643469,502.1689008112303,38.60693494766021,89.37482701591125
588.7205260643557,499.86229771970295,38.94186558093722,89.11676444972892
585.1905559541142,496.50961428214634,39.20131923678402,88.69562690360799
582.4857330235718,493.90695645041325,39.31609042974736,88.2936956913112
579.0649698737524,490.1777600046454,39.52580797160427,88.12526086601952
575.3521384485607,487.6047076202911,40.19782778609905,87.97178982906405
571.9086651626329,483.020907814453,40.94287620274203,87.50856535168995
567.6754582998639,480.9467180671483,41.49348077376986,87.13877878108327
563.9205128840334,477.2333043023518,41.901107677970906,86.57260580332155
560.5704724195513,474.3311614217533,42.08192152472084,86.66612381854691
556.6873860198742,470.8088892714551,42.11898074527848,87.11756900186427
553.6177239703609,469.19073817346793,42.40717865030492,88.00201472773048
550.6443604013759,465.78492264484265,42.34033118805529,88.60943073523742
547.0072225951286,463.22429989431,42.130948486798516,89.60188395038352
543.4079787468203,459.53382110917244,41.85849988504486,90.70477297817817
540.78455295842,457.1651314968313,41.34893943257899,91.81124180628458
538.5910184193036,453.554563045521,40.74408994696903,92.66770509440326
534.6103061530913,450.5878990983407,40.37874655794602,93.71480013582806
532.4904383242975,448.1947413284973,40.022738082537934,94.83328711563934
528.3221155936659,445.5055962380379,39.72332855112545,95.52378833324025
524.3795573495831,441.95352899676334,39.37987886955221,96.36071376274981
520.8694577539924,439.21520759324454,39.68201136838141,96.8070659661497
516.5737133305673,435.64100350311185,40.165607225119196,97.60220599990015
513.2738519748534,432.98151722766323,40.73925409655064,98.36299631126501
509.4279872533025,429.548311376563,41.53265332801315,99.29343484604601
504.807663523094,426.50777625258326,42.765637061623465,100.25969891877352
505.0062208879017,425.8353832870726,43.69671849995389,100.62142842374661
501.11553077213205,424.0209842219766,44.16695676371978,101.77888661291381
496.7611610977607,420.4642397646402,44.93081038171911,102.76144558068728
493.44150198469254,417.9095876333993,45.028957533941835,102.92113245730464
490.94695752431113,415.4434808931997,44.732306556023005,102.70403868672736
486.6852297922767,413.5225346509506,44.735377231578696,102.56016833667665
483.24469143733836,410.81873271040865,44.71720248042635,102.67376920796443
480.6688702822088,408.58993235799073,44.611332698095126,102.45661958473619
478.89047399907486,408.59861187533227,43.874071709828044,101.41612023881206
476.1861591897609,406.2099925855165,43.280026271998466,100.77505914345582
473.3243439348258,404.89094670058313,42.343408502297194,99.93488085945901
470.94944595214224,403.34795048405493,42.36276718891667,98.78117202145827
468.4470957446982,402.50195762368134,42.35433836949089,97.71981010693625
465.8648099397358,402.6648809988668,42.21500020082064,97.11006702954666
463.7472491820641,401.13927230484774,42.208717659615004,96.57359215684258
461.60655943719854,400.02017306334113,42.3293963513114,95.70103877256145
458.59769885730515,398.72888488324406,42.93332203990682,94.8915083612865
456.86581168613367,399.0468606289154,43.00545333491702,93.80562134428801
454.9031754502482,398.1732043114671,43.37970566127156,93.30978112235788
451.50644083953114,396.9735272758546,43.84801676350415,92.79144253229742
450.8084867576329,397.27370403687485,44.504131209439336,91.95413827003884
447.7242909658092,396.0970027239465,45.184288273128296,91.34945059056719
447.5906722146514,394.6853512877025,45.83255174542607,90.95947326209694
446.38336143543137,393.81705740400287,46.49556862761952,90.6786705399179
446.26770928428476,393.4583371770548,47.249835142475234,90.33105359692536
447.9129977226489,392.03392050091395,48.08648747946158,89.55001724972885
449.68571612369266,390.9888562406488,48.75670505054306,89.14674638862164
451.25042566203183,389.1215325104901,49.18513085110774,89.02086108831881
454.7614343289205,388.11292356963105,49.35307304339242,88.49324626358559
457.80361270151127,386.89695029310155,49.2258295642021,88.32273743906583
460.7079795097374,384.5020553747843,48.926403332240696,88.17243375839683
463.2818964647258,384.09817073175617,48.24908562709796,87.63915992979095
467.45133616987073,382.9312194914453,46.67844666862078,87.61844767576306
470.58007271308236,382.05692541640667,44.87239341251983,87.81258626758218
474.98813516719014,381.66510444549965,42.96454983059824,87.7531839879951
479.23277974790244,380.1237082816601,41.470227652968745,87.9084872733921
482.4500386881031,378.65064155217027,40.62806788490261,87.70761827379931
485.1606982044007,377.60479067193324,40.00173796134675,87.78202038217376
488.46291223789547,376.89760725420336,39.46062433222347,87.7067659360097
491.7890239672723,375.88581021925506,38.94051289968429,87.30520198207202
495.62751502847607,374.7328226910163,38.50685458022486,87.3004198783629
499.1229881960039,374.2735223384684,38.395099643789735,86.95484600288457
502.9061410911644,373.39879977525413,38.47764858598228,86.76484289189398
506.200320703314,372.6785393301257,38.25608251735321,86.6518427450491
510.8762511323492,371.88445207321803,37.95574868259827,86.50245650981047
514.8595550763761,370.25345515690793,37.75233297136326,86.53028324343164
518.3155761552391,369.81424310344113,37.60697629947697,86.51980850087799
521.5860875841112,368.25419431632014,37.45598954784252,86.53231849920742
525.7705737904663,367.23605422464607,37.547145919311944,86.80779975143383
529.2448754982939,366.38299547992693,37.31346970015935,87.29050007797689
533.2381483445656,364.83841099766613,37.28455082722657,87.88717183676417
536.4919681933482,363.6390833067093,37.28355633229833,88.39419215836745
540.1194889444671,362.55344684729386,37.11248442310849,88.98905371073572
543.8149652010748,361.7042012411074,37.051140827129586,89.30718634633402
547.3015310091681,359.903631140275,37.237019621251655,89.92376176680983
551.0031073809644,358.44279069920407,37.50681333075353,90.59491645914764
554.5439359329465,357.0317880449368,37.62478219572243,91.4356988997165
558.9822786007626,356.3490695515298,37.80281773869146,91.59443532309967
562.9288806672253,354.6313206988315,37.92530822399106,92.2656319668661
566.8782644417523,354.358801858321,38.14444915272028,92.48093436880379
570.4067466293568,353.1979556107599,38.29480451399202,93.09332849165736
574.6542188204618,352.6316446525477,38.127036225837244,93.26857333193269
579.1084834596943,351.4069352220378,38.23927129826322,93.50157178088888
582.9858770945825,351.0860745776473,38.03730471101233,94.04134275949929
587.2843366017007,350.5156793465624,37.926008102781886,94.43759831194379
591.3621773807781,350.57272897083135,37.74676363645458,94.76425788775437
595.5865770898977,349.8025746745301,37.645932319716756,94.86987707777668
599.9111758439966,348.95877699650123,37.83902855083784,95.16753980138805
604.1906965050704,348.1382436149438,37.772111786185356,95.89295488546395
608.628988259639,347.8000012661705,37.91358896125226,96.42913659710396
613.0535435682315,347.1114455877232,37.97008175288088,97.06502289019772
617.3913862100881,346.4025698768797,38.148982116750744,97.44133430181398
621.8148806130048,346.19297318975975,38.08698457526039,97.93715786606865
626.348641652289,346.572389853298,38.28816309636238,98.10150994710764
630.739750614068,345.8813344078478,38.28655144264086,98.07563765414719
635.6419272293824,345.71804565152524,37.97061583743914,97.79221258948743
640.2766801841519,346.2752681974587,38.07138256431388,97.87222085627083
645.3200112418378,346.9143397808533,38.07983801791176,97.92053065998627
650.1176187676157,347.0458482084055,38.37526894719095,97.53935191050081
655.0115436197832,345.79657559912823,38.64313861846624,96.18162633895527
659.4561207284645,345.1544806235715,38.4721717332571,94.29190924851915
663.7013556687705,345.93365695729386,38.247964860762835,92.90382146590387
669.2453639898671,346.25476489226116,37.803882468447526,91.94475171508697
674.3640646442291,348.22468365290894,37.42752604345149,91.15470400397217
678.89708372683,348.85338305951876,37.39007998792968,90.46465861816257
683.9144318911021,349.3503056212746,37.317591453574956,90.34717408987733
689.5232790704131,350.1101455154905,37.68954629539266,90.31574515307658
694.3684313021292,351.2624510111236,37.8721208602805,90.43153215871291
698.3406491025564,352.1880615714526,37.84892654284286,90.86270234779306
703.8226292877566,351.95567899192037,38.469060219988904,91.5051510539967
708.0504296851921,353.1307922080128,39.034960012581365,92.64914058708281
712.709957229354,353.64513795436244,39.485578271730645,93.90734770735958
718.5649001350256,353.7072771837182,40.275150773375906,94.71634292170567
723.391040152815,354.3437473409043,41.01013498950593,95.56821783293454
728.4101031403557,355.1281110495878,41.613876652058934,96.17658225249698
732.2529060756252,356.0341579932682,42.16621633816043,96.60127592273801
737.0138817576618,357.2109469866328,43.10626677462443,96.9135840997204
740.9067406829371,358.22772383240596,44.00016013012853,96.69885577228692
744.9219310215292,358.9885045231289,45.25172182049802,96.54168214146674
748.5946097090092,360.7075060711597,46.66436577305258,96.28561125632733
752.3710204667548,361.4794717606495,48.1350361169975,95.81107243926027
755.5838707782615,362.51193701184184,49.45892112249358,95.60938086757777
757.8124083733895,363.02322240796366,51.31829175972162,95.28471329121928
761.7399090504592,363.4748880878957,52.33848495514283,94.93582433705598
764.7268291326002,364.24268878387437,53.317763115140636,95.02266554820983
768.3855767112026,364.8137359728813,53.946827387104676,94.95903996978694
771.6724070321029,365.2791112102168,53.87688702881222,93.5915599745567
774.5574021251917,365.3573108363465,53.896549667036524,92.52608975366938
776.9578701296888,366.95924280655265,53.636605441184365,91.33384371219812
779.6000024995175,367.70532268404776,52.74179268211782,91.49178156577418
782.741482590295,368.87396358903567,51.61651444254877,92.12431238740542
784.8392886194035,369.5898420997069,50.780931366494215,93.10871404221041
786.0449569517049,369.05897717757995,49.74347866452288,94.18108864830984
787.1513990359243,369.06196753092894,48.59672239239277,95.88359318731652
787.8548007561136,367.56898083296807,47.17862287252022,97.36903967817837
787.1731894090065,367.7875628881128,46.09348941515378,98.51280425116992
786.3954066501792,367.486219239805,45.56095116159847,99.78964773675037
784.4269581353847,367.9595563768341,45.62029949657703,100.78167485391221
781.7280639347441,368.2462441367946,45.99108365591477,101.6865717720406
778.0819105538536,369.0771014571002,46.37456978857578,102.51632269997182
775.3980690620259,367.49357406247105,46.749702399153925,103.89627276339243
773.3601971499097,366.50811949581527,46.979905699857184,104.63933515502768
771.5870555609652,366.46569347560666,46.73674323908979,104.69334108955641
769.4304367963326,363.60279879557766,45.82856906333773,104.54735196145526
768.6178509461755,363.33157292705755,45.13997833727568,103.09223974032741
766.1049820796859,361.69389628411926,44.33099688919404,101.32128975395666
764.2871888496812,361.32637236507844,43.80694256017129,99.74991368952668
761.7590738399052,361.73116448050575,43.51594548316577,98.75823390122083
759.5540776919271,362.6913842983439,43.316102154427185,98.45610543230778
756.8084697920809,363.54558937491714,43.15622304063691,98.6613226652545
754.291450155919,363.2751670414706,43.44276237018108,98.94007658955951
750.418575223764,363.674429865877,43.797646908563294,98.99169198917814
747.8157392092651,364.64528507521953,44.192794950745,99.55397484327443
744.4107386806937,364.3221589740968,44.813265158430795,100.39814160118877
741.166036433128,364.5841312540123,45.17652715173111,100.95984903510933
737.8627945960252,364.0147781740894,45.269049987618985,101.19983755312467
733.9156569956045,364.48491396667526,45.804081318678826,101.05905463162624
729.4798196609272,364.2185350160163,46.15407801714724,100.8695213017889
724.8502123964524,364.588220459395,46.27157082063282,101.55129180106348
721.1925372094644,363.61779531609704,45.97271488052199,101.28569806261979
717.6669070204628,362.6866863130249,45.80375135486922,100.49233340236701
714.3148314260992,361.0853172643254,45.281370084337475,100.03253702443939
711.8090740580175,359.9643285338206,44.21792792657987,99.49786620244424
708.9343798082798,358.94878569458797,43.147907055632984,99.16595649478586
705.7342722926069,358.9015929078885,42.18586079166019,98.83379984568492
702.1204736898306,359.7154303592931,41.448325283894704,98.7127664500244
698.1157514213196,359.7570191119325,41.043449828851486,98.50801244182651
694.1689828968287,360.46498043883537,40.5478009723768,99.18295063167926
690.3665039016306,360.5610941271032,39.90682924475517,100.27670216845071
686.2783043093019,360.86120857308947,39.255527814483486,101.34050513969083
682.2438467836231,360.94690874603566,38.468730928890515,102.10544095350448
677.9366874196294,362.46640840958537,37.88616264058143,102.65717324719373
674.0211322076636,362.2986636661552,37.453675576109546,103.81420833494514
668.8467534485719,361.39563499233225,37.35350712230823,104.98806567992077
662.726742985735,360.20207658583547,37.65056158680043,106.22653971451763
657.257172680067,358.77464068891373,37.995333263505,107.68609156970152
652.8215581102131,357.4832583575387,37.440122164260174,108.5793790271751
648.5007378731688,355.69974486278727,36.576785412091574,109.50138147863777
643.3452359668319,353.2629928695298,36.168674921176596,110.09868183279796
638.5953598556944,351.4862204863305,35.66762796437422,110.03302732322604
633.7012714379032,349.83947718699574,35.36197087661675,109.27700773445665
627.9420196185697,348.4617330026076,35.56663651021799,107.62424100298273
623.2466845009507,347.1545834936445,35.48721969406437,105.48193534943063
619.080244116199,346.737416953864,35.712454475103335,103.4547657815917
615.9236658372524,347.22948148112624,35.64743625119715,102.20949667856337
612.0362700466851,347.9418420917062,35.97706458236224,101.41621544124823
609.6313422630218,347.2158656308736,36.843265374069404,101.30253375464461
606.9349885712518,347.47099673300056,37.75880133655854,101.47123294660804
604.39276687535,347.9483612561662,39.00952070645026,101.80103358625092
601.1846297846954,347.96648547390106,41.1455486299777,102.16880310584598
599.6247751975773,348.9604050827012,43.13157424193524,103.32082809455989
597.1673518657575,348.48700800012875,45.41835341213585,104.65438043817724
597.1750608316969,347.8545749365463,47.48924801268201,106.08793140554437
595.8000144353495,346.66264082504756,49.00440266069309,107.82665266256146
595.044086252774,344.45171996454627,50.16416491201722,109.32156896280291
593.699593181578,342.5156778313509,51.03320953371821,110.71038329930775
593.5535893275829,341.10295452876386,50.929561639491894,111.35532748977845
591.8792111498443,338.62059733362634,50.38554484357124,111.6307337135496
592.3231463631994,338.3450864436833,49.41955596592145,110.2119012577866
590.6997251233441,335.9015714358885,48.04499761250203,108.84755082980314
591.3459067878528,333.39535295750795,46.286655839862235,104.9217782528728
590.4122202187513,334.1171064810953,44.769335355476095,101.91133220938323
589.0502070931202,334.8505692059035,43.74911107077341,101.56979192498119
589.3456037348615,334.61713405994936,42.85038824164977,101.60128745030133
587.0935240539311,332.8100126082618,42.50503693380227,102.35343905080478
585.7441260577023,332.24654293324824,42.336252274023174,103.64659891679835
583.8360418776662,330.5875445474918,42.24022805101126,105.0840094217936
582.2380021901768,329.32108092450164,42.43114637900824,106.37477658591041
579.880098347295,327.98408993187485,42.92733288328368,107.8230665373964
577.2936692183793,327.40456976677274,43.180775667177244,109.33485043363675
575.624965639013,325.19575622324817,43.66669375883212,110.65311490891528
572.3367003430668,322.67765193846344,44.307857243333025,111.8588080938107
568.9842188339438,320.41814906850834,45.06565286503362,112.79328181124467
564.6608926963202,318.38458399730257,45.52174384572518,113.65481526824675
562.5777092821448,316.3079301508629,45.98330839937185,114.59809407433103
559.4035277632815,313.7401419167929,45.667205056025445,114.96486980699737
558.1544942416784,311.16024406573945,45.222918135379714,113.87368084037256
555.77271131211,308.28208967253875,44.78033584693365,111.39752197540678
553.9112603337863,306.0070549179862,44.04702194512147,108.25709551664693
552.7333021600524,303.0500909327219,43.15161125477812,105.8006678810964
550.5484148075836,301.6348213659538,41.87554436120501,104.22359898240593
548.5015165361821,300.9389075584612,40.920803172837296,104.61111038664438
545.6955106366147,299.7438666179843,40.33353184895576,104.71435635870856
543.9760651897901,298.45927475577355,39.951774787664164,105.19061453457648
541.7556247627257,297.0612189608887,39.909750253914666,105.99893577820052
538.2821750676441,296.0660429990932,40.090403325260645,107.46036413068177
536.910811349152,293.82528327675305,40.08786337103984,109.03439379875076
534.7203427587897,292.04009550678677,40.2424058984442,110.12563072593613
531.9709389155362,289.5215350468521,40.43545796971685,110.87381836867543
528.8626444987771,288.004824708775,40.76134169459261,111.42628654353263
526.8234332172717,285.2641995034712,40.92181219690375,111.05559012339069
524.135178430642,283.169536352219,41.0491009220797,110.89646195049222
522.0066881051123,279.1125965297241,40.91092995799632,109.3143004883043
519.2848814753951,276.5862838985503,40.427257546196586,107.62528756705825
516.913059162927,272.97656144318694,39.94330827235957,104.7281591440446
514.5803650003018,271.975090977766,39.76415409425314,102.605914585232
512.3083645304067,270.6308687369494,39.90573117540059,101.39221201219286
509.5493185073958,269.5146480959855,40.22453342268588,101.94008596185304
507.5367185135087,267.8096740083116,40.252627812010424,102.59060921235024
504.66402400152526,266.7667849045565,40.52378606968091,103.6359835769344
503.5500525709598,265.18113866508565,40.5055712846326,104.48428897625577
500.8896478796881,263.0741333487464,40.74365037390211,105.68726106714054
498.4112194133228,260.71792523905776,40.76103033977483,106.74536682165879
495.7080379764372,258.37287322442035,40.71765041950913,107.83213237093793
493.8971213886829,255.86069347158488,40.44752035153332,108.8054936657018
491.1665168824491,252.85114603260703,40.56741647871641,109.65342260051176
489.8092851493684,250.4312515146396,40.465751214103854,110.01881302347057
487.03631740848147,247.0956601708849,40.588089836899435,109.90937799705173
486.19096455495094,243.92794951598134,40.48446876173392,109.06380145834812
483.9077310169974,240.24855940151292,40.453811737909675,107.81059361965796
480.9208675613597,235.0301401550634,40.15037371311932,105.07597482190764
479.38865422555745,233.1569278379591,40.14462354489535,102.56217511377002
477.22457817731816,231.71294870319633,39.84064883320736,101.2540169358468
474.27979040738325,230.60973404493257,39.79023289892564,101.96082879498454
472.99622624682956,228.3670440550369,39.66276945939758,102.71170002195296
471.0067404303411,226.82620936243381,39.57209091918733,103.67875921199928
469.27768710705084,224.91449205294833,39.377237742159394,104.44945492601718
467.48397817239356,223.50401478424328,39.14055726285639,105.58523475982926
465.75185376381387,221.50945985405409,38.82820214286676,106.54631970832719
463.39913115634823,219.08736352982112,38.72939568696061,107.66015327933948
461.73890670614537,215.86614721570527,38.496752822916335,108.28294956266153
459.6954979185089,212.21436538567548,38.376076616145674,108.66423338797384
457.38764503821227,209.51446851107275,38.289351174804196,108.9382694429349
455.0036714378295,207.43967000034615,38.42541904588835,109.51069728447169
453.44708277200283,203.87311240275528,38.44497917669023,109.18814689127451
452.16484542494686,200.8289432176697,38.41654215052636,107.93975764227457
450.45482248410406,197.29943601640895,38.248418934311545,106.01049460949334
447.6754040529557,194.63200114239942,38.20944695871765,103.04202535299575
446.30344593050916,192.43221549042534,38.32291462382255,100.34839788069884
444.04408196452425,191.22071860102108,38.68670576532597,98.81784370494802
442.925375935391,190.01881462379913,39.08124055480133,97.71872697868207
441.61664918557807,188.84362575839316,39.56210667306426,97.91026810632935
439.98933341779616,187.93813204564452,40.159126361704274,98.48606025270522
438.24023907081136,186.9718500599892,40.66886643583134,99.0936036723343
436.70022813796004,184.57899647336495,40.31783466307573,99.98444247171201
435.2952054966773,182.04296928008392,39.64176782787385,100.85465741125253
434.72540888935197,180.74957577815263,38.76576846745131,101.34317852880835
433.974866468568,178.10849821500477,37.94026157890139,101.28287254594275
433.04943740348904,175.7176677134547,36.96029557232527,101.31453068801994
431.31798298981795,173.36315736357056,35.847003437600875,100.74102870941294
430.11612242331273,169.9042337804234,34.72676684127169,99.47122614883962
428.3205987630439,167.1608525373968,33.4791234040579,96.82888592798362
426.2581021854412,165.3726074903337,32.507962823148716,95.10511357093795
425.1196942643455,163.91583874093936,32.00052864435929,95.21630937012642
423.0172862123957,161.11948931244544,31.355816912413093,95.35744391513305
421.0698336403734,160.41867713865975,30.850340491363543,95.68731106532437
419.48611109812407,159.54953060183468,30.683849599833835,96.66954788983281
417.80171552281746,157.95239438320098,30.89103038553306,97.22970248537962
415.9396430114768,156.1628805834119,31.33835236439119,97.94081755405874
414.57760073393763,154.47695266669228,31.80278001334164,98.6258850669566
413.68471546083975,151.7157839669959,32.33625947620142,99.41891433799245
412.837969258028,149.80605682281265,32.49929319308893,100.2009078223733
411.70488845078114,148.53391022441815,32.576612510982415,100.67554703127783
411.10583759195043,145.4471948664367,32.1197633714813,100.48123759297438
412.17883841362936,142.6711527399076,31.481557658032166,99.9604029541258
412.45003198113636,140.50473586458793,31.117896123260792,98.23074433415968
412.15359360171914,138.37402028166065,30.742087433925587,96.14807979307454
412.6990685172623,136.64035808791704,30.622819912943704,93.80508428004904
412.0452496593892,134.78687468630412,30.80829016061888,91.60796687764746
413.04148860495405,133.38074822677092,31.104526916782262,90.21988190990356
412.08428788980603,132.81369798359023,31.293459353891315,89.53482479586212
413.32014043817065,131.2169933677415,32.23269991107745,88.79970214241244
413.65100911970256,130.28215090057978,33.39643311476326,88.33142659509227
413.33061820294984,129.96432153445258,34.3961455062349,88.1893534915045
410.9694312309911,129.06771175949257,34.582644129717806,88.72879088829492
411.02798480416067,128.25613112078452,34.40594440109325,88.61597475444088
410.54503345671964,127.22628344306825,33.9122247128577,88.00892087090554
411.15733294598476,125.64214418916575,33.26380231809435,86.41867400715904
411.0320720920965,123.57110730224416,32.16752405619779,84.84754864236086
411.77093785554547,121.79216430371905,30.896821007683812,85.1253857922126
411.6654576984671,120.29671110410351,29.649287612276304,86.22331459611439
411.60107820098904,117.57363702605069,28.901858984685333,87.67920215117633
410.97717753228835,115.3649642524247,28.93434033097496,88.69076189940182
411.2357851635305,112.9451927642899,29.454649887864626,89.87422296076969
411.7192432118492,111.99131503923726,30.50075835978505,90.83059267440952
411.58775148331017,110.5360914493803,32.70463677822016,91.20310340507254
411.54216433376166,109.90771071699001,35.05644240017796,91.16461433484181
411.53369101237206,109.78922201122793,36.734367598636474,91.31890913680785
410.80815248604785,109.15880082261357,37.38353943649843,91.96247669323199
410.997676391844,107.70788215546982,37.179539499356835,92.0400096852496
