328.5,261.5,39,77
336.2587776163373,260.63521645316393,40.30611229357056,74.64505509835656
341.8240226478035,260.3812524611346,41.603387123216315,71.9162544142024
346.87552233172346,260.38091958735436,43.28756579492716,68.92537281564768
350.9596840646858,261.2469535504135,44.24023594319918,67.37056971403915
355.8171332612029,260.9341105738215,44.73995527935199,66.68423047782333
360.6059102156883,263.8171837461744,44.50685613570103,67.39409779354843
364.98406184086184,263.7820339068496,44.361344091713796,67.10060970192667
369.39039018425564,263.3655191478916,44.334054416950124,67.01290749653423
372.78464925740485,263.06539720929294,44.31110452702985,67.02093732582276
375.6641424339509,260.75082706293074,44.293526998858496,67.00579480070661
429.51007827963355,262.0137443941795,44.43174869128218,66.5126001185251
433.84286667199854,260.9667017373536,44.650853608212394,65.85741594670336
367.3776116665432,232.4686253028721,45.94072336033397,63.58338525243391
371.73741089738905,232.88525410649262,46.80935026332742,61.866686018167286
375.64990389195805,231.77923388186107,47.03616214101063,61.12157267028071
375.4429640725105,230.47908382072742,46.81646347942965,60.54109977275738
382.52765066043327,231.05312935691217,46.70445953576185,60.39737223722262
384.7813982374511,231.08015997434902,46.384994624646055,60.27831892470027
392.4297260689277,231.32647444229417,45.90581523427594,60.31975916929857
393.985195979441,230.24281273886442,45.69846561558089,60.25030264795069
401.22114623051317,229.4243225462858,45.584769001376046,60.23540837166232
402.62839124555967,227.35788915155106,45.541816513626166,60.22095441375625
410.3955516812423,231.71030124880483,45.3618695741456,60.2234428031721
410.5330202495588,228.99130799340816,45.33675883898477,60.1743105929571
417.98924840424473,226.03762089920582,45.32235855988633,60.15252990846752
423.92041335395453,279.40657545340997,44.10513306873091,61.7005857658795
428.98722271120346,280.15504810381674,43.72738612699918,62.27792239598947
434.19809503340275,277.517065541728,43.595022509822236,62.48432889971401
429.62922256777745,276.75500660439985,43.044996597567014,63.14841940153325
442.2994065197541,333.0997413505882,40.677094208750425,65.33665071482059
448.1657429497424,332.78473559657596,38.8892713167303,67.33743720720484
448.3575766320884,338.586899643189,36.90240244351625,68.92063677053403
442.67126513185457,355.43443930378027,38.11504467005814,67.324213150035
443.16561450300003,352.7124494709429,38.942378337435265,68.51002888672414
444.5505997701058,349.90359741562867,39.74267977206521,69.01915956061556
447.3638340936749,349.9497435354832,39.66438502934608,69.79454757250483
451.89936306374335,347.013739346959,39.40875486936041,72.9535690034472
454.7224652706117,347.98438662862554,38.92952404647459,75.08112495738712
458.1440494027164,349.9861939296451,39.056900597328706,75.84756946408214
463.66285508039374,350.4162130051467,39.43295310610977,76.59009481348338
464.79173708362345,351.0595962494646,39.16635294948098,77.21902005820782
470.50815271356566,348.976238994858,39.254493941488555,79.6965738628083
471.36585141366123,350.99989433367637,38.865785546195504,80.8817065178437
473.4427913125442,352.00683078272755,38.17484358030825,81.44661427083378
474.7766275702474,349.3684444869424,37.78036204009109,82.45360670340753
479.3557294999181,348.092288380342,38.45887006429459,82.2797760333076
479.56472635704404,350.6590087466585,39.81889947378386,80.65511220382703
482.7746459728669,349.5235046789836,39.94278048749952,82.33516222073803
485.0273072911866,346.24606364907186,40.30176954595889,84.96069962647839
493.4775363911095,343.10089365109286,42.145490118085824,83.53565227807604
494.75048693202666,343.8643560024193,44.278461621548075,82.16571998107605
496.4966180555222,346.088279719336,45.64577989137216,81.7514485589004
511.2607003195264,349.26806434504704,46.78527321553666,78.83353637382358
517.2370282994186,348.84698148828727,47.554859611098884,76.13986610597408
514.9973694659478,353.30471186141267,48.32733056402075,74.98289067695353
483.9615126701161,361.45894180151777,49.45381557902392,74.20618624413098
492.1860873242023,361.8313429909664,51.90437406504117,72.48266731297619
492.83711951163184,365.09318559876067,53.01858519143321,71.1741357915405
494.7453812341992,367.71429652597146,53.899748418509155,69.78670581677288
502.41140730221196,366.1936555611924,52.28953809461743,68.93952973279644
503.87647102788225,368.41547287155055,49.44687115370962,69.60925885490845
501.8559577443494,369.6798927178622,47.54483970685926,70.13345275260198
503.43652939214104,369.0929684444522,45.59241435351382,72.00997533067957
505.2777193379064,369.16973303391455,44.25683192826124,73.07596719743964
509.0706236147778,369.8807523772605,43.000679021796216,74.72930311401939
512.2835114918474,369.02636987174054,42.42727019194287,75.98068735342228
522.0177626272967,344.6778923214081,42.57076743276302,77.26031457322782
522.8004558690668,348.5788480086617,43.08080967351189,77.70394286394273
525.8626476601304,347.72553385522457,43.431192345809734,78.16134972668699
526.6380275310541,354.96378529059433,43.84572493851871,77.92033860857207
511.33496089279544,380.33932086265463,44.680179290475586,77.67233448105303
519.1944250071216,377.87542862317343,44.904580872919574,77.95648559438432
518.3756016037156,375.92115107590064,46.28239461207593,78.49340549033667
524.7745525147894,374.2370192709952,46.527398597423286,79.20951107822079
522.4475920809812,376.0340917855191,46.886433829663986,79.67107779538878
527.5956911668932,370.63869998359854,47.28840155139449,79.40431669097792
525.0580692984174,374.7503970898147,47.71010467707909,79.709406823028
529.5141579589312,377.15618064407926,48.31100509195254,78.57965963027037
528.9040965763274,387.2522419152326,46.83298294444001,80.3264141936765
524.5842561997733,390.33047581722735,46.30907326633492,80.87321920920613
527.5927854045283,397.14694221482824,46.04813077021626,80.48324925122357
529.0664416741463,398.2692173849701,46.61150582062564,79.93678326534052
522.5807560533842,399.5065970916598,47.65336694557251,78.70474815139198
515.7141205872617,397.45293848526535,47.831688117380466,78.95101118212818
520.8191599601064,389.03609085069655,47.300322216539726,80.57118449386837
526.0358736470092,388.7610010510756,47.31485283528797,81.28827514378753
518.0332129960393,401.0704486242281,47.12690822231077,81.45104579948458
519.0224923603619,396.71572194681585,46.31252536169985,82.56601625559682
519.7132651707489,339.4902964809504,47.73841096193434,80.75061657697623
527.4940964470742,337.84786924716065,48.35429967881484,78.52003820993049
518.8390598811525,330.4070272113371,49.80554808073889,76.47159036934612
526.3430004935775,333.74062828564763,50.76017887218509,74.32942407887934
533.2799808508402,340.0801346535592,50.49516400421747,73.84167072721148
537.2875277085357,338.27709789500585,49.67009561841644,74.71301710007685
537.9767000033936,339.38265395856797,49.4171000735002,75.04998708621862
539.2552533943467,339.42304566250397,49.8005932099595,76.04286059496496
539.3031310618942,339.0716235894154,49.97500769922634,77.48247823204785
538.3799038943305,329.74365564922596,50.33840238965476,78.73749705920406
538.301259960463,328.83840613618224,50.99271914466159,79.21384982407629
539.2857056848737,343.25513236511864,49.036378092684906,83.0649829374926
538.4510294346684,353.4331607491124,47.65438238371447,89.10319229804503
536.5932501969461,351.7180668805786,47.24395905145021,93.27332502956233
535.2503905911057,334.3779510917079,47.84000760501952,94.0388608675576
533.1695294909854,338.3147254086006,48.59616859653512,93.85142702182756
535.5687960692824,334.5336906449162,50.285688284942374,92.5570388389304
531.6074615740737,341.48479143638724,51.41562265240435,91.6427933030463
531.625916215907,350.53086475810863,53.296445249879426,94.31264197515534
526.6256112714901,349.0606387519256,53.43574894822242,95.91154113393715
527.9671425842987,346.1429337153696,53.86787158337805,96.03998719108841
522.5898003225142,350.5041070328491,52.524566070936274,97.2780821454849
525.4164284789862,346.8886156722881,51.18094205932282,98.89886303097452
525.1821918660604,354.73893904148895,49.50211337286677,104.1719997856149
525.9829285824417,350.2763597689931,47.97836999227718,107.11550750129139
524.5394399557795,355.83215554018983,47.09375105228801,109.19177072574358
524.9868181147278,355.103614613997,46.62554616580876,111.87944423290669
523.0049357009993,355.0269762823277,47.39808093459574,114.03384623193872
520.1352167843813,354.0995164622205,48.93262136411474,114.84946221176044
519.3328090048899,350.7577367018169,49.77172847659503,115.27484445214154
519.0391395258529,349.6369400505978,50.33594143413052,115.59255562777166
518.4969406924936,345.59376783472464,50.77938716937254,115.7296798790064
511.01999369308396,351.8617277349503,51.30104926511556,116.35875717938522
513.2723602086703,346.42933941760907,51.91487940914428,117.13817328702909
513.9101041868834,351.0843169162313,52.75938108627837,116.78753454344674
514.8908602685967,341.7176546455754,53.456982091568065,117.02845223966568
513.7305074872245,342.12463070915203,54.51985763054691,116.26262238068259
513.7201213379298,338.17570908161474,54.94097832424555,115.77588311622596
513.0034423789165,334.66047870902264,54.99787318666153,115.22742206651874
513.5859341541365,331.75856412481204,54.85702939814636,115.15522317402693
514.3827129739058,331.89050501479545,54.558561718705896,115.53618628370084
514.3636320428669,331.10134874285933,54.01185312313437,116.14379784834034
513.6315277784257,331.8760705342454,53.43856127054702,116.53556453549615
513.531576015824,326.6841019222519,52.51160691897276,117.35596225447831
514.4328490460919,325.0424984684279,52.02065391416215,117.16895908674796
517.3171654684024,322.16614687048775,50.80288195134656,117.34202570883664
519.8339281994639,320.0152531850397,50.91236758236316,116.0226516188564
519.7666942893713,317.9393799462653,52.64672360807654,114.33347049554443
519.3640236777387,315.7277398652933,53.712066907967625,113.51036412947332
521.3677280028631,314.55234384781835,54.057188260312806,113.31432407976754
522.4046071652018,311.30485922662785,54.59161427325148,112.8640509172108
523.8758221546643,312.19961220580893,55.166950054748185,113.18364720799413
525.9682891355573,307.6175669539829,55.30542326611898,112.00472585556707
527.8434477840826,309.30863625175516,54.8460860697,111.09821635128537
528.9614769233684,305.2172784964108,54.19214594470064,109.65777531442768
529.9361178855395,306.59171824712337,53.37520528603684,108.37981506444453
531.5770296059134,302.457045644276,51.9990582101878,107.11328590337905
525.7895223188214,308.35773413791526,51.76848596949134,107.38782520638367
528.9005731395464,305.2553146576615,50.302001946602154,108.52737085481851
530.4818578293235,303.28933158911883,48.691011207985554,109.59341978609326
530.6954689819281,302.6908215903505,48.270976221299065,109.81266587882949
527.7845581617072,302.42898094366905,49.97190724437026,108.92458338492284
528.6024639196546,299.6590609967813,50.87738148172544,108.3215943373531
524.1371199489336,300.0320157373849,51.83132429453601,109.15157408592043
525.4329942726852,299.1702923730437,53.74633433691326,109.63289911813058
526.6385781834,296.84258195908285,55.324608863963704,110.4168809659497
528.7846727064343,291.31650583013726,56.13573707863735,110.83590696499084
526.3460600779049,287.9237746749261,56.45095490848057,110.77145710881773
529.1808457299992,283.04380902839904,56.67000827241333,110.42844974983328
529.6546470888671,284.3605089806958,56.85321057024136,110.73638194706166
530.531808973188,279.46147462689254,56.84431035697356,110.30137169806416
525.531818387931,283.70991911885375,56.87922938606914,110.10668589254753
528.7689228905003,278.578026230958,56.51753392310599,109.72574586877846
529.8360626846605,273.33825282132796,56.123280331947406,109.81353090825334
524.1164800125495,277.7164867108062,55.98721412404563,109.65885546480722
528.3036295971436,272.0290544618514,55.3288988225024,109.50629705774847
531.2933096001977,273.10151698604744,53.53417540925916,109.5086829815701
534.8892918975932,269.0641351172255,51.17868284892255,108.20535967545189
537.0973074540153,271.32212964013405,49.162648732004406,106.6574935887717
537.2100349501845,267.92271362348515,48.953625030322144,104.19626817272871
536.7940361875714,270.4310246090423,49.556920278603535,101.81544394064329
537.484330951103,267.9472116319414,50.022880143286784,100.1801922779628
533.2406727622675,269.4961752950926,49.36411650386768,99.1823375739596
538.5507121677201,266.7017443825596,48.79991251748649,98.16228740790618
539.4744045689722,268.1605534249764,49.516673756852555,96.34106910716073
540.7464801582877,268.3464715058914,49.720082602483046,95.35387363899525
537.004848290652,267.64770140222424,49.00534256883338,95.29363193543332
539.2288869701061,267.1585502420273,48.62611572719817,94.80852697776625
535.8341097145693,266.5211797137508,47.72665961815457,94.773278939585
539.0167336687028,265.3134882873852,46.721664090258685,95.1188077712439
539.3660066554683,265.4100572983391,45.65374443756678,96.27351756866435
539.6384306222774,264.25911111420686,44.36304564287599,97.09465639593614
540.2796858572028,261.21903245677447,42.971991747226724,97.10335727845842
540.0203747205552,260.6673635738719,42.72850140302913,96.6067348363243
541.0260583301888,259.3240573696848,43.25178045642141,95.30936754270272
544.5267767833503,258.8721341265742,44.0241491683844,95.43852655991823
539.8844254903148,259.1458403104905,45.14483598449702,94.42727230675746
541.1162088666897,257.5840579215749,46.78933340639926,93.57807187729793
537.9249047820059,262.35777426262115,49.130352315665576,92.51416828608686
541.2501886923293,258.8845373877246,50.552934176110064,92.66220587102399
540.6141580774223,257.951977456235,52.21012700344284,92.35595999608817
540.5545259723167,256.9407075708492,53.36406347393862,92.35549475816214
540.1647273449364,254.96876393430344,53.73865002847326,92.18268805771248
539.0506355513338,257.5403535512365,54.358963752168314,91.59017086455688
543.1797533639809,251.02949446366202,52.298707577100075,92.39063564462519
545.2045926130995,248.89995800493665,50.71404782809986,93.84302239912736
547.048140915588,244.27239169769817,50.005778222787214,94.10689162401691
548.1641772683535,245.30719759250624,48.71569893261192,94.61933587993298
550.3631238960543,242.69444218538874,46.24384918764735,96.10518166273488
552.9415470133182,241.6474414400997,42.96984465939549,97.18452696720915
555.1131669640046,240.16183990744537,40.933071099041435,97.90108897645703
556.0302610414998,238.54300738781993,40.32026270097844,97.85231841161244
552.5508866365393,240.68507623633076,40.844671033909705,96.94060674761077
555.2326079386816,240.59518043455364,41.69666011984114,95.90632230898971
553.9397331601497,241.71445415215695,42.771090635652754,95.34150000195696
556.4333874372707,240.76392873855673,43.50126893977884,95.27883503745514
557.8419367599236,239.8250127685522,43.96328859395729,94.64518974548483
558.4008874875551,238.5491892902629,44.24110213693932,93.97884916467939
559.108506455389,237.38065779329227,44.108075981819525,93.83987775577333
559.4200442500678,235.76958950097708,43.45578396138088,94.27944946193998
560.4802172912563,234.4249958535076,42.22776000205458,95.44983602140533
560.839470882368,232.3052212580321,40.66841397028651,97.19432929843111
560.4424503699094,228.06297075740432,39.10686560540283,100.27115455658368
559.8672616286788,225.68033497783028,38.77316980657592,102.24281745026543
558.1443498517519,225.75620770146708,40.02117150488458,102.80930964146535
555.3049590926579,226.6970727987208,42.37044495689513,101.66914008490878
551.792078808154,226.56566078445468,44.90066967537804,100.07062621327933
549.1738155291702,227.40486133434388,47.45982854612035,98.33090531154448
548.1346720898003,228.26412777873676,50.185915155161055,96.97207980806031
549.3675497946676,229.19584692158253,51.855284428806556,96.79167868419586
550.8461645913139,227.88781510275362,52.37928580971126,97.57925969398505
551.8430576646676,226.21099521907234,52.626864857324634,98.45139406736565
553.5510198154013,224.4150634572522,52.22392840795383,99.20828139471692
554.4630486217319,221.4647452067781,51.330560070557326,100.2266351617478
556.421553998334,218.41157144064363,50.465947045319254,100.68828502784858
558.6986163576344,217.42105869609134,49.377467401563095,101.34693748438323
562.4540149347032,215.23848685694662,47.98206197868754,102.4174098655993
565.5982389661536,211.4713406543533,46.84843435798639,103.94695297269028
569.6859820435793,208.74599144180925,45.92458327775052,105.12912436683352
574.2806167383119,206.39572065022352,44.829506393168224,107.18306999510999
577.3420800475544,204.176358162551,43.76988038427186,108.9184499101065
581.3939044594757,202.11613418787005,43.02344410391673,109.5901824110889
585.7912152697562,199.70617886373475,42.38812900953991,109.38572763424963
589.6779084137283,197.09035790316767,41.69797274021134,109.1501196850835
592.5200254231538,200.3069732001138,41.04801854466352,108.7036158520555
600.0727305530486,198.96383396757636,40.37010424129494,108.29761178348475
602.2386362801846,194.3124379839563,40.096522710271245,108.49989029247291
605.359602873946,192.37980333676876,39.921566546826966,108.50218112844342
608.3928236836846,191.5409173106539,40.098754859753186,108.65148087632902
612.0883086187632,190.27457820270325,40.17914567303704,108.58757906369632
620.3820868606877,189.47909805591462,39.51434061588494,109.23551674851657
624.3118895768977,188.4079202185988,39.35463724111265,110.26129789731507
629.0146127843111,186.08560301216286,39.219113082755456,111.36606610115683
633.9528093931552,184.25575723366111,39.16065962336804,112.87704716888726
638.6361512120202,183.50438204128722,39.29518524467119,113.8782044406895
644.1778083330094,183.3226766794171,39.80267987110118,114.49372916236598
649.4766320540539,182.26614825537195,40.317541202815896,114.56800961275124
654.5658972015658,181.55695598595128,41.10586977162248,114.07468520059614
659.9019827213425,180.40219959108288,41.443984109571524,113.24908355895174
665.5598110197188,180.37326038463948,41.81952586181798,112.11258431108718
674.630004833818,178.86822290343528,42.01873212094881,110.87363583599556
678.2801185782712,178.1607116672315,41.93931599907734,109.04893414916239
685.1932873890031,180.99332664785186,42.14449159172477,106.34842419867914
691.0659551844477,181.62807148048606,41.87861099503716,104.92576734524316
695.3368195635595,180.91098678483013,41.69937956652558,104.60273017737383
699.7428994450981,182.08980119442336,41.896031754131755,103.6154154794337
703.5909598631733,181.1500772348325,42.04930857728321,103.15535057360319
706.713310572304,181.21383213060307,42.146167045954385,103.1559401341834
709.8811276065885,181.0726673311455,42.162783553404566,103.45963119400781
713.1925222331109,180.98981979955346,42.26993090009112,103.68261725454805
715.8309189145338,179.69814622321582,42.432139574293885,103.68742288996569
718.9757578452418,177.2861598353644,42.41859906486763,103.30657407905963
721.0207528719873,177.54124642222578,42.29895188590361,102.67686628618429
723.7155874258823,175.91854977417523,41.95877322992631,101.73621536612941
725.0055760311077,177.58870069734616,41.880385317723785,100.98843113415214
726.3617688619104,176.19023298062982,41.76035133115181,100.03972128293213
726.8888429745446,176.03053426481983,41.5476771025227,99.43097026608484
728.3595514474758,175.4150991761651,41.19425020220774,98.79378128506909
729.3213010791911,174.83611895849825,40.725732742671156,99.04620643969832
729.6843555949722,174.22170887190305,40.50686186075197,99.87307926357883
729.9946655518527,174.84792688202714,40.40574607687771,100.55632422878139
730.0274598697193,173.9054770205725,40.430128119235356,101.12258884560391
731.1720715267184,174.07784621339025,41.310468813950166,101.49613441125092
730.9453365055873,174.11822990631953,41.67135384389544,102.19711919452462
731.2234430085125,173.39742670345336,42.08331267299079,102.73002048493862
731.3617228690442,173.5364227970528,42.19082614976895,103.36810537512851
732.5490976552627,172.62726377221765,42.17979723277339,104.28407621772942
732.7667004855921,171.03192831276328,42.36728195173423,104.67522116045708
734.0125103724063,170.69977744059094,42.14785131842574,106.28170771067184
734.7658890564074,169.30880362484928,42.02571342483424,106.8655066147382
735.3354898074913,168.46367638663563,41.772788585016244,107.26897298520085
735.8110175460599,167.0305374162367,41.60035299332366,107.6731199025917
736.3710365619728,165.2659506948394,41.64587461096538,107.2752320260351
737.562770159441,164.644131739934,41.26849138133039,106.98282426533656
738.3898977060132,163.01069351822855,40.9620012570581,106.23057906186634
738.8513997881574,162.1036085808378,40.732828834579514,105.09822479342887
738.7768663018832,166.28454400948146,40.4820421007682,103.75852066511493
738.9724207880167,165.6661769778752,40.28727509012344,102.99825963688913
739.0718868981222,166.4007559157716,40.314308101569495,101.9761817474302
739.6044044186706,167.6543992611467,40.55905723443816,100.83011291308719
739.9973719826155,169.3300504671503,40.958441411014476,99.9054276466183
739.8772541906719,169.99875485409308,41.35360466585735,99.37550457238636
739.2682298963206,170.6519816260404,41.94530601077421,98.92457533002066
739.8007288726329,169.5393194931696,42.1423257850477,98.49362074711424
742.1069597105204,168.03819008642395,41.585401333088534,98.15278950323246
744.65474617747,166.4552798581707,40.732606700428455,98.1917712756569
745.5148756917372,166.87633028045497,40.22112903347399,98.32985719151392
746.2331922117667,165.8446805786871,39.854074760237836,98.24378973942834
746.0478826147337,167.89095791798988,40.13949710161978,97.78806705964786
746.7494775763814,166.52365806568199,40.089848314112345,97.5354550600095
747.1113334156155,166.37687595178258,39.651575769288264,97.74878955839432
747.9128367802643,166.7106202251904,39.29883678405489,98.4239449877902
748.2130639909126,166.16148103966464,39.069280520116564,99.98991418430407
749.1159790525636,165.7124790104091,39.07303525284786,101.09130919874013
749.483091388086,165.62158675341476,39.181741733193114,102.18465317527611
748.7642144889015,166.36790106275623,39.219331523421445,103.13258847375324
748.5334283799197,166.0318353778535,39.291583010222155,104.57081959455434
748.4811362121503,166.10067942526646,39.14371160459385,106.30535749956056
748.4698487322216,164.52484933510215,38.98711881695374,108.04076399393796
748.8359110010304,163.25950673582076,38.846534794758995,109.59627601716576
748.7865388359529,162.92844218516325,38.83751051479417,110.50737239350431
749.063871599688,163.13386464453725,38.82355895321657,112.0368173297596
748.5058712344829,161.1754830936307,38.95281331283449,113.04773908101731
748.3666808436077,160.04826775722844,38.98966047243923,113.09378261736248
747.9815917670342,159.6528154759343,39.217419013178755,112.98905622425471
746.9139943045709,159.17447113019819,39.553307068598386,111.41004697871517
746.1478188790483,159.89114484444775,39.838425601719216,110.50508381849986
745.5164652018408,158.1717881629572,40.31230178176034,108.23765332543239
745.2796190636097,159.18178243672864,40.56415124771098,106.07887129451302
742.1708099141088,160.88173086937468,40.95569113179589,104.49708417996862
743.638923979434,162.35623830783524,41.221440254105616,103.18654555560336
741.1843975496523,163.93406948598584,41.79723353114946,102.54464495810643
743.855686012673,165.45749928117002,42.107264522893786,102.19104103065621
740.8379524428768,165.87684282349753,42.49724578449527,101.80735935333458
741.8077984889981,166.95872543618813,42.590013666541886,101.86084232932359
738.8154991110968,168.2734225125907,42.75106601273747,101.9121112853441
739.4968602264349,168.67740150314094,42.77373442136619,102.39613857760486
739.3620045022627,168.6728124317551,43.064747267764496,103.09843684233243
739.4932747608156,168.13827380817708,43.1059657891071,104.11129575222085
740.1123871404924,167.69602598837065,43.073389928831794,105.36373110245073
740.7392872033237,166.4610730243392,42.91305107826988,105.67761781969816
740.8575450424977,165.42785128966054,42.50907933927403,105.63195973418493
738.4263113829812,165.8068214852471,42.592718991070676,105.24398722087668
740.1212535835714,165.41297605662737,42.61091612141497,104.4820364689242
740.7070166775093,163.78480014698965,42.227101553869865,104.1097848297951
737.883076964672,164.02735384146672,42.115376048666754,103.22599979372717
739.7213627320427,161.7343342264159,41.888690597528196,103.2015901865485
739.7534024657426,165.0010016775766,41.73681482202826,102.88372369090438
739.572957934303,163.6576404176507,41.57035184986193,103.10604353512754
738.8987260588823,165.78666664131248,41.26264785511309,103.26106987274662
734.8714422763057,167.13855894425149,41.406187035103855,102.29800506209561
731.5872029158596,167.70115390715875,41.45839654899537,101.71559499916182
735.0143783970924,168.96185975693987,41.18328352445699,101.54575009113397
732.0204803423497,169.58502234044997,41.12201595138612,101.32074133322482
729.8974356342208,171.11540693780222,40.995783761961704,101.71302847396956
733.1671814733522,172.0624454043296,40.57066672130248,102.41983478638295
731.0088145521743,171.6964604115873,40.2986673674,102.64839234634944
732.2662069145834,168.3357357079158,39.36430969317203,105.0531350962828
729.4515311886104,171.4912829294523,39.544149617103066,105.32671501157773
731.357022878746,171.7942786997534,39.9374170493624,104.82883098565496
728.7341599378685,172.19375249195505,40.30408647741251,104.0577676107802
730.1574757165333,171.7084812459105,40.39762759235454,103.09042350714336
726.7256039744543,172.4559582980661,40.74080032150777,101.62596598894628
727.7811215742695,173.75566729669802,40.89084085696949,100.58630748932494
728.0667238950539,174.7155937614673,40.99041818542503,100.1119074883295
725.0348756670721,175.75144866876724,41.67018586560103,99.47397500603552
726.3199182169427,176.63089249431872,41.61432148042907,99.2030077584131
721.8496161562252,177.6310035318461,42.49007097997684,97.6544199711925
724.0318790318904,180.1044755261405,42.704628194497275,97.51340516656362
725.0773801637571,179.18945530281013,42.26653246781985,97.95063503010978
721.6006989112151,180.70243971167073,42.517840949161105,97.81104020912318
725.3210030529084,180.07514753871578,42.04600555395824,99.1483189216074
726.3800027168562,179.29224008333156,41.387763673305265,101.12335560075502
723.7991881292418,179.260956636159,41.3910013728567,102.15053801891528
726.37986481144,178.54297756280846,41.42033185016539,103.23494442425475
723.7582330981741,178.11485173253195,41.868032532556725,102.90280249197332
725.3295426766771,178.34350333428992,42.03510170524736,102.6028542095599
723.1518611695203,177.76740142596816,41.99881070497357,102.57427713859967
725.2632611069492,174.0464375764202,41.36023696155477,103.67490721120022
726.9250859407013,176.5803160878861,41.19449835629152,102.78214894849178
727.3989247607494,176.08519002047484,40.96394893341542,103.1221918352484
726.9213695490344,177.68282964938882,41.0407815782201,103.09514120367163
723.3070413972752,179.00715460352708,41.23792848232441,102.36252098709127
725.0239675562348,180.55451316843082,40.922908275763824,102.1787452196648
720.7289031073569,182.55347317850746,41.401193110714345,100.31876799049661
723.1327094424622,184.41378742397808,41.17630548856899,99.07860062016084
720.3564205365703,185.06576309562593,40.97184423022322,98.68122006906333
723.9485043490824,186.33053125831952,40.37297943494147,99.17660063095943
721.7355987810785,186.73416115185978,39.95159685299293,99.79854447337263
723.9982954570524,186.87615271862248,39.2856502650373,100.88358335160414
721.7508801888196,187.0228069531496,39.017810284535265,101.38591731810058
719.4820497010171,188.1011925901423,38.9165871926047,101.66034440265099
722.161176410255,185.99808296674314,38.43975581697552,103.00774607208722
721.64236729758,186.4045420077633,38.34479268913819,102.34858217965738
718.7493524875459,188.45699187745618,38.409884103487315,102.79730611657169
720.4579008870421,187.17116011813903,38.68296736774257,103.38398797913146
717.4247541089928,188.07776036955718,39.525865576245934,102.01426713346831
719.0631542664,190.7296370578554,40.192981582232385,101.58083884537285
716.6015114109423,190.9897824301436,40.87791594808557,101.30527696403573
717.2148665833348,193.56437524687044,41.63802403610832,101.31353199296609
712.824780695132,193.3690325829042,42.96418294172554,100.62107325218064
713.9708556271532,195.31364712668136,43.911365515198156,100.86099455525127
709.3188667017822,195.69615074959756,44.928487668308506,100.36112247844815
711.6444402342308,199.06264202892697,45.2550565724968,99.71072143986984
713.3223427391124,196.91540256727245,44.9791694704485,101.63686964609212
714.7014102613747,195.77960711692714,44.342433590123754,103.91212468364702
711.1374197621927,197.68760283005219,44.67294258836566,104.3511457696039
714.1369761952581,197.68604771419183,44.72212045175772,105.21525177082535
716.1157332096944,197.25837235303086,44.50402326057716,107.31213589177554
712.7320022159205,195.90715126358342,45.088517108476815,107.603915658027
715.2146534871293,194.54936015564894,45.73787816698062,108.61805610906441
711.3628904257055,195.79419336900156,46.33148712597959,108.68249734837482
713.7090126145365,194.07478009027923,47.06748972326258,109.133246265286
707.7536425917783,195.4094199257328,47.393855340983386,107.28717689339392
709.537967824095,196.09290757712114,47.44415667383548,106.05996201034363
710.8308849655245,196.89462457535964,46.815735349121596,106.26332301489657
711.5091673200375,197.7183117143146,46.33296227513222,106.7480943802209
706.1492736064757,198.47786697392252,46.0949345319676,106.20792601684312
708.3248766811199,201.76763016098337,46.07475589046117,104.62086513878462
709.3117465873262,203.22389996838498,46.00781539445487,104.53584899390633
712.4465002362309,203.7464463650035,45.86142125201041,104.60687379729556
707.256990313933,205.71028303961685,45.94181896525864,103.80329827216556
711.47998154157,205.904475805493,45.10349298886625,105.30648557347442
707.2930264159313,205.12756382627452,44.582863407074974,105.93175261281354
711.9239450325936,206.90092834113238,44.03308996311813,107.1409954916671
715.9558732500082,205.91884527525824,43.65338040939251,109.51629965132184
711.5384672986672,205.61037108513034,43.46321844275051,110.49656069322546
714.4951312712055,204.06449215541028,43.29780767296691,111.50846311061844
708.8992327723178,207.79324139363075,43.378805834987965,110.08877400612573
712.6788946357422,209.98967599065816,44.09174086668425,107.93405588552676
712.4317991810617,207.10130044928374,44.633444050280616,106.01305067783979
713.6028283459598,210.3894243074021,45.24177939724217,104.912241079584
713.279220693233,213.71738932244335,45.334430763124324,104.51258479599201
715.3417800109313,212.59522276739207,45.36057727207584,105.15897877245044
716.3385002094841,217.99890141923657,45.82610861378565,104.64292796442797
710.6499942661587,215.5065801980212,45.784265786996514,105.6667251748488
713.6665801409335,218.22790660094253,46.104100400361745,106.71130743828104
713.3384988715109,217.2046249139965,46.8609226449058,108.1370414683773
713.7542002316635,218.08523441073777,47.26578796811855,109.09814040893107
714.2203063494376,219.15788609757666,47.76921010718877,110.239716574743
713.5052175307217,220.4267856350558,49.07934510763009,110.5998106901686
712.2385862999881,222.40866654628428,50.64757195174576,110.31154330016102
711.5099176776237,223.38134282210865,52.172135330715165,110.12359114199833
711.1081423996387,224.84197423306614,53.43723403627078,109.1772507386777
710.7706662323512,223.11634984521814,54.555351851936365,107.72854757955923
710.1233217162389,223.64724452893608,55.24029806389804,106.01232370999857
715.5694638518079,223.44564484763904,54.84937182498678,104.70033528458299
715.1276140100052,220.2188694379063,53.6557673837598,103.60929420036194
715.4987995683845,217.23215087641478,52.653845755164426,103.13046319971829
715.8429190951554,223.15746588664877,51.67490200425198,102.59886680199203
715.9286901305373,227.26643708021624,51.298090894810855,100.9263755791027
717.0353229770275,227.8104790989329,50.63901238044243,101.0616674581504
718.571057195734,228.67941584897824,49.48844154606424,100.75473255955352
719.5169336377585,231.91299204440483,48.82742265268452,100.72635618493571
721.4313940338182,232.83908934312421,48.048836552566655,101.47066842152708
722.7008121646247,234.22536946242593,47.2986370945806,102.28966353990302
722.6676629698198,234.83031639395404,46.995767232437345,102.7529605089849
723.1371627459362,235.7870372189057,45.37515572503899,102.86917860715893
723.719450813367,236.45331920005304,44.316246339356695,102.53390835557286
724.4368037670889,238.19589519948417,43.272670789893475,101.73358606862466
724.6735390671113,239.3258687346034,42.87776969148724,100.4393480290144
723.9993572808872,237.1344536709957,43.63496283375191,100.37790468439756
723.9703932969269,241.59070665636543,43.10099367165992,99.46150056988978
724.4551031707086,239.6350341286381,42.73651272919984,98.81017873233904
724.4725314412104,239.66570257367468,42.590661715096445,99.45533665046293
725.5934034297454,242.69913530836766,42.325753108090446,99.94770293919461
725.4606581093961,242.6065657603734,42.37652986240862,100.2722837488739
727.4205665020805,245.06296856479082,42.47492825648329,100.01297678963621
726.3440679129682,246.5467774763855,43.22994736730993,99.94409305915926
725.1455231012927,248.5160134820743,44.428993763465016,100.21052798824186
723.565924621804,250.98108742183604,46.36807374951911,100.71672616279554
725.0222686849004,249.89345220185572,46.68985980545534,102.64042524550601
726.327181123967,250.5178907673725,46.7916092433469,104.58092876022438
727.3101433172305,247.43595657898254,46.2041843647239,106.50706949494497
726.7183557188853,241.30692881119083,45.705244297857,105.85578035737166
726.0050354694012,242.25141074688355,45.305749638286436,105.50276500092454
727.3091825750209,244.00297193909674,44.87554051577665,104.73318887351724
727.823960722157,247.75050566754445,44.460137547062125,103.06776228194776
728.1548196456696,238.50004920589356,43.626091794143875,104.21963612749076
727.5249351824242,235.6524880056743,43.58426312541981,104.57100280588335
721.6060749110969,229.55417838273937,44.846578547224766,103.09834199956815
724.2911736703015,230.56621394305046,44.99710770957107,102.9668221818558
726.9640000502767,232.28866228677356,45.08059837842314,102.98970226976971
729.0079281838207,242.11871005604996,44.98500089849032,103.12448282984971
730.3406468030711,231.80585936286377,45.16626885827767,102.79933086844382
731.5353006129403,231.93997447119762,45.47378483549353,102.23592092708282
726.7057761754924,236.53844749947424,45.935417404847406,101.44588767417947
728.668212458512,239.49093393829983,46.31216389169498,100.31555964821285
730.9104789569952,242.31408718910967,46.41436471278283,99.08308485740862
732.221117864348,244.50735985600483,47.11940134738755,97.28170669318922
733.7006529387138,248.53506205856607,47.36339969345281,96.56915440369784
735.3969543815,251.2071983553866,48.080394490833115,94.70931498419012
737.5597437158629,253.5906897494467,48.62150359676565,93.47314302904715
735.4819778102698,255.9939064025908,48.61798351281031,92.33181840348409
734.8658663039052,256.8748498367238,49.058533401702825,91.64966776797569
740.5919343085665,258.56224666707726,49.364658119309084,91.89672531309446
741.1944743407308,263.18284014486744,50.637153833941426,92.72482947232129
739.3254193069143,258.53975356087784,51.29080888829926,91.73208437400415
744.3319550145658,262.4504244982803,51.90396294449303,91.66579029735591
745.6657502899029,264.934154584251,52.35689060136881,91.23781033476507
747.5231370191212,266.73298687432225,52.76013767744749,91.41535518150248
749.8484520659707,268.4553307622672,52.73775341428445,91.45850066710256
747.6421377233781,269.0357051413066,53.443820057233296,91.00315142226827
750.1676922494564,270.3986861389184,53.86992248044913,91.24988120141296
752.6133271670108,272.9612993231127,54.40382831214943,91.86206442469918
754.4503006546296,268.40393774110134,55.05828671716089,90.11100580466429
752.9243491059888,276.00445684200713,55.20333065497281,91.58257502472765
755.1688886176654,272.173750566191,55.201386565091234,90.94709827124515
757.4888376669817,274.9184133681882,55.26361210842657,91.14297860368268
753.7862309049614,280.57418039200627,55.20867348326677,92.23891621284584
755.9351442840856,273.8959743601684,55.50980187943712,92.94134039200013
756.034073047537,275.24864118391565,55.81696032181075,93.45994234860105
757.9311835316582,273.9771672162198,56.058497372061915,93.81701415293503
759.0801682804114,273.22620996172395,56.44830825480472,93.8670573860249
759.9330532715749,270.3351300781842,56.520711003877196,94.11392071297992
761.8800102891913,272.6748534717717,56.71275878733935,93.99579995272147
761.6237360504693,272.49759008905033,56.6560410051132,94.11467734105658
763.1438483631822,274.3278108776386,56.62450363745416,94.17524930986998
764.1796853569347,276.06745861356893,56.59624877264524,94.23523949779941
765.9937368737143,276.9437392481391,56.54548085833332,94.31918626431894
766.930105086794,277.6190971770643,56.495479860984084,94.4666783332186
767.6038817768148,280.90317156635615,56.47580471771306,94.69048073413934
768.2149863339304,278.0412814511509,56.44394410945581,94.7705598880423
767.2060046702794,280.34309891747455,56.41961317291798,94.92953252985788
766.0722970713688,281.791196554746,56.40774556243531,95.01282729704766
754.6103960432879,277.23767426945966,56.36692130634121,95.06582332941238
760.4514005886745,275.0641727097925,56.37648631224785,95.08811512596226
756.7918412213456,274.0085425876474,56.34099841848741,95.11861512969772
737.5374338342556,282.47955228017844,56.49892589408357,94.86530881836606
736.0969492025679,284.9673317015824,56.5478736826207,94.67424294507107
748.4605477873749,284.0201660377569,56.621274657537846,94.6289621225299
749.7739131130609,278.29693364479823,56.624093509492546,94.61878857226556
751.2058854823073,280.46585624435306,56.6330251767156,94.59879730076813
754.5288372821577,279.0168537268741,56.638983721484934,94.58300185774455
755.8810308271269,285.09435938829597,56.554720733185356,94.66895160972987
757.0182525735597,288.3660322257569,56.49452303652339,94.74024140233738
756.6306527234813,294.2356684923093,56.52267769654955,94.85442345907637
756.5433496558941,296.31028660915746,56.67487430323009,94.88810815814978
758.2149256931395,300.19742455357226,56.876240699503406,94.89044788897952
759.4807523865238,296.406003497051,56.93486546138595,95.01847366062195
760.8688375845818,299.53846255577156,57.046549402962334,95.19180465435637
761.5970891717664,299.247628793408,56.944720806306236,95.74250883644665
762.1193012039823,300.2712156436849,56.904951507003254,95.91980336709402
762.6703551601264,300.65292003315403,56.89602258221816,96.02510468880656
769.0469817888938,298.3823850009298,56.73476456394106,96.54996753508486
774.0324929949028,278.8283762003608,57.22139805860058,95.6425317975997
773.1203282798597,278.7022428555647,58.4733840796253,94.0807478127535
772.1166236309715,279.9106251413156,59.90160479212032,92.39729674213284
770.8407997101776,286.91123517372995,61.404063185351276,89.02322721288768
770.3736768097643,287.6624314580887,62.953046437254464,86.67834027561705
769.2512242171064,293.0524201745438,63.161720343197246,85.0739476357977
773.0785012979752,295.5986698655899,64.37459019269004,83.74498113067386
768.7798218932274,298.6739055690821,64.50774898234914,83.12628853609789
770.0281102077104,300.7725987677742,64.37729459917176,82.49842451954262
771.7165847773476,303.18342709792825,64.34141897292841,81.70747521854847
767.852978339859,304.7620550580867,63.05000849585492,80.91979885183572
773.1304200877453,307.0634188593224,62.0943853302824,80.9023440383658
770.2014297631417,309.9376606815689,58.81467829638399,81.92082625996159
774.666481186754,312.44424404821194,57.46395310037407,82.63101148208932
777.1451687700522,315.61766474351145,56.34719845150832,83.37751144204572
775.2289950179911,318.4148198264453,52.13261659619468,85.99578958641973
778.7151258516016,315.18473470305787,49.6694682407413,87.68979028515987
776.1135867588348,317.53445944711746,46.43684887073285,89.34108218345436
778.9685793446422,316.4271144304103,44.268655138174324,90.99872270400544
774.4880477801254,319.13761167210976,43.782147466426835,89.87943501153057
775.1547420521665,321.6007149264178,44.57141693664203,88.69714644496162
773.0612142005024,324.5390641645539,45.424961764268275,88.52470831796317
770.3832295938711,325.20972629285507,46.392413597770144,89.79389464905309
768.6535303293471,329.8783894905261,47.01342678326665,91.05043746300055
770.8225208802285,330.84900118136494,46.27604997723433,91.37922884420126
771.9796022110216,328.68171274520853,45.57822544946,92.24650792407937
772.257816561264,333.1581429382834,44.5593220451864,91.90939117501463
769.3976709912482,336.5720401425251,45.46062152414635,91.05145541292403
767.3691001481816,338.2025582679685,46.68200047109804,90.6739946014903
764.0510603268762,339.3394305971068,48.6164304478763,89.46890233464752
762.9204173774558,342.5012700605985,50.27230285022267,89.39725330344663
762.1194264011119,342.2886316726927,50.8738723387688,90.43687503374882
762.4608896071549,342.24667733887827,50.11179123409269,92.3834867863234
760.7806185688758,344.7355436151908,49.29058635096456,95.23559155593341
757.377290938191,343.05073509284006,49.20782825555297,97.47384461271221
757.008135671698,340.6709811059008,48.882254411059314,99.10575930770581
758.1050631023601,336.29141901131663,48.12746286035842,101.04135043870768
760.3345420035181,332.1583505034153,46.84314571356005,103.80926558027332
759.337555243163,330.21305143529077,46.97044707602893,105.08222369805927
757.3906856493128,331.80306528678784,47.092787480999306,106.6742187192167
755.4844566652487,332.806689598915,47.254039909424236,108.54080422811057
753.6722042676565,332.91920699147687,47.72519363611174,107.9947013945097
751.5922401178168,334.79005571894254,47.12207757849133,107.42049084562996
749.7997756823625,336.58644036648104,46.79408955067272,104.97837848910586
745.0650848956055,339.8546191171747,46.26518964530471,103.26645240709107
742.7216274847696,341.0060998806373,47.31559004169896,101.04270110938391
740.1710418879729,343.0500174283415,48.13211186319138,99.15521153018024
738.3877692231544,345.0417421888749,48.6382574220918,98.27310635611366
736.0079164872093,346.81517029761034,49.697769965667604,97.49809476411573
735.0849143492954,348.4146901414738,50.5207766237738,96.73934195116004
733.708257641826,349.35302795631753,50.85335062640506,96.45549793310573
735.5639292408634,347.5843770314369,51.29916723362796,97.5239663363644
730.1767065550537,350.39377905549816,50.10939255825049,96.22581954150726
732.2821933978033,349.4900097584614,48.48895546714198,96.27735904729347
731.9882634858164,349.17134503918703,47.29195932931616,96.2303098618797
731.3730278661809,347.3246904246431,46.13521996105844,96.10501319115677
730.4024390435405,350.2504052628086,44.66431469580159,95.6564651371402
724.6485336385076,350.7933819872425,43.26808516925841,93.94232713131133
720.70071590958,353.1694990855759,42.652873535438964,92.36551488784579
720.1577222065067,354.71078548991693,42.47093508308792,91.52653553352484
718.7945079125091,355.6072177810485,42.43475943448039,90.61807245148665
716.7672565742362,356.3009015238175,42.36610270245679,89.82726413285695
714.9939026024165,357.70342190322197,42.545907102623985,90.09912767092305
711.9578140505928,358.99002422211333,43.751949562716725,89.8042600349409
708.0715708368182,360.25606945937704,45.84058713238629,89.61347743890772
704.5387551054528,361.80533300296776,47.9135962196288,89.50190718651939
702.2438671403303,362.0026122902743,49.16835876028631,89.61236893232174
697.7914910967834,362.9217819149032,50.93803003301859,88.82091922659728
695.5302223387406,363.48662254599554,50.57013089978152,88.99311069466778
692.9636511933347,363.0447898437159,49.355394257640384,89.80732304605067
691.3921387033602,361.42043724910536,47.77840466544592,90.0446590069087
690.4179287754143,359.94076473324725,46.21909642151472,89.64005450134765
686.9955827596788,359.88660421062264,44.69182972038093,88.8360451575741
684.2727729214051,361.6268963588651,43.05427469142264,87.59903381145233
686.2277281531142,362.269271866187,40.39094435190607,89.00555672449708
682.4845286041034,362.82354364059023,39.485948834754296,88.02912117859175
681.9896850065837,361.5302755883355,38.2879183536308,88.68244679096708
676.1073487765799,364.62610877381553,38.8156456613557,87.38325077980932
672.7614354606626,366.1504077872189,39.84884382944517,86.44397315514784
668.4038430612209,368.0986592721025,41.64121902749859,85.04953298292702
663.7487613832443,369.4741570101464,43.7666451779464,83.91812135197776
660.7700526022204,373.7471301907582,45.57756549039085,82.46792818365586
658.6354513941459,373.7403875280346,47.25583315312211,82.82007780239229
654.756117385324,375.9447835897632,48.57911498988801,82.09132699210649
651.0292169629198,376.3590932348823,48.36292100361128,82.4031876241628
648.1447859164853,376.66985139996393,47.1892815515281,83.10901380422294
645.1559031521106,377.93890084793355,45.32215457844629,83.48384015166138
646.1797291223206,376.4515546802438,43.204164537831325,84.05118123162404
642.7364522491908,376.68060554597116,40.66892434640781,84.66314118382405
639.3638387732,378.1746343600626,38.7192717665291,85.59937874263768
636.2054766308213,377.10306140210054,37.39339503810289,85.25841621053323
632.8046234839159,379.7594706510992,36.652651380741865,85.8900294943047
629.2862191169442,380.87032874201395,36.700610474792725,85.36816267961689
625.7551287654392,381.78224973791094,38.09245302396364,85.02617655711622
621.1749628101766,384.07159052304155,39.84310075327535,84.64114094098704
618.2472262295352,384.6227358252347,42.07991966345947,85.03804162078042
611.9275428308947,386.11751711955645,45.16333343492253,84.14351100883675
605.6877807433884,389.6059321050123,48.16593366736926,82.796596752189
603.59856049213,389.0773177785428,50.42159425216914,82.63672979164838
599.5204259702917,391.37163872347026,52.577563365273136,81.86262590380757
596.0909478530749,391.1682871627511,53.88076589182114,82.63626699040056
591.446640062626,391.1197389310625,54.34182009423994,83.50608581724971
588.1814119629084,395.7989502235794,54.14697407428404,82.54283249033358
585.0542558248245,393.6547879578453,52.66541503544951,82.76847391633305
584.1680072419203,390.64015140782436,51.14291236338242,83.7084320787834
579.2826290870058,389.0762735151271,50.59296993511332,83.82771208369081
579.0645204885996,391.05504238732254,49.88195722202912,84.13566725540718
574.7483947803887,389.7380148644207,46.7179449436876,85.35357018157436
575.0874950998906,391.6900487979533,43.221616672542616,86.79016288656113
570.3403603175116,390.2353581170315,41.504161002315506,87.07475810987012
566.1140198079141,392.1495957745713,41.01722772555078,87.36415932448415
562.7230419807688,393.8548032616877,42.236051570606875,86.76252692776596
559.3773854004888,395.60050833382365,44.19711771044534,85.55816059338491
555.9622683141728,396.56076888249265,45.694707897329195,84.710868570525
552.8559484430904,397.0697044185216,47.0932268699932,83.81177589113958
550.9372098245979,398.08615465047336,47.90664981811409,83.56869872092201
548.4658481022966,398.9219794760135,49.44099418480534,83.63201737447585
545.2752212858854,402.43360132268526,50.27094395410211,82.63213727137284
542.151814357949,401.16534869784095,50.63429919562588,83.25699341312834
538.8214247224689,402.60097908017997,49.284146497896856,83.74409556158204
537.3053841221383,402.0532913758691,47.55119254612278,84.85058072650968
535.0174007881367,398.08583256698853,46.40339193354742,85.88556500610542
532.0582703260444,398.7438791379865,44.91576334662357,86.95670369089181
529.7303352437169,397.7322616541078,43.943914585802524,87.7221488084142
526.4115024775191,397.8843857045374,42.95668549921016,88.1529810093166
523.6809564692667,400.51261293536464,42.085244156187485,88.48515150188572
521.1543425694375,400.0842697269553,41.98672949750225,89.10728237623537
517.9354101693017,402.92646958428594,43.45007456815953,89.07020007108952
514.4441358945936,401.85992836467034,44.94177982152468,89.4949725022717
510.61495610170186,404.8734271042956,47.539389399678825,88.81235492490711
505.12090413761155,406.76892091173363,51.16555055976252,87.70057725761717
503.605906392624,406.83217302087047,54.58469541754693,87.09660279040592
499.86057914643203,407.8687876635544,57.15177450862471,87.17173828737144
495.72800913647313,408.469768386343,59.30576474063972,87.20743307748914
495.3862250913741,405.20674010710604,59.929346273026184,87.97834170200306
491.48108992275456,402.5563848620424,60.07319138214649,88.70216649190444
488.29961443763807,400.946085918765,59.45365276650294,89.40181191530932
486.13664608733194,397.28788810062986,58.906144909925295,89.79690952454094
486.3596738744234,395.75416860935263,57.8043951490549,90.42002425210578
486.08470877748783,395.64721525715584,56.278510142120325,91.3056787005828
486.47729415594745,393.3640160612525,54.30842551152864,92.39186893389632
486.78028343356107,397.13093099659494,52.19818760838575,92.91545979380234
488.5583404999533,394.91361059133556,50.173930489303615,93.5063470280424
490.37555774248,395.1167133579903,48.77736645903846,94.16333016679866
491.12102966786273,394.2730075994451,48.614529250042466,94.18680649941027
492.45168168191645,392.96520403986744,49.21141609222005,94.09936467409241
489.5725142250112,393.200013767145,49.62214196290917,93.35228336293369
489.1711052396563,392.4032244469955,51.43190947757189,91.72173423376245
491.5857137621196,392.6347716076655,52.340529270413825,90.940667371567
489.5605481545875,391.56241881724964,52.69326369707176,90.63645532506419
488.8667379173362,391.86920469748173,52.882029725163136,90.32272201813122
491.5107153026189,392.371190390176,52.363908519356045,90.26243085954547
490.53004509148195,391.0179780116348,52.10445426389562,90.08089661317939
489.7284298566218,389.90779809159,51.840639211879804,89.71297148393917
490.2871801534132,385.4768239606481,51.40106921178757,89.41260533084497
491.95074564275126,383.9984743538166,50.255745751116805,89.22494853216358
492.0498716933527,381.2929662232875,48.75851329465112,89.49100772763947
493.44411054524306,380.71754746144074,46.92214498732813,90.0433757555597
494.6931188752985,378.9695325657344,45.42833784564981,90.22772880632603
498.15492140092147,380.3499376529353,43.81293935263143,90.9717175210844
499.67443369000614,378.8596502595361,43.34231325010913,92.06524442103438
499.8229229270669,378.8638416154219,44.34255441004376,92.60528476109684
500.3528674321137,378.1794264071516,45.87339773599429,92.66017059946668
499.9475783685504,377.82851654425144,48.25755004849231,92.04438697558132
497.4261381909207,377.17815266260965,48.80334530929991,92.31098607294084
499.6706167222175,376.4672421650338,50.97904822366549,91.81633212969993
497.60829304599184,375.5784958690513,52.5261821197722,91.04460249075363
498.0551441059773,371.80978429674235,52.44746891095313,91.85394154799977
496.5039356225113,368.08384870271715,52.36838019780099,92.14336337615639
495.11914379574137,365.0293746791818,52.086591561683264,92.27408619205642
495.40372915007384,361.7037916457489,51.71206558728171,92.34411317124524
495.81546656624226,360.960508251993,51.18055305071552,92.48474175303798
500.6582555112077,360.6310606497546,50.38191897792326,92.85577423940951
500.8515722748338,359.4459549252377,49.268426775191145,92.78134147572055
502.12869837102534,360.39487223084876,47.37543548568975,92.9022665919764
503.1728970758251,356.81426641117343,45.125400248336206,93.14781785000991
503.75959489227756,356.522966889485,44.53830159104396,92.81354296150192
504.3907345358556,355.3301139449683,44.98316716034084,91.75752002019789
501.6482315191556,355.81231222731327,46.60149137954702,90.53146004842066
503.3591802646675,355.2613840855352,48.693487015964735,88.99409728633772
501.31026173058456,354.06239710948967,50.13660926136146,87.39952658739726
505.4709796877577,355.7170963732075,51.29286404373153,86.64465009746772
503.43203939428975,354.07230092767384,53.24225942787798,85.61803453330437
504.1625248469151,350.43105548731546,54.11825408354038,86.82207330373052
501.57408209078926,353.13306819108413,54.139353081509825,86.42433117942684
505.4683361239523,349.22208259284855,53.12465206398129,86.94114757548297
507.06574574368807,344.2870166876959,51.9236652934964,87.54900368998753
507.33849603521224,343.04599922792323,51.01214793507832,87.58744773009256
507.15079107513805,339.9582820298156,50.44356339273673,87.52650679442915
508.14915036134914,339.9796010249155,49.873235468202715,87.55387422109949
508.95398518791393,339.2609041517186,49.28730086145986,87.57353680160732
509.99079511403596,338.01878163225314,47.91633858959138,87.77712311861447
511.50306407448386,337.1788100058937,46.44578006551575,87.69274540175176
511.5695360145171,337.74679963386285,45.54370196198812,87.51987695037117
512.2897177886207,337.1122245689467,45.18496435219637,87.19651781048913
513.7244134546885,335.9987572042899,45.5403101874191,86.83097807920089
515.0543991146701,335.8826450263902,46.26841898754264,86.385831886752
515.2833577331977,336.2948716101137,47.10161953784856,85.47976060399915
517.8456519842885,334.13660811346483,47.39453963780945,85.13788753855059
518.7340354605586,334.2896741429555,47.278081642369045,85.09546076297264
519.5229022340196,333.31342616103484,46.91813548043397,84.96307470586366
521.0621288899475,330.99241849784437,46.123010224913564,85.03639544072234
521.6790419885004,326.2453014638087,45.7366652785706,85.28593098431857
522.6480672711226,329.72620441398567,45.53774401821225,85.30493000416116
524.1939474101299,325.2612409740895,44.67783174167772,85.64716557688567
526.7813256037067,323.9380752782241,40.7224677733854,88.38859451787609
528.8840550655686,322.768630827597,38.344334193747294,89.4049710309009
529.4187069881928,321.1106440384337,37.50720906635064,90.09519287544761
528.628772451877,321.76721844840324,38.273457512055685,89.43858284001249
528.7054416801606,322.5530684385611,39.23228712914274,88.72877406977587
527.8391219659151,322.5045136382606,40.800890179369404,87.80581454806246
527.8311142715554,322.05928335079074,42.732388923610806,86.58521664941523
528.5276374259079,322.8178858016866,45.01332618881958,85.40390952112774
530.4812108581103,323.71383433902304,46.45911988380175,84.9278504257716
528.4028489341766,324.2138378616075,47.05869503667715,84.75436042610056
531.5062565088214,324.3738168900368,48.224087528989166,84.49358472255975
532.8507155595895,323.9291390468941,48.504105393944585,84.57035654510996
534.7352097013097,325.0424864055795,47.961058291687024,85.12578587025007
536.322844593363,325.3011590742808,46.87705847752066,85.53199537055112
538.9662255646442,325.36181367899496,45.10262301391647,85.99589064320139
540.8912396291535,325.9910901703759,43.15645318892173,86.1614156481104
543.1745250680219,325.2114729922896,41.0260969966249,86.62767391099084
545.6210434259068,324.9305826075854,39.24575669008054,86.99315107436591
547.5028603239082,323.6725671094439,37.400650258808554,89.22736070052402
548.7776473997312,322.5243060020101,36.29477773203279,90.4475847977539
549.9085765157488,322.39241477468545,35.881241891507585,90.4971896886168
550.0183326115905,321.36404354565013,35.946972078535886,90.1293839975785
547.4482543856923,323.3159257248143,38.23197330076382,87.64466103443766
543.0282201435738,325.857475390111,40.764055525540435,84.80304420010582
544.6260210857747,325.5690737008111,42.65471968194065,83.48359888047109
543.9723248855119,326.6133565339264,45.01111818693556,81.88791668787516
543.8945074888458,326.7553238160775,46.76630215457665,81.05120513125186
542.0232567409095,327.95378137309166,48.16647057206481,80.40047210130719
543.7553147290336,326.45826714761563,48.582245037711026,80.91310532864173
545.0660057811763,322.68586182050905,48.67226868751497,82.6993057342892
542.6777775996113,319.6207416512933,48.03864652510172,83.4486194636813
541.3128284198519,319.1637237848908,47.67347642987806,83.75717595606882
539.9955923225372,318.79254807148186,47.43469599427381,83.81997667554656
541.9252279831916,316.7696931001622,47.33981299579522,83.87209602484778
539.9280559535547,316.04958754576427,47.148738449264584,83.96861995693928
536.0781747557636,321.142259383283,47.01089536846733,83.85893031174804
538.8680873884741,319.4995319382212,46.365673794147476,83.9281977247598
542.373368695422,319.74837789588634,43.64048343748437,85.79827457392541
545.6856164268654,317.0483681147305,40.90471015591772,88.31924626560101
546.5871718174676,317.6778199151703,39.89057592481548,89.88586198807046
545.6517011481673,316.6867104670635,40.473498917583264,91.4781545699301
543.0306982484734,316.6244137791416,41.72620041284806,89.93362775324616
539.8114890243934,321.32886265881456,43.4860500209813,88.68774917419807
537.946721960373,321.1769239524477,45.16610824074266,86.71230324746958
540.55653589069,322.44200011050845,46.74940072160031,86.55635056017798
538.6575514010754,320.7260786285778,47.641879779259824,85.93491793886467
537.4554441686681,324.48618672677856,48.15718406970454,85.76392774038804
536.9603234607613,322.2018995675729,47.41141338434467,86.35519163971668
541.3795603823315,319.8326796956533,45.918447639806466,87.12838875927298
543.632783765337,319.6933460720494,44.931588628998966,88.02355334429896
544.6816839554458,321.1803041431831,44.2571817367116,88.0810774600577
546.1602335157866,319.38100401995416,42.823854855715034,88.51203082159736
542.9492321502241,318.5347464750282,42.22805010316685,88.39932161201835
545.5639414894251,318.8328719518321,41.06977028355995,89.27617799636232
548.2297806825738,317.19981545726375,39.21977610517887,90.44498306504302
550.0922371583148,317.10580082053906,37.78962457299327,90.71974203637556
551.6605362355152,315.29159644938886,37.2820585536021,91.53426342096424
551.5540494280339,314.93423929452024,37.87743837350371,91.10184604925922
551.9349746621123,315.7582693626566,38.97309835284919,90.05564166783876
548.1879278491281,319.36950470796967,41.4769642795377,87.58584317264712
547.0654429764793,319.6956015397229,43.4936420215614,85.23102292318036
548.798981885708,321.59783666886,45.749729715188714,84.31717790332473
548.4903699351531,321.007751514581,46.87505144373317,83.53236200678164
548.4231340021198,319.9511699756987,47.452471680971705,83.20782385926553
547.7013358551851,318.24332562025705,47.11316633013442,83.57513124156607
546.2888536094179,317.10154533288517,46.2449333328842,83.98569286344424
549.9815056186076,315.88569409189563,43.62906376656157,85.26437985107663
546.9996316379497,315.5249660372695,42.44828286206304,85.38138716501037
551.0458711364827,315.8594518915519,41.05692710260695,85.30201899972717
548.5510486388316,314.6082147446001,40.19909084714624,84.98025666223721
551.4366245519305,316.68326597060314,39.401016794996266,85.29756858935106
554.521623047642,315.6311163870607,37.81210739283702,86.96300656516328
556.6064505879093,316.0804452125029,36.70132024366849,88.86039588655356
557.4058757509897,315.9879894318915,36.34065293905324,90.43903832660631
556.3261438554439,315.9514896332827,36.8064282182963,90.99554448414959
554.5116174231771,317.64136633918,37.916691791448066,91.36850594471518
553.0372065221842,318.61419062655534,40.04635056900838,89.37429650474115
549.4556939903925,321.75143296564374,42.17154337245982,86.44958952508111
550.5066174666038,322.8153614924314,44.61893462499345,84.70692179612314
547.8013472233148,324.8265893510947,46.80081905802837,83.07406707099935
545.9348521716212,324.97098933723,48.641828274956254,82.19928423959419
544.9531562985388,324.95157613918934,49.560559333674234,81.81645006338499
543.803053565763,324.7951459845556,49.81777649890246,81.70227465349626
542.5618518906015,323.4590578250229,49.68662489469668,81.63680534649352
546.0443588873806,321.35919930999506,48.20921599604818,82.23883179427375
542.4351720578026,320.80408605669635,47.243042230887845,82.18956425847468
539.067803802472,320.94138151964495,47.113532373140835,81.28035046070168
543.121343414069,320.2877366073024,45.3216510945879,81.52279639233561
546.285602963983,318.45663190977734,43.27416789487572,82.2116097245348
543.7711760043983,318.47850027048247,41.291411306080114,82.41585191392832
547.0877098092259,317.7024778631913,38.527548456022814,83.42596480130658
544.756155928222,317.9774232467047,37.42350486228705,83.04942457706349
548.0139603409242,319.1250068184804,35.910466189165405,85.35512232074956
548.7408594873312,316.7845846274796,35.46089410408438,87.05798847322848
545.9322668511502,317.58840471166195,35.87127843879393,86.69112019455044
543.5539913526209,319.2875595755487,37.6481674943244,84.67542007256606
541.5812549640825,320.80517235654,39.69907898065996,82.74427041924434
540.388656025051,321.2744342130535,41.49235773459661,81.20096734353888
539.3606072858839,327.46945338692234,44.40779570184153,79.70083874006389
538.6399657072006,325.4744044233491,46.08080002200402,79.39905749011692
537.7344047248947,321.6244634358408,45.812069644010265,80.71231083735636
536.3700719852443,319.40695443302934,44.71487748399835,82.33024810681904
534.7055347620981,318.5465078302711,43.988241614586585,82.63225488922451
537.8009608592639,317.07965558034294,42.39562931893654,83.92459731804351
535.6080183725389,316.29529869514835,41.96018565240238,83.27827779566232
537.4023860690256,316.5371508112348,41.28329308245743,83.0264160813422
538.1610301075146,315.7332712532438,40.47498359882884,83.32043494387574
535.5956016271737,316.98654687234483,39.95327603390659,82.42208759361317
539.0276282242397,317.4720587929091,38.920781067313484,83.22109067471057
541.8147076175378,317.7324603255662,38.49896364653153,84.3931881478409
544.0279822624269,318.6517789581272,37.903547483965916,86.63654684676916
540.8376344649089,319.0802396635759,37.99069068032043,86.79304089168993
543.6535047842151,319.7164100807424,37.998252295431065,87.42262991270366
544.7399620405236,319.3840486662732,38.23675884337616,87.92578064291
545.536387923378,320.0098097217472,38.44299269473274,88.4746037143808
545.4274573580223,323.66943152400313,39.082472227448505,89.87653911835285
546.0568956367233,323.44145515818224,39.85467281657665,90.24279824409489
541.436316176236,324.657440432075,40.05149446490721,90.21680804489628
543.2408882585476,325.6747863706346,40.27710214469014,90.49586190485303
544.3624901709823,325.90640138461646,40.73554369411876,90.71640163940526
545.4969582706208,326.1470271346371,40.914855881224916,91.0642874050462
546.6103493916274,325.8548154271104,41.18319940978048,90.98235282602006
543.449411668649,327.4439214810769,40.903595802240055,91.13083735237956
547.0175201733224,327.24363918754557,40.703275189530174,91.801744349053
545.0480630383892,328.7552575811516,40.499003843857054,92.15396508709416
547.669991606114,328.7059257465451,40.516619887271034,92.03950831069815
545.4445441826206,329.30222033783855,40.30143044470694,92.04310531299433
547.2659792775237,329.3749642643263,39.87623284134179,92.6179465658729
548.4473546813507,328.42990329125087,39.48607748695008,92.89605111891154
546.1181732640255,330.1060535734702,39.334173826849465,92.42473271504115
544.150229821071,331.637041031731,39.5110117740073,91.49510585912753
546.6130432660506,329.9062184656217,39.34529022233553,91.64690864324729
542.8503446883531,332.2634434283548,39.81132496623151,90.90038212056739
544.0000843950999,331.98645515089987,40.29615064841043,90.76786384820677
539.332210557879,333.8015882101861,40.91587678507159,89.84302537627123
541.343333844595,333.8807877038746,41.600716774749706,89.5220974717008
541.6018816195763,332.57835407377684,41.887782236960064,89.7987896639947
540.9599163644675,332.65782490918696,42.308692029079786,90.00158807567692
539.9661839251955,332.76926162955135,42.64534857327311,90.16037390428093
540.2660979531014,332.41879661718536,42.84516403400194,90.4277853702723
539.1299940716754,332.55388162044153,43.377661823518736,90.45125409976953
535.2413102242488,333.1082974733055,43.850107414490154,89.96999242711502
536.3717794519916,332.5122447484827,44.15508931194018,89.79699546644419
532.5423973812252,333.3757393612655,44.23641509898094,89.45531069186734
