952.5,245.5,130,282
945.7770586129519,244.94033810163407,131.36556146214554,282.58096534679595
944.0173236990565,243.40579438989943,132.45721227634078,281.26184485782017
940.6237809078539,242.10427562268708,132.8044546809507,281.67769162114195
939.0693611980184,241.52216461643332,133.0945654152424,281.8458341291596
934.637984238941,242.79956420262545,133.62067611440307,283.51386906703533
932.9063301757182,245.58710621428105,133.8932882397959,284.6529307041245
931.1989603912896,248.7136051060378,133.69688326595906,286.3350401517512
929.7378408421121,252.85071574431214,134.25280890682504,287.5482923630565
928.0495300675269,253.7061938143284,135.21398155195783,288.58974925746304
923.7825296716916,254.46256961382937,135.8848822917486,291.4107598273454
922.8593816225989,253.71749546055435,136.54737757339805,292.8239492838693
922.5093442836863,256.00554734729803,136.89424892475958,294.98367247952865
920.1891747361412,254.6362676249234,136.9680487322825,296.63203877185026
921.270244150042,256.1925121757398,137.40416983032324,297.9511354589442
920.6024120301671,255.1631365529385,136.9489154814348,298.26853390799226
919.8827160312153,255.4458298130643,136.97902062268713,296.88109657788044
919.7173644375384,255.80633498105792,137.68556214936956,295.772713718347
919.1378809255887,253.80895849118633,138.03112997759797,294.3549911121527
917.2422904666696,250.23222695790255,138.3646022982529,291.60525021448683
916.1807270772761,249.2393300796747,139.0921431824553,286.3119659641982
914.9805929032996,246.2008859748605,139.05203262606562,282.1691142598861
913.9228175069545,252.0131366322544,138.2654237278989,279.1997852931208
913.1977430956772,249.78730865673185,137.68868823305542,278.1985808887887
912.4192109407788,256.24343160513143,138.0967034991969,277.7907819753269
910.0897267330787,256.9001233564709,138.22736399986323,280.1377445038369
908.1564909449778,259.501883761142,138.68895004559323,282.41408829181535
904.8843219731274,261.28871166061845,140.50948923746301,282.67812785304613
904.3913466554551,266.0083855921492,141.89439766175175,282.756865469721
901.3953599066807,267.55993527666703,142.39687635873298,283.30964321402763
900.674218324727,267.5889198192606,142.1629842859384,285.178976847003
899.7112418498677,271.4955632457754,141.40363593179342,288.3013274680335
899.8406145114799,267.33440715816783,140.11138504960144,291.42746025329495
896.0171123015745,268.9675853118628,139.7151346171175,294.7880775749028
895.9791327359986,264.5922297029295,138.6632214004373,296.5474286052389
894.6767892574093,265.41996926700733,137.38577177428775,298.56335765350536
893.9507187802212,262.58486460251567,137.11554997193474,298.1992423364926
892.1874057087381,261.20453503944975,136.24547811685414,298.64307082755363
891.0359673834744,261.5224666277354,136.38397445541557,298.50013713940285
888.592300082134,259.55902562258217,136.963768641379,296.3303332633262
885.20630210581,260.2798239838652,137.96296605581904,292.20780997940454
884.0858723382864,259.91076135630044,139.62671530033856,287.16229866455734
880.9027600629906,259.87593726102466,140.16674461090952,285.9851291470934
880.8175077813924,260.08401291275845,141.57729615210283,284.4706347096994
877.713645048614,260.29853341440213,142.81405766273414,284.71407542209124
874.9089995711729,265.9516861507778,144.27741642004548,286.6334054779044
873.0550200705372,265.78158118782665,145.88405205515167,287.9037327725048
871.3888526214141,266.3689549811999,147.8188000116788,288.88898288740313
869.4358289831657,266.6491001900242,148.91821429257013,290.8613088466314
868.0790053726646,270.48997648161844,151.04338718028615,293.1864551434478
866.6358208529299,272.5948600782218,152.9044049338211,296.1395459595794
865.285203890571,274.02158650171634,154.09149205372924,298.730882999065
865.3234034857945,275.31459747048433,155.21165205403227,300.60764535184273
864.6579720976817,275.0103953580288,157.03934276046994,302.231250191683
864.4202028459636,275.55273714105186,158.2678262101955,304.6160075626791
865.4302358804713,274.57816526087504,159.1914914491634,303.5255106579785
867.3611592525294,273.65580011236426,159.3418803465264,303.47814562762267
869.6592216286969,272.6794829453958,158.93646280091767,304.35313620946147
874.0844112946824,269.6815919012075,157.76541095689223,303.65253815944084
877.1396319036487,270.5676579999397,156.22807173633498,298.98341423224025
882.1454420352735,266.43159361938217,153.83378059372149,293.1267578599934
884.0470473427953,270.07693545334934,150.79552490326145,289.23990686608556
889.1942107285805,278.371400112198,148.0193208047255,287.04310744645954
890.5871065460382,276.0833634759313,144.93889119173338,287.6168771186816
891.9047387790187,282.815178460462,143.1436209178957,288.07529667202016
894.9921952626335,285.46485858442384,142.04785385902187,289.7266238325437
893.2902247223217,288.29784986397163,141.29030259192808,292.5598363723251
895.7082003067145,285.53686174777806,140.565382478593,296.51901684646487
895.05824036919,290.3989301686442,141.07830044581647,296.5870190580773
892.0964733338969,292.992334376656,141.4185320185389,298.9792883626958
895.0750410420142,294.62916580304545,140.2953604733066,301.0246529337756
895.8988729020605,295.3494849267353,138.62046813517327,303.68839338665225
897.949306849365,291.09626047184906,136.49738630471205,309.8641748006972
897.3068388465292,291.5969936091997,135.6513654221849,313.74676986251313
899.1827988579245,289.47141623796915,135.02485214149038,315.45703319605406
898.8809435096177,283.5686796445582,134.67165276434665,316.5239657334619
898.8371696113849,286.6598517504478,134.27976505732954,318.3685590064239
900.5710725822098,284.70903740072066,134.27990731399808,316.31084236514937
899.9627585877391,283.50664884008756,134.90514528924476,312.4163312135579
898.7304262330576,288.11500839919444,134.94348491582866,306.80269069908866
899.662687501547,286.467893207627,135.63737302338137,302.1424728591095
898.7409741393587,291.033021481162,136.01670642023566,297.99476311837503
899.5994413780522,292.68773411785423,136.03750053858215,296.96395546545864
900.3001577499341,293.11508353783574,135.94652514364208,296.82943403752864
901.037241963416,297.10035703408005,135.98153463988064,297.9267905637168
900.7655813465117,299.74223296903864,136.0098904586884,300.35039991511314
902.4455706773361,303.53040038737805,136.58134905099146,302.84653669708666
903.1580059619517,299.93042938678786,137.2285826973823,305.5902533030644
904.9262806572063,303.6537488708933,137.93567754439133,307.05429510572753
905.6723974863021,306.6147825314441,138.12237095014194,309.37476528310003
907.5802460103266,306.9594854890878,138.18955673557366,312.8376125187526
910.4030502735868,306.79984055227726,138.43326572156548,315.06135209368296
912.6689587035651,310.11914974494744,138.7827516951662,317.2158779344168
913.5527581398173,305.46063070418677,139.48948253266815,317.6693591540607
917.0118431964702,307.0302883832176,139.71782969612656,317.2589447054228
919.0367759627778,302.5992761558703,140.36098212310588,315.92777667812277
919.1181080990362,304.66477428379415,141.43690356111458,311.84295259783147
921.0757127656001,308.51681778742557,143.18901924782335,305.23285377072926
922.1964843490774,308.07306601082144,144.6151222505311,298.28813581591135
923.2365709903241,314.98194386861206,145.40193381224543,292.7387268868291
923.7648188090574,322.7865984170082,146.1712673230716,289.51196135387966
924.3386945931373,325.23195761623873,146.46047752496926,288.3741206676683
923.9782479470368,329.9078004807337,147.7985289320805,288.2656514532657
922.2540495197472,333.45037335559624,150.19295127742043,287.86827559337223
921.7433128620032,337.0674974393153,152.57899687951422,289.13481229989657
922.0327367956035,337.19337638203837,153.17537903855896,293.6118690163486
922.0155554798108,340.47915461156776,153.81388976002998,297.6341398049094
922.504169302603,339.4603858222677,153.42817366201098,301.93689254197204
919.8916281954587,341.22113010529824,153.44490092634854,303.28249086327054
922.6856664091296,340.74552099006075,153.44263325297408,303.9681396750768
922.9836729548954,340.1351940751881,153.28972243180715,305.269658165264
920.7908494908938,339.900641438095,153.271662332375,305.41208501437654
924.108841722963,333.4147083998491,150.50325017582318,309.14095582872244
925.8335077177727,329.438092279162,149.19574529267967,312.0738919732949
925.7776979716352,326.0158450348535,147.47335311102745,314.743675711332
925.4507901831506,319.39892650608493,147.0275836316917,311.52671473420116
926.1391557153985,319.914595521695,145.93288666629795,308.8400828806925
926.2159535266591,324.40317217809104,145.7981931648885,304.84227107485844
925.2073184839627,321.86682619754583,144.94569582283685,301.5841877750235
924.6376881884815,324.66331717290103,144.3791536155279,299.1835905441618
924.2272007329859,324.8729645440596,143.91681453687983,298.90363130005846
922.8706649735149,325.4257484215862,143.75589552008583,299.3363936231302
922.9958808841019,328.05467110638983,143.473153071511,299.7804434904919
922.5715990221768,327.02742261792696,143.0298242668274,300.9926160913115
921.6210827676155,326.75078399079246,142.9953876254067,302.80353942941224
921.7756577193632,330.77083416392526,142.69121075861395,305.34914388661343
920.8950134428942,328.44171870334594,142.41225425539955,308.6014785017341
920.3448374000965,329.97930696646887,142.46452148591547,310.73528253579104
920.7858143170798,328.79686246787264,142.4717183310602,313.74801703965153
919.3673941442231,326.760101891304,142.58759829812675,315.93296991066154
919.5908773463656,324.64509456475525,142.81380311605167,316.2347483176499
920.5206086770132,323.50983167768305,142.95674204510365,316.0015259133123
919.7837275598712,321.9326117539772,143.51668001915297,314.8123015914125
917.5080293152121,318.9122767018049,144.35250772757217,313.8704759109975
918.2768765140273,315.4040776830568,144.70126826978384,311.34701894513677
917.1423015082696,315.93631544368895,145.3494950005835,305.03232026408244
916.2972582380473,312.6043230586546,145.68624914070602,298.7197530245688
914.2773589255535,316.327276799433,145.46049095340723,294.2762311593144
913.4845887911277,320.56489472751434,144.99412344447248,291.97312064265975
912.3529105072471,317.7969644301895,144.33470879679487,292.8113308047228
906.6484224345523,322.3387712930709,145.7933141536103,294.0276190412402
903.8678787213856,318.11543270851763,146.57438372716044,296.3870364409071
900.708431220353,322.53423330157256,147.58562434842753,297.47921621488024
899.5343308851322,318.9705233145885,147.3443605928283,301.01704563937943
898.4948916693011,315.4446784690876,147.16236522993486,304.61875268725373
895.9619863475823,315.9871138261203,146.60807728252175,308.11640818015843
893.4751462824449,318.1564572095043,145.47700201118502,312.09460259320014
891.1253817869597,313.3520362215746,144.5468627663767,312.3581057476483
888.5784524705896,312.45692475284227,143.7751875703817,313.1888463729106
886.9065143673074,308.0690739305519,143.1614660444021,312.28005876730816
886.128481735741,306.1230822519989,141.95608554680786,311.1335551668642
884.362443109706,305.2044972173424,140.90428714275004,308.8896548130509
882.1756666394517,303.2472904435499,140.21586984934132,305.403907094309
881.6950903618576,301.3939379099623,139.32127661214065,299.8785832003026
881.436611446549,299.5682554147935,138.30293752579598,294.35388560671686
878.3583554265202,299.2711056300611,137.26354292675455,289.1616532509803
877.3606055476498,299.0320123705329,136.1769065303205,285.2581263796863
875.141543403726,298.21008222555434,134.648531489555,282.64483888064194
873.867266054021,299.6494160940504,133.75062141197208,283.2040008765447
872.7777087044171,298.90956926485126,132.72302338840163,283.3353272015308
871.7607691478471,298.76106382376685,132.14020662065164,283.2653123805079
869.9000460161946,299.03198861072826,131.8845746845703,284.13466070735717
869.4359647065949,299.4319547296069,131.57869871238483,284.4109787843124
868.7718996173462,298.00625498127056,130.87884975536866,286.03256148658966
867.6557853898926,297.783874424695,130.68493933240734,287.61372544512346
866.5767761669198,296.87699289005985,130.6148035959189,289.8952524151506
866.2179764518447,294.66230307664995,130.69446166559527,290.68164121441
865.9688581866822,291.20922154790014,130.9334336075644,291.3838328859537
866.5990433852015,289.5147754078283,131.03917806533832,290.84497124077393
865.7961831648236,288.9469290732375,130.5410121402038,290.73670996670296
864.9055206519578,285.1908532094549,131.06933797941952,290.4888648032465
865.0932211596853,282.1876181887494,130.89384955673324,288.52798865325127
863.1078166319195,281.2381111214176,131.10464169408237,284.51931512388285
863.2520893086547,280.6572882417461,130.90543152888148,278.6188061133285
863.3206425676966,276.8386401887539,130.85615897413223,271.9229227454358
861.7734383020149,276.1754966435716,129.93403365387212,268.69834561613493
861.0215365982273,277.591622878324,128.92928141073645,266.70872210247114
860.0522903228654,277.8375075324682,127.97958035412981,266.66516011296557
857.7700902015372,279.1174795316758,127.18336105180322,267.354826061755
855.9478685637763,278.31029012560236,126.6598994735044,267.76826045022636
853.7660688615682,276.19283620487454,126.3576186746735,270.21495575391646
852.1763189357034,275.24581967653694,126.16242394060292,272.0539434405791
850.2462390550598,273.8699197198629,125.79244015483177,274.68807278808373
848.9279370371103,270.72987515490087,125.56802147993088,275.03725323804554
848.0778934750089,268.5286437699857,124.91986322182463,277.06306305186695
846.0013096933907,267.09001497362146,123.8426173481715,280.3042223789475
843.7905343015195,265.0940933074853,123.30014692601154,282.337006472786
844.0565825761272,259.65328413114094,122.93948212685535,282.9974048089952
840.5695850719532,252.29387191991705,122.65272159626306,284.3187358690163
839.6117927233379,248.41394695410727,121.14566930771468,285.40939157913925
839.0985307617138,240.54108039106944,120.10851186690331,286.38832859315437
838.0108855343524,237.75274268412593,118.98029237098842,284.2892513672709
837.5834008466435,230.30494131195042,118.01905302619909,281.5172267770272
836.0273253081425,226.15128400113636,116.92265221950363,278.3512156692852
835.18131303213,220.99916979511045,116.04245787657001,274.56325906089023
834.1870137522882,217.0440956172161,114.91972044344057,272.6677490762248
834.9861275323658,217.06853529526694,113.68165231021297,271.50798636498246
833.1902685264431,215.16949973369026,112.6926084125734,271.0597429625316
833.1871357606901,213.40305627303803,112.24995867112841,270.7995428782208
832.8595794530505,212.57708726056416,111.23912361070265,271.4112401385506
833.1056280361234,212.49149938665624,110.26182830441233,272.5658832268358
832.5246268752269,212.03579571704006,109.505510924057,273.16686135063696
831.8901208690736,209.1390683953312,108.87872329952279,274.5515902555293
832.1645006670087,206.79554243016736,108.28211576586,275.37728568904606
831.4903100576842,201.84140409995624,107.84408200362085,277.37279493919
832.8000069104253,200.39865155937377,107.12295103732006,277.8044609567105
833.6892196106534,198.51269310992018,106.61157328052543,277.68698524125307
833.0565023413607,197.4352351545749,106.49221859067151,276.86253294210474
832.9851080915054,195.08619038157823,105.94483108025018,276.58523682220454
835.9534511138091,192.5034491514647,105.3227698220196,275.646580908103
836.1374223832365,186.96662920019162,105.47059199645219,271.7313015525315
835.3977575471567,186.48330029395416,105.82635563715576,265.5762061492166
834.7043010484103,184.2194167799997,106.05538344082368,260.04896142785793
834.7945044474112,186.1339719940828,105.65430200884222,257.1593456095245
834.3721924939055,182.5391641768808,105.46897672762142,254.90283812075955
833.4273221585936,186.89076635713346,104.71419496973249,254.48889462451206
833.9684512339463,185.2416145531564,103.77168086237721,254.06104581242218
832.8894435896931,185.59414421721607,103.33114249335199,255.32504654766498
832.590851260541,186.08930213249073,102.92103476178652,256.109890910559
830.523026892597,181.72214779398732,102.63055034185155,257.70920746491566
829.4862726668672,182.83331358982144,102.40593734097969,258.7892497593558
829.2410022051985,183.69880217493244,101.92971411226723,259.7228040584789
829.2000532983936,178.00125051175021,101.21116022995795,261.8613766231246
828.4930096733058,181.91058386783817,100.34051609204153,261.2079249263601
827.4715462829462,177.13964777083103,99.79098772406391,262.7600004818856
825.5132404714485,172.41807804212263,99.8196937493723,263.22891680240053
825.4801306515872,170.40624294455012,99.15162576950445,263.8639635215171
824.004259409874,165.0870389657859,99.35274216574197,263.663291622173
822.9169539471147,165.4918781807283,99.11237625600971,261.0949346367996
822.5710541718641,161.020404897241,98.87532885121131,257.4997389994895
820.535800368961,160.39931737187817,99.03461113810903,253.28586174690096
819.2970617937493,161.42701930288536,98.97648977206823,249.0388432570485
818.903255709481,160.6613848688869,98.80884380957774,245.9611219326321
818.5470877734756,160.41355055708144,98.18702805595512,244.6112960474997
816.8772196828517,161.33111120563586,98.07110079459127,244.14551421648582
816.3492877137926,162.31405050052214,97.76169113785309,244.97259579364442
816.0788967704518,159.07572669779267,97.7503654519792,245.5015247788031
816.0857676610802,157.77182569617753,97.39102291669968,246.36511749248254
816.2572162090439,159.54357241847245,97.1524395445153,246.96945644153897
815.6114851304577,155.8290289062926,97.25863174986742,247.89818726854153
816.8461869702486,156.86834706046852,96.61875544836795,248.72900196803266
816.060287814122,152.19346361034158,96.71487269410801,250.22251095278972
816.6818933168088,151.69473900488256,96.3459769505752,250.80866415369036
817.7278092760992,149.24932707806687,95.96100819689619,250.93563445736447
817.7377137310928,146.83094094246553,95.8780718362641,251.216769368948
818.8155448957493,145.03234831699868,95.46860494247497,250.997570304391
819.6785356296782,138.34994249446254,95.47032168151878,248.2866144323734
819.2521613063572,140.08581189288793,95.62608806364202,243.64032402934436
818.9436454683001,138.07223885475005,95.47954758332692,240.1806470236499
818.4323027170401,135.32747723285942,95.10839575312134,238.4796237548274
817.860451073464,134.8530051738576,94.92324877095595,237.1774513586251
817.5433262426366,134.3303440188762,94.37700376651134,236.8031555388577
817.5321978396106,133.45259679225188,93.96951945818515,237.55025682365692
816.6702290317779,129.15747518730467,93.44098348109242,238.67747303312413
816.1030229203777,130.93460572169266,92.80021131096377,239.42190705178098
814.850571306299,129.66291600612124,92.42635825440745,241.57315527355033
814.1110040202747,129.05286145760618,91.97080938434033,242.82282652909052
813.2117892282654,126.07189401678441,91.31524779366092,244.23375700094405
812.7826585316691,125.7332329447134,90.62434691821502,245.1827234095457
811.7836216585257,123.341531348252,90.03910481519752,246.5212439711666
809.9976078862592,119.30205659815775,90.13020513080289,246.59874102537123
808.7703322123853,117.9029152242786,89.71169482159883,247.33750305169397
806.8836150825254,114.33066646994502,89.75557585866252,246.76718542059064
805.863599209738,112.91037626365443,89.43540314600043,247.3712426817741
804.8199626478231,107.31299262496208,89.28826598388054,245.20867200749865
803.4506890044183,104.97850057730844,88.96899652683946,242.54531109395583
802.4948234230804,100.2831584301756,88.61301843429663,239.92808561344123
800.4755319887664,101.76118983993982,88.58153294354972,235.8838696700572
799.5890968192452,100.03767627442323,88.11038043637006,233.31950325403227
798.3197097466775,96.70682864750421,87.66650740094826,231.754390913571
795.9401938247486,97.12984639261786,87.35448192516515,229.93706727875522
795.5931956404756,98.08750937682012,86.146124291712,228.80476687311392
793.6799048259935,99.77675597999351,85.82039936397479,228.36020144119647
793.366670801685,102.26297740220507,85.02172071364001,228.19862638318082
791.794231827243,106.41472953444644,84.98239146151984,228.0216756541595
790.249236424181,112.71056732019761,84.84808069102957,227.91963364283782
789.6432980119828,121.4568926413692,84.535806547828,227.98745358154935
788.2386094791161,128.0325621061067,84.36092281606084,228.4280135702262
787.7073446340656,133.00069454917366,83.9224675990114,228.47258078400685
786.8457792809587,140.83314970410683,83.4229353795051,228.5165108443187
786.5193272917736,147.33327131944765,82.84011991550776,228.4526356022235
787.2272587356213,156.6028316781974,82.31583492726841,227.48071649910386
787.461158442481,160.304216903212,82.04923097708732,227.27205072055295
786.3686023686502,166.87790395931995,81.98990781438505,225.8638857834469
786.2840250163431,170.39117839700478,81.91398133270467,222.91364086697007
784.7913928994077,176.22714385989042,81.67694718286273,219.87030052500003
784.0937922367885,183.25028620845978,81.21310669806536,217.41799375602295
783.8867450328423,192.87066566766728,80.71865608871536,215.50654620845756
782.594382132877,199.25217915681276,80.27330586172958,213.71090642956844
782.9154804695881,207.73058253606743,79.60515011939778,212.469832245522
781.9984942261211,215.88031559863356,79.15674965482427,211.60376722817784
781.8259485954605,221.53541954190447,78.63517412232225,211.42797687551052
780.9348786569026,227.1256832215214,78.12219495227323,211.16145193479474
779.8998285717331,230.39147147493188,77.824258614052,211.52253366161636
778.8233293986509,235.5255412544837,77.45523352080905,211.71056799930227
777.8094869810539,241.89587003020395,77.10905966574141,211.892410104539
776.7331298723194,246.07457269778496,76.82018595825292,211.94877067666457
776.058790388692,249.71577722985467,76.50869139016069,211.94566897794266
774.4814381300822,253.5500313397045,76.3075673837445,211.97886764453446
773.9318602825024,257.49561787650214,75.94079166334632,212.04705803147993
773.0497294725654,262.0554635404369,75.76223952913843,212.23426195965288
771.8825401336726,265.52133578906603,75.74058464331033,211.56503062310026
770.9687685717821,267.3707676397243,75.56234468603651,210.48167428605677
769.4851851764024,270.00262310620155,75.58785798672938,208.4839383515764
769.2703918443024,275.3987754601311,75.52787197689358,205.82713359794093
766.9638777572742,281.8590943459525,75.61199905079121,203.6528279948772
767.4800307736243,286.4478356557894,74.89628219474572,201.85782695021564
766.7046659790926,292.41806953697704,74.59418697664194,200.64921458029642
766.0973699760531,296.7862343371269,74.18539116915306,199.7251503761148
767.1801398564068,301.39399927561016,73.2089817146895,199.38814909411906
767.2293425475665,308.64166816816396,72.62312403396741,199.6138167487698
766.6924287959771,313.8989406779781,72.5302690553804,199.72936721101402
767.1626082160135,318.9758653591158,72.50081003325111,199.5299465215291
767.4049938885234,324.3995220723875,72.32316622357443,199.582593612869
767.9004403543973,329.464299784935,72.50643985199953,199.3391551692804
768.1613731857828,334.44319702100756,72.4168946350045,199.33667628704006
769.2803606669806,339.40098539146027,72.13454318010876,199.51467979210634
769.5558816738483,342.961082863645,71.94737783697254,199.5001538693433
769.7162502654887,346.3021364425802,72.01652634747995,199.77231802800125
771.3255995230988,351.31256604858254,71.92575370506268,199.39030425972214
772.4589370472623,354.8299182049605,71.61925893932843,198.44848401068694
772.0367882776543,357.6240447919332,71.62632359079947,196.41526618944843
772.9119329313921,363.50915452966694,71.74755539862694,194.23586416545805
773.1182476240385,367.6192086568168,71.86921674428733,192.87711073903915
772.477601324075,373.15360318383995,71.86672114002131,191.82219764629656
773.393972194146,380.0010092966452,71.45751391239894,190.89424924362305
774.1617453253253,386.3209483129352,70.89236333428275,190.6720672101886
773.5298171836602,390.7306977592654,70.41011871505559,191.20383994686168
774.287011387143,397.22665312637605,69.79994021991328,191.5473011837708
774.0835216152367,401.7316016336068,69.31181344811297,192.45057116912616
774.090954144337,409.8953819292159,68.88080524077485,192.88627046560325
773.7855032020983,415.413058503828,68.2369755893408,193.61973235696746
773.8731375920734,421.37239703073277,67.90092101513258,193.99178959423455
774.2267827918674,426.4158987546579,67.54491157300481,194.5932073957739
773.3952415197507,430.3428131144209,67.63744236419419,195.32940362436807
772.6302724375308,436.36073906871087,67.32371731299665,195.67942360299512
773.0286392611848,440.78519114208376,66.72484082208466,196.3313481992303
773.1059652117085,445.451943718567,66.05808178717194,197.0548174572745
772.7960119348469,449.9954304978572,65.59388487581478,197.7777670706912
773.2009810979912,452.7152373500148,65.7057790514146,197.32311249189488
772.427727020448,459.3147822714891,65.89341240867992,195.96768586458342
772.1680475083432,463.40106998655585,66.31683599133581,194.15180227176077
772.2514493387138,469.2025098637366,66.63057302340098,192.49038121948655
771.9556649584551,475.17645680685393,67.07301032194026,191.34996528430182
773.4027723726413,478.93821022055687,66.86541334482541,190.47597933091936
772.1869692104551,482.31198045436975,67.20757836975926,190.18799353553482
772.6947764080701,483.8123833433372,67.25536817699037,189.87137755404763
773.4779507308543,484.43067471631264,67.17849203985254,189.58943609065517
773.0596854481566,485.2953205454569,67.09896138269457,189.68586271601998
774.0135601355901,485.6736564361407,66.68969483119967,190.51361507272156
775.3768116771445,484.34123970922826,66.30051207584968,191.40009292809674
774.6608910153715,485.039290438124,66.43472916901071,191.79029499050787
776.5192672598236,483.9269740964153,65.53280936748453,192.078852463354
777.5659819032984,482.7942400720474,64.99566570027051,191.62521002319812
778.4362682614553,481.73856715358744,64.53145087313226,191.0368564582626
779.7827497812046,481.2367972903375,63.97972127784727,190.57493659957262
780.6829628555374,480.6466081285139,63.83301920354547,189.5780771741201
781.0918754641338,477.4403290250037,63.9311675304736,187.68841122189986
780.8772994596469,475.5537090378417,64.37201516191377,185.57273470376168
780.9187399084681,475.4922059994459,64.87738537816304,183.77879699202475
781.361290831687,475.07722790134505,65.21167285114502,182.47581003484513
781.6627525548952,475.08026208068924,65.34500958043381,181.8387441375902
781.8371590648467,474.35286338410447,65.38085534420486,181.12852940955918
781.2559790648397,475.1849909519358,65.38605661180455,180.96412860014465
782.4176539449978,473.4718629368707,65.29053106260896,180.78782864005575
781.4484433854091,475.23208073308535,65.24704254910378,181.5452269862251
781.7592053799035,473.5813276718792,64.86355215281588,181.69490791904695
781.9455289882114,473.8255292496925,64.78959874213285,181.54466322189154
781.5576961866844,473.03309147398653,64.78225404121272,181.514730690723
780.6916555110862,472.1156730339914,64.84337973445022,181.45533505919286
780.1492550617845,471.7284349798214,64.73775380657668,181.65938124638268
779.0566218936552,470.71338871259974,64.59169675759644,181.73512044830647
779.6790738131364,470.4907590773121,63.808147144508276,181.6281747523367
779.0704643823733,470.03103041051645,63.43373530878392,181.33458517754934
778.2567477986885,469.2019858622275,62.98938183407908,181.24674252955168
778.1366768326334,466.7504271847868,62.52749751821092,180.43572233026444
778.3503298689573,463.2691043798625,62.232756869409485,179.37493330113597
777.9253835035869,462.5345036039907,62.04520012104715,178.0986664748126
777.8061984315631,459.76767431382854,62.072155242483234,176.86882245732806
777.9887470746239,461.868499347807,61.81860867490741,176.2123693994114
778.7136130780445,460.8646738087434,61.73776492700016,175.2986604616695
778.7749484149679,460.63597055680975,61.697250151366944,174.67389016099423
779.9655358650168,462.1037239979343,61.423386261629844,174.27448652734134
780.718328216102,459.68911465305723,61.23211795140418,174.32802419826606
781.0048695628908,461.5417045719461,61.00497325492938,174.87946476759285
782.28076671407,461.97254826407914,60.94546491944417,174.99995845556197
782.7217736613131,461.1152946065215,60.890956851908,175.76950130219797
783.5282354598522,460.3828899039835,60.94890379735607,176.16757961196004
784.8698199154906,461.9896250800549,61.015426134019506,176.29620058176243
786.5393077020389,460.86750032152304,60.98452622735043,176.49088716776527
787.8093899931794,459.64996050128923,60.636069017734926,176.78934414092032
789.5217129867681,459.9558278777752,60.30430685585963,177.22297615201694
790.8374519094464,458.35215028073526,60.065529921071246,178.01212560802918
792.4254795094611,458.0586992217023,59.99039253720384,178.4768407226019
793.689408531719,456.8306879028298,59.939502065854,178.01811493009478
794.4272215756663,455.4439997485208,60.26755794760189,176.75696918213313
795.2999908695934,454.3016675129513,60.56326696602513,175.07787351571415
796.1777420201083,454.63373839637393,60.746426001894235,174.213750908782
796.4059327073581,453.9959518121195,61.12008955260741,173.38212583891814
798.1165854280915,454.16305390163734,61.46450447857232,172.6885263943031
798.3656553927891,453.3666075607972,61.61025051929276,172.84063068773122
799.2907917222451,453.5066298885354,61.53456644528075,173.30785649715202
800.7723369377501,453.8967954187763,61.30607584299081,174.5427894709413
802.3286874091782,453.6006468759949,60.909155396731975,175.80292870623856
803.4033564040468,452.29827763458854,60.44134227977452,176.7003144315974
803.9742719525643,452.42683190551816,59.93403171344005,177.87427550224135
804.9881771927845,452.1754259146934,59.73739620267297,178.16097759712534
805.7105584204095,451.69266933556673,59.43426344331523,178.50834576636493
805.9908751514494,452.54355482057883,59.01463333661938,179.00714609494003
806.4113507042239,450.8861480689286,58.717310148836944,178.86492453354316
806.959431390293,451.071755018361,58.37740017144745,178.93396001812803
806.7963742601326,450.5266855367689,58.012379621320534,179.12156831114606
807.107634899143,449.30353033669803,57.855291940864475,178.59705089337103
807.1883307292159,448.9717185879764,57.708449571479974,178.5474072432732
807.5285968903243,448.00573503907833,57.87500731474253,177.79815309435
807.5459394808839,447.20276433851154,58.2914160457479,175.71905187577835
807.5789310741151,447.1735770869549,58.44550220809771,173.82342340247425
808.3674643351454,445.4479432182281,58.52792746345706,172.05506852792826
808.2991825649533,447.91149454050526,58.415983757466186,171.48886390125728
809.1100992294841,447.47363439525765,58.49040003262952,171.04077266068555
810.0393228977637,447.07547683332166,58.55491607688411,170.2439029557993
810.6123245584835,447.3506675266875,58.51855800290406,170.1326771774832
811.0063790441411,447.61648841405946,58.457376192805555,170.3465614184978
812.005705803642,448.11038867821,58.550495230108766,170.79803341312314
812.7770787295497,448.6118591656543,58.69942384919481,171.11322984553732
813.7921954622667,449.5434265818899,58.9286737211631,171.7545975479325
814.8132003026668,449.95849380254793,59.055674917972055,172.4228086008867
816.0243539816216,449.4306930357916,59.08902575746532,173.06606254943654
816.8680792455898,449.00059267100636,59.10797097480645,173.64124659328277
818.1391981933558,448.08188295622824,59.12939989980055,173.55056138378558
818.8720851947827,447.8228566397935,59.138562620655875,173.7324116038115
820.28475385701,448.03679139585034,59.17157366579977,173.46299072822958
821.5885009663557,446.82399910698393,58.97751633675671,173.0065977478264
822.6526142472014,446.3560443391963,59.01172173040273,171.82163860054033
824.1309844656313,444.73551283900366,58.99476725087946,170.35117520703525
825.6039496097939,445.3743638538273,59.17000295338387,168.80747874779965
826.5026119990907,445.9137410139224,59.22301949482783,168.07067123809333
828.1347620097941,445.78759717384565,59.1254782491322,167.53064033571206
829.221421319136,446.0249677961483,59.000769840867086,167.83929324899322
830.5306932210387,446.4017065378485,58.72977666763103,168.70813641760094
831.1626690049704,445.5669189589752,58.53365327817353,169.17767385752836
832.6468349904557,446.70726973738397,58.26910911085301,169.51963103026404
832.8957661249846,447.0757865944272,58.1764331671068,170.25554252949547
833.7322016524538,447.23930066931257,57.9711972668924,170.50346364425107
833.6590632580034,447.4328684878515,57.93375433137648,171.03379923720317
834.0891632442678,447.88444086584514,57.70661594665836,171.6732118399577
835.2354868751422,448.3806690941818,57.466634156939904,171.5682495301083
835.2775769898324,447.2339892308819,57.24904053823449,172.28009704395487
835.9975807335406,446.7724182881147,56.681197479052,172.61057856200037
836.3634849111523,446.28681240363903,56.24572291365426,173.16824508005897
836.5501670926099,444.97334870965176,56.00210179896351,173.68123914321967
835.7198774041058,444.2072405731382,56.2325773971324,173.0657696500267
834.9646314110745,443.0836308166224,56.434588762810804,172.9460775133543
834.9893839946367,443.137903307942,56.612599188857615,172.03294129221644
834.5825761494661,442.12743872863666,56.898455506010656,170.92644931015644
834.7765396876753,442.02433316339045,57.03682248219309,169.89258604451538
835.342484447711,442.4046173547724,57.094970212640746,169.4424392179858
835.4582318451918,442.0634354233999,57.28995720106905,169.2085036780171
834.9024745493888,443.66486169124414,57.32653731010059,169.6325463316138
835.2566094195635,444.1656769175352,57.32406822225521,169.56151854874759
836.3763554633931,444.47165683982155,57.56856608859064,169.5935427239312
836.1424777916601,444.9961040574617,58.02928894451526,170.41331934825945
836.5721972052303,445.1542762174726,58.49204958121918,170.99555855961725
837.0850574792944,445.40184347013883,58.90987997741912,171.180595603605
837.8659555931495,446.38859278033544,59.139091626105284,171.45198028208574
839.3429351927016,446.32316598847524,59.46036164262304,171.67275067619948
838.6284626567559,445.85619885204835,59.862649729231386,171.7852030655274
840.5808293782335,445.47684514358,59.75411131648856,171.84641061121016
841.3396443167615,445.01404071752796,59.590190541109735,172.14282198501985
842.439949957093,444.5817917508487,59.47099229107096,172.07323550294257
844.0809901361141,443.89761808281764,59.622796792113775,171.04870764445508
845.5169321403553,443.37360479271615,59.45289265919621,170.313231765132
845.9836432061969,443.07896005535207,59.296189084393724,169.36901627693908
847.344946714656,443.8664352562965,59.30481208799874,168.22808862948102
848.2909006577121,443.0221152412634,59.33159106864663,168.09395138827642
849.3974556068491,444.4264287750607,59.15519715471718,168.2028345917543
850.2493374596452,443.79703184241254,58.98511043105103,168.4455020627787
850.81266351648,444.4814642082362,58.70590922938001,168.6604968940052
852.2762011949658,445.4481042453577,58.15136957797495,169.00266919517424
852.6207695432868,447.20286279605637,57.871091448809125,170.00670142162716
853.2518069488581,448.41306452217896,57.72589884267601,170.93006823496125
853.9756167519832,448.1897957963005,57.878411344160355,170.7481660814821
853.8143060725863,448.5163064970774,57.937807415755316,171.02615748920488
854.1220162147935,448.78867101676957,57.66366291273395,171.84010047264005
855.2576205610012,449.31313821051475,57.12001700546711,172.68397452249712
854.68853764644,448.10087976046213,56.82621271511334,173.60120296663922
853.7693535576883,447.8866815335268,56.63249881177552,174.18297245331814
853.3021008084924,446.76550426004815,56.40408919957941,174.15893858398528
852.8894094722722,445.61648344154287,56.29480589406498,173.5459916517361
851.6626011534221,444.88505771124983,56.64047518221665,172.52058665785444
851.406124960766,444.4346173319143,56.81809016709258,171.44228183531823
850.6938903682473,445.0240571003168,57.18209401628414,170.49262447697248
850.7447117192406,445.1472590277965,57.49918184145981,169.56158462519443
849.8940278976077,446.86317428586426,57.858470798965264,169.27133469072396
849.6343777712532,446.0404712623143,58.48630546972071,168.3807721957249
849.238023018667,446.89159268438016,58.74821951991409,168.3079170879136
848.657337163721,446.93099810665996,59.09689107740899,169.07987004111408
848.92859541543,449.43255324903157,59.181329367921094,170.02847474889404
847.6628914689295,449.50909478774287,59.86858051882621,170.4309461210297
848.0460946233721,449.1473162615963,60.188057946551254,170.8569837577058
848.7460869772492,449.25285984688014,60.42540281719685,171.1730988953161
849.2415726991571,450.55732531668036,60.721114694379935,171.69341729005106
848.9578408379969,450.3115500664611,60.97142177402512,172.14221157202633
849.8492032803327,450.6873762928793,61.05823388524108,172.4369386853826
849.6857995876289,449.9655545539239,61.08744755784199,172.2565721964432
850.5637734700306,449.23506337684677,60.73588464449446,172.49874733013834
851.5702607678815,451.0747582181169,60.27949691040327,173.25800253361484
852.6707348108413,449.19418369646314,60.02630547254722,172.96072567360213
853.4213981640368,447.27380210241665,59.78860832185832,171.84461878265455
853.6358946761846,448.17484626036503,59.56027417028619,170.44306509657957
853.9832655695234,448.64085232141525,59.403667494940606,170.21026653887506
854.0688839251309,448.23424954648095,59.54303550503344,170.1257895411744
854.9721441824482,448.7893090582194,59.405586664745606,170.1473179853108
854.6612291594483,448.6456490134746,59.288640205751975,171.05063592569522
855.4592944690044,449.6111653744156,59.142682130165724,171.1216872206133
855.5083270434225,450.4234265673226,58.73248009282541,172.22923814183645
855.8213714725284,450.65653706094866,58.418758137441664,173.71821782673408
854.7891970442714,451.280990695098,58.63418044976637,175.07113722622108
854.8186651513354,451.1229232177459,58.641954558733595,175.37710841645597
854.018262900127,452.37406765301716,58.704525184922105,175.85131862657136
854.2981390556067,453.24924204205524,58.37810027762714,176.0078397368008
853.587128190245,453.0345885893215,58.48703990938979,176.55826950913723
852.7399126714183,453.27222015237254,58.42491252876934,177.2634793530441
852.5601296232379,453.3329292066886,58.01069935209695,177.43714128033685
852.1696565792346,452.481046280366,57.630669387819296,177.73511847293264
851.6764392471365,450.3783571249451,57.61586451382273,176.77939067415528
850.5309210457472,450.1506382597911,57.77902272751443,175.7882195034395
849.8820457611486,450.1708791234315,57.85732663762357,174.89244384658176
849.1900952240541,450.3916219718933,58.15109118379752,173.56686945460893
849.3899207916688,452.0547577058736,58.47997689282155,172.59322907871973
848.3915407574941,453.0120172893737,59.21145385341339,172.47887127341397
847.9866050675807,452.79679057524646,59.82052667703145,172.4300966223494
848.0041506126403,454.0526475292652,60.10877010200718,172.31117589287027
848.2721219889568,453.98551813154916,60.129645536610894,172.29932327446596
848.6414683869161,454.94834735155865,60.23335025169774,173.27855942482475
847.9884174703428,455.56467241319604,60.665303179567005,174.8259626787015
848.3959542891033,456.70427271194495,60.73339031198553,175.56177267652527
848.1948808680636,457.7299730744444,61.25801943151781,176.04808905548455
848.5288589371793,458.171510290142,61.831781108685654,176.6217820639315
848.933912218052,458.4249853821831,62.28748885129198,177.11272175621502
848.9161480481657,459.1986510804233,62.39440505571373,177.33895219502358
850.168772248197,459.07936364131115,62.41577251372918,177.51179182998703
851.2262248523031,459.6718118736044,62.20839141440395,178.10770548312217
850.7734009149433,458.40636500822484,62.28174989140693,178.5156317322681
851.6915066930868,458.0167471305618,62.10701840428034,177.81725391928822
851.6045191588414,455.7049133283035,62.21636947615576,176.2757499005747
852.2088371496308,458.4198778053949,61.71229961567832,174.66654233425515
851.6289394367442,456.0293088914146,61.80448251265064,174.12765662553363
852.0602536337249,458.00859443725085,61.253364204748735,173.88330200457946
852.2737153543493,456.8678370751936,60.969527480032696,174.20595525847145
852.5458332856265,459.40461156482445,60.582507570351545,174.64798121130815
852.447444299719,457.8791003684073,60.35260530511155,175.60630956002927
852.6036093090262,460.366072892489,59.96694855725914,176.32106566466746
852.0521026357158,459.0039498419531,60.09523647863676,177.2719399500578
852.0855900105147,461.3262613269049,59.924824133969324,178.14632180193155
850.8499508452796,461.34043315874385,60.419766819717566,179.15452246122118
850.6239460516548,461.66360203771404,60.641848047577874,179.52088597624527
850.2657296173165,462.0640821982165,60.38176598076089,180.40713716875962
849.9849100136668,461.3572237773485,60.135517872310444,180.9191295527549
849.323864151418,461.86905491200076,59.94573134477858,181.45563149663087
849.2595592022702,459.6409632862427,59.87539659993429,181.8023529637842
848.7552710439429,460.37827493931104,59.8671210145808,181.10520352458704
847.9014682193556,461.49120460206257,60.071094833540066,179.82918122806424
847.2051144645436,460.55743126315275,60.48624277666623,177.77240840019238
846.9126718596208,462.0016729025122,60.547033702931024,176.52700094525736
846.0443494269896,461.8556042573582,61.07490221340363,175.20149833631143
844.9900636964653,462.3927038316184,61.68331786791077,174.33038832069607
844.6280877377076,461.4564172470664,62.19841005863955,174.2396724673544
844.5570829529313,462.4795630836756,62.3895038333726,174.93254705390163
844.1242090005293,463.3605340542104,62.55416634951614,175.57600228957457
843.4955565533353,463.08495585871356,62.94828714947517,175.75858850182112
843.4109977494477,464.49839098742416,63.25852811168543,176.38081730827324
843.2552315210058,465.1371487686072,63.53627278905908,176.92038546229975
843.5327252246502,466.26279422662776,63.58382295415417,177.57957194608454
843.6080571656746,466.8641741636223,63.64160010606469,178.31784626990282
844.1351190798222,467.2645538709861,63.42060568374491,178.63114105820858
845.1201287209531,468.1038172529461,63.03369005825209,178.52659796356963
844.5392315477588,467.9377195114856,62.806493525581644,178.4463716835474
846.1448865645825,468.70207840359194,62.254718423117154,178.67836068167568
846.6897137780879,468.72192776495365,62.17923225858799,179.21376250006716
847.262830979403,465.759176743143,62.27975536328189,177.66843458000434
846.581261582491,465.42922895049253,62.64581025474702,176.0364178480293
845.2164670317609,466.463361581785,62.999477391561896,174.69750309270364
843.676769952038,466.4896160795912,63.21098810717546,174.0328458717838
842.0498583431539,467.1330594411545,63.476785182823,173.5599084355949
840.7757553993832,468.18746251873506,63.39922813091128,173.42341532688917
838.8935552891137,468.72077138976704,63.31941415047679,173.67825783186498
837.5054008292695,467.79819341380875,63.061653293630094,174.45784378694782
835.5226953821816,468.3831067143026,62.84506498126302,175.33902707937756
834.7633210310719,468.7644101591519,62.37129144379743,176.3532501476409
831.8920195925473,470.42568856410514,62.1128090394745,177.48583297472777
831.2879809304475,470.21045936432705,61.70859872310267,178.17302243741153
828.537990763911,471.89733677871044,61.44218539467647,179.22713502121186
826.525729179854,471.06000486252196,61.14112939637815,179.64035190076902
824.1766041410326,471.5602812783005,60.60076110015006,180.45828254108227
822.1163509754747,470.7069101838621,60.15058109093383,180.73487362503218
819.5792114434381,468.87048917771574,59.902356588265064,181.67919595920893
817.010818242106,469.8256930313788,59.69282093129793,182.27048221588737
814.8844393487203,467.7681930612147,59.58304276454764,182.25378593200293
810.9679720761895,466.7291965972625,59.82103807773658,181.6183546541273
805.8293557532231,468.00040949160655,60.337639162390076,179.4139539883202
802.9131931637561,468.43782375642434,60.70048859516936,177.71513350435788
798.4901522070774,467.2344496109174,61.28349944834618,176.82139785333996
794.7305834568137,469.16569093249154,61.83408435945694,175.67341373008912
790.8200976612159,468.5843832033671,62.45018668032793,175.15794994086326
785.6994855193215,469.98089574318817,62.687480872258966,175.4495310318755
780.9800708727017,470.5832821586952,63.28504067239531,176.06114108584066
777.2910731732003,469.80593222340735,63.89355679664851,176.64297436162502
772.396719058545,470.3634769588571,64.3623616522407,177.12682204454163
766.5118054314333,470.8737844109553,64.66837703207449,177.2969101747462
760.2731636664489,470.3937031784718,65.04147068930156,177.66325528646465
754.9599872528279,469.90499011085166,65.23609419983214,178.27732182139937
749.4562924551722,469.836504619771,65.29305769345919,178.9009709866394
745.3475354639485,470.47352345277284,65.29710407794505,179.303097113246
742.2540602337904,469.4195002404547,64.9319023814314,180.1407269204887
737.5872003601901,468.94934386191534,64.73282145419358,180.47847379297727
735.8718441070707,467.589640310999,63.996219431013344,180.57565465655915
731.7544411129272,465.7904552985134,64.3820807552988,178.75601444669763
730.0807373662365,465.68384910352694,63.69428669915021,177.47799003075477
726.8716491598869,466.1645395032216,63.594000453920884,175.81915626896694
722.3278982726384,467.0228846443465,63.10537326876218,174.68535005997455
720.1333985322228,467.58044540434537,62.31687631633526,174.6962343087527
717.0796026669516,467.08729229485937,61.75085068390161,174.97605728282878
714.51096943671,466.93480525683003,61.22571165350966,175.35066059594328
710.1441741186521,467.4470948219125,60.85961089863416,176.05151302724838
706.0382582409406,467.69682765703664,60.60750489465772,177.53803597394347
703.0149170109486,468.4926776059764,60.18436065633865,178.6387145970295
698.9506431264248,468.50312695894706,60.07613588815469,179.1321919949662
696.3078968428109,467.8528411306339,59.9799517814934,179.44513370154596
693.2586043119353,467.5264916301945,59.74041590589709,179.76363452556393
689.1175447729036,469.28781913929106,59.34266723951498,180.1103378085336
686.0944102269921,468.6902680033898,58.93055038697142,180.1553000332627
682.3619196841817,468.4033145918695,58.599402245907534,180.23617109280121
678.1728371208887,467.7013053647649,58.41493385808921,179.94559540218927
675.5164113586276,466.89314580849083,58.12302950416297,179.632059287267
671.8376400275552,464.37417606984155,58.5275005720697,178.2602616544276
668.9095930954943,462.9755381688975,59.064143580936275,177.51647247866975
666.5919233635537,464.085312096378,59.32400763817055,176.62172988341345
663.3874727871048,465.0168996497056,59.74997097826331,175.66239764317908
661.4719877636886,464.12277710434955,59.680414501505496,175.41053762944466
656.3937873199593,466.6473583179829,60.38367989854673,175.3154152526846
652.7076640699493,464.780839150142,60.76648071222647,174.8899643610714
647.8359143558799,465.52792475323196,61.28217786375372,175.3848493844829
643.4475152350967,465.8799840634316,61.75319283353058,175.84831804435703
638.6674045239841,466.0815508610441,62.352633158343686,176.48884306329066
632.6165782161552,468.147001860587,62.999063644179856,177.2397159665486
628.0495832416481,468.1130926738034,63.674467854058264,177.61468065092203
626.7588242207618,467.15532202384213,63.1595696608608,178.55938042385944
624.4853194167966,467.4028208453666,62.93798405013253,179.19512592675324
622.4966440646834,466.3352952149796,62.687736564051434,179.6793475147138
619.5954752053881,467.4020353862895,62.722214346881685,179.98147245964583
617.115450617279,468.75261216312595,62.53732028579522,180.50446956362674
615.5880413012687,466.55906368902515,62.27956882275337,180.79281878157332
612.9885564523362,467.1073962544523,62.24202442912686,181.45775784059168
611.065905420616,465.64808209676505,61.977296795148995,181.00854491222233
608.0173516300044,463.4507814854942,62.34153618179209,178.7820728887618
605.6116081277441,463.44124040741724,62.1537885099515,177.57908244359743
602.1381715389259,464.32254782145355,62.22152893993774,176.52578911439554
600.067277153909,463.3503870100802,61.87690137009734,176.55843993311845
596.5800738401523,465.4449913067397,61.65780175676598,176.07824480186613
593.806003510121,463.5279303066844,61.22613599364144,176.78409712958296
592.231237859326,466.32081152534766,60.80538149811224,177.2365298254657
588.7890114917536,464.6422952984276,60.665458794566916,178.56987062510058
586.8249013999499,466.96765343994423,60.53631022283375,179.5610606035114
583.1947143165006,466.28678079001315,60.61312020363599,180.29052603047927
580.1141199509349,466.94744745478374,60.49829269941607,180.973281341151
578.6253341203757,467.31456312815493,60.24576110621621,181.6757486695643
577.4619208290075,466.63140686432166,59.931953152209424,182.1559920782543
576.502353635073,467.42246316845683,59.69419905512362,182.84086512481483
576.1407244344176,466.0871095384257,59.20474957927514,183.15949513916482
574.8164495055032,466.4309809977736,58.89244061523506,183.49128919251496
573.3241491848154,464.96025108666413,58.75035015362904,183.23870513999333
571.710204868832,463.0291469361456,58.87326546940341,182.6562313197535
570.7688748941486,463.43939008102024,59.02723849002107,181.76439195211572
570.7812687357673,463.46355152316795,59.20310334651367,180.61596998105884
570.0721223093086,463.541913640065,59.65407665130097,179.49217361801522
568.7555657925083,463.5939739770695,60.2403006182055,178.93973559504911
567.7257385825947,464.067165530274,60.649447230301135,178.80403651392777
566.7585306711109,465.57700398467307,60.99967232698853,178.56251159411266
565.2708781628422,465.36034563999533,61.45892223640901,178.56624074045754
564.8809086239197,466.13746815017623,61.56672739167723,178.6595336667968
563.9586895023234,468.3983753887127,61.95946923899567,179.0240168925132
563.8643724414571,467.2402432864907,62.06472820480269,179.93012174751567
563.3452556722316,468.3127248055596,62.59865000285524,180.53000386127903
562.5572570921104,466.7716023670858,62.88224847192028,181.2386992768619
562.9072856718088,468.44583318380603,62.71045875570354,182.21247227400613
563.3562019869412,467.2772757302491,62.71452272139357,182.56992214015017
563.2168122859222,469.08955436499934,62.641815410737436,182.75347796879416
563.142651923113,467.93425586758,62.47530920082622,183.1944882574713
563.2923295636114,467.0190362107368,62.15346134530149,183.9960058477921
563.9887801166991,465.59055650157904,61.572757924367764,184.91517832934755
564.5098107359906,465.62204673916983,60.99051987695067,184.7150186284827
564.9634677390751,463.76097654129063,60.70622532764517,183.46975942707323
564.5608718181613,463.5624556831658,60.58955432882016,182.2385165697679
564.8883214786406,464.52558738211405,60.29920533015584,180.70291971630877
563.9559125189144,466.8719472715857,60.39161476419566,180.02924385978974
564.3136696570689,465.16684430749905,60.260256941496294,179.10704326711962
564.4034859285241,466.1027746699335,60.003370870646506,178.3594122118215
564.2369148716284,466.27953585934296,59.75004738728522,177.9966447605112
563.7959622591243,468.4193761286083,59.50811239947143,178.97767541506522
562.3189675047514,467.6572814247628,59.726237984190725,180.7595226189007
562.4422213682228,467.66011681638713,59.50296839461221,181.53532863132546
561.2966466173802,469.0584372329817,59.412373511531754,182.42551760351046
560.3649132542328,469.7311822000952,59.50008042165692,183.13731440863282
559.2969851258866,469.8634618064257,59.57819646686234,183.8093160055841
557.3504101244895,469.23005457032417,59.64617642952606,184.23808488071072
556.9182383476798,469.21473918321703,59.49812972721742,183.76220092685566
555.8718312367569,468.0973721992165,59.283779995282174,184.0480853360265
554.5817348357558,467.91146189124095,59.05743707645905,184.4643781658121
552.8128221537117,467.7248161321771,58.97436037908489,184.64103719437782
551.087242885842,466.93007353199727,59.135165378218616,183.49697589929985
550.3796711106598,467.14847641289765,59.15824650296941,182.50853278598615
549.1140468452003,467.998847632275,59.35081548181028,181.61164141525134
548.0367927640232,467.46041297072736,59.637048836234385,180.66989120099316
547.7033166646488,468.03233838619644,59.63671767879342,179.784027690478
545.4288730644179,466.94093185880604,60.290044376249305,179.2952215683942
544.461973743165,468.5044092585695,60.53034917567645,179.03719448607615
543.6836377394764,469.2736951683343,60.79845447448896,179.02797819251703
542.563569888317,470.6943458438336,61.295660002933765,179.2773202474327
541.7893283154409,471.02923035646563,61.683220263745035,180.42189932378457
540.8152388538723,471.6027287709519,62.371978195938226,182.0023278316499
539.9452654329511,471.1312587044168,62.99588874188969,182.69585311841902
539.9769207143638,472.0718011636759,63.36045900267669,183.58965027807147
539.1095674854128,470.68692054193764,63.97279366778547,184.08273152887224
538.9602954083867,472.99303917367604,64.1346520630083,185.026229376632
538.780220616214,471.9077438831901,64.38866806714609,185.99472540270278
539.8188176425076,471.81537877760974,64.23728923920639,187.03006873108157
539.6276896031501,470.8568236722104,64.43695508662194,187.5467839061365
539.1213742801857,470.482537886282,64.62696760568147,188.3101666482807
539.8095127542643,469.5566547135446,64.37688215437328,188.41178779684083
539.8045858248656,467.7972077237373,64.05454698967614,186.76336247866493
539.9338016341973,467.7577446580107,63.73091517629637,184.6501361099655
540.3887628128557,467.58733001500144,63.344573131708415,182.9765177069277
539.8281411472975,468.30389731234504,63.090603555033674,182.51073645620414
539.8712754291948,468.7995391677717,62.87285815682257,182.35491227570435
539.7894847869705,469.5123543695987,62.54105412227665,182.35213498427106
539.8578168604788,469.59200370053225,62.12427297015019,182.20967586576148
539.7594967443359,470.0167931201615,61.759575254590494,183.22691950765844
539.9797675841364,470.97174988766903,61.19619822942336,184.91691813923882
539.5277336490792,469.86437809485324,61.23934161719208,186.41927142125854
539.0744232299986,470.7371285773622,61.2510911012502,187.75466802589693
538.5553962455139,471.72577382906223,61.308132904673315,188.547912514715
537.2578330519257,471.49969520963896,61.511654629908236,189.47183273855268
536.3590982069122,470.9259973710299,61.44280108728445,190.27065553574107
536.0806296404348,471.57464341170584,61.23872715618663,190.81865733389813
535.1948823722063,472.00570559959795,61.21443686159651,190.9724723130105
534.4213173520086,470.36824209457154,61.11612238962475,191.25262498148004
533.8207779779569,471.1395001340869,60.89659738559179,191.8479861283251
532.7792790231288,470.8440447451967,61.006852976141076,192.2201459226289
531.3855497409099,471.12914552486444,61.261755483602435,192.3873678428505
530.5834173958585,470.87697105636676,61.803628773367976,193.01230210967654
530.1606361102736,471.4783591647516,62.15293475464843,194.28458897846275
529.534319552832,470.43832627304744,62.762307688581345,194.93299637468704
528.5319517811998,470.9947357794271,63.34687173259347,195.87175683733054
528.2801867694191,470.01880189665917,63.572645959245534,196.77786444814234
527.6774381684105,470.4225002057239,63.86234115930963,196.5993706229434
526.8741144524442,470.97019203526673,64.05536335091615,197.5817643495694
527.1488734566276,471.50351204918144,64.06571963873796,199.60102486686023
526.5013972841996,471.42720802584523,64.33269606673149,200.5830336317448
526.5072065499612,471.63373073493767,64.582572201546,202.22034436323344
526.8411392179887,471.7280742130912,64.89037368649394,202.8997306319477
526.0501162979679,472.128195957241,65.21463253732364,202.7020248948458
525.9958270391171,473.9404344380731,65.2966219873725,202.56761875303644
526.6196160280872,472.90767237738953,65.1514327490182,203.20984046237044
527.7733358643096,472.05570275247135,64.9551159231766,202.99409637499525
528.4239369942302,473.2678792406614,64.82495407909948,203.48847794909125
529.1691200815471,472.1982956345878,64.84623989726323,202.91265168437076
530.3924256577614,470.25893810194145,64.66037808489229,201.25868433084025
530.8295641896801,469.8762540657227,64.81024912762982,198.57428886682447
530.9202767616246,468.43588344797956,64.8314479023935,195.68659176307727
531.498732898203,468.6732833662528,64.49528950163099,193.17870014300723
532.0858316738006,468.8327064406177,64.20351082136182,191.64843822660782
532.0437591082284,469.3992404132329,64.04342994385263,191.06125876490168
532.1274850715652,469.6095283107503,64.16645243200452,190.50940713721383
531.7358714332177,472.0936023081364,64.1913501384061,191.09166416792385
532.6249111025346,472.0925049532438,64.2118901893061,191.8512809672858
531.702190771922,473.8253959500762,64.45635486023588,193.11466262031894
532.2267773010598,473.40871051975284,64.60903233544586,194.1183447680112
530.932392599698,474.62347868644866,64.65924110927847,195.46477650941813
531.9596728670723,473.5790479317015,64.57227567493263,195.4075205701057
531.8369899287919,475.3830008252192,64.26324837922918,196.36456477238914
531.87524116192,474.63444095764294,64.16872618461043,196.70176536481864
531.8544035037286,474.72134016979294,63.93327539735377,196.8039922357762
531.6664422244463,474.4274795189523,63.65113955099592,196.98708135652834
531.4209089033149,474.2600494978691,63.396858335783435,197.0097697904851
532.040576860881,473.52163736415605,63.07057772136386,196.5581922300989
531.4747936020866,472.07465277026375,62.95165464640028,195.20044146625392
532.523438535223,470.312458287426,62.659946230589966,193.54656629084667
532.2606356040656,469.96270121634694,62.37693861376732,192.73813787566988
532.613301778441,469.70351842426305,62.144818775363746,192.330900189307
532.6204480849773,469.8648258936075,62.11222264131371,192.22413673634733
532.6395141070224,470.9761254219576,62.1129744956309,191.85304629704825
533.6559397480494,471.63928083866085,62.230960158157,191.38684604456284
533.419103834869,472.21047861155853,62.24912288813364,191.80679898376053
534.2008388372866,472.4293819948174,62.46165886665116,191.88236034697297
535.381782968478,473.4712596866815,62.69177132715352,192.36024331849995
535.4932605215516,474.0210052652025,63.14278858924659,193.28041311116488
535.9861798993699,473.72460640494705,63.78926511166331,194.18088404754184
536.4463909501637,475.0294707454549,64.20712178052234,194.96148997269682
536.756023829327,474.1931391650661,64.50130560763367,195.18117917164426
538.6531956248494,475.6956627426579,64.58518472052235,195.47206740884047
539.883496916973,475.16824058779093,64.59923490345687,196.00147221776575
540.3113141783203,474.02271324288847,64.74289925132551,196.06785149062415
541.2261663374944,472.6222145684824,64.6432391786973,196.2831797987564
542.0968038928305,471.1084193297324,64.28776705226271,196.55618286437596
543.8258038912295,469.819563230768,63.86666185374369,195.45003571400764
544.9680607649173,469.05335931358826,63.48473373201668,194.5718209516264
545.9316088612042,470.0679998189909,63.207581964072,193.81152902697215
547.1486966945274,469.84704291139894,63.16971734211852,193.13036258855504
547.583316673636,471.0756876067712,62.949562786389976,192.84203448435522
548.4867290277922,470.3199503179835,63.01428375049424,192.5622897082549
550.1085727032996,472.1003392898533,62.916709556751876,193.5785634040721
549.4193111555144,472.2634754259807,63.20943784584199,194.41610865672743
550.2081417008258,472.9378237617682,63.26067597187092,195.04596158479984
550.9538303780615,473.90145012745063,63.16846520141435,196.38707995862904
551.0756139762335,475.62074541782516,63.23308081084704,197.8181836108207
552.0052559517534,475.29697203444874,63.37590233427928,198.17216778649765
551.8120034953517,475.1801948762336,63.39216795946769,199.13601001243566
551.6318580607688,474.1147285519869,63.383820998614624,199.13282529604567
552.6678293693379,473.6380957785839,62.85068636964318,199.4753603140203
552.4278548928722,473.96297468187214,62.65833218241127,199.83230457291154
552.6520879530677,473.2289103493939,62.580937817906204,199.6904052093798
553.3122722941008,471.13477007672077,62.63437990396755,199.35393552202964
553.6085889871913,471.59228137729775,62.51901512421091,199.08428584806447
553.8584139532636,471.14930130377536,62.67212516130074,197.97832492787143
554.2738296408547,470.06150356700516,63.04726991469661,196.77455161936834
554.7070384947691,471.0210309448328,63.59610060088048,196.10114250599372
554.5719170481376,471.5686742427221,64.4183385331296,196.49048875990832
554.7637913277159,471.6667604203525,65.22384366183152,196.2056327249477
555.3993015594644,471.9995525460548,65.76378444482498,196.68834792918577
555.7184621788758,473.38998444348914,66.4574478451699,197.8172946773774
556.9804040450488,473.2066342610491,66.76629321400515,198.7299263815214
557.6226899383039,473.2853084369391,67.16256299262693,199.64415283690852
557.4550991328869,474.35709762333477,67.75373060852891,200.33087169579136
558.6394628164744,473.9986788198122,67.83759895210828,201.77133538001152
559.2883493689029,473.64519852090416,67.981498768432,202.44727901522498
561.0832613278673,473.4588943971146,67.93237910083904,203.02629965267857
561.6500446902173,474.16834762571017,67.98157619106493,203.72259371504913
562.7384952680927,472.44018457447464,67.8404616640372,204.66774919183348
564.0653222830978,473.4421507686376,67.54663968244331,205.40324818473323
566.7204250723623,471.56865449603356,67.42038166708565,205.35395176280866
568.1330756890624,469.68478951534786,67.29242759783968,204.62635806619065
569.244148092592,468.4222080035954,67.25965056192905,203.25875509085512
570.423072871037,468.12087204664033,67.09280671182606,201.9443139390457
572.2899683915856,468.5404135596274,67.0626816424849,200.9171620463419
573.8784036421592,470.5768048662543,66.9012165578262,200.60473824351294
575.1961767445675,469.0282859453739,66.83095985038516,200.76389485396567
575.9359344422578,471.0470424753337,66.47129544816103,201.24594070060124
577.479818906249,469.36973861741524,66.05292768900205,201.9734160006667
578.1426812491902,472.065728997884,65.75891315097718,202.69708303254544
579.3699840559123,470.460411710589,65.65997942016247,204.0426365352817
580.4482764383881,472.4576154564984,65.57316522978041,205.30315858600443
580.5916470543608,471.4567372273969,65.85163147921939,206.41036215772132
580.502396578464,472.24298056301814,66.00787198863699,207.46041238413812
581.1375275020342,473.0444568317385,65.96328643963788,208.19029194470465
581.6383896475908,472.1520816262053,65.87311612744475,208.229216588254
581.3565782283326,473.76500564589855,65.58976107642309,208.76605575513582
581.8810114427719,472.12338117205496,65.46525712818524,209.47383592421272
581.6269856755217,471.29142345086166,65.30138913801571,209.35524573515244
581.5476186156603,471.49625452646353,65.32725602577356,208.97871779480352
581.8919910794198,469.7050359224787,65.69917301021898,207.26039377993385
582.1428895647632,470.652832565392,65.83580401232567,205.30318713555008
582.7303488485603,470.5673731441631,65.89360880002485,204.00020709037346
582.9973121473844,470.1341514234672,66.106958508529,203.33258778857834
583.4265853987456,473.19553578883693,66.037198238278,203.7567932399678
584.9407276486776,473.160274700899,66.50894449441085,203.15550812672012
585.401578619395,474.52273201044653,67.00461919043484,203.04855896744866
586.3488665576887,475.69826657404116,67.5013361242874,203.4819403712653
586.1844000808418,478.47001875425394,68.09767980333649,204.14023874139997
587.3710850641013,479.6406798860487,68.83585158486434,205.0284618326537
589.2888498540027,481.81035112746224,69.72664179494784,206.42937375198716
589.9976049706274,482.64104334633925,70.34220117229421,207.84094873729842
591.4910268190807,482.00565535138355,70.69157416354362,208.9445867914522
592.9670746222985,482.5711601952314,70.77469488859005,210.56255166544767
594.0943365322527,483.4687918523807,70.82792963839911,211.49287619599772
595.8826004609624,484.14107354703367,70.51814949406867,213.01456379851305
597.6815316640391,483.9926258201531,70.21124286985196,213.90105385485919
599.6381335529737,483.45234081642184,69.95151270762896,214.2551659684732
601.0774967287643,482.5265131497903,69.84775021179111,213.95997619942608
602.7416422270729,483.1619733452205,69.53028508759537,213.7615182481028
604.5957005972889,483.1425311966638,69.34612726859577,212.192729496243
606.6496447450795,485.122543041801,69.17873160301957,211.3747226936335
608.1869700026364,485.3866323348559,69.16066949923686,210.21658219966008
609.1149249378257,488.0907806559386,68.85565317400912,210.35312875436347
610.7221706440314,486.38736606381013,68.40560587437531,209.96043315453232
612.6948905244786,489.5464319247019,68.04816021214432,210.3225511237583
613.6923438853881,491.8973014494045,67.79451330363398,211.39418806235975
614.3307713118327,492.422710402592,67.56804690613592,212.0205102726763
614.5457935931488,495.4142618252233,67.53434792908823,212.3606257730558
615.6534977226506,496.08227481187174,67.56150792455531,213.56470824206542
616.0833374334052,500.1347292273387,67.6766497129539,214.57105791790642
616.4260888549737,499.745358211253,67.67473865286348,215.08724870200422
616.4073988044563,501.7417715258132,67.58054026376027,215.2971198267901
616.7754617467237,501.9704916794601,67.29894396267949,215.34529564794087
616.6310117054682,502.59671265685273,67.14045468094821,214.90906944671102
617.0076626354137,502.65710941358213,66.85525584244037,214.7665030345185
616.7327676207051,503.3524531499944,66.69734186423182,215.2062092336834
616.1837812849867,505.7686357173883,66.98207418637593,214.98916573509564
616.4205417833876,505.49317828350087,67.2305594509227,214.82995736192277
616.9511389468959,506.09072742092167,67.49238486687197,214.82865178784874
617.3140816382224,505.932827398976,67.79429599110063,213.90890369312154
617.8558708306915,508.7590042475718,67.90510802230776,213.76310412266943
617.4685082098268,508.33780296416194,68.48111172108278,213.38239362949167
618.0539934980072,511.26480011348076,68.77916425320416,213.48752961802438
618.3297676337887,510.853966566029,69.38596144253297,212.4780937456657
618.4136178213513,512.0136745531086,70.04997885658099,211.4964508561469
619.5053404259514,514.3384326313769,70.65088261207194,209.78291454274995
620.4711254431211,516.3904419710533,71.1302217536055,207.77006784330138
620.9258144672586,518.237790504314,71.72825077453646,206.10448812258988
621.3352742687703,518.9484123818975,72.38845190286703,203.89568366605278
622.375376509096,522.0192411727344,72.81318960094175,202.7622820429359
623.8351146484771,523.5929021381469,73.14221867610715,201.41384402705842
625.4025103812701,522.459644320682,73.22443460912652,199.75324660580563
627.0764394736741,524.997044398156,73.18219971724159,199.95756594243443
628.5531375514645,523.3771394589237,73.09517924639889,198.41402630689151
630.7871717238746,526.0737849096485,73.13560051034331,198.1384278759927
633.26025918262,524.9945065867075,73.17132151646697,196.98501881791026
634.5603306550441,527.3355831390347,72.87573160354012,197.57292386831568
636.9299816511974,526.6403727966299,72.83380395510565,197.00379905999932
637.7949322097286,526.6888801615709,72.8158438418427,197.1999369902489
640.1537053156011,529.7956007394162,72.66822389199956,196.9709838449648
641.4185377962893,529.5305920393799,72.62851316379256,196.27933431293133
643.166017229737,531.2477701075568,72.31910951654757,196.0224564900236
644.4910746834695,531.5313654931302,72.04612416383102,194.31987746375734
644.8466009629478,531.7883189584336,71.90697411837857,192.55607221867467
646.7896334362399,534.6280259057486,71.53475556919409,192.56370294455866
647.3250121329107,535.4406854119808,71.20027456402084,191.35316872117951
648.3766001231078,536.6077240812363,70.85535132353309,190.22976042334858
649.6459727622426,538.5233062203162,70.44139480640226,189.07288012651208
650.1211442975906,538.6217316076552,70.15217399818431,187.8231223617827
650.7636096171026,540.7454774160587,70.0119606948613,186.0567882862506
652.3890130192648,541.5162954076914,69.78857345764504,184.78261312604434
652.245065659638,541.231689382367,69.71697363978333,184.27166563174853
652.2277628562921,541.24231422439,69.58051579351617,183.70804920461447
653.5855885493833,541.7904962755412,69.46907073095763,183.08145547422617
654.3179092225678,545.871685544568,69.95147530686786,183.09274770491044
653.9478592636183,544.5309885037842,70.48708353496562,182.62237095632344
654.9630809562556,546.0064096305274,71.09530153427366,181.8390561400472
654.2839481685887,545.7994585167395,71.73199465086334,181.1075679762732
655.9076925518624,548.5218518363,72.53165363517044,179.32498417223525
656.6326695078864,549.0530009723734,73.10184394728941,178.53795829927554
657.2371061954955,550.4939250808576,73.82011784132013,177.15271166388064
657.1028150477625,549.5973889848992,74.50115915263227,175.46513176191002
657.469656306399,553.7511123749096,75.57945509471755,172.8862134814927
658.1554066719008,553.9840261240752,76.20782013405393,170.76667919414476
660.6476715850619,558.4076336475375,76.53994260570549,168.16517928851636
660.8383201316246,559.9296052041769,77.22734642219433,165.6148048638686
662.0361794833185,561.3869700330597,77.5859419029954,163.4997593730113
664.0727817690866,562.4730285092369,77.87068086631038,161.5087183661535
665.3865598630075,564.7521364662624,78.0749306229113,159.41644197389195
668.4233099367011,566.1504193390422,78.10060831289594,157.75222965335837
669.7547335528,566.0141841595757,78.03049064917957,156.9696112538227
672.2197454119,566.8833949771242,77.74116822492492,156.45146740498046
674.5079495382184,568.5923087238997,77.35529074926549,156.1433808839485
677.2225667012499,569.2789272596327,76.9250622177278,156.70110637504348
679.4399914560665,569.4615456261729,76.52240493831926,156.70468318647494
681.925615309247,572.4630112699965,76.32438730779441,155.76284999758263
682.9646236340573,571.4491913786046,76.18910513807802,155.14214883989092
684.4570110440823,573.521327484821,76.17872750049256,154.05348799945224
686.7915235558106,575.9208621655869,75.97018173652683,153.0136955048333
689.5887675564895,576.2712052628381,75.44721215634222,151.3818089252372
691.1430047773025,576.7920595786542,75.17464302820801,149.12581635042872
692.1956245445324,579.321642039698,75.05687722002088,146.9128692990535
693.4441572024808,581.4258258790521,74.87773592679845,144.55740141015542
695.404240608525,584.0544270242856,74.50600432589187,142.30698045933377
696.4151447359731,585.6330756136871,74.2475523990062,140.31178919846138
697.7305409662508,587.6240810313632,73.97041861459829,138.0852699774509
698.293209708222,588.63577510831,73.7511011163317,136.330337567347
699.543191323864,589.7069227567482,73.49579826255017,134.7704180949219
699.7342783806271,590.0390213805979,73.28333851045329,133.74132383451217
700.7145465902813,592.0896755310341,73.2302965169182,132.7450372488039
700.9369861501883,592.3520627038404,73.45063396223654,131.54739077708874
700.2127474305469,592.6078684496723,73.99904770799597,130.20892124175424
700.3029586149369,594.0774442082012,75.00683201188437,128.87934940704676
700.3975513569651,593.4633484172607,76.08718302303676,127.4075039863643
700.9559153793886,595.8145953988503,77.29957823678055,125.60129603392727
701.1567839799807,596.7189328754264,78.27229338811993,123.73363999371628
700.8329310680787,599.5286865644337,79.19975608577008,122.05477902569017
701.8635725741249,599.4857168119579,79.91965393228973,120.23957009218802
701.6754951043056,602.4281047829096,80.83589114779585,118.43614638417121
702.8161796356464,604.7016452521374,81.43187932960569,116.37523406868627
703.6597762489007,607.5522769080738,82.08836839222072,114.24562173871651
704.6906344143399,609.807545815631,82.46223255336186,112.39057312991618
705.6204672452184,611.2527355578563,82.7478448685948,110.23187862824204
706.7955768398364,613.6948295074316,83.02192186771313,108.03317585367967
708.9963692238903,614.6808564369537,82.92897567229825,106.03216352686866
710.0495131039901,618.3398380769491,83.26529030810998,104.12440561110529
710.6551407142898,619.7207229823033,83.47087576000358,103.41734881118491
712.7557630328753,620.0437893676369,83.268256639724,102.51055187549771
714.4805904556861,620.1640491308204,82.85581607327727,102.03017573346793
717.6598242811777,620.5459071876763,82.47175847936192,101.51706430887742
719.4735263982533,621.5887958629997,82.13914093687636,101.04810741282807
720.9035718478356,622.3998303445056,81.82790605768558,101.1382221637294
722.7768353400788,623.8355896573104,81.45844210916414,100.7588249961735
724.1546462405516,622.9009664235626,81.33870936156323,99.83818975743104
726.0874778320443,624.4487381074129,80.97129213309131,98.88463728977032
727.1586687660341,624.8508386437959,80.65879407896985,97.71276198547513
728.7286617964219,626.3212308152516,80.34190453194253,96.93236182072513
730.5493197432229,627.5169461957938,80.0571796245923,95.434929861349
731.9485431407128,629.4558670050019,79.63251904062615,93.50447093145527
732.7600986307534,632.5032301686077,79.41293400906937,91.43085323156282
733.6376647071015,635.1713008714715,79.11513768610793,89.06408600567528
734.357477224523,637.146528268796,78.86780164605428,86.81179805825545
733.1254200867144,638.5251978583149,78.23640520046476,84.98522778628795
735.0901419549208,641.7165673940003,78.08992569363572,82.46001930878909
734.4049620489354,643.0631763708948,77.50129421646768,80.49016493331953
735.6551878325706,646.8283573901282,77.36369307682475,77.97783782985036
735.1032893695821,646.3968059657885,76.62386707990456,76.43848463337895
736.115053360493,650.2168664670432,76.56599049101942,74.0245241571452
735.5129900015368,649.7361860324437,75.90812794921212,72.59759867418674
736.3036079818187,653.6012471579436,76.27806159867166,70.49692245284999
734.2282811414232,648.2178377132107,75.65645795142919,70.24238094497684
736.3856571082247,652.993800783599,75.82728407797647,69.4266236655894
735.3443244288246,654.9276686436064,76.43964292108284,67.83657692567732
736.9337599285558,658.4721972754045,76.89314191673762,66.03082912176728
736.5502617263568,659.4017097623886,77.5283181341631,64.44043152316334
736.8231393086078,660.3339541513336,77.98589045856032,63.16865717417506
737.2167634684431,661.418659517744,78.40296912615634,62.12744589947636
738.7932258634961,662.018772619953,78.94143938037708,61.304263448920835
739.282059751509,662.3730129039388,78.7620819438021,60.619513613449826
740.1274413458275,662.1346294407539,78.69772041799156,60.270970547983175
742.2803494644604,667.5986796032954,78.61268216915951,58.950849997375066
743.9018931677159,672.1689965369459,78.28800339492712,57.59430951004849
745.8848776213365,668.7403487324008,77.94140614028902,56.70470360699276
748.5280336878412,672.9035201734597,77.45157895448406,55.841803527304165
750.7421373118278,668.8285239067757,77.09332371761944,55.5497689686923
752.3081029520984,671.9788127481115,76.7094469414729,55.19500494187386
753.711094147871,674.3668955150165,76.20122455969312,54.980952216291456
755.0472300372853,669.1428639705749,75.89322466006064,54.86174502624396
756.6799831983342,671.8674138865374,75.66387952227394,54.67631659248178
751.0660450628013,672.9885708586795,75.44279358173068,54.55473471721293
753.002606538473,673.6104546673519,75.10384245007434,54.403981101714564
753.4736053105822,673.8339552752545,74.88630914354567,54.340926483485504
753.5786647141787,673.9899233049409,74.71195439726742,54.290091669992805
752.2758521733555,669.6690452457094,74.57761022537377,54.2299730554847
748.0770634002006,668.2363017857851,74.44773434913716,54.19869545850277
749.7412651976141,668.1663553937957,74.30983101370957,54.16013281519264
750.0285862435296,668.8286654560983,74.18314506668821,54.11716990952055
750.2648881714174,669.554868693347,74.07828723623662,54.08588097919723
750.9052616623572,670.0687374073989,73.99037916159868,54.044605011683764
750.0635796080868,670.3239142270155,73.91812767813667,53.99676088535193
747.5220676388723,670.899536330862,73.87356811284258,53.96329807833943
747.6284319723575,671.178069639267,73.8237033411693,53.916557608608755
746.6636879211502,670.6829809531179,73.79270789255838,53.87965468343713
746.6667451716461,670.2823330852372,73.74166107085264,53.83705432821426
746.4206715750896,670.7690998721331,73.66289876384349,53.78965885743055
747.3003234605447,670.6278223063167,73.60905399161335,53.74934740023246
748.3463436667481,670.4419807143121,73.56481245120054,53.717078671123325
747.3932700378309,670.675956345275,73.51093380247231,53.68527652952819
748.1289953144986,671.1459797936144,73.46663027996708,53.64221552133057
747.7728926490387,671.6099406340675,73.43954352571642,53.619268301026224
746.8271601450241,671.7432725373186,73.42282352855752,53.6019564281226
746.6545182803036,672.5459447820054,73.40989854208276,53.58676861313392
747.2986608524618,673.5635543667036,73.40280081288932,53.57385230971973
747.86191931465,674.0009462630047,73.39737692325723,53.56433549585819
748.6106332435236,674.8593514145689,73.39464198714856,53.5573105349462
750.6145521324877,675.2801518187528,73.39313708351857,53.549293737179546
750.9033145672464,675.3338188915475,73.39298458615136,53.53918553330778
751.3868189456887,675.3737181519269,73.3933144508833,53.526282400615635
750.862216115478,675.8267438470742,73.39370605300097,53.517578341368036
749.824726351599,676.47342210884,73.39396543648685,53.509024969920794
752.3413065976583,676.6481696375411,73.39374628576839,53.499907571124425
753.8273958000577,676.6074296402792,73.39614936099599,53.486248807227206
754.893161907729,676.8855474286606,73.39693325817166,53.47659920754168
756.1711924370385,676.9874335492846,73.3974749159986,53.46734469796045
758.0616706687275,676.7143309554581,73.3976482896567,53.45732035384854
759.0563890030143,676.7125298778478,73.39602533224954,53.44578906950584
760.4135790700944,676.6174547719698,73.39372281573455,53.43236624804817
763.1740529920093,676.3437264777501,73.39252079862602,53.41947063025747
765.9699251467636,675.9970831984427,73.3908848837403,53.40704189021942
768.2739413205054,675.1607883127836,73.3878711519791,53.400900816086455
770.0381492279744,674.5541909425187,73.38474892567966,53.39691339719227
772.8985054412315,673.4156962869704,73.38196157088161,53.39365406632128
775.8881874580096,672.5126989167348,73.37951766519403,53.391606995802995
778.2624622105483,671.6916383401057,73.37773138948674,53.38983907950411
780.3276743965619,670.0839222466724,73.37618465723028,53.38887016621208
784.0080712565867,666.8305297687514,73.37280184492587,53.38712688947946
784.2412092147608,662.8955394233263,73.37043814738671,53.38631376090214
784.5574187951518,659.9638205068868,73.36838280858811,53.3857417366034
784.9322672279789,657.0120864682934,73.36686710719862,53.38543126078106
785.0707709658186,655.565288758833,73.36584871695507,53.38529627770907
784.5717335674568,654.5164032634265,73.3652456043044,53.3852307740764
784.2383909408545,654.3562228479485,73.36460434755645,53.38514949473235
784.1377159518233,653.3901088677572,73.36412113708494,53.38510287511304
784.2422001157354,652.4427403594756,73.36369342768057,53.385027188543766
784.6333472710899,652.4822799972142,73.36278739974752,53.38483906371984
784.8931910830331,652.1468700084614,73.36232757861455,53.38475303393552
784.8388698861085,651.8028077372744,73.36211529121043,53.38472490544939
785.0089815598338,651.4841760961546,73.36190574581119,53.38470271672651
785.0022887047621,650.9503653391532,73.36172819738101,53.384691317139705
785.8164718578089,650.8026161972203,73.36143832542301,53.38465615254768
785.8815917490417,650.9664337393524,73.36124212408538,53.38465385312691
786.366477174959,651.1114487511318,73.36106390311421,53.384647335256
786.3867624639265,650.2450972610146,73.36096601892045,53.38464662972979
786.4613467087058,649.266443826157,73.36085086455168,53.3846387697544
787.0351436847066,647.6053815034697,73.36076195748721,53.3846329734634
787.7967036345433,647.0635795258975,73.36068449822822,53.38463426175298
788.6960956455191,646.7780352032421,73.36056254273635,53.38463137435654
789.1087577072761,646.9546352258191,73.36046770636969,53.384633940410545
789.9547937178202,647.0084961808043,73.36037449749927,53.3846407352502
790.8516002634233,648.0996788413123,73.36028996311677,53.384653467899426
791.6649262434804,649.4826680559601,73.36020548595103,53.38466243484407
792.3763171762054,650.1023860702812,73.36011603859941,53.38467829142513
793.1219107402205,651.1638799621727,73.36004638798603,53.38468540739197
794.0205527755679,652.7316057770911,73.35994380437472,53.38469534638754
794.5114448884914,653.663425117381,73.3598457533974,53.38471044483761
794.7702887743526,654.9871740613265,73.35976441888117,53.38472308551115
795.4918121638634,655.4849657653456,73.35966574281065,53.38474174875815
795.8578392501663,655.1264336256719,73.35959022506637,53.38475952885329
796.4448590438345,655.5574864491349,73.3595023827631,53.38477844419064
796.6659411019493,656.1388667107934,73.35943292037838,53.384796059988155
797.1617173787902,656.9505177289245,73.35936077679563,53.384816391394
797.6528845105515,656.9277826509069,73.35926343506016,53.38483932454076
798.5604377669478,657.4501601632835,73.35916425125485,53.384868845685965
799.0257404857203,657.560095735844,73.35906647362177,53.384893719070014
799.6885067433528,657.7369389800236,73.35895612613487,53.38492083253849
800.357899028411,658.150802045107,73.3588558764683,53.384950928434684
800.8975689026761,658.4790648920291,73.35875954949275,53.384981185232
801.4863500863685,658.1508727624412,73.35865797178847,53.38500714276814
801.872553560571,659.2927740407489,73.35854351815748,53.385045242433414
803.6680694608647,658.8256208616444,73.35842286754868,53.38507829808721
806.6623322580175,657.8209430257116,73.3582567245368,53.385133976437864
809.2814795447523,657.86970410557,73.35802310230008,53.385207977788475
811.5837294559984,657.5151093803798,73.35774653115077,53.385296645297466
814.146646036013,657.0327392550533,73.35736684325906,53.38540998764824
817.6635328137555,655.7734770175415,73.35695615322203,53.385461314325944
822.3058025823833,653.0334890935477,73.35652763891552,53.38544048110013
827.4111702119906,649.3922848785421,73.35619200738674,53.38515647870771
831.4531640308574,646.5754179082369,73.35650631820033,53.38429883988109
833.862224930789,644.1032294592595,73.35724791021339,53.383439054943814
836.7975526931746,642.8537247854683,73.35981378284224,53.38130017864932
837.9717635174328,641.8957777010827,73.36176015724436,53.37969766620717
838.8402020329114,640.5815703864546,73.36335439589476,53.37861500580574
839.4323373556899,638.7988904511382,73.36444036731149,53.37798061374347
844.0907870957689,636.8465619601157,73.3651506741409,53.3776192661681
848.7237173853024,635.1358261198413,73.36560936997628,53.37745269636568
854.2091193720992,631.8683493729411,73.36573644954443,53.37746880842171
859.1955050545506,631.036693318654,73.36602759990024,53.377299562282516
864.7300035373582,631.3501125304459,73.36629504621118,53.377066053363926
869.1242472718134,632.3864710510278,73.36653247659294,53.37685424787222
872.2949833323742,633.4825446641432,73.36679285745515,53.376645183491405
876.5489002771033,635.8568082467857,73.36710430033315,53.37643335252639
878.2799112770153,638.0979446280678,73.36740858873243,53.37627824285529
878.1767530343084,640.2443153802473,73.36772102079209,53.37615644369661
877.0169507145214,641.7551019200902,73.36806625522983,53.376028161526584
876.3954695065905,643.375832146815,73.3683440683541,53.37588164240305
875.4842219544744,644.3071116440583,73.36861419795433,53.37574773679909
876.8771496066092,645.4895449355824,73.36890291185767,53.37559172313231
877.423288500247,646.5287829668105,73.36911961234446,53.375470019349564
879.1396368926587,647.1427326447038,73.36952138213236,53.3752590953027
880.5574524709532,649.1514559369576,73.36973641122779,53.375108348197266
882.7191746638717,651.1433435962783,73.3698389118347,53.37503187446561
883.6281385837272,652.2234997444525,73.37002249180166,53.37492589601871
884.5350323009525,653.8239056504632,73.37018046998668,53.37484846090482
884.1821154764092,654.5423866698825,73.37031628458152,53.37477809706158
884.4834912152063,654.2682086671048,73.37043640380062,53.3746549628123
886.5546543965213,655.6655702038561,73.37062236264269,53.37447682453609
887.6318339040839,656.3594159516725,73.37090330685288,53.37425855449663
888.4502375175234,656.7735689330838,73.3710934220834,53.37407204844221
887.2920297913192,657.476147488925,73.37133031423481,53.37383313057686
888.9554988612734,659.4916871305808,73.37145788057947,53.37364097418805
888.1561503272806,660.3487126345608,73.37161190066044,53.37346835940123
888.6328988453512,661.1455949013084,73.37176247804454,53.37330707927041
888.8917260828049,661.0274944505856,73.37190636729942,53.37315213955638
888.7080441749067,659.7043344850164,73.37201887632352,53.37302012062146
887.8955350825182,656.7906200880886,73.37207341993391,53.37292806715636
890.8536180137723,653.0906043111077,73.37208149236226,53.372915179895166
891.4068092784024,648.1287606232327,73.37207096188898,53.37294609202209
891.9938961826889,642.7097521178656,73.37219913524208,53.37295231479232
892.2506381378012,638.0032612814451,73.37252883986272,53.37276221944481
889.8273385867824,635.6343056882107,73.37306385117165,53.37197778442322
887.4221825202105,635.4192243024557,73.373009353761,53.37158041413137
888.7146767436814,635.0992673020379,73.37273174322995,53.371577994984165
888.9626947590206,634.1869950806419,73.3726484975667,53.3715576232086
889.0017383042268,632.9795626970069,73.37256847191392,53.37152447177731
889.3305679573765,631.6863861775568,73.37208870004983,53.37131487716329
889.4826064125706,631.2301226057114,73.37160152111645,53.37107562385462
889.9413259174214,631.1249519474185,73.36998257357538,53.370370527853204
891.1198162848531,631.8069003835188,73.36823574641149,53.3698838901039
894.6167716792535,634.4869490251416,73.36635748553421,53.369458676407845
896.3670243239137,628.5752845498101,73.36584003686627,53.36954925426813
896.3648695267184,626.4640092417575,73.36544397447149,53.36943122260727
902.2625945783285,625.5067297407777,73.36517609933948,53.369273503985724
905.4405382192471,623.0650675238169,73.36451151952888,53.368851313914455
905.536825996695,623.2177935075114,73.36277577679253,53.36755451744298
904.3070209403652,622.7441343322345,73.36161575929458,53.36721969359659
904.8217171051633,621.1075469475655,73.36076797487202,53.366931928983604
905.6537376275984,616.7570571895865,73.36013997779247,53.36673194054715
906.8231279196469,613.8038621264867,73.35973520050378,53.36658358026596
907.3982345958566,610.3929340060841,73.35935469281871,53.366434549159585
907.9172638468557,607.892914170037,73.35919604261953,53.36636168768452
908.3954609144997,604.7580427825222,73.35902783897582,53.36629617032512
909.0129817974765,601.8486433103496,73.35875041056185,53.366184992752586
909.5593637144683,598.7626400849193,73.35839034607147,53.36605656736189
910.4994176855726,595.5997357284058,73.35784919253636,53.36591418099334
911.8947013223858,594.258978449583,73.3569106630353,53.36570824341484
912.9107214519847,593.4381399005463,73.35622220857067,53.36546084102293
913.29136708101,593.4300525250624,73.3547875322081,53.365046132958945
912.720210907417,592.9137707545647,73.35291219056644,53.364391886211784
911.9058849631248,593.4611404202,73.35041419111239,53.363777825784716
909.8890487022279,595.9299791652644,73.34814082057198,53.363332353172765
907.6614609419811,598.8588572787481,73.34137462201059,53.36179827891527
906.4777734365113,601.1854125283112,73.3366056491092,53.36029147851957
905.2840514457968,603.3544438425923,73.33126694239748,53.359047068188566
903.6597991753808,605.920420217916,73.3252794387805,53.358103419408955
902.2363506985121,606.4148398180232,73.32041266723729,53.35599860945342
900.9536667960549,606.770285339861,73.31510796009697,53.35369747723875
899.1937012394209,606.3154248336314,73.30825513018883,53.35039817691187
898.1072300631298,606.5175753197835,73.30364859742558,53.34830246321533
898.201418665445,603.5147450577492,73.3005235079257,53.3477755483191
898.4905465138382,602.2821587167795,73.30012238486565,53.347709897510214
899.1717826481936,602.4251224928197,73.29913941211446,53.34743346299292
900.4742603399566,602.9306112200479,73.29822202869526,53.347053952796045
902.5411034043836,603.174227802067,73.29702748843364,53.34649196829097
904.9989353605196,603.0822286357844,73.29592341731795,53.3459917076449
908.1398820738652,603.1087344859322,73.29516364235997,53.34556443568957
911.0557937428422,602.3837808128457,73.29457619002623,53.3453204575905
914.1710188839207,602.3679604001221,73.29435862347584,53.34512501547693
915.9713731198494,602.4099405403883,73.29412117136323,53.34497475145738
916.5812910019791,601.9792125239422,73.29384698394703,53.34488516200084
916.7052102557097,600.3358442768309,73.2936203567883,53.34473591785055
916.1740770967808,598.5719737419546,73.29341266227141,53.344615392449406
915.1040511442776,596.3805180287194,73.29319290361191,53.34451786201065
915.2499127215871,592.3579982233387,73.29297580101033,53.344399086541614
915.5977333079626,588.4216424871358,73.29276252285142,53.34431926866407
916.9382407460878,584.7739227602694,73.29256167438737,53.344295160385265
918.099616319873,580.1458576148583,73.29227642342343,53.34428188126113
917.8394887772408,575.5230262734271,73.29182843137141,53.344079695959415
920.4922708915734,572.3687409031065,73.29117247831047,53.343805870255366
920.9540151487498,569.3826625531104,73.28921850222677,53.34393336111059
922.5240449320052,568.2048053258055,73.28744862573375,53.3442284183663
926.3487367494082,568.8368795789715,73.28599704353996,53.344283102837764
929.3828857223544,569.0015512987775,73.28450016881442,53.34475841861412
934.0571923587828,570.2364551198357,73.28354982167797,53.34497703115173
939.0641653092723,571.8308173867513,73.28275127482496,53.34521018851313
945.0951536606473,573.2978451719628,73.28218833702854,53.34496962053169
948.0389884063674,574.2163789206894,73.28194426825699,53.34477112446698
951.3850182459445,577.0481348425739,73.28189308443349,53.34461367751815
950.4761687723981,582.3050638169017,73.28182560353243,53.344514388225264
952.7086768136853,588.8973400972604,73.28181062722025,53.344252713432915
953.6033880695002,594.9491342495461,73.28180550164541,53.343898699938315
953.0513438115628,601.1838396958585,73.28148897201093,53.34372513488916
952.9048226041202,607.6390938288017,73.28133944730368,53.34355050242558
