813.5,168.5,11,8
813.4920355329606,166.57856246829033,10.300767997961755,10
813.321417183469,166.8138440516829,10.033215491393767,10.086430496525821
813.8079290241003,167.11744306531284,10,10.03932313031486
813.346257135272,167.44476082921028,10,10
813.5522581487894,167.91623264551163,10,10
812.764991119504,167.65183270226552,10,10.098037059095823
813.3500521332026,167.42666518688202,10,10
813.9573952108622,168.4587881565094,10,10
813.4562595039606,168.7922180891037,10,10
813.9142220169306,168.83175787702203,10,10
813.6068774014711,169.233773876809,10,10.010524539484722
812.8752151876688,169.5713672459978,10,10.037523968347266
813.6745762974024,168.57846042886376,10,10
813.4352228194475,169.78518999162173,10,10.056531604769727
814.135540345988,169.93463814990974,10.001009772854427,10.071981899693448
813.9467967152596,170.14483536438462,10,10.16271673080687
813.696761906147,170.3289112952088,10,10.25145816420822
813.7831039056182,170.89053286930462,10,10.406985462793884
814.2283127233386,171.3254319614898,10,10.607711494121762
813.9360941275954,171.22615939086847,10,10.866823518898642
813.863699644899,171.03754604674018,10.042643621373875,10.57698089124488
813.9575525514915,171.257289809782,10.04135714617678,10.540659122817292
814.0875649385156,172.22425651443257,10.131387351452904,10.212101957107514
814.2744175568223,173.2323621624125,10,10.108968611625269
815.1849017190435,173.5509964618832,10.119861787061245,10
815.0837450341886,172.46024159528315,10.375857234447036,10
815.6764527071653,173.37749532796443,10.366529863995854,10
815.7142803844263,173.4704867694527,10.410028642376258,10
816.606997115498,173.83584956265986,10.608241692264437,10
816.4679449768428,174.08157853223383,10.720275150673942,10
816.3717062929303,173.26586763001978,10.823397385024906,10
815.6724127020212,173.770253399387,10.888035835420673,10
815.3841308822382,173.91985460557044,10.77951566847193,10
822.5943260597581,175.60140963830054,11.00425451722836,10
822.146948039575,174.812521064654,11.26098384326978,10
821.6360193175724,175.16441586054862,11.522088311334318,10
821.4122734616068,175.43831109441817,11.715731708980314,10
821.2770794573062,175.80016505159438,11.696596801502784,10
820.9388258139269,176.30730819143355,11.719712011769223,10
822.4051420018434,176.42545404471457,11.718472782450986,10
821.9292022177302,176.05680930055678,11.68199564119713,10
821.6752366033638,175.47795807756484,11.680467612804044,10
822.9659734780541,175.91313430616407,11.511073436100984,10.005646039810804
822.1853720751463,177.34496247209609,11.558022625583504,10
822.5014495205993,177.22486842609942,11.483585832841246,10
821.6936455878097,177.06410630978644,11.405927545084936,10
821.9319775843074,177.13878277130425,11.290573706289067,10
821.1859361195142,177.56688401289284,11.268851961727112,10
820.6408448860029,177.49415384419262,11.373913774643427,10
821.3001002665478,178.1900713313371,11.417932648982935,10
820.7281851753019,178.26652554608881,11.512794993187601,10
819.8674507536471,178.36314811743796,11.716255962008272,10
820.2655970114653,178.61451738514006,11.914670494311071,10
819.207866984379,178.80698747374117,11.7341686916416,10
816.3113991676668,180.87168620923612,11.080408997307398,10.311736504992785
816.7130726466213,180.36420464149015,10.494832973503193,10.659807648392569
819.4332416918731,179.55371455984042,10.786393667636872,10.259215460236337
819.9825593850054,179.66186180524528,11.04434068455549,10
819.0708287328379,179.87289547733963,11.233329261115038,10
817.9633027895361,180.45883405022323,10.85710807833671,10
818.6942043306556,180.36948080174625,10.670969802463752,10
818.2071977062197,180.33642225898802,10.621845362698727,10
818.2105336407562,180.96903418935835,10.626878545733174,10
818.6220237972922,182.1200666371733,10.652905004702635,10
818.5435311751122,181.18647372163832,10.745203160930817,10
818.7573711130524,181.1573888324201,10.838534279961596,10
817.8518866317421,182.12146666273475,11.154516350835621,10
819.0273321255437,182.4317171536386,11.33051945579233,10
817.4809382648903,182.8575499020517,11.602594372304893,10
816.9506704541724,182.764145296067,11.498122521702182,10
817.5047607597638,182.65057330951095,11.41083035828084,10
817.2603497953481,182.73517117276788,11.414968833075536,10
818.116777613052,183.06182873621583,11.5407635434701,10
817.0018967923477,182.53457767143846,11.586511579760934,10
817.629040187934,183.4036982692778,11.484482946318291,10
816.8615930738448,183.30677255615592,11.586059394002113,10
817.1000060955954,183.03991728648543,11.568586976275416,10
817.1582548259206,183.5944085083902,11.520791222451546,10
816.825557856959,183.7061642818153,11.364083507752653,10
816.4492904469013,183.83771952614188,11.226077489626423,10
816.4266641516481,183.37226995453238,11.181810266476186,10
816.0592735505281,184.5964581631124,11.01737398233453,10
815.502431857777,184.23046350106597,10.85877476743397,10
816.4616908489827,184.62207340821624,10.674598764049263,10
816.3483155005135,185.3676896058023,10.560113584904183,10
815.9310171558452,185.21939973160625,10.523056538603248,10
815.4164996621178,184.6318334750831,10.262791441944053,10
815.2663781593443,184.65823862329125,10.126048328935834,10
816.0608221255243,184.6039157435298,10,10
815.2869478426874,184.78212789446115,10,10
815.530444484204,185.03885883837938,10,10
814.6121882610023,185.74428559094667,10,10
814.5062330923975,185.880414865911,10,10
813.943059142679,186.43022175321457,10,10.088657509496247
813.6945620588958,187.0606358555499,10,10.065481248986071
813.4634590558708,186.68271209698844,10,10.025352425338287
813.7030117800228,187.6943191215396,10.12275298875716,10
812.1017700427848,187.46580075472593,10.27424468962801,10
811.4171327019117,188.49016784876585,10.401766866071632,10
810.9627605142375,188.05554454773664,10.552883992655932,10
810.527059783117,187.64177664369345,10.670387489942641,10
809.1375832362817,188.786213837564,10.585843564799298,10
808.5233177448424,190.1338858231902,10.445239287095799,10
808.4888721395871,188.7044134825577,10.11101078453837,10.075362947561427
808.0280345343053,189.04665675692476,10,10.090702162529704
808.2651426903903,189.19039130139166,10,10.168761537913195
807.9954550378025,189.74831336836516,10,10.446144027501362
808.1873820386827,191.0110095872711,10,10.524819153700111
807.5454592071474,190.30204205100358,10,10.53783865502238
807.6090349443257,190.13893684950114,10,10.375372420616134
806.6775067512759,190.09377770405283,10.0374086743456,10.274906555190285
806.1617403135267,191.4200893715024,10.108846978730487,10
806.4000514484942,191.72534451633692,10,10
805.9876244105399,190.9562522545457,10,10
805.3617860712111,191.64038280397654,10,10
805.7500648833811,191.5660510212183,10,10
804.404122505337,192.46680985223196,10,10.046708646795322
804.8089393116534,192.31986011564732,10,10
802.4836529595773,192.57451863586903,10.037890361622773,10
801.1637058496561,192.46528959274292,10.247317452711517,10
800.9742495534102,192.76660829782486,10.43792819881832,10
801.0801801876327,192.7264396995306,10.350837974031688,10
801.4686525270175,195.46236328808425,10.006661312315536,10.355369448106348
799.8758207447827,195.4531840282775,10,10.640781273822604
799.85860035941,195.6900206402792,10,10.983696630427596
799.4873618297279,195.68832804126384,10,11.307234498603318
800.1558089070022,193.9000053932294,10,11.338127507761131
798.6605541519821,194.72531956212129,10,11.626272325189802
800.5589281018557,193.186889229157,10.161003851198807,11.531368617339053
799.6111353818187,194.35062205684963,10.083484575925532,11.296031238778763
800.1437738977894,194.30197077793693,10.11326789249475,11.0149562398033
800.1887407894395,194.18272327023237,10.21529715598369,10.475507286439539
797.3575848710341,195.19492190553308,10.109183528164465,10.260240565268994
799.8497788334653,194.8621896803379,10.3980871911317,10
797.5431803539847,195.18968212604523,11.063016213386355,10
796.9375973942684,195.38752129673958,10.98129659090295,10
797.6207135449798,195.61060565710068,11.333417799383227,10
795.7503956737078,195.80577965080738,11.091969029216573,10
795.9833719272164,195.67852605879307,11.088967407495472,10
794.8474496403269,195.76782162487507,11.086510213925123,10
794.9485132517236,195.97566199302673,11.003953671094308,10
794.8109126349942,195.57185488939285,11.287873912037547,10
793.3465266613525,195.6614390015602,11.183637283881508,10
792.0340147029399,195.58982471376657,10.846500136559024,10
791.3989205333044,196.45890567451715,10.877697811347868,10
791.2054349125227,196.95243117958307,10.756565384221357,10
790.8921467217738,197.17517542093992,10.78862977994056,10
790.0225460434668,196.73887976258993,10.888830124705894,10
790.3651550359609,196.35302167385817,11.112303009526041,10
789.890665060999,197.1931166574359,11.319617953765913,10
789.1410690414315,196.94177832454443,11.586681015125396,10
789.1547853468769,197.33577056974173,11.997738377779548,10
788.5114352973535,197.43980526924133,12.189710126187075,10
786.3224405780362,198.25197768211365,12.589158190615116,10
785.7188170556719,197.71175491809845,12.788148680739976,10
786.0141957830474,197.43938913941383,13.144069208796301,10
784.8524664341478,198.72931089997292,13.316902200876395,10
784.3210612956249,197.90626582668094,13.285453215837283,10.250926610512195
783.685019553598,197.113740802803,12.935967424035196,10.497343001766314
782.5039845400012,197.74185021983405,12.796555918178274,10.4878235008951
783.0414870288229,198.26075681877424,12.56701284553732,10.578994039052919
782.8884944661442,197.67466657454577,12.620095284298856,10.355048138006413
781.7399940828944,198.12934821189305,12.455037506639478,10.362308574897845
781.0265178063506,198.63937405443636,12.467613204830565,10.365211472979258
780.5546155566439,198.18513788303122,12.4098909908728,10.48885288794073
780.1935842132538,198.67744032714967,12.335984668253541,10.576564050233316
780.0284386504105,197.97463788034557,12.411865407854602,10.604828269441153
778.9951570580322,198.41026252088326,12.557749380994725,10.589461931042289
777.8957362361434,197.80561118838168,12.785748305694092,10.421023378432263
777.2250107552522,198.80425526485706,12.841922258466125,10.363005721849891
776.6631084562358,198.80227642937186,12.920944575577185,10.316337632712095
775.8471761778472,199.30961284951158,12.748750938193844,10.294590495958174
775.7684090317658,199.5831805261244,12.835839059490066,10.15679775952899
775.0856178616791,199.23719663753755,12.756433744977498,10.15948967591628
774.6350033856544,200.31504503451288,12.771654792020602,10
774.2561096399861,200.30187511723489,12.767322215283963,10
773.2046791374669,199.63548843843836,12.58983444255127,10.160483270846854
772.3650506382036,199.81098037356634,12.503450347823907,10.167360710834464
771.8952880452867,200.3845353758765,12.506905031853089,10.214591769713564
770.8593584251324,199.681951045728,12.31635148567807,10.460081374796705
771.1072783812514,199.2448830308357,12.136637443191159,10.698913907266835
771.1992237810526,199.57259520990888,12.034602469668467,10.76733789201597
770.6710246439472,200.5085276898778,11.88228625871077,11.08124868891408
769.2134351318002,201.04554698019808,11.848406035034184,11.12820968293477
769.4171097755993,201.24650381510426,11.941378314494562,11.106526171689833
769.6308534028661,201.438755721399,12.01574434718098,11.103416566577936
768.8402034911577,202.59973640965578,11.670855344037015,11.546203524949037
767.8747990716932,202.9201042783075,11.687917826001762,11.514743486307413
768.1246773367516,203.08968032032635,11.303128090733463,11.688033514238668
767.6608211686367,203.4797414099284,10.902013880294225,12.032483373685096
768.2548312701668,203.89677507032644,10.56780333194656,12.286018787454708
767.3123943028955,203.89123525855643,10.152231709848701,12.463144091636853
767.7088844678365,203.6880821384816,10,12.374422968486193
768.3363305828534,204.46624061077137,10,12.356612174152367
768.022566487547,204.61948266932478,10,12.45534126405196
767.7074501416646,204.78096339451315,10,12.539339406971273
767.6195691428147,204.47269300712614,10,12.461768119291083
767.1650097868405,205.24213260958697,10,12.5016130602587
765.7480689785443,205.3549868767431,10,12.507991959284611
766.6372347972356,206.34964858045572,10,12.571167130884639
766.328231473919,206.29160836338863,10,12.696953193287232
765.507410725113,205.53647599601135,10,12.768235918154097
765.2991199027264,206.44573098459506,10.210384725689622,12.45120044068916
764.6342561481215,206.11933629642263,10.583082117387693,11.871411420236804
764.465079367728,206.12897007974436,10.663541340997398,11.500430226016539
763.6522957839802,206.7037676936783,10.761809223558037,11.246343823927644
762.746036085868,207.5293350336618,11.008316237274993,11.027629755342186
762.1302189781261,207.31610300650516,10.85051313491057,10.938945825627563
761.6636474941237,208.17976423244943,10.958274347086748,10.88590199064425
760.8644122146756,207.9941985632669,10.487492176567004,11.268301089777829
760.1958592156875,208.16769363388212,10.277516823262784,11.612634705719026
760.4417123547755,208.66750421003732,10,11.918407368449234
758.7014374590652,208.74031813282892,10.222726085747304,11.742722480028885
757.7309543663985,209.03145946715955,10.670047318306882,11.091465934831707
756.6591565974493,209.69304064128957,10.78326356085612,10.990733100502952
756.5613852739898,209.80445363348636,10.727821002601477,10.86164356350329
756.0128430123235,210.14198311411445,10.712378274690579,11.018372188459248
754.978387279688,211.58527990972757,10.836985154504577,11.122780918476263
754.58494806756,211.59333671921303,10.830181063139396,11.017055232759633
752.9266589171006,211.97429170538896,10.9095655411977,11.091313788010897
753.036957379792,211.44932869458307,10.698789607010553,11.110915946593202
752.9890455731912,213.15920009353258,10.886489205476856,11.189714503827261
751.796198279129,212.5882271416812,10.89873327594682,10.945077913747967
750.8483902256855,214.2309636693021,10.903554271177693,10.715859722245174
749.949464372936,215.26347857555217,11.114668224716088,10.494509814682784
749.6197760317823,215.23264597093157,10.983206903864705,10.22702392996415
749.2234389039254,216.0950180468818,10.87693195370311,10.195446510851816
747.0323571371691,216.45798603402994,10.746054467776077,10.202514689330334
746.4138578802059,217.8364377594553,10.873705399839054,10
745.1165407285765,217.88257298758253,10.89138676883281,10
744.7230243948276,217.98388693075938,10.632699693555644,10.030323292793085
743.9058616515997,219.2951402856017,10.413775034099118,10.144152814340163
743.0096977356387,219.75814809044823,10.469825404969207,10
742.3446070342112,219.96749858697876,10.488551438828571,10
741.8854957550898,221.42312638601288,10.741787267449624,10
741.3021537774138,221.14457054575905,10.949425276203517,10
740.6940381453993,221.54679785808548,11.471909615832242,10
739.8175740178779,222.6121361120604,11.995376439371736,10
738.1562283010255,222.34884141525254,12.162006223753949,10
738.0535311546095,223.0542871817015,12.767864246682782,10
737.8342562720497,222.27625660737976,13.41962082454167,10
736.9779242879617,222.99922756990418,13.690667780693646,10
737.0925442175011,223.82151975887248,14.01225536521467,10.179043690033673
735.6011995319788,223.23336490292127,14.378724262016267,10.184284614361344
735.011867456746,223.5847876627395,14.804310488230053,10.217328052702177
735.0975522055338,223.3343666340195,15.254661483494356,10.312803927814919
733.2157055408901,224.3029068427567,15.073499122779461,10.47441664274099
732.7139802287217,224.22244923485638,14.749520094902193,10.79714717402663
730.9080737529307,224.8503163351111,14.737621222066892,10.953362369650627
731.8008260917484,224.90937246761067,14.750230248159436,10.813159582079075
730.0328663339787,224.4217632679128,14.351815247173265,11.009756367495484
729.8612714089369,225.80141010232813,14.209073879586558,11.132984804835447
728.2790148825145,225.8402352848023,14.37522200704684,11.055713198126213
728.2539834355691,226.9244333310329,14.282582887683517,11.142343446149678
728.143499179444,226.84034975446878,14.295162907468736,11.18477381136265
727.8151111567427,227.35188183889997,13.969396736093682,11.402173853010538
726.9904128205485,227.3821920635585,13.618648688404331,11.503035737830427
725.9365388372156,227.30400396697564,12.986291741358635,11.938697302299698
725.7711198454534,228.61972557146973,12.555088275336157,12.51904489340616
724.7079098476365,228.5304514887804,12.406885353794664,12.787500481446624
724.175664685568,228.95877226349853,12.393491123068834,13.094080887309683
723.387399742607,228.44413288108393,12.618758916400415,12.811100812531675
722.8571837194461,229.56616677159084,12.815322308948007,12.572593191201062
719.9741765951964,229.79880124500468,12.888076364576465,12.641231121414265
719.9097153380283,229.22398121849758,12.88409268041098,12.701439054105254
720.4384367503733,229.0625925048205,12.665374528515237,12.661094077837785
719.5010901554277,229.56549524331317,12.54028456010413,12.58966758244271
719.6107059349342,230.7497137951039,12.09175221900669,12.862187357523345
718.5114868414576,230.93760673178554,11.883545584793021,12.739467755703576
719.206350160331,231.10778400702063,11.718176790445103,12.525838774600823
716.3231132838089,230.9202552978114,11.876882007875276,12.345892192355521
715.6235670889199,230.85105075015437,11.677651767724608,12.397233787912729
715.4895161268857,231.39274751882513,11.441774426103272,12.28009067018794
714.1480784425137,231.38796469538428,11.714118989259422,11.937415605619062
713.1116416898024,231.76489099641498,11.890608493904057,11.663963744657952
712.6824250103434,232.6581111801122,12.278409925570003,11.272324874722916
712.8740542008377,232.92241123349376,12.030889112721423,11.448064629829599
711.4319149466837,234.25306510336875,11.382000974072001,12.065798657199966
710.1137316515194,232.81724737846895,11.269544636925763,12.209868341618716
711.3430854341609,234.03805760694493,10.99719981502028,12.461382192528102
710.2439750396944,233.7481322184135,10.790075640879635,12.820176493355568
708.6839340836123,233.47548732694852,10.879818550434775,12.736729184267386
707.5341677468591,233.77848765444816,11.227720989222577,12.536780492835874
709.7677975399486,236.37930032972145,11.116209579618403,12.457377089005575
709.2277179512579,236.32624592676774,10.980363431682523,12.4208903802579
707.2720375866305,236.30158843172657,11.087948135165112,12.235327754173156
705.7666100803236,236.20328168202866,11.117474421963998,12.1258908635639
703.9346171764406,235.86233865325528,10.913804475640767,12.39483320029307
703.4402597365704,236.0101223110328,10.749887357319126,12.431377094368994
703.3771069392171,236.39951074513115,10.737138936746783,12.487201986082862
703.7824422730364,237.24007338396132,10.54572393107258,12.323045673952919
703.079455878049,237.20781138380949,10.821375218361933,11.762287207845018
702.5205757205467,237.44199433537716,10.974058490786675,11.224819039768931
700.4584754726234,238.69517468385672,11.407044902008323,10.437849807996887
700.2204349610357,238.7302973427027,11.54271590125593,10.060355897928234
699.8758554134023,239.29673792308313,11.61073290715585,10
699.1737698314156,238.87230704611284,11.744402695930724,10
696.6279756493814,239.8373188812111,11.811754857759372,10
695.8518557670312,239.56365845983964,11.597891235580654,10
696.493090062358,239.72187952583772,11.473365059210794,10
695.412245654029,240.22776250427705,11.066175463622063,10
694.3945431090797,240.62655474132043,10.985524826515704,10
693.660982158184,240.25909487789613,11.13798939779408,10
693.1949678482514,241.1318501669739,11.538054550061286,10
693.0538198507688,240.41201649492723,12.05358276007346,10
691.2226525350787,241.6138013440941,12.318109554921016,10
690.0485515568649,241.5392009455536,12.421856650661354,10
687.9152338526303,241.9948256451462,12.547135590929877,10
687.1450364444775,243.0243279177521,12.281996163651883,10
687.7264050788352,242.5220628852562,11.988103463665759,10.015935890606752
686.3653703573187,242.00202958172304,11.76907159406134,10
685.4134618413416,242.21704418843728,11.88457678691202,10
685.073169115949,243.33672232812387,12.019338186793945,10
683.8110821491936,243.75685183590394,11.934967770634357,10
683.4366161391016,243.18184046333772,11.970535070473783,10
682.453862049615,244.15584204977495,12.132486687976776,10
680.4914246170114,244.3140866298054,12.372596452705038,10
679.8010577712901,243.98934627955896,12.325369867543856,10
679.499872117301,245.08436368265603,12.028106039394608,10.133822739658536
678.4249703584925,244.68748633647854,11.900120917943003,10.128163750983198
678.6054526172343,244.5267394270235,11.66356414635726,10.148032854565102
677.945023016472,244.98062557487845,11.80409855501993,10.126729148161058
676.4746680762439,246.18987049048883,12.396910667455256,10
675.7395644989863,245.85344125216943,12.939332306185348,10
675.414073003598,246.02620828038198,13.417058869912427,10
673.4449227081483,245.85796394830686,13.830309774379892,10
673.0741321930052,246.41560599094373,14.049661788838893,10
672.4925129393871,247.2428574181987,14.104215398652373,10.055830612019925
670.446284479659,247.0239347780644,14.134524700768488,10.114016179973923
670.8255003956017,246.14635393890907,13.942145246107074,10.18171314423429
669.8385921625505,247.3866517741836,13.871827810613263,10.214123922430904
668.5445157923157,248.1218673089342,14.045520130474458,10.10324392505036
666.3372583791449,247.87103998977628,13.736314883115988,10.148700824718766
666.6464167407112,248.27503942064186,13.693626679041792,10.388661648313246
666.9277895145344,248.7106688268558,13.71153581212421,10.574512907067627
665.7300192397176,249.37901180796194,14.038023188692385,10.248268009689907
662.62593355151,248.95398293209456,14.103689396192864,10.050706418620724
661.8367231811308,249.67030800979998,13.27939469238656,10.666033233882498
661.0574628035038,249.12047375829053,13.30250802366765,10.479523863289957
660.4473413397392,249.7049321435252,13.232710219766643,10.352528350793284
658.8956330601756,250.1527811635611,12.912511084847818,10.523829984564944
657.9013608088161,250.03715505627994,13.175521744526328,10.45904792264176
655.6017667449631,250.00842110167648,13.144662074075452,10.509845544038445
655.0119772269779,250.31846435096833,12.640372344215024,10.805363100382554
655.4424188760073,250.76891184327636,12.306417351782201,10.943851050336825
654.3318907257013,250.6129040561492,11.961083853276056,11.246525775817435
652.6697970937863,251.1936053643818,11.99657697381081,11.136872984829825
650.2611785026819,251.1973060699915,12.050488464796548,10.93009046055808
649.0436432958209,250.81325201139353,11.70799268398422,11.001561126105294
649.269475605538,251.0671126174519,11.535958606351386,11.144503111029103
646.927710985848,251.48835360839598,11.072815596891079,11.532646043310265
646.3003892759923,251.18394824361735,11.104878702919834,11.55905436474449
644.6900179190732,252.45276275247406,10.957852890680897,11.792664150894625
642.644925790519,252.98814942080014,11.108140325813673,11.850575096545317
642.4567073358808,252.60464173855777,11.278864663349776,11.845792625203144
640.5537647978164,252.21095539744542,11.59285859377243,11.645690687085626
639.6471859241958,252.64283645880124,11.79324792937726,11.419886852566746
638.470354605893,253.83114471588559,11.390604156146948,12.091034401279511
636.4291023231965,254.86333390633422,11.72687358932264,11.792516458729075
636.2876812334201,254.73625306470433,11.90489822942192,11.636851833500023
634.7490525158177,254.76097719730586,11.845333679382039,11.79451731112535
632.7139498249513,254.45459117872704,11.650676523730773,11.922571412959273
630.5427901229027,254.3601375341598,11.183019826906223,12.09295733359017
629.6803022903863,254.61181628617862,10.890762120204444,12.139068644879194
630.3273564125998,254.46052187094546,10.683837947318354,12.070238105171134
628.0084353787945,255.5817666919993,10.51841968854351,12.012058422475107
627.3059345811677,254.94684685543615,10.678410669401892,11.846388294690447
626.4263431055192,255.8245552335343,10.752749246042145,11.765511819789891
623.8742658372413,255.11886307382127,10.697366944066571,11.71868376357508
623.2957620300757,255.2015973319604,10.618382007547876,11.669928257071534
622.7358238588362,255.1399148220039,10.470364320409553,11.66893968190653
621.8591089973696,256.05183110431057,10.326696336547911,11.774994531271764
630.2635024690032,257.31683704713356,10.533337936371408,11.42734186422315
629.0992969779495,257.806058819103,10.872421487753758,11.011566405382645
629.3886918611016,258.2853264728861,11.118793118906758,10.691118906902314
628.1232960006945,258.1619673027989,11.288689682860653,10.421758298101915
623.6631266665953,258.8365480346773,11.29066477989206,10.39463357750926
622.2649301898015,259.1307606616564,11.085581684056415,10.497367750717082
622.521886576784,259.44157930969163,11.05946360737607,10.357393264495368
622.1424060908412,259.88505769482146,11.194989320396445,10.103776554946695
621.0399687419826,260.35572018913047,10.928022444398255,10.194644869436804
620.9276806627497,261.37478230963427,10.776195509526119,10.082940721011894
620.3434140119872,261.27380148588406,10.56674690988227,10.164543923762075
617.381848244079,261.1206845406185,10.511775284840493,10.209046755933947
617.4030332622744,260.93715758667764,10.424601133601291,10.274478392277958
616.2958154536772,260.82161203038015,10.185520744326134,10.353164511100442
616.0038344301283,262.4087226184605,10,10.453559576394808
614.5834174418493,262.5431755090714,10.189348533442923,10.33276859562628
614.3920878876784,263.1764352408063,10.476087332360253,10
614.2909796048053,262.5753997650754,10.621396866421371,10
612.9075880724372,263.58816636473057,10.895590457433133,10
611.1796764752464,263.31417507797596,10.975687190404201,10
609.5473917609384,263.8297588612174,11.177219938798718,10.003868639762576
608.7674618513262,263.5178033497941,11.247996587132242,10
609.0825570658249,263.271924146713,11.2462052322126,10
607.0349312425413,264.7025127497327,11.206185806391783,10
605.6037671473667,264.25659034520504,11.324605591437098,10
605.2078191475791,265.2870477807054,11.22899826507317,10.266520384049898
604.9699523747445,265.4856190179148,11.592576395624654,10.103554217547737
604.7784389550853,265.63835638529287,11.86243941354374,10.034361294982695
603.1992846359574,265.4747773495328,12.127607497371617,10
602.6942527935001,266.6671445456159,12.323888073098061,10
600.3069051424417,266.4002022233617,12.584060345887558,10
599.6483780586234,266.1858490060142,12.305296470768951,10.268074494926207
599.6625421411266,265.89805602409234,12.102148851211915,10.400754138674849
598.9979266829084,266.16099969330054,11.758509608499047,10.50259562010563
597.7842476005742,267.71439876097645,11.740785347096235,10.435433381436528
597.3295270727557,266.97056315285477,11.8716292266583,10.483959151856164
595.7228388328261,266.8474266709415,12.073284095494573,10.647834803756808
595.757239907808,266.6050743761925,12.29687291790673,10.841697545596695
595.0004590272029,267.40468004789074,12.763948778238056,10.877990090330377
592.5465735949371,267.6918525061641,12.954291435372127,10.94445947813549
591.8736284058327,268.16324776424733,13.33945185695386,10.78711852642601
590.395394655155,267.4704082677441,13.2862543459499,10.786441880928358
591.0066063737853,267.68696939893124,13.154362496289835,10.871753427834559
589.9444013399583,268.59612715893445,13.17552611351977,10.955398638380757
588.4967545682816,268.42908695697514,13.127053301358515,10.987335736759292
587.9089559170643,268.36777526578135,13.317846629164787,10.922036790436358
587.3465043787214,268.9070809930181,13.274258103906593,10.876497449953602
587.1841638626865,268.7556235623076,13.130456999249796,11.043480476796017
586.6869761995068,268.79598738709427,13.125229411752764,10.964304533683062
585.4550286032782,269.854342590523,12.973975344642787,10.944348677759432
584.5687517629981,270.265727603713,12.977241558200234,10.72636516661532
583.790417839521,269.74952673062853,12.720867002887058,10.669940614070544
583.6999709144081,269.7913123794457,12.621756888211518,10.766404609538503
582.297506021334,270.02637378851665,12.645685344937908,10.695405787892856
582.1020396971321,270.4138203400122,12.526344179140331,10.69094062717774
580.7953129281474,270.97570070622106,12.424404173866385,10.647485947921602
580.3065798231479,271.22588088583814,12.018966927177324,10.741981076034083
580.7635816091005,270.5804031841065,11.724368863313558,10.601122762608975
579.876798590248,271.6787313078473,11.692561947603831,10.60183752113941
579.1154870951176,271.71230291996045,11.375848065763584,10.732684624986572
578.1258538997557,271.50011962947053,11.391547318769089,10.640745044085845
577.3435467908841,271.3793484092331,11.46125976019858,10.687218022499742
577.3688211596502,271.10250565278886,11.514173867753467,10.704445996783548
576.5383095850253,272.3223739552391,11.563484680462945,10.768229880622181
575.8468054787195,272.279593156904,11.15051720795513,11.17850357493704
575.3195224961039,272.4959914723451,10.935469311148509,11.37402131993224
574.948617427867,272.52530432811716,10.802336489267422,11.344536607928852
575.0085265672477,272.98336502203074,10.580085169767939,11.333238523324365
574.3901046386229,272.53369501300136,10.351999088701263,11.590562965020492
573.1072075583688,273.66774100845925,10.225682949145328,12.017902206557135
572.5473993420201,273.02241539667847,10.090588707556952,12.201735469379482
572.1743451297809,273.6539398421354,10.182607681199096,12.06571933527103
572.9830136524174,273.8567754102444,10.181162450157856,12.150391292925153
572.0558254922058,275.44071986490593,10.261537529850859,12.333361548793768
568.4839326252064,272.9615394824013,10.133262869562598,12.653099553030273
568.8550090017618,274.938385568631,10.181393438785936,12.70069197987501
567.1711018249072,274.0359931458992,10.13157163641322,12.7518390346587
568.0250690811757,273.5449423406708,10.07988044815572,12.82627169694201
575.4936167939763,275.6943543463239,10.1101645925619,12.810304626858997
573.791601634191,276.36007842440796,10.156617349800475,12.646275546656708
567.8582344744354,275.65414354258957,10,13.0339617985595
572.4189990116564,276.83748033850185,10.261163262594284,12.750634812035857
572.7642387526705,276.6905190956185,10.330798331156416,12.566559190130734
571.1995080842516,277.75111934795746,10.313715926768118,12.213652900655266
569.5459105274625,278.4534118420568,10.423926749269635,12.08843619382094
570.5956086470433,278.861867531528,10.7143105546638,11.623950598751165
568.9693077478862,278.80563973697855,10.891453111110943,11.383500377970785
567.8390547673894,278.6816548673126,10.885155330649395,11.379873070450582
567.4180877341827,279.16887083745564,10.8691536108155,11.259973014357909
566.6779313853497,279.3209588681002,10.905675038225695,11.275173779355061
566.8174634187242,280.22648396514813,10.935521460558881,11.19372914079366
566.3894666102005,280.0185059996218,11.092278088584758,11.130652465959813
565.9785596779351,279.7905794331047,11.211883195715343,11.10543707725599
565.7497835273274,281.1171022298302,11.385756995086144,11.064328053018858
565.1320637983334,281.62376777367274,11.626872603396208,11.14378137008843
563.6564893556238,282.28871999920574,11.85020967546104,10.96755712436759
562.2955889096576,282.0329056624754,12.158977081980659,11.010488011497056
562.6783571828057,281.70983887447665,12.228663733621422,11.181455266693728
562.9904374978674,282.65839635694493,12.604514189961922,10.876430431609476
561.4273926269786,283.2626941064198,12.885389326408053,10.639840419148072
561.3127519563101,284.5180663080595,13.199452567793454,10.378222927032056
560.1066257724,284.63741099306475,13.344511379781757,10.479399688565659
559.9285542502515,284.50419252804784,13.445535875208723,10.416051212010004
559.8151267514743,284.772171671428,13.393952781485027,10.502420551001181
558.145454949579,285.3537163477598,13.319029083716305,10.524973559978477
557.7986901608556,285.92147853694905,13.451486788451763,10.193089487595921
556.425026777645,286.24631091798074,13.614940282930885,10
556.2929186567269,286.5377221092058,13.728164131273399,10
555.33127491414,287.4488690480066,14.186905532043355,10
555.0874141847692,287.8971887215448,14.384212120999553,10
553.4229132017284,287.852878357127,14.470634865355557,10.009905516192445
553.0898204745789,288.39251394716655,14.717998537780858,10.00338752710762
553.1378645267683,288.31228773967416,14.795955951442732,10.159582678942364
552.7411063534813,288.56926747485653,15.154973093857858,10.160018981988385
552.5808253024162,289.1147347499986,15.650321450751754,10.10330441194412
550.8244710493523,289.87085884212865,16.025204706253955,10
549.6875577185202,290.19934796477196,16.090951076170022,10.009808783026052
548.9932245766579,290.3377274343869,16.007096889275502,10.133548263796218
548.7671867130912,290.61395691095174,16.010028372214993,10.249766640683653
548.7211952465216,290.84400872935555,15.928777215145065,10.266353892280891
547.8248470225185,291.1710697448703,15.296954839527622,10.512957881587585
547.9037702510467,291.57658606186175,15.186991844632065,10.61783423989521
547.9221332751412,290.9371421343777,15.163735078049507,10.737689392417256
545.4237941058592,291.54476395872274,14.786616476763594,10.859605377363692
545.5522196841256,291.4627682090612,14.653473657776132,10.79790979010459
545.9967168993335,292.3628689559747,14.480000443752996,10.653099035718467
545.8505210921717,291.70253015294156,14.337191277446447,10.515143576561066
544.9758406754927,292.64705330276524,14.32742628206152,10.508426144825991
544.3127896814742,292.4721529164983,14.403807935091734,10.519847415063357
543.1897712226776,292.51190945581266,14.503095594643572,10.585604982053159
544.2536519935102,293.3719341897475,14.810838012634154,10.319081415024229
543.5274224953407,293.25400639445206,15.049819516640472,10.183052868223006
542.4386647410137,293.9776060802581,14.95397977970443,10.323623958647065
542.8073755054069,294.1452994074936,15.122287544741242,10.186879260028594
541.7179145828784,294.21314522598317,15.01314228736604,10.331611234452026
540.8155702562026,295.1088751643838,15.570097705358409,10
540.5535009570164,294.46717924154507,15.492489386959871,10.00081111237824
540.3137239939083,295.2136841891992,15.377564765603001,10.080500763883839
538.6324624408425,295.24526190583515,15.331722622100845,10.302064201728646
537.7124912241816,295.1003930945081,14.966454131273968,10.608203733674463
536.9167903389027,295.7348529215139,14.83579724800029,10.552680748097067
536.8938921224017,295.08790973428796,14.545362449313036,10.6351796074808
536.2570016746015,296.17301513681554,14.302408864055508,10.755217196438174
536.4743804257322,295.77445729648895,14.114355180234387,11.013004123143121
535.5710613497838,296.79003034556877,14.004081014855362,10.983132610707393
534.8074907062033,297.8108526155464,13.932697016295345,11.034787698056125
534.7421094541365,297.63662089023916,13.755102013438467,11.178630921452935
533.8282018968569,298.0321479812955,13.377945814521345,11.575992862730436
533.7149798455293,297.8132020437195,12.883486580174527,11.866027042064555
533.6291642176635,297.3772140821607,12.550518503096841,12.059233734339525
533.3460436828849,298.971329460317,12.188284669547242,12.178519791305083
533.2891214268262,297.96291158093396,12.11428895835229,12.069142714759352
532.8663983482805,299.63045048436646,12.305643578445016,11.851324171886656
532.1701071832355,299.66232544507216,12.531957798259842,11.66948730148443
531.8335355851681,299.638597374063,12.62854419259857,11.712078089575712
531.0211013225874,300.5596594831678,12.778383726060852,11.714601517316428
530.7922266280178,300.38926718828316,12.91735936870937,11.504832129596291
529.9527288901922,300.10005545662165,13.332886101990074,11.239757303334127
530.8089922965745,301.92504069117234,13.524080144938381,11.452396935932594
529.1756854112567,301.7712889924269,13.817029870240113,11.100497903365929
528.4815117651624,302.58831571414356,13.736799896689185,11.181498971956612
528.3128393519623,302.1711206380199,13.692826630743234,11.130226449300004
527.9358346954789,302.03484852788534,13.56626374388866,10.995625199188334
527.9146109325778,302.4269720227791,13.479519930674826,10.895947806645022
527.6990152403775,303.7049286531628,13.28672709743158,11.084786476114513
527.3914599067554,303.1326860960794,13.256289719040812,11.073369442988213
527.2579029296645,303.7184526226066,13.196324913552079,11.05970405999303
527.3749000740139,303.3131240605327,12.954981311150902,11.177847599050192
529.8924177440487,304.54865888345444,13.288540140698156,11.084993504583045
529.4979878286114,303.9549049568618,13.544035079566907,11.201764115069663
529.1779196411834,305.43478433324685,13.403506772034376,11.373694433954771
528.7999351825465,305.87159628710134,13.24893349923325,11.563976242188199
530.2527288625967,305.75481375996253,13.666567822635127,11.218106544001506
528.8986062476699,307.07840078901694,14.141030761076228,10.901765682532762
529.0565193090954,307.1395136224861,14.496000138503867,10.849079622165615
527.3510986448923,307.04116720230877,14.540348003393781,11.073419194105579
527.167139055448,306.5080809705316,14.750008744172039,11.157474243185408
526.0125608168727,307.6968657550487,14.513861876596131,11.232743571856282
526.2170393047193,308.1247158120553,14.213056590074824,11.278818877555196
525.6498551212883,308.711825702231,14.487689706463591,11.21684966368623
525.1507237062934,308.5836868979864,14.546650866855835,11.37995722536915
524.8267197897369,308.2319700965607,14.269009414652347,11.618114378301756
524.9196307555823,308.6266323396321,14.533909491905199,11.61156755920454
524.2328130493875,309.0168035949686,14.71540027195534,11.581197391976403
523.4354432505285,310.2012327086358,15.034212326033241,11.406668426421767
526.4548648115643,311.2045897823388,15.953819044507117,11.018246849129925
526.216716950686,310.60273498530785,16.652442892694403,10.836387585998919
524.1176679276416,310.4252654641223,17.410132232118027,10.674198339624184
523.7050446775365,311.254812072479,17.866271634940844,10.675229067193134
521.9942695427422,311.38251818296044,17.812856570590853,10.861839706280566
523.6066319674528,311.49727075750064,17.89731508031593,11.076003995562228
523.059893387864,311.6370689282854,18.054032767600084,11.26598779768291
521.4567936089617,311.47656437815124,18.073289748042765,11.566687924683457
522.2588134746629,312.33552298513047,18.048070245216948,11.748380753297099
523.2637317693116,313.25818355521284,18.383013385762663,11.683280002498416
521.3858662919987,313.04238504187816,18.559410796611125,11.611073656784676
521.6130587901779,313.8062273870258,18.612783881211996,11.588955444265075
522.2465819814611,313.9548085523255,18.620598357562777,11.650197154002171
521.4932284593685,314.7694486201963,18.85826946634586,11.616662820186304
521.8885043444346,314.8145986232473,19.043910528206837,11.458666771725404
521.907250241385,315.01481021751755,18.78218847464934,11.605340968114557
521.5363375465873,315.86131818146526,18.60261391326339,11.532680646298243
522.9065256018979,316.1271848698601,18.525672308104916,11.572620841571954
521.676206480486,316.77924972943373,18.716673919916783,11.514595362842224
