1152.5,503.5,45,17
1152.2430007726275,502.57140996108814,44.71680720740111,18.138790179285145
1152.694019064773,502.515725974216,44.715363546274354,18.85957052514161
1153.265608767353,502.61490003292374,44.76534682078689,19.28221077671421
1153.2729224941488,502.3469151825176,44.823333329189666,19.3793689071206
1143.4777286045287,501.72299536898663,45.37669374942115,19.322280589045448
1145.4765036657284,502.13158698497847,44.808211715553355,19.79474815490572
1137.7286408416953,501.3398926400672,44.96912329196409,19.66375014314442
1130.1463100262465,501.0336387816078,44.47697797706074,19.563201593755316
1123.0019940539505,500.53145188060626,44.26084822579128,19.481570423300596
1115.976644624781,500.1087779540159,43.68776969460349,19.66241684787714
1108.4749870725348,499.5982142794247,43.32046693258007,19.560518302894536
1101.411441053883,498.92357585140553,43.21504840317212,19.72204434258768
1093.5926373681782,498.58252077220175,43.3613323035125,19.807151100669447
1087.0968255255411,498.2940237397727,42.892104319474846,19.76639440163449
1080.2223050056762,498.0494951230113,42.44366420380949,19.86502613190333
1073.0309789305263,497.6180655633442,42.457621095015014,20.03863049049525
1065.6726663645666,496.9976883290597,42.01090565839208,19.809533822856686
1057.8122069557828,497.0042271342693,41.24125059290302,20.269717837012244
1052.4297446056787,496.58913670855964,40.254368080281616,20.28107606613235
1045.6987610347885,495.5277391937937,39.64691917591939,20.659690535552162
1044.6980354458037,495.9179341326648,39.89692339153204,20.88607389122366
1039.1006795955545,495.58449529716376,40.206779821645,20.849567878067404
1033.2599955259923,495.24521064830316,39.94153178797876,20.80741759990665
1025.551615500874,495.2851885018337,40.43485662703365,20.758157133790217
1019.6088321381364,494.4723338905508,40.6320431111148,20.65912394378895
1019.1606211625132,495.2057989356688,40.96627101300305,20.522744285758126
1013.6658992044678,495.43629166849024,41.113650071610785,20.37870112448803
1006.7379564842742,494.64734883731234,41.82615343954946,20.194662400819354
1000.3531559536543,495.2790635031375,42.14449584142629,20.082266113030464
994.4194605411383,495.31610858847785,42.564195702713334,19.71737751667528
994.1798580525302,495.3360232716789,42.55114251862307,19.53002978369788
988.0837847184769,494.8309494123328,42.38595218874384,19.220059790369156
981.2965835082545,495.4291460751137,42.64331988781427,18.91189160299485
974.8639135042448,495.33685001752235,42.47779708760588,18.65985850574657
967.8552584790126,495.7115294542597,42.52678533783842,18.26921340814513
968.9438891721559,495.66692152680554,42.51404349996808,18.397967382041635
963.9946298927969,495.6023648191115,42.22834079098591,18.23483454513142
957.7156988970089,495.7453671357731,42.29013287441965,18.14700352416434
952.3227297977434,495.88284271302325,42.277694035902385,17.927549967567124
947.7084387356755,496.04570120556303,42.42595866278465,17.89767935533034
948.400468494258,496.09200907282224,42.60452681876879,18.003781274563252
943.0988491989963,495.6716870414202,42.145628759206765,18.11593242173691
938.0111514312268,495.79771406925084,41.45415055359588,18.377863940321216
934.4230154970406,494.2383674918598,40.92102081445474,18.133271315150303
929.9112215928388,494.5774076946784,40.967693263361376,18.1398643976531
928.6386383345181,495.1591461947744,41.39639659564611,18.21006418865222
925.454531685345,495.5212524677015,41.33754690571095,18.30959045619826
920.9255988335746,494.24922173142016,41.40360562530415,18.720086979725405
917.6406706492659,495.1970017974508,41.091313251245786,19.059522451225494
913.5775435170823,495.52319378553267,41.241593909503365,19.183654376150493
913.3726096278045,495.3428417713288,41.83497646190457,19.362246247213378
909.6521035284532,495.45927088331916,42.00733336046696,19.183523640101434
906.4590665078814,495.03854115278784,41.88498788790792,19.442901127611293
902.5353412239535,495.3154346823013,41.92844570750332,19.67002891166685
898.2803858722241,495.8414021214108,41.60953332136241,20.162429637161793
897.3007034021747,496.0362617444594,41.52601987210268,20.315084703942226
892.3548517499522,494.89582438764126,41.21885633237052,20.274019233939054
888.675706603269,496.121603895896,41.11410245917193,19.929352087928187
886.1767302189628,495.8610597112166,40.86693804028425,19.933455279293185
882.1453290998743,496.3399799968775,40.81251272414005,19.71928195288263
882.1274094760863,496.7239800969727,40.73215077957559,19.336427029477086
879.0670574894408,495.3520678513128,40.647537732450246,19.757863825484396
875.5650674451633,496.2250735852224,40.550296736410424,19.695037458220668
872.5610208152057,496.122012453786,40.37439236525288,19.819102855997368
867.7834124652228,496.68255811662675,40.30030704037731,19.634662700569592
867.5910280297204,497.06738048173156,40.110122593739824,19.417375763214324
863.1394410325573,496.6981468009786,40.22541473686972,19.393210814329755
857.4109041267578,497.760926374584,40.13117991657179,19.360394825459338
854.6785912167102,498.8926290823886,39.95987043011799,19.438860433028225
850.4363082120121,498.14006299792317,40.24396742248528,19.4682042470855
850.2668454656117,498.4219003672501,40.51135198590887,19.488290604432358
847.7659622339894,498.736294916613,40.483461085261915,19.552799189899083
844.6554805624927,499.2600232239872,40.33738760879743,19.827953311043952
842.5503639112462,499.3927633229483,40.4125472494862,19.927550191464213
839.6139285603105,499.3863004805268,40.00467816711696,20.0473410662768
839.6597679753569,499.0829268147474,40.11800040811955,20.35590719184767
836.1284207103191,499.2533538778342,40.510239005577894,20.053168019460223
833.3585251200923,497.03312500698576,39.808255150173366,21.28151333439922
830.5389024195741,498.5918706761678,39.46838458822763,20.926230219378063
827.307493876363,499.5448936131048,39.90520642013331,20.775902457495974
826.5581688426106,498.67449374548784,39.8829284623924,20.981039422458558
823.6886285380834,497.3934181133465,39.29633644495124,21.450626103916584
819.8154069583775,499.62661195738207,38.978487650322705,21.37926319230417
818.52527822016,499.2133644712275,38.54836414340511,21.521129856793845
815.4492444905329,500.6063579930075,38.05729843920704,21.30141268780668
816.1617109131093,499.8807972194666,37.43312121405699,21.296357596285223
813.6310736851224,501.0706216781277,37.304044660661994,21.01800057387584
811.0868129726052,499.99040552310413,37.12901485049717,21.275751771633495
807.8591872228012,501.0686994375205,37.713763401344345,21.00819118069291
805.6628621524928,502.1601749549306,38.266797958541154,20.81498933906422
804.1765983456324,500.72250424740594,38.332513619671005,20.822968970132194
802.4560849912795,502.3946217149346,39.0511058076556,20.39691330868032
794.4148179676774,503.4302639785161,39.358861488770756,19.34985926171135
793.3261130650469,504.28104771696155,38.810666521464086,18.79708214431752
788.066040603253,504.0018446184154,37.99395651035964,18.360250514108795
788.301080208519,503.9775814387591,37.19175649384883,18.18994964070289
786.8375162700455,504.03148535950265,36.86362604903364,17.904922780875765
783.9372525731532,504.5512036889823,36.34655223889999,18.269666410231295
781.1980439381971,504.65140597987164,35.88881323592396,17.890187690049668
777.5091676675033,504.4330684203369,36.05336234713569,17.890241441187705
777.6074759371224,505.9516644723936,36.00614249564332,17.963095962211735
775.0155158342905,505.6815902291243,36.21290129383678,17.546370018570688
771.9244194251294,506.0998258663228,36.17601414084545,17.567577395983356
768.9496718222923,506.16221947937356,36.22283181050873,17.312562991546677
765.3375181384423,506.88817740142105,36.62877217381428,17.4007458145965
765.1765544002124,506.30039994830645,36.78314878843868,17.47998331035665
761.4044369404124,506.1362320395105,37.273176859894065,17.604760295541528
758.6949275962542,506.7202203732161,38.15844215312985,17.748639778757433
754.7650041781227,506.12097233501294,38.605114837018576,17.93687467714708
752.0999785278597,506.9781985075065,38.63036371978957,18.348134726874346
751.730430918304,506.68965740772796,38.625058616463626,18.71656919846506
749.357935499388,506.9326457901697,38.836030460917975,19.37386018432163
746.2503060831363,507.1759383260861,39.14314481939189,19.991365922310912
741.704003805139,506.8824572816555,39.60722364143852,20.30466219558039
738.5623330995917,506.57944097698226,40.06751789143087,20.68462961628051
737.6928297330022,507.206164385532,40.355943312430405,20.53517371161848
735.4920439439401,506.9118434137628,39.834019121053856,20.91122581009548
732.514400839809,506.4231718017108,39.27277910708695,21.158071435551463
729.2918709207196,507.1146531900653,39.25688141810521,20.996161067060815
726.2637578503069,505.22953639418597,38.8924442021495,21.356685205236808
725.9945682197393,507.2501575423066,39.76029964097708,20.999248613112343
723.4707956332194,508.5517176400128,39.32299297685873,21.00410676166363
720.6050599688718,508.9046850256282,39.051966155682024,20.781326495923956
716.8258328443374,509.08899597576107,38.894665895778985,20.649274998638116
713.8991030871204,509.34720125925907,39.15058074010787,20.08144443964227
714.9908317043548,509.8973291339307,39.704839465187945,19.84403101169481
709.9918587815458,509.46652404119317,39.818982896865414,19.851971136535376
708.5826339445944,510.687602663181,40.320752139402394,20.10946727962932
704.2656799475515,510.9188959778877,40.38232965863476,20.108651661568498
701.6877506160941,511.7131009404023,40.021850926834944,20.25032794392912
701.0908939378494,511.3929608188346,40.04226818938377,20.275516445979495
698.4195285637799,511.8498733274875,39.30036701766202,20.008752836239715
695.4916752982739,512.2130162251557,39.17562625634613,19.880618486292132
691.011346695861,512.3832148492382,38.89746338518299,19.739154630890248
688.7429724048096,511.613266817142,38.669152496155505,19.606842862746223
688.1454960997648,513.004551600976,38.52898621643639,19.388845867786277
686.0680139562629,514.1920551348837,37.85149677571811,19.244698794859282
684.8790661883265,514.216557511982,37.76606061221951,19.325730201012334
681.6998872155407,514.5031897039274,37.60214310994581,19.27444640078946
679.9676635282505,511.6230095704223,36.86252849951022,19.75226825379825
680.429200160496,512.5834330717603,36.3166772961765,19.897499675576082
676.9340645185931,513.4060693496248,35.62402764721233,19.71349912111345
675.5535935747555,514.652871823243,35.29333383084711,19.544389727847424
673.5139463442162,514.4744113609894,34.1659479940742,19.769248142698643
671.621126018227,514.5032811732735,33.042731300471644,19.751178631604596
671.1748492302465,514.6553087028457,32.20891013106347,19.62518355273353
669.3100739980031,515.5403640456638,31.372771031799232,19.32417381924569
667.8412310821773,515.6236423051064,29.971024623918353,19.037958852558294
665.4215037128977,515.6883145935291,28.71376581953924,19.174339113492984
663.6434775483749,516.2941281151756,27.548357806177616,19.035830637666795
663.9857194336091,516.4145196968449,26.880182343356967,18.778862483102664
661.7949248770773,516.3341902451676,26.361749426543895,18.43362159950783
659.3590610771157,516.6066380142312,25.484599024300255,18.776255255735837
656.8001889784207,517.8803979539122,24.697409292247002,19.01269261933955
655.1969149850795,517.9029597956065,23.873996646605132,18.987616056700762
655.4987547881093,518.067523037486,23.140826709730234,18.87039208704184
652.9910723465969,517.8970826600748,22.59791303211663,18.965451038056024
650.9039657157564,518.5339184679838,22.425642586369516,18.298250126316816
648.6842254223267,519.0012597186367,21.81309880875761,18.36129644962655
646.6762522390842,519.481180676285,20.979708551096984,18.771227683820122
645.7778450715459,518.9765186807911,20.610358964817305,18.906642260993625
644.6155072883861,519.6915402111744,19.568824785729994,19.483812792756297
643.3258727550879,520.6158805106423,18.563442143723574,20.09290182615971
640.0934529077773,520.9564792074625,17.675176770137714,20.79759336665491
639.3375857465484,520.579083603715,17.12004827101662,21.63430729154224
639.5281371540528,520.7654053988316,16.444768668869706,22.38048484541299
638.1091992509398,520.9017317222821,16.169831002348076,23.000666921507804
636.0468116517892,521.3213515418523,16.262973300411105,23.550325297389584
644.7939171334247,504.58858217597015,20.769378410748608,20.419188156351325
641.4202151569448,506.87123389523845,24.724430879409773,17.792027136676143
640.7037822675087,506.9582242243933,28.230078697924235,16.003361062144762
635.6819576636415,506.8102837192919,30.814209473041533,15.155089192632715
633.5138458196186,508.4946993160154,32.69593200904853,14.395997302774518
632.3883726238148,508.05279709227,35.02243285349268,13.7191524744856
629.5492004253883,509.5678877551047,36.194123464640256,13.258248435345642
629.0991034320091,509.3387753264367,37.53699107496044,13.075322043272944
627.1507214036337,509.2640953741649,38.81051513766221,12.825806592095995
625.7202321134253,508.8196370677327,39.66144318287704,13.065276479115184
623.7377365532454,509.82890381749223,39.8563606509692,13.232898298809946
622.0089091078337,509.24625255726187,40.43060723376357,13.346021959559987
623.2197415097772,508.71310362131,40.830215995168885,13.624099306675848
621.3439543109912,509.8420207123257,40.72074503217564,13.588444537486232
618.822699731244,509.50905174472587,41.29691841820208,13.848738443306953
617.0436739194157,509.23260702207773,42.07541114484015,14.027156879825665
615.1198044585459,508.92000316545085,42.715603594030526,14.339154075911273
614.1967100069139,509.9070985280658,43.00270975078864,14.29126471081176
612.4389186287319,509.0537739854667,43.54925402067183,14.469206649365386
611.1600510069385,510.7256493312745,43.66982877231547,14.402184110978531
613.3323501801268,509.99018624331717,44.278643912419525,14.801176421346002
612.1095550647816,509.17420579494575,44.8941138180215,15.191356202556959
607.4609844236799,511.32897310330657,44.91713858411156,14.976929141224709
605.6874347715584,510.45190124849825,45.10936160852362,15.206937738078896
604.2084417476499,509.84286559714866,45.59238613709931,15.570982723181631
603.0385429983144,511.0294213059158,45.88175000005869,15.538714744749592
601.674422550547,510.11375189726414,46.825398147905275,15.705990942843492
601.031667013338,511.46248860752723,47.145427762228664,15.717036265832292
600.4084191753577,510.3787707932175,48.008522580740745,15.87209558601074
600.1021803128964,509.9493802241556,48.626653284213894,16.03141067446322
596.1638194490325,512.227856709195,49.189982849618595,16.115345918495947
595.2525073355001,511.41850587390417,49.891075590172306,16.28829306103183
598.0469341035346,510.30895943153763,50.20769767055852,16.597364879099203
631.8961121944925,500.7723168012966,47.817607174677796,17.714242592584274
631.7755375511549,500.47509096328633,45.864343753070514,18.384973871549644
631.9752661236193,500.67833536355465,44.10890656949879,18.766260408709027
631.4864591762552,500.69365897677744,42.811173231408496,18.92650461204542
631.2185779844239,500.84929916229703,41.68395946932671,18.972245692002634
630.3519072340981,501.0939093036005,40.75236824216443,18.980184175188423
628.9879078494616,500.43585935280663,40.67572600306042,19.06874906739208
627.3970632111271,500.86249384443124,40.03921278415444,19.235288376531834
625.9512300646995,501.7062559823596,39.56270976930088,19.252776302937946
625.5098199503841,501.2047070534058,39.19440776167987,19.267123762686538
624.1979539578288,501.22484220400764,38.81082053483069,19.271945530095408
622.52296382178,501.93149702029854,38.55702816670017,19.13956355559464
621.5727644750638,501.6215070513585,38.76334936837218,18.904819861139163
619.8393400559986,502.13921283571864,38.67322641809625,18.809984666949667
619.8180953819818,501.94238823527616,38.36489072459726,18.788137101267406
617.5302289983159,502.1094485690114,38.41179963939,18.95204083784577
616.0725994003662,502.49450559175983,38.634099526665125,18.87702757665067
614.8743694012511,503.1107606135553,38.374276623131436,19.068480602975505
612.7075587855035,502.62949653404934,38.66698522645293,18.987189215287923
612.2379503406761,503.66741437274834,38.732904424762424,18.95362086043024
610.0765448737912,503.4897350300054,38.70021799830256,19.123699476207204
608.7840679941352,503.48237427043136,38.54446483699093,19.217520277977627
607.3663288062303,503.50798536302375,38.74337800436571,19.11446947742553
605.9446768140551,503.93685424707076,38.23498764324171,19.2110466564598
605.8988613933416,504.0185575718925,37.7075651208688,19.34040762094256
605.028075330493,504.84514256924325,37.448188340621044,19.54925025098158
603.353306244087,504.4849685861499,37.205342175054184,19.6813535405783
601.7301190891764,504.3792882277564,37.073722901196334,19.714830036288443
599.0635194162793,504.71545978307137,37.20727911191958,19.703208585318723
599.0754542222876,505.52894485244207,37.328486653943486,19.81586795364216
597.3422984160682,505.07454341957117,37.46318782517437,19.744370690924043
595.6825877851236,505.8038419739958,37.45165620429678,19.798008269879915
593.8653878268195,506.2554723084797,37.63640440276519,19.53145037686741
592.1119141148134,506.2073447715611,37.82903960715766,19.455934147885255
592.1093510675031,506.8957952428201,37.88027551970055,19.379285404540216
590.0942873587468,506.2489200794929,37.47690217045908,19.56191598403276
588.9483879260507,506.42386318014997,37.46723147141318,19.695053724235514
587.6209827273683,506.89268665744925,37.677437233539486,19.841834841612748
586.1613628458703,507.404437454097,37.733594587630485,19.917653183162216
585.0866386881496,507.5280150730268,37.70783361924296,19.93482442831383
584.1210586172564,508.2903981985903,37.410015603986125,20.046705520822357
582.0129835545297,508.56661364179195,37.58326039878145,20.039309639034805
580.2276458082442,508.94384955115754,37.74658940430711,19.887067892325142
578.7470944817851,508.8213241613916,37.79555216464715,19.84486746760477
578.3003017510748,508.83329551590674,37.775488543884066,19.778786491266015
576.9789233284273,508.8642917822108,37.83013184280764,19.777796865069856
575.4504281573614,509.3032746340735,37.8119638273191,19.703250155294306
574.5400629395058,510.2269761200343,37.81671454386839,19.69491809954859
573.8048767187557,510.23339600654646,37.703607223291044,19.77677380520195
572.0774119207566,509.83140034241046,37.50718775160128,19.927743380639615
570.7352689639052,510.03385896452505,37.58854907996168,19.992601902544763
568.6941179298395,510.5069157095397,37.63900987001691,20.01315737594764
567.3138530112357,510.90541790349226,37.44305395893361,20.07219954546907
567.048714193347,510.8998745589487,37.56930663610056,20.120065690396867
565.6958110541681,511.37972222549445,37.614970015898635,20.102649159700135
563.7807626773076,510.7302527606695,37.5792637663084,20.052765257242555
562.56323953788,511.96903669256534,37.63617031089541,19.871890956912104
561.1293138269799,511.5892505724034,37.56850990522675,20.009675708775454
560.5395004688057,511.3703033256148,37.576399785141724,20.135683802368288
558.7240961230984,511.84573101385257,37.49107178260201,20.256593014248782
557.6908972046765,512.4732673130608,37.31938530319221,20.44346596865831
555.681779243636,512.5053544034907,37.47439719573212,20.336111199165632
554.4646873894803,512.9794023627511,37.45796263698418,20.5273062094855
553.9050295907829,512.6771626787415,37.76977119626248,20.59316439029452
551.7307784602087,513.0333442205092,38.00069685828966,20.49216269115097
549.8938378359562,513.6895064145536,38.21203652659467,20.575985673400485
549.1903556823372,514.367949296489,38.426817339264744,20.421047002539886
547.3700621845554,514.4001450321305,38.55792505054173,20.335269399612514
547.3372604929541,514.4139594627665,38.674903107587824,20.390286371832804
545.8405677861699,514.0582729320038,38.5143912356949,20.41276027392682
544.1838726537108,514.5872569726432,38.594107928072866,20.393146589467893
543.8068379071622,515.4350090699039,38.53312020309521,20.551335641788107
542.2464772139847,514.9731648646507,38.624840830325496,20.580136128100197
541.5977477511256,515.886684211032,38.481513871186515,20.66211630950583
540.5029227496229,515.5892950658322,38.3304420285649,20.810951840391716
539.3355204384354,515.4745914944335,38.09546224809269,20.874153577000044
538.6256738054808,516.58795446574,38.27727325749405,21.079135493426282
536.8430836693759,516.2163342891663,38.400751402247224,20.91747213668525
536.7206128180457,516.03853975444,38.442970168038975,20.936703165566755
535.3943092018923,516.0794822950174,38.89498225988869,20.69785184519784
534.7143137366359,516.89975384937,38.86711766061637,20.746865096737608
532.9127431869695,516.706574419306,39.075203942749326,20.671375161451603
531.3305563295914,517.0093247692987,39.217504150196376,20.69009304457316
531.5532902525352,517.5218698046134,39.119628181292384,20.724034818082778
529.6468039281033,518.0909275553514,39.15325507934771,20.80782955487279
527.8777898851163,518.1307349781804,38.76846593509708,21.027938990049087
526.845022299621,518.7966224805156,38.66044692403516,20.988382670528857
525.69204501298,518.3433575128206,38.5657567181117,20.973846738971588
526.9138979925461,518.566079517359,38.41455292382005,20.97766329255312
525.0113138001127,518.4447628976212,38.29641675088669,21.139041148239208
524.0812804944258,519.0570473231494,38.32356996351788,21.291199520579006
522.0259668673287,519.5777139802124,38.65398863006546,21.040289301679486
521.3206540159017,519.5262200416213,38.70806149364032,21.127773095265468
521.4715163516926,519.4567389234484,38.80342195227332,21.225958188520313
520.1972435673804,520.0123735459741,38.894796796028835,21.154655407511502
518.6147526056441,519.9392328639675,39.045465021686574,21.003358675134944
517.3661284742566,521.230194775197,39.313850045173126,21.12694737632701
515.7069556546535,521.0798931077587,39.286996337837124,21.120490082074195
516.7101798330906,520.0713430716422,39.546848420797545,21.053883536951844
514.9175197038451,521.1683438973489,39.048302083066545,21.221249349604115
514.353435956411,521.2495243779381,38.9298192397618,21.396879804880044
512.5277494621066,521.6748076540375,38.99037048535901,21.333917107814166
511.6202415644538,522.2597827200998,39.183746790537185,21.514109335423235
510.9377457076876,521.3364977321274,39.563612545150065,21.459111137005827
509.95219388839473,521.9028011954962,39.278459364964384,21.746282199655838
508.91771117233395,522.4962991893012,39.19936972048685,21.632897471506183
507.80341656230894,522.482073134045,38.99057695773353,21.721543005200438
506.62183265737286,522.6556476216117,38.802861951291035,21.8511451489653
506.1345104502044,522.8797481277034,38.81283308491203,21.95425175540005
505.57958578717484,523.4594763251574,39.04614675690306,22.011052217410317
504.31777681491087,523.6656880466157,39.164795486037946,21.996325537770737
502.6739852059425,523.0885166039922,39.123813344859144,21.909196178755007
501.99342069516416,523.6985210829821,39.083932210737956,22.203566602908822
501.4783627207286,523.8768627256974,39.10777870465303,22.42736007834239
500.37691549393423,523.5965986812677,38.91794268376979,22.37038696795645
499.9714690036357,524.308631286323,38.742799125289075,22.385011824183294
498.9299548586406,524.1868182799509,38.85640960483918,22.25798367118268
497.387398651467,525.8046353265901,38.5651670864014,22.383746605873633
496.6377840179988,524.8798285941804,38.77473172721619,22.1866612620232
495.84658566514076,525.4915572200756,38.75749414319084,22.216840728028977
494.85914501999264,524.9624503773001,38.937686731857376,22.09302564313306
493.85597646504004,525.9958798856172,38.93447470083238,22.161585756824287
492.91620450239253,526.5233926982424,38.90811004153269,21.998025616669796
492.8370046303929,525.903835961047,39.07292690913275,21.851082071826987
492.1800502688392,526.280107017236,39.05542701235963,21.976903866786245
490.3366491756866,526.5071030500069,38.759373163432144,21.988513007070104
489.3928681467503,527.4447929588091,38.655005570998156,22.086639163281706
488.18438953498764,527.7869489945273,38.64288826869025,22.153067798766024
487.2718230782768,527.5898912980805,38.86233129887986,22.201208090665542
486.1380506808527,527.7142404000217,39.029153065545074,22.249549306195583
485.74113467237083,528.2145342314335,39.143734842182845,22.229718224201616
483.7902302702292,527.8433502495826,39.37914583648386,22.187938448493068
483.08841336605997,528.8829343688006,39.20184333214684,22.176633197575363
482.9288296035184,529.1851701584241,39.28538678229407,22.18651748046909
481.70908141777136,528.6368458965051,39.04949910914098,22.22401280511122
480.09071662373594,530.1312671242044,39.076579372794676,22.271596893901958
479.2842070326531,529.0319725455603,39.20326470791436,22.276300486386205
478.64209112412783,529.5197752611873,39.12637820831456,22.488150470857754
477.9881428972417,530.1100240486464,39.040510285446494,22.638087218296786
477.2748790245531,529.8228592709622,39.26237535019782,22.644477194178364
475.5302254277784,530.448194112226,39.5485112905428,22.644146066032942
474.3883314899178,530.5256590055874,39.69707601601077,22.662473153394714
473.4320924506202,531.3356215962107,39.513243717484954,22.637470276301602
473.31348117625504,530.5792335313652,39.6698468639855,22.63657178917908
471.46019597782623,532.2104870520014,39.61174688883383,22.809271161175428
470.92932321954527,531.1514229964812,40.01009366271995,22.85424410749746
470.0309035602284,531.0932559429407,40.47262519155115,22.639657041482742
469.06668112284126,532.325188653206,40.148040004603715,22.823337435466136
468.2708313633908,531.634291577747,40.24759362754668,22.849581774067147
467.92136348758265,532.6284193571523,40.05568992165104,22.95751237629783
466.58233855046774,532.6605392943087,39.94781893749773,22.8736135657976
465.37486081323715,533.0126469644467,39.897341529649935,22.830005205845325
464.9012754849348,533.8435516062287,39.88837548276342,22.560634333993853
464.7665699244788,532.7525449723623,39.913506891236814,22.46481366312804
463.5892752583321,534.30502380468,40.377635613140455,22.337051499820312
462.6884427164854,533.7533787346302,40.07785883663496,22.65497558157014
461.37943047708126,534.518702937794,39.867388289808495,22.75317870817876
460.71655390987047,534.6951414158601,39.56798645215361,22.879263875440436
460.59988971564775,533.7061753876001,39.507576058193195,22.935058075477063
459.8817645219533,534.3953351999528,39.36450303459424,22.98007591033591
458.94826778149024,535.6300802049648,39.14132279420687,23.11596881962343
457.9228746617554,534.8928007929809,39.167815372559076,23.121536006361445
456.60624140831175,535.4175325053811,39.31845019609669,22.98704786709097
456.1046142069633,536.0023293837991,39.59651658190221,22.917397748103078
455.9045540465216,535.7953250879011,39.95331593776373,22.975348725810896
454.6329740316913,536.6630379988038,39.673086675661054,23.085685991278094
454.0081060469776,536.9287944474771,39.60435610093703,23.21482740034326
452.7171120487577,536.0826560039255,39.592031429530145,23.100762281716666
452.25357915963315,536.6763218938556,39.54306828855927,23.182153632082745
451.6763006310836,537.2605191331179,39.472012347649596,23.342765110207893
451.15658386417175,537.498241999433,39.46985042248896,23.368126662886368
450.1285011961854,537.8498706738375,39.3112285136649,23.331258242967706
449.0067608276177,537.3125078404449,39.14017468201374,23.38684211650176
449.1931900786774,537.4727331128721,39.21328996362578,23.44562320340343
448.27385385234646,538.6051364519809,39.242312352772984,23.415476196969188
447.495174707657,539.071119442892,39.283340519204195,23.382897455556808
446.6949912536587,538.6339033509076,39.282689713654065,23.462919649214808
445.96456216726517,539.3772255387087,39.41653713567055,23.709634610465763
445.31801396702525,538.6208261621227,39.70893401603928,23.825860416135622
444.6930473857976,538.6567417344928,39.599322305256955,23.924475548060208
444.10788157006516,539.4325945580974,39.591930528976505,23.902596422724415
443.27128999609266,540.0659251764998,39.392040456668525,23.93093633509718
442.4888757281901,539.6409542130128,39.32560585560982,24.068889038114072
