520.5,315.5,21,12
520.6319828991699,315.11023721916007,20.611769961395442,12.511521323074309
520.8003050304784,316.2576940104411,20.413768799636106,12.604283979525942
519.6016558165231,316.30822485496486,20.26277077597797,12.797655794821434
521.1613795037774,317.0466301343091,20.2226085462753,12.748076190303168
519.582458215416,317.19733793108236,19.974255720852796,12.874157566456615
519.9905517901977,318.13280730029004,19.956311557491563,12.819232045013568
520.7355366731063,318.1468747876256,19.61013823561371,13.126098837024129
520.6136489507621,318.2959564937428,19.482547447668345,13.333541062816973
520.0769159022175,319.1616839053368,19.368865331371076,13.220981770329562
519.7120804823372,318.97307388361827,19.318661309891247,13.204850109884378
520.4512584405064,319.4799043157265,19.297828858709423,13.034178034749555
519.4493490501499,320.5852882217311,19.38393363967431,12.937950322838008
519.6190217508176,320.43161934612095,19.20965574715555,13.01876473430993
519.0129669235155,320.9651205928277,19.042965367236707,13.056317490110553
517.6045569158274,321.1337760167757,18.6898203538501,13.217836305014378
518.4966686839971,321.5529918962025,18.13851102687659,13.323835731883149
518.043652310013,322.0408472783697,18.09040948939458,13.404047714207138
518.5339828832722,321.54812305150926,18.02935860479361,13.449799975186526
517.0584674557008,322.60187228109675,18.013889892904402,13.362438826039728
517.0139137340489,322.98572566157435,17.595546576797528,13.392088074567848
516.8181334055469,323.4236430909943,17.5758951173216,13.252145690379253
516.056133691774,323.17749744420183,17.193521401671152,13.424416814944511
516.6582907700675,323.6478637797594,17.144705511304288,13.428631148147595
515.411390867538,324.07514448123135,16.648570871935785,13.783167488238082
514.2479988116293,324.34310503722907,16.71398861641323,13.7148370360994
513.9844826209973,325.3924758842256,16.492204090271247,13.443136372036513
513.7663750551718,325.25507708100815,16.116128315016212,13.241400088700843
513.9736420989683,325.4452039046907,15.816005074848544,13.1392639490319
514.5149012715482,325.3036059806852,15.514272469110619,12.972355232614651
514.6989509792246,326.75733277823184,15.079682835714536,13.087481307473686
514.7146689002694,326.9934700365155,14.56280131539081,13.573565734368831
514.495324222273,327.65157583548535,14.580678452002346,13.886865492782864
513.9600539842731,326.9193464167932,14.560017503403298,14.047250877217627
513.4362467801575,328.2009402542478,14.993345488905144,14.01790576593746
513.4233360124642,327.57161109451283,15.401829499400804,14.188702070636978
512.4535407032928,328.23492431414473,16.2715447582084,13.922059242480012
510.28290708032864,328.09225340141984,16.59239145283663,13.750248284059076
509.822920487931,328.52065672448765,16.880466890115226,13.60126825230336
510.7396152671981,329.3744331008524,16.7686654663468,13.508414624863775
511.8670635658057,329.82005459633604,16.46598740169367,13.531703341660158
512.0118751172938,330.88035640865,16.484425749437413,13.192674204718447
512.6789741621093,331.7503745377742,16.11080997572832,13.045134341581116
512.8714458679967,331.17808750735605,16.003935315050008,12.921537330411205
513.4473227908026,332.1711312936742,16.135186349389905,12.732508340080827
512.4910196287719,332.4560922109749,15.996297121388038,12.782875294751708
512.5841930726592,332.9910823758817,15.545081288730124,12.59153966975677
512.6143522304744,334.6062671162788,15.55802754959458,12.162512199460682
512.7639028741854,334.5679891055079,15.352614563914694,11.882622848897878
511.6898033195224,334.4222115215055,14.792650411827001,11.779437435390173
521.0673083872457,336.59488697935825,15.061737719007452,12.237021643128314
522.3538400773906,337.65556394331566,15.12326353396897,12.722133293292746
521.6414284106424,337.6050904233761,15.78231762422506,13.140563102661076
521.2921479806275,336.83929788531015,16.213836801057774,13.487508128858632
521.4302009600383,337.5719004036827,16.515654557350967,13.699689375988028
522.1101898541687,338.72020368273235,16.656415628266874,13.80678698430112
521.1538831605039,339.09793032626874,17.128094357545695,13.789179296879663
520.5997241637132,340.8354910141408,17.71189326524321,13.491619204247026
520.3755911446237,340.29301165257175,18.180654196615247,13.39097454718193
520.5284131110902,340.93890221520525,18.40386338210191,13.146642414644127
520.0830116898571,341.2285786695983,18.129380160420208,13.098827992338741
520.0435897761879,342.6809549989177,17.86861609333795,13.198231923207988
520.927673230845,342.95998171834606,17.930898765170078,12.911092681319339
521.0465424439144,343.2918377639632,17.77714438620561,12.699975555781382
520.1085738145712,344.24934138475965,17.996945370554336,12.571052727716975
518.9642631731513,344.4418657363998,18.703243340634796,12.54788081019177
518.2571426259568,345.4377180234347,18.99680732149063,12.81829934403224
518.2499404427723,346.2477681730906,19.593474263486055,12.899581085697829
518.0037638214088,345.5480241181793,20.054500698177584,13.053754478227674
516.9147083720665,346.1535119805748,20.626692712585097,13.136804412997826
516.9309498755581,347.4895004698576,21.059563373337895,13.14492429913247
516.8942031362941,347.2936099152477,21.59700998926364,13.23482710506293
516.8743262064773,348.8406637365474,22.084409364100658,13.197090197631983
516.8657446891085,348.9663385120067,22.613777343925733,13.085136062496264
516.5410194473895,348.98402319801875,23.500232301169007,12.988941186109582
515.8063922329618,350.397381204788,24.1344082521651,12.933681891015938
515.8555749392119,350.926028863709,24.689203530926058,13.073841621735083
514.8676343811403,350.9996331628723,25.072373079190697,13.092670746830429
514.9326545478334,351.0106310956646,25.492187083973505,13.235524758603335
513.318052277078,351.67686305763317,26.448426671108088,13.459849636813097
512.6373822683643,351.8965588259081,26.924143054674115,13.804460821572983
513.0442600324054,353.0504100204846,27.29437109096846,13.81592461589159
512.8685440449802,353.19018945770944,27.20162248782554,13.957885557363728
513.516387273612,353.3060593908384,27.58248606127018,14.05256334585848
513.7036692256619,353.4515013815584,27.81994801414234,14.170716686224482
512.2794530020055,353.77005227293085,28.10742040705727,14.423099964648312
512.8261738101761,354.77678159537516,27.995891284421987,14.34605353499251
512.9619816658349,354.74706877235576,27.63496725162853,14.658265251139653
513.0176977538827,354.76526613608274,27.402647483098065,14.85722911953383
514.0581553379594,355.4516817546378,27.310051950335755,14.769448632202568
514.6615372651073,355.51674008522116,26.93288413867306,14.951246474610091
512.8503402271016,357.2633795997984,26.95128026889898,14.956594392858609
513.583718405414,356.991944971466,27.124962707363817,14.818900557291656
513.3278578796059,357.8365987802844,27.18258103418954,14.677969976703135
516.6000025208093,357.69146246111757,26.638518249432693,15.034395277075603
516.1394795928358,358.6086174280616,26.220446220744037,15.365947426622572
516.0985558178178,359.19234790357586,25.89936509059842,15.706534533150215
515.3052489986999,359.58259440515565,25.673902160230668,15.753589020587455
515.769869574895,359.8191378241019,25.460501883943017,15.908185166570192
515.7349016700784,360.4789289644154,25.513472496176703,15.945604548197604
516.4119974623763,360.8045074150535,25.285506025449614,16.00963173944306
517.1556397952257,361.64651277323026,24.923392663499946,15.983453884036162
516.0787697521756,361.6625059022227,24.46077280048818,15.929593054832205
516.5936036132927,362.36096832690816,23.97021693089996,15.607161017617953
516.9785218464114,362.5835665988007,23.807501872648402,15.587150541652523
518.3819403852258,363.77981551913143,23.81859096346129,15.45953168925697
518.6161950596842,364.49293749100764,23.87855409770259,15.479700070410013
518.6484140005019,365.1282734604763,23.476738369826055,15.606632716166633
519.1558249797581,365.2198068910775,23.054861927423246,15.723539074597294
519.4585485257014,365.39730944291705,22.806784049833023,15.721466096248204
520.0089713191315,366.3009493167012,22.449108783960273,15.773467292550443
520.4438333580398,366.70734997818374,22.305581352834174,16.005797891353485
519.7176452972647,366.91945171169397,22.5228808085063,15.820207150663794
520.5805007951091,367.6949123854925,22.39150477280127,15.587616925465127
519.6440238003379,368.37177672699227,22.139443265135927,15.729671094638476
519.6723329297125,369.24263266237705,21.716801316878158,15.99261553871867
519.7400415856735,368.809202409528,21.132976593381066,15.929008736849227
521.3143301643681,369.73512625404726,21.200536129946048,15.92080006396214
520.8514007007935,369.79028362718503,21.232199858082488,15.92966704008914
521.9030784259705,369.9709795004581,21.407399085691893,15.749820133878888
520.774183562313,370.5312992996165,21.381358647143806,15.515663847215247
520.8088303223292,370.9891645187664,21.248563024021315,15.170237087428
522.3256382578143,371.8173995514726,21.314004350621826,15.017074483754229
521.8145486402072,372.6400575413769,21.285447277738086,14.92226712230041
521.78530732625,372.4485845840463,21.51062818264937,14.598265591092186
521.6164732316341,373.5378414374854,21.37571099180353,14.708005668393636
523.4513880852858,374.607194979321,20.796581195617755,15.132594902776667
523.246307802312,374.4738580177422,20.37521572053454,15.40134520961432
522.980827093394,374.3979889681672,20.077607010883128,15.555149628572636
523.9812269763224,374.86360317036235,20.01616464496683,15.67523057133505
524.2764425122651,375.5734644168673,19.75135824764016,15.611647618997551
524.3499677939857,376.3237162365567,19.735067027703895,15.553699526379216
525.2801979570695,376.14112007523045,19.7655050484372,15.474992962589587
524.3019785787568,375.87978234678826,19.453397223794266,15.46135357438878
523.132596075994,376.7706308501822,19.318826486369524,15.570235314396587
535.0830580308262,378.0486353042562,19.253306019087884,15.57779881301738
534.36366578175,379.0593678929243,19.766494220452966,15.302079175346368
534.8736603274534,379.13596422704603,20.401619779772478,15.031321948120084
534.4042906265544,379.1674405657025,21.029764414238475,14.77752571845614
534.2297331522633,380.6214134873466,21.737775171278958,14.537534558471755
533.5769136657456,380.9847729921098,22.321001558102335,14.470400190401948
534.5405615767909,381.48135837943704,22.631303201526883,14.173315643641324
533.4055761129924,381.81107741804504,23.123542948932606,14.464877482025123
533.3599108803198,381.5122157216758,23.7397063782213,14.5929000316679
535.74016810638,382.498647204206,22.903326418975197,14.749478804736125
533.982250366819,383.3787028926656,22.896987539729167,15.01693314551401
534.7918182311861,383.50037239723196,22.675652137342446,15.29751282467867
534.3212258030339,383.792559065137,23.482638834667256,15.25581534164409
533.7717528174732,383.59973636781496,24.057638341727156,15.31885795761503
533.8639720093764,383.5169481266966,24.19686518938701,15.445663492246311
533.5696389992514,384.0129999944051,24.857610242296474,15.58595669324598
533.340771180802,384.9403473696032,25.308562478998773,15.54840943621218
532.571843966493,384.55744942015923,26.10415621311286,15.633783863504398
532.3399709691714,384.71665368198177,26.816740498328357,15.604431283348337
531.9298314615847,385.22473321045817,27.22526347483592,15.65689636522763
530.7560285586264,385.428808746116,27.98915694135131,15.764226944741335
531.3823082317145,384.8432920881068,28.826175985296416,16.10618957346572
530.53251001251,385.4816026946225,29.919129521808244,16.239974234686606
531.0629729802132,385.1206247914077,30.741860088171734,16.452219550412636
529.098553490074,386.1064947092963,31.47659535064613,16.336710450414166
529.4748182774755,386.9808850756886,32.1570687246042,16.461439005463852
529.7644817905855,387.120732079185,32.59114809429643,16.684721952454304
528.9098153910078,387.42954851231485,32.7357225926705,17.027943735738354
529.5763187716373,387.3276507506188,33.45781174243763,17.06954044736102
529.8410213130132,388.5782820480305,33.766271356665044,17.010922448637565
529.6873263537119,388.66798042208217,33.8353273198607,17.33742048069313
530.3763846660378,388.59991780732895,34.47372785753188,17.361194873803353
530.16779341968,390.08183306208747,34.80089461849539,17.505048499723298
530.5610675841219,390.1905001606618,35.257713484741075,17.34053179625181
530.8784074802218,390.1000015223562,35.91639738291779,17.196135872942406
531.8535856548948,391.23023472314725,36.02987927705617,17.219161798096692
531.3019718102627,391.6828277020994,36.932990659777126,17.12897255955267
530.0865035754936,391.76303392716596,37.59002268652808,17.118790561837944
531.0801231991777,392.0011016440172,38.23727559804953,17.143691772117485
529.8107909190288,392.16159772250853,38.5776746058265,16.995941602959192
530.1854847295405,393.1065039522601,38.61209616983144,16.991173241356524
531.9530162278791,393.7171858068074,38.526555191586745,17.05860321531399
531.4677268309038,393.1844842398206,38.755074277895886,16.997966129026857
533.0479014287274,393.44016663072495,38.880598495334496,17.1209542696578
535.7067143498897,393.8685932437975,38.36206351528395,17.275377407839237
536.9432406493042,394.18683610604705,37.65559269021293,17.444976554632106
537.8944638761482,395.4713333055551,36.878898327932774,17.522519459540582
536.9957279402578,395.3404821844534,35.76446920255181,17.31487648976138
539.4049784854606,396.80561028414024,35.2596535293215,17.240414481748047
538.562405495383,397.1713192387337,34.7648094562997,17.17810871846192
541.2721655418154,397.3701792959885,33.564586295655204,17.403724084642292
540.9730896304975,398.2506525464385,33.35437491905709,17.465198061609417
540.5593389027289,398.0869129955364,33.393672539107044,17.314561753800938
543.0444988757797,397.98738245394327,33.08544337135625,17.54309167883796
541.7427957833775,398.5779774352454,32.482362138939585,17.971568778993138
543.2202829392181,398.6335609698142,32.3526441749146,17.721062292636386
542.9646231202896,399.61050244655786,32.571280181589714,17.415062992789775
543.700344729092,399.9842760902523,32.672945756290055,17.20561135845794
543.920872084769,399.77988808362693,32.53644184168318,17.28941957013781
544.437860249042,401.2218411977563,32.80167868414244,17.263483579611083
545.4743145542416,401.03588490360744,32.93221026310493,17.290619746123394
546.4745768730488,401.68422583987706,32.620116650041766,17.640771651011807
546.0001878422598,401.3054410655398,32.52005955327177,17.628269514372157
546.252376533467,401.47678679198134,32.26898861931697,17.826354373840335
547.5055209913195,402.34373929498116,32.11603460732914,17.84602886517806
548.1680890060861,402.8528805603037,32.016989366636984,18.026688280562702
548.8267657733034,403.91139293322414,31.76926395167119,18.173935270866803
549.3137145700298,403.9617355452802,31.65982694571987,18.279254323626382
549.6022012871791,404.0353417331612,31.58252184137538,18.339669989370066
550.4806746150539,404.75644224089183,31.715487671702167,18.813822080407537
551.6395924145979,405.52571268778127,31.926776332562785,18.814792390394622
550.6801020312054,405.81370748360376,32.195504876333295,18.602672823430645
551.3150112180297,405.9364944052977,32.31791737102413,18.592993585560194
552.282477241241,406.1325316102399,31.970453591088557,18.950895035794744
552.6037411781739,407.4420936475813,32.067772065985274,18.99383789760475
553.9219747551334,407.9441369863684,32.0384056372401,19.319618463797433
553.4518399721366,407.597033063154,32.291618959814286,19.124258637019764
552.8801285523878,407.9722867462246,32.484985365634216,19.011683511841593
555.5047092520715,409.38480122112225,33.104839183094185,18.953944915821353
555.2127548188876,409.6038184772295,33.333975183689724,18.921652035591567
557.257235688213,409.85485572468633,33.69741699041852,18.947221459669
557.8769009352145,411.4094403377204,33.553634291711184,18.944573124790438
557.4663329441332,411.0717580196331,33.58239017934563,18.93779288067022
559.3585336367629,411.36711823102496,33.55410351538453,19.144450103855895
559.1916112542897,412.2307159905167,33.18910158252345,19.317114251696644
559.5227848524778,412.67555690100835,33.09108490439299,18.922918034522844
559.9211393354503,412.9391623224665,33.08691970733073,18.846434833189026
560.3286787158745,413.19374619773623,33.0630527303684,18.787238192278217
561.5050488289623,414.0509897521029,33.60272278251301,18.55026868837278
560.42412265578,414.136988542903,33.79044783624455,18.771010581545944
562.0508855698532,414.1983515451612,34.22772982746461,18.75248280932275
561.8173138428288,415.2222052322314,34.0577892146458,18.972829920503422
562.6083395514634,415.24391870829095,34.19188533937635,18.964682115711195
563.7648366915898,415.79331225365473,34.248274155818244,19.064602128712835
563.9236457290422,416.3865526283269,34.423137103986875,19.014214519016996
566.1386773267286,416.7463012019773,34.39787241630441,18.900105715050366
566.8682235092898,417.32312746268406,34.4555992898447,18.856916455241176
566.3323781148824,416.9720335292459,34.47867498065996,18.69800841681348
566.524843188156,417.26218319158943,34.394275357174635,18.69239657305303
567.5204299920757,418.47342378267774,34.64771182051721,18.626672078040684
568.80982194122,419.2496905999089,34.80730310914895,18.739289801229134
569.4144689940812,419.61358268253315,34.93094517114346,18.88284906983755
569.1796028550159,419.49928108746496,34.79228103833207,19.04378917153308
570.1384981531887,419.46598692268464,35.095582904525976,18.88155327304532
570.8448980560712,421.0350680140969,35.60614368492744,18.892805629558012
571.6718197277856,421.6171304117363,35.4760985688087,19.006824836239943
573.3841230599965,422.0117016066667,35.220681834349385,18.974923457045065
572.9012608618283,421.9542192157984,34.84599540209527,18.885038697594364
574.8245263243488,423.12210821741644,34.91322156285449,18.53867967781781
574.287822142564,423.3662293088575,34.59576162026402,18.43367470783198
575.2832121837796,424.0186349912667,34.700967427267706,18.09336323381787
574.6736779186537,424.29953952558253,34.765168904487616,18.369082632364496
574.568864137666,424.13547839691034,34.97341984853038,18.41556587999475
575.9936521106486,425.2659496562449,35.21380686185457,18.519301028943502
576.115659239172,424.647734658918,35.938331663969876,18.372978962707037
576.8283084367973,426.14470600159274,35.95094632890749,18.67625102383283
578.1086816124638,427.36498529760377,35.98582013290911,18.9485873483452
577.3819880331641,427.22348418006237,35.89712378969254,18.992042494685776
579.4917042593333,426.8636846420771,36.393238898999726,19.03336825045823
579.5160514932393,428.4019722875842,36.841526320197346,19.060783037416417
581.510106793961,428.9999470475831,37.645130863864935,18.96067039524159
581.3901532996643,429.73725333874006,37.75110810809553,19.132237369774217
580.6886416983443,428.8566346694861,37.68413628891541,19.2203856808774
582.9794129846206,429.37857289044365,38.16416197655578,19.181648351434767
583.1101823533866,429.8245926883202,38.36713153408293,19.179610410306662
585.0372668706098,430.80454626803987,38.89631620981124,19.213128500920707
584.3741330601065,430.8768811840593,38.48651272104602,19.32347749918114
584.7263235364379,430.939879689425,38.32165590635695,19.377488542229376
585.0007488461121,431.1093749621772,38.81858713782336,19.307168645061424
586.3452362678098,431.79709297496544,38.591197577707355,19.494666183671058
587.1717905054616,432.52387238110833,38.758995145456474,19.40962775045166
587.3012625195453,433.104748240513,38.961376583921904,19.537654264216787
586.7767732224007,433.3505539615459,39.11200547585284,19.58313741519903
590.2365899277489,433.43976337872294,39.08447859820691,19.779888275268696
590.420699052156,434.6220174999688,38.3814570661783,20.084395440339243
590.5918139699535,434.5376822334441,38.36390061501132,20.16571108238647
591.759642138193,435.49357531932117,38.73790075550674,19.982125107852248
591.2052323550141,435.94003551054067,38.64731036016415,19.87998175302011
591.3517243322926,436.06440076663927,38.44947836645682,20.24585988626216
594.6479007629673,436.64423682815897,39.169008477824704,20.206649227150955
594.2022224869194,437.67839937443915,39.160325774301654,20.070219152214424
595.0638745744254,438.0122283894741,38.86511717843675,19.9347718298091
595.0124925642067,438.7771363771892,38.62601339434691,19.81405674453842
596.8092498736961,438.8840469246893,38.92714375103027,19.593963213418625
596.6987464923126,439.5154927042253,39.101666125386316,19.67673687079248
598.6406212510918,440.37405015323793,39.11932361123067,19.571836538044426
599.6912811022291,441.3100142244074,39.23590490039585,19.73423971742177
598.9693751074308,441.2059921157111,39.61573070777962,19.603387362224463
599.880066932981,441.7708643918444,39.431191572479676,19.700373752684097
600.7004979014177,442.5726290623614,39.53364032553243,19.649080730238275
601.8878737591139,442.56123151380604,39.262849124208714,19.882585205472314
602.1142810059636,442.5710687832554,38.52638518592921,20.169023343432478
602.8242581021681,443.1737468666057,37.81820325657033,20.368256233700535
605.1839664326275,444.53177217868097,37.11048484165373,20.286350154151467
605.5701018149229,444.2136724479231,36.74578017742184,19.877249966428643
607.3769509630798,445.38846828697746,36.30747760826553,19.72146755917869
607.0174868023083,446.05843639372284,36.094283222441646,19.521875965438845
606.9859539158399,446.1093845800854,35.727312390974035,19.375782271775602
609.186225468127,447.2278201670381,35.40820210576636,19.269125073776618
609.3310274481111,447.4548257833417,35.19356711711012,19.234430371397128
610.2092090546839,448.33197376505353,35.08053376274431,19.215310017562057
611.7452423169855,448.65922690564236,34.975457470609,19.360044206316903
611.944338509,449.119945377115,35.100086632180755,19.287930416867372
613.314272660093,449.31689562622756,35.429742856590806,19.25846994254143
614.9405802908876,449.7722494041198,35.06394171243334,19.818444292503365
615.8878615668464,450.3856818268053,35.06745033036897,19.951993713718657
616.6747152673485,450.9607660032324,35.041589485074645,20.019097523302023
615.9071266587814,451.57319941096983,35.22988066342851,20.0110272251992
617.0845523471702,451.630624567443,35.12369342735234,20.22709105200041
618.0721127244258,451.8650070000839,34.76458691501322,20.37758256393881
620.1612180900277,453.4454065078086,34.935204022707346,20.249331260815396
620.6228411748099,453.18596342758036,34.41892653614711,20.219607389667182
621.4138830421176,453.1630917226197,33.806836392840246,20.3007901455742
622.7053247023355,454.6266499981706,33.537471119737276,20.19548765468354
623.4689657418868,455.65735135662504,33.49329315039872,20.26881027003479
624.4126194849537,456.3931335512342,34.10156824483144,19.86006285831742
624.4787733800022,456.57745728782027,34.38957351501818,19.5952569134418
624.6354231151092,456.7564318576132,34.581024296573915,19.40595166566718
626.0442625593981,457.17956707457364,34.476732420477866,19.694762880572952
627.7345555209339,457.8517574037268,34.81108537641945,19.88987625989482
628.5087867409009,458.7322760511715,35.659246071098444,20.221504875726257
630.3260446529206,459.8459775204283,36.898196738758216,19.864003594317147
630.9801574053415,460.69475541725114,37.39599375875015,19.662822526966966
631.9654356869219,461.58735222199425,37.888432009508406,19.59015392758961
631.6561599065731,462.015969918498,38.803554795133905,19.490468356912675
633.8341004815251,462.65485313362194,38.877726402493124,19.548418055014093
634.2579005432813,463.8250464582375,39.12030810652597,19.684182633733947
634.6197384439337,463.6404835669647,39.00608592374764,19.760564971836864
634.4732192004666,463.6065739964,39.31910463825639,19.92690609807987
635.52972437185,464.0076528112882,39.62982419203519,20.230216622256968
636.387008756486,464.25609647269295,39.6230161144059,20.48379022216559
637.7982669318067,466.2786292287726,39.606483545579124,20.675317479629044
636.9359634217531,465.4008339683553,39.508999463086205,20.876831209654036
640.0485597161276,465.88865969208615,39.95440919596183,21.076580376930785
641.2967439369198,466.85005758957595,39.894431154310254,21.44021446400076
642.3917685185502,466.20172258347793,40.19983987869905,21.414119960319972
643.6930437231778,468.4919900476831,40.54893746634648,21.00563407747245
643.7773041486263,468.6615036938251,40.53904797001975,20.788011365960294
644.4576921068175,468.4578909455664,41.323219105639346,20.7773122199149
645.5671614374957,469.0989804234462,41.7311322413869,20.83525012263761
645.8201245926385,469.97106212778027,42.142687293920716,20.849862067401187
647.0511329113308,470.6196133532884,42.58098927912536,20.77726575614024
646.607442962557,470.69649018835906,43.083495577858805,20.558067936921876
647.3438524902067,472.12560678886297,43.21831178218788,20.480770977064
647.8288106667641,471.74852063512674,43.7047343115193,20.384328975225603
648.9222677222039,473.44898107841277,43.84271176787002,20.52451097485342
649.2048268124556,472.92952614851873,44.382118438211776,20.444374861817426
648.7723270302799,472.9458965786238,44.59411186614584,20.50913405018511
649.8416898700841,474.31648506653073,44.6890876540515,20.67763171884146
650.2079182310387,473.97408352074405,45.13811873083315,20.969821757093026
651.2135626304052,475.989533001453,45.24947459495695,20.76491084995057
652.2522340688623,475.7883643906547,45.23573392713405,20.862370671148902
651.8139162526206,476.4299724286232,45.52021642765567,20.84504006750957
651.6975597729249,476.56961398450767,45.69952448587043,20.889688441155116
654.381992121478,477.0870496337515,45.3708099543222,21.034720292272286
654.6193948129117,477.8850285741455,45.52110196544433,21.10909198225452
657.009071135115,479.13491035991683,44.82935479741687,21.23842062720364
656.6066489900879,478.71913505958156,45.0598457501833,21.098149025668427
657.0789103398301,479.8104172202036,45.18927238770446,21.12789907171868
657.7704861410873,480.66070073592164,45.048620017482406,21.2226079668726
659.2058628370564,481.2006426561517,44.846800017115086,21.60168001039228
660.3830643289604,481.01628939589204,44.26595290813187,21.938577733641505
659.7573668443958,481.4151344495369,44.11829084658301,22.16416145199735
661.5669593409381,482.8359538266266,43.84449521964848,22.102254686724656
664.1716571761647,482.947105696761,43.851958413025834,22.222670531159295
664.2152248644177,483.42632838611274,43.89011220845393,22.28991403909831
665.7618578315955,483.99623255433033,43.7137211596573,22.426699745441177
664.6696510857103,484.9005761747486,43.32840079331942,22.389531927135728
666.1587197228164,484.4718225625288,43.4988164136994,22.48504723348837
667.1636267445214,485.40253063557975,43.7428983682906,22.57473370178917
668.093000178983,486.72288661411676,43.867606561279885,22.60969451426174
669.5691879192225,487.0447981491241,43.74595007494139,22.99586712410232
670.4248204192986,486.8579814866528,43.803227483732485,23.200741699083117
671.1684371510419,489.11780106915296,43.6093115766271,23.46259905889358
672.1636446165871,488.2043438779878,43.97366301440255,23.80657312502368
673.1263845555653,489.82213786730694,44.61160891578881,23.57000047765369
674.0357146737593,490.7217241836318,45.41299028821108,23.356745913889768
673.1078213992438,491.1126046082953,45.54787391747304,23.398509956892845
674.8079945770791,490.5384690398578,45.67782174171888,23.41961792199983
675.8393613069254,492.3588232772059,45.823480902112806,23.20717668782789
676.3765653675607,492.80138352331875,46.17615758442341,23.260251841411353
677.0258125413651,493.068403727773,46.40843914147018,23.44225651411834
677.2704349038333,492.6517077055357,46.66778494549871,23.5852240566969
679.1505853655071,494.6647830010237,46.40521356202228,23.658626097099198
679.9978932411752,494.5084953604803,46.44375878328136,23.643253135760002
681.5558177848917,495.4214859900104,46.70421289180162,23.61434071100467
683.1816965536422,495.999324019345,46.943840575782176,23.98668193482135
681.8638707627733,496.08276839747384,47.39864785057395,24.18336252761427
682.8994431933395,497.57856219623295,47.613515638977816,24.17702850255997
684.3923916856663,497.4579950183202,47.981462343288996,24.372544987398996
686.2449432745005,499.2330775235096,48.634043777894604,24.203051955017052
685.9399831973328,500.4902913497784,48.13823149128156,24.30162111911468
686.4390707897799,499.8054437007449,48.22104030277884,24.29248598428979
687.9498803452109,500.5572473243332,48.53010466168921,24.363935409209365
688.8462247123554,500.63321055888173,48.697788852204866,24.715173589122006
689.8944346568354,502.4284248525718,48.78765493584008,24.65525495047231
692.0408575268309,502.5012156790304,48.609859988543235,24.746459901482822
690.6391828830879,503.1883854611348,48.21049435598522,24.618540720727353
692.2026136981905,504.66309759447216,47.99101640612364,24.71169395916438
694.8615419233129,504.11856733696976,48.40135657682001,24.59571270800242
694.3849183131404,505.5462094859921,48.25329771634681,24.33993097343437
696.7071724528932,505.5829777153495,48.4489693570376,24.239843027795196
696.4323509557468,505.6674683497634,48.27500367871171,24.14781382896519
697.5113028417674,507.68364647851786,48.23312320874884,23.88044647068724
699.3042764668568,507.7054664917484,48.51300638001773,23.86922708317491
701.2180713825796,508.545796179486,48.7658823421815,23.956258127850496
700.6584739236406,508.4130966451964,48.0654499750561,24.140921833363485
702.0264857598406,508.85934030489676,47.89882136796349,24.222694367325765
704.8897579031054,510.986216744368,47.96722422880333,24.067585268137975
704.6294727544295,510.3743376344243,48.4016814904765,24.141446031856194
705.5985144500399,512.3051051910714,48.54935559322829,24.066788073865744
706.8562345187752,512.9546214235087,48.40499108594576,24.06665835900666
706.224676443062,513.0977848341657,48.229453410658536,24.099389330117635
707.6880016574044,512.7875777530088,48.292168082834394,24.012501816158125
709.253096429819,514.190132788073,48.110699946849095,24.01248312710269
710.7980815207075,514.7773946550155,48.481114849224454,23.981767758085844
711.889947814752,515.7265212340752,48.581521417477106,23.988703398870925
712.4365633596934,515.1451985706229,48.50682236532907,24.002231852034317
714.1313724912881,516.5888285942018,48.915511282544436,23.848816561956664
714.1671777437806,517.2681634767074,49.182569183569015,23.993904989007895
715.8689377451215,518.1133049692586,49.41928198232483,24.246986028067887
716.2810730387986,519.3698726744616,49.61410073613415,24.1478418305067
716.6348092274051,519.4469686000183,49.42979722078712,24.23353991405225
719.5106078546056,519.1266194952703,49.00891323848083,24.62861457968954
719.5722507722061,521.1916852761639,49.15431947948599,24.404563263874238
721.2383573269485,521.7508618813208,49.08796883490597,24.450465791818623
721.7180490199248,522.6148817541315,49.11050360510039,24.282939900224168
721.464192330358,522.7787464502379,49.155089848003655,24.280037404201984
722.3127827523878,524.0141024456927,49.428056375236125,24.164227680748276
724.7506007945617,524.9551799367247,49.81203285116054,24.148474728675744
725.5160171999349,525.2669477972416,50.04445361001705,24.410826630475015
725.3013134878541,525.7476085704526,49.850829358362915,24.48505925466167
726.6364933111694,526.8442751323003,50.14618106694184,24.815767783645807
728.7731176722742,526.8862032122606,50.12837877875323,24.81369915778304
730.1798180772014,527.5965809191833,50.308218325344036,24.94530761646569
731.3733485327374,528.0829665877496,50.69508248026637,25.073634935987407
730.9773885497924,528.083640841056,50.95140893648235,25.156693088381836
732.9326083970396,529.7058704736099,50.79883562458659,25.149637216065667
734.6065174410529,530.3922087535886,50.618742384353666,25.47049729532191
736.3472073645655,531.215855842901,50.51482182497189,25.597298890393994
736.8425418187031,531.9302098934771,50.584053438928876,25.672936921520183
736.9391554503209,532.2627745095666,50.54094264912966,25.654938953551053
737.6074932544875,533.7371189361573,51.31980539948462,25.442213444943487
739.6453409539854,535.7300415933548,51.91486920153875,25.40194742093844
739.6436307377493,536.2963688967104,52.56149861457126,25.33479653069625
743.0664190465734,537.1987243065946,52.01575100311819,25.44319096033277
742.266557238087,536.6401217261439,52.575828113781334,25.241300867289745
742.6277663949761,538.4130936294563,53.09621396965811,25.04231283687947
744.2990798074875,539.3053618850298,52.876559633038504,25.296076124697997
746.4644796030381,539.9641826474236,52.668935186132934,25.630739845309776
746.9108726358528,540.2124615480495,52.38098808782681,25.621846803217146
746.5294747586806,539.70032799487,52.21846339567981,25.743011511657418
749.4544326813187,541.5339903474306,51.64584886189672,25.825975769853933
751.5616587429444,542.8048618337084,51.451622740384934,25.956775607738674
752.0338384703092,542.9818177089955,51.56468175126952,25.893507370366823
752.742572188337,543.8536500283875,51.18074443129504,25.97928225241892
752.8296806435482,544.1909158153294,50.908039339043476,25.90915095567285
754.6892783501625,544.3462160817313,50.872821052889904,26.154510243616368
756.1367810953265,546.3980883339973,51.291517192200715,25.840520129801014
758.2922615305479,546.9108962009042,52.21471293033929,25.96604830448797
758.7807406698581,548.9157108557446,53.0382837740714,25.731739286326228
758.4024282213323,548.446408173043,53.29029425833842,25.765730203182194
760.6144245244016,549.1366488416104,52.90567934156162,25.72878822323273
762.2188072390202,550.5697909884389,53.227149441270285,25.515588922938164
763.226748353276,551.9758047966883,53.72612784279402,25.4535360340698
764.9718380811856,552.7962570410081,53.38569099027675,25.384877262478927
764.9949780375321,552.8846168028292,52.89858290323134,25.46804099360315
768.1586265772048,552.990303228539,52.00479135901158,25.90352075467902
768.825195519482,554.6763612438812,52.14594396460747,25.841516485087844
771.5663331317749,555.2844925618006,51.76329861901964,25.865603142004105
773.0664747457411,556.5650021226032,51.466929318165455,25.892127031110437
771.9639536301189,555.5599530471045,51.20156525554073,25.81417338614854
775.0624728785112,557.3025990251075,51.18621363696059,25.6573335404331
776.2821611729885,557.2944110536606,51.2417258305072,25.946258963526546
778.3472669095364,558.4390089554116,51.66042020686807,25.983712587438475
779.0574905859179,560.3561776595212,51.4481084589636,26.075064399647786
778.4800368672952,560.0422375170137,51.32790708196936,26.241282302775286
781.7954904858634,560.9917333398419,51.56141501359534,26.22233082588116
782.5171964932721,560.8095765722278,51.00413124556221,26.534876747370703
784.7035797166927,562.7342246261617,50.9222969772181,26.556441692969546
786.3936302098069,563.719360329628,51.248951867530955,26.560230821467925
785.7969466017114,564.3441386207087,51.79000376513741,26.507704783587457
787.1786839574793,563.7247530953915,51.819319228085966,26.716379064888915
789.4011899134593,566.1653950132321,51.80698220092199,26.352784934102925
791.706793154629,567.1101548043371,51.479742736710044,26.322079710604164
792.1978018726961,567.4516522406163,51.885466151024445,26.370985470427005
792.0146417180089,567.1240188331872,52.12449327599934,26.526135758204937
794.0975259475447,568.5836508353938,52.40448506701924,26.242272764304875
796.3084301816443,569.3901968636778,52.72209987381385,26.182166495128506
798.7223100701538,570.8948758008156,52.53584295400334,26.125548336429034
799.1217075831763,571.9343151966326,52.85428644953414,26.050866903880163
798.6865142903613,572.2624349228647,53.11336434127835,26.043980180736607
801.0520795445365,572.1746072452213,53.280885432812155,26.05717151338706
802.7496161234218,574.0386514600325,53.85560440265071,25.859030841485602
803.7459493637523,574.5298365498691,54.159376139152755,25.86012108814304
807.670814532914,575.7524365782638,54.15963855290433,25.88714574372534
806.3109854805435,575.8194577120494,53.99706732948991,25.94080593823117
808.2331566099768,576.5868806090425,54.16067013135326,25.919833602153652
809.3188825200326,577.8282157155219,54.48294122689125,25.840679681766936
811.037242764501,577.6134756188195,54.38117380764133,26.251617574261957
815.4384356735266,578.889712102258,54.5858451795317,26.53073692878063
813.8663796529696,578.4926170958055,54.3991168714481,26.758065491013646
815.9853230305981,579.2054342660165,54.42891791373748,27.195114089167447
817.6776336736871,580.3022441226564,54.42170918516152,27.300004688921767
820.333592849723,582.0680147872506,55.045566589925485,26.843376146217004
821.4260216539466,582.1062162296106,54.9830625352504,26.978795264623056
821.1922118324588,582.2778358582572,55.15644286581558,26.9842618951246
823.401861609966,583.3520253896802,55.10839632441201,27.010264803637646
825.1921299363133,583.7125152466257,55.028743966227225,27.056396093145715
826.998423835788,585.4120464877869,54.5510991757008,27.178564546873474
829.3878840508185,585.8651192871126,54.7579394344217,27.164724262763105
829.6982369430855,586.1133553078652,54.78150460640375,27.100736281783767
831.3536589945663,587.1448796702491,54.40652042203636,26.920342104707345
833.6934377419534,587.8195443219668,54.52586400834764,27.08071643744139
836.2404912522278,589.3938512595066,54.81618644260225,26.76215207713222
836.7681204725874,589.287194973018,54.814342108251964,26.805359028890635
837.051092645551,590.0694613617015,54.78718494847074,26.935544612424675
839.4288703821686,591.1239814609249,54.95006695616189,27.25078958739389
841.3338401687095,590.8860457363659,54.78972645839757,27.667925680777316
843.7286047688608,592.7092888414628,54.501536693672314,28.18324653082504
846.5860575000012,593.7089335857286,54.6429163266064,28.478714885311135
845.4902021644974,592.8724426272828,54.95105084290513,28.696741820398742
848.9148553310242,593.4222772333047,54.93979725948516,28.70278597581704
849.4995686011982,594.4395332554317,54.73755800456057,29.401984697401858
851.6155488603644,594.487624739657,54.56323374721459,29.255228532688967
854.2857066731908,596.1921676364543,54.46442851279704,28.740482777394014
852.7456389038371,595.5832358807996,55.02113942610779,28.17811898519828
856.4450145608089,596.6769412570416,55.146103608227364,28.29695022185032
856.5664314980647,598.9989782303144,54.7602783399112,28.34795464825999
859.1965756749121,598.3707009829843,54.43742799738574,28.661561874433964
861.9264674229904,599.2892331708549,54.19023853351683,28.795995630444843
860.8463724162833,599.3992306413659,54.370757187868804,28.662646292602794
863.8175664105462,600.2696318164604,54.09314361722017,28.971249755630975
865.375533355825,601.245972904165,54.417576948494855,28.66947986507292
867.0250145956246,601.5675161934997,54.2772524693839,28.658976666148895
869.9716856161101,603.6375781513962,54.9277584661327,28.422750512654492
868.5331618007099,603.875985436408,55.17565022268086,28.577052750091664
870.3209397970264,603.6724838207358,55.51453700768146,28.70146618823081
872.8964301022849,604.9569697039724,55.892907154763414,28.67423865393532
874.2180750539779,605.3617947352469,55.624011429767734,28.750188264180707
875.4847924648273,606.3708193621636,55.7699310373141,28.805583615221025
876.2686332083244,605.816506489756,55.64651133964162,29.094194823655542
878.3137052115497,607.5095058240761,55.853346760528666,29.21938823837396
881.1879600181093,607.246583769966,56.01213142078605,29.368601652920027
882.2431001558392,608.5238417450586,55.97028633743432,29.567796687918634
884.341228473702,608.9569536286526,56.21812626695538,29.86709788029466
884.0375477258583,609.5180886005198,56.210080236149636,30.21833283749261
885.3867500453141,609.4984672890051,56.4449996958251,30.026691415159654
887.5872331052276,610.523665314294,56.763159800516064,30.004907501422686
890.3921757364935,610.0074034567947,57.09212160295599,29.9444840909865
891.8881929640975,612.4498596968987,57.78108857253766,29.632417546600045
891.6796569602272,611.8188761903446,58.0114100788838,29.53587478073174
894.8345712153698,613.7742907979256,58.25500735747801,29.28485443969995
896.7245625161296,613.5083695422021,57.79535466051462,29.695175016279926
898.542504133961,614.8048943509544,57.980837019715814,30.089301578661292
899.797630202078,615.0841244471271,57.46404458501985,30.269060409066633
899.2981594540433,614.8496366096008,57.22351476475153,30.423004436437218
903.0180875645324,615.7828971051933,57.31137708777986,30.53243154057381
904.0154762096977,616.573918495933,56.95096738263141,30.651868909317336
907.9974251936063,616.8087277915558,57.24862604018047,30.84551512911038
908.3630975997058,617.7624956127463,57.34164118138475,30.955640104558007
907.6999604822452,617.9633181849857,57.577382755821816,30.994898504504995
911.675865024852,618.2219012830966,57.70945314143342,31.414110310450088
912.7363248437891,619.3157534598096,57.70592342093289,31.370054581444236
915.3137675883908,619.2832294874187,57.96270384817248,31.41375052010351
917.94519950669,620.131112661866,57.93354457852951,31.690219850835383
916.5757543752584,620.2299023239731,58.00124291062177,31.82195213588942
919.9012338073358,620.3367666863348,58.08115381651719,31.85756959291621
922.0562723588035,621.209538060858,58.203763042469625,31.699157748067677
923.1347983488457,621.8637091837904,58.67863974471233,31.22468400577334
927.002477625874,623.0730588332314,58.82007314469647,31.400380105985047
925.4342100388147,623.5087976847624,58.661101364621786,31.587575307891242
928.8747127492195,623.3903793876151,58.968611130122184,31.44754934644363
930.4359876121589,624.1666851248043,59.04772585202778,31.64560043729646
933.0891546280847,625.309685739987,59.28347603724764,31.573848817831987
935.3678203466533,625.0806008402424,59.189330387311344,31.515604809452228
934.1173232973438,625.332255338908,59.12540906730564,31.544635325422874
938.2683696807725,626.8909126483971,60.02570887857311,30.965390669899755
940.407605742031,627.9523020618989,59.97305491325204,30.587537222649377
944.4230940755855,628.9632697014549,59.59502233412529,30.58954822878522
945.7893673502256,628.6028184192523,59.36134782654742,30.71840238658926
945.8128193473132,629.2562960264678,58.97516617748606,30.750668053620522
949.4769445830487,629.5780781052629,59.21013525328651,30.67173303354643
951.8128394503068,631.276996812957,60.01079100674647,30.299682733255256
954.999713382955,631.5827380863707,59.90787091168342,30.21292019956943
957.1789109638199,632.6294366997768,59.84733494184796,30.076891823465253
956.2870340537786,632.115397133399,59.53286340678227,30.37204226292624
958.9134155370147,633.7867543229352,59.63157854013312,30.204801335468368
961.6927794379872,633.4586335313588,59.63194278301843,30.20348262971497
963.9842775899854,633.804349770194,59.884626010119575,30.3331320884039
967.1953923453053,635.9246924693608,60.11843764480432,29.861630564200635
967.0993149678445,634.8621165850544,60.04206736553667,30.019149323856396
969.0557915065731,636.2049992372807,60.48314346669903,29.91432355073006
971.8787216160416,636.2483337254644,60.47542535667923,29.95792135998463
974.6028957979348,637.274220728313,60.25269154062229,30.067269199532515
977.680951102285,637.7879971640849,60.08070511557661,30.22249957402917
978.4621285736949,638.0806576927476,60.06172399592259,30.3580115202247
980.8730962128435,637.5942536299826,59.97172803342149,30.671596864096458
983.3987703926349,638.8542944883296,59.77606919944287,30.797603747561254
987.5451723369808,639.8808100491188,59.958746344076076,30.851119027960248
989.5914949230781,640.915082900699,60.27137842407883,31.02973614370887
989.7797768245706,639.8635859778476,60.428741525295464,31.20910785806388
992.1462492105455,641.8213042426671,60.49869420665372,31.190316159128553
994.5706349241248,641.7634461659442,60.64337389796457,31.1078733182573
996.4595239354028,642.8438966890612,61.259095726635316,30.896056792363275
999.5307822365259,642.2351894911735,61.87946135705521,30.942155637334423
999.5649538674483,642.2416053164206,62.06477972774823,30.88782641358365
1002.1071439654487,644.2892974429794,62.47495166721488,30.4228852566271
1005.1562086943766,644.1897940144858,62.95999453067865,30.38340714983979
1008.025107135666,645.5204963299008,62.90398084741008,30.166311276791763
1010.3412515407548,646.6039290950812,63.21265673602392,29.993257115373183
1010.6331818360482,646.0928705022103,63.47859798383527,30.07801484886736
1012.7568795984872,646.2782673287046,63.47802624664631,30.00631253498996
1016.6756277236907,647.5547373742713,63.77026498922021,30.101052249612188
1018.5289133527066,647.8393282338584,64.01009794986231,30.11975269157854
1022.4358758361842,649.5568125883966,64.09144380733939,30.055164860950455
1022.3697923910071,648.6747464648964,64.19181491658793,30.145270976320937
1025.1541193271962,650.2559687357121,64.29310103902142,30.065734111386185
1028.7404837256545,649.6968585194696,64.62384123243078,30.468845195574268
1031.0012522614666,651.8504677288178,64.96059435627195,30.222061118308545
1034.3770415606766,651.9938640739582,65.04492417078524,30.118526991307803
1034.723175545944,650.7335312008533,65.16868819268568,30.200839914260165
1036.98750325347,653.0690314352087,65.23925782188407,30.130579401451552
1040.6540405241487,651.9221353237857,65.4314999957672,30.49551584751059
1042.5595023185576,653.9588888753979,65.96742584847779,30.480308285759744
1045.960840484611,653.2379268591714,66.70748318565228,30.83740024595472
1045.1219112417311,653.1611886509401,66.75012185901863,31.27212627498713
1049.3111672456653,654.8556417792371,66.60825936439517,31.27977496529247
1052.1647653716227,654.633811362744,66.78959098265818,31.329774865499225
1055.4469239610642,654.2099967265937,66.568639473026,31.507664891431702
1058.5307498447287,657.1292946258612,66.71394689988009,31.172388833191953
1058.0477157825571,655.4140328790725,66.49753886131292,31.39119138331856
1061.2498789356812,656.5707801805667,66.74056954206424,31.443354109889572
1063.9678071216065,657.1733246904333,67.14836351124767,31.651847415137787
1066.9225722084664,657.7957222588703,67.11011400769401,31.699379443867528
1071.0271632071551,658.1046021485644,66.9145399891371,31.889886959839945
1070.7207828876462,657.9380838566918,66.5776232800182,31.92040615929427
1074.151906399923,659.7010391881436,66.84456336255045,31.69012976610516
1076.6220405575648,659.7338523045571,66.89617260311418,31.54413080487069
1080.633233774598,660.1357516601728,67.00944538688222,31.48728665391912
1083.9364114968198,661.0673721124051,67.1251663584546,31.377151628284487
1083.9668350863396,660.5382481936606,67.00050304180274,31.246437244627856
1086.9146151321438,661.7886678045467,66.96011129278494,31.207066719450054
1090.13055866582,662.5222864603146,67.16487621823052,31.009883867486106
1093.5468168749396,662.7958967620586,67.36986971820387,30.941187293252824
1096.0456131031867,663.8635723184575,67.70228195378743,30.94076321483313
1095.8958808601,664.0401054814647,67.94661411794736,30.89571622885703
1099.3444020972474,665.0248962683395,67.8899628027101,30.914474317659273
1103.3845244246243,665.8360721643705,67.6082534949415,31.110561770821217
1106.7325495026896,665.8190527749744,67.62881377048177,31.211872817849333
1109.119865011596,666.5368296907274,67.78942540556233,31.3299501728287
1108.5725095609098,665.2474506706321,68.13425706594485,31.420102952170044
1111.722581710835,666.9018927549329,68.41702378065149,31.28174767227099
1115.576029604733,667.2377725803924,68.2920071318018,31.38493477056221
1120.1263941870652,667.7884431006395,68.21052311484235,31.773472980594494
1122.553719209114,668.8020983890849,68.16529174902854,31.776223410249713
1122.6714658925273,668.5715232938758,68.48812981216028,31.933780471748417
1126.6136594716424,668.7276188603868,68.66556840618821,32.08030960554542
1129.7871201517846,669.583366575427,68.86205687027521,32.033676927425674
1131.988897851992,670.6520580002164,68.63078941083944,31.875657400104945
1137.1786618284723,670.6623231988079,68.47279237218578,31.766665328172046
1136.3342684771055,672.1474054546321,68.46822244173289,32.168415441691444
1138.7951408271883,671.3493687801581,68.77256340440928,31.892575595983104
1143.4300952389176,673.6626401071454,68.59131005275239,32.40257144756274
1145.9050536924765,672.9524331309909,68.68569179446894,32.11720429769113
1150.1498499789939,673.0806505516637,68.89702123376298,31.78387170853094
1149.7071357569807,674.2307759326574,69.07828725894726,31.781123225825255
1152.6744139044365,674.454003550651,69.10124858793695,31.865373680221865
1156.200889755275,675.6840038585326,69.38882060604745,32.03281113284867
1160.666418314,676.2629862502404,69.02440052778182,32.62073112554842
1163.8763071832943,676.3698590298518,69.32257694797653,32.85624934763463
1163.2340000436968,676.0858420850781,69.26272048780672,33.23462693484941
1167.3613479960381,677.3132725442634,69.28159369017958,33.827792101378535
1171.386793235353,678.3322643321902,69.51702008319306,34.12560583540036
1174.680121962922,678.5830964172306,69.36537401492649,34.66216636243264
1178.2369456742135,679.0619938667836,69.70866724328334,34.520363341836074
1177.8659376957019,678.9840442127712,69.79450335497339,34.46731853779849
1181.4367729343492,679.7680146757299,69.98806513552213,34.110364345317755
1185.5145651428322,679.6103934821823,70.35999803728164,33.61217952255888
1188.9920898790542,681.7948344029659,70.48265585548697,33.50610171236381
1188.3000804416542,681.1264481231419,70.2556323499538,33.6649241281975
1192.492067860389,682.1741881026092,70.63589110165697,33.44128750727569
1195.8451859175077,682.3238356226339,71.06343499001343,33.23463558662104
1199.991064808193,682.9291337112173,71.59735031197548,32.85688354759959
1203.6459031799238,684.6952222657851,72.31112918832545,32.424575689715304
1203.0665573761266,684.060955230669,72.75188547220486,32.08503688301729
1206.1110588643592,684.9672991410492,72.38979976258555,31.729755702309532
1208.4952584865878,685.7095020831322,71.27219097108542,31.486794405851228
1211.0644431376375,686.0679934473544,69.6057569412028,31.2253638679491
1214.1435806212232,684.0796725391389,67.3659149250046,31.265242397789457
