344.5,236.5,8,6
336.21607875823975,233.54834020137787,10,10
331.1836833064388,233.37754899263382,10.251705347571585,10
325.5209450721741,233.8022032380104,10,10
319.545663356781,233.0284554362297,10,10
312.28500032424927,234.7775884270668,10,10
307.0260491493752,235.81387799978256,10.240848516740389,10
301.7191113010231,235.76668301969767,10.28509263690644,10
296.0004138234546,236.2040293291211,10.15995039874506,10
290.5634320868495,236.63667131215334,11.03700568408912,10
290.0708860280997,236.49359557777643,11.03641912879817,10
285.1894193496719,223.67133567482233,11.346704322811963,10
284.7942346752005,223.63269336149096,11.345185494359841,10
284.02632829049566,223.61274747177958,11.343265781813047,10
283.91313446149144,223.6449128804629,11.34120327562264,10.000679774974781
284.76104190689756,223.58869348093867,11.332938214293463,10
284.44862966016564,223.4593998901546,11.331428219365433,10
285.11194981576386,223.6972581706941,11.328099356266215,10
277.76438239687644,214.9484693702316,11.39876157593798,10.00896447226289
277.7936812255071,215.10547532313655,11.396951539906631,10.008448381253263
276.5349729388465,215.45064413643578,11.394813259788403,10.001517524884125
276.3476588854035,215.34520197242702,11.393934548379848,10.001327143009412
276.35579676802126,215.44332451912095,11.392499969027094,10.00071805383104
275.9174517636508,215.4861857369542,11.390436375263366,10
275.5995433129363,215.7982240691781,11.389353566990684,10
275.63618680932586,215.98902114480734,11.388101998622862,10
275.49100053767404,216.09142322838306,11.387397434735496,10
275.2807058334563,215.97054940462112,11.386247920574984,10
261.91461675917037,226.07166653871536,11.196821912652645,10
264.63228357961344,224.72646874189377,10.757022214942797,10
270.59637630834345,223.32042580842972,10.845454532446183,10
270.95668440858583,221.59436231851578,11.374969581389227,10
278.1486339242714,233.20593172311783,12.199454110198804,10
279.95949190912404,230.43192011117935,12.913583134084726,10
281.56679810640304,228.51516288518906,14.116169397516307,10
283.8694095944312,224.77932852506638,14.89296689494019,10
284.85806803251523,222.72282379865646,16.327470430454238,10
287.02999756552265,221.54252260923386,17.514197130277996,10
289.17869901303334,220.54589915275574,18.398180706051317,10
288.51172270035227,218.4971854686737,19.44812637817404,10
287.8945642975746,214.72727417945862,20.144911331007137,10
288.73614596683024,209.0956789526792,21.2034472112459,10.04313868811692
288.25378873097816,204.22141528129578,22.455440752373732,10
292.0009353324284,198.9383413077038,23.062316181980535,10.239874029032059
292.0849288956618,191.6279291410066,24.316668137278043,10.566258092956293
293.8703240605667,181.97001123709052,25.452871387332713,11.017330640900742
294.1170222962908,168.21444865719576,25.453701669596214,11.187318868317204
304.6897725010375,149.71840622188168,23.796945995820586,12.477487997978576
313.52914909703065,136.91680628315578,23.200153481934855,12.94866120306708
319.4247636361494,113.65876687349316,22.667838397532833,13.849711641044678
321.1568048815825,98.60781046418802,22.738180926884496,14.32332665386883
332.151213441511,122.05869686524937,22.333319571797997,15.157901050232455
325.8493735142536,97.31321238704909,22.32260428471121,16.843179241252166
325.382900062618,97.33230575407474,22.320645539751023,16.84394466037694
325.17603278829074,97.6363487208909,22.317867748098227,16.844027686362228
324.26238835208943,98.34096704482278,22.31287860727153,16.84445090101677
323.2428563830013,98.75005730920094,22.310621744666452,16.84394947944965
322.53241909607476,99.4241793904191,22.308425649345445,16.843831490032724
322.4715156233614,99.48739429134865,22.306652533872825,16.843380247429216
321.74235047564804,99.53292211405314,22.304728994575132,16.843735924375526
320.8117193707244,98.93664733890357,22.301791804474295,16.84515900887724
320.80635216665615,98.7270071311981,22.299659019873094,16.84548409820784
321.2839449146075,98.84634856220207,22.2969556282718,16.845431113767198
321.3052209989969,98.73879307066245,22.295160523269313,16.845558842175347
321.2799928733338,99.16957437384274,22.294011069423597,16.845392727342333
320.6086919578186,98.4371186149583,22.289618858057413,16.84748252308058
320.1298234138144,98.62238643148466,22.28563690996357,16.847649991185992
319.8773770916651,97.95195725152257,22.283349638357233,16.848520715497664
319.1584771072688,97.52632542358286,22.282223029581722,16.848877880097483
319.8259939675919,97.68741664449786,22.276463605696105,16.84881449544598
317.7756501763392,97.43798406096877,22.26665895873985,16.852396923103306
316.8079335953812,97.63327484958977,22.262394378193694,16.852457392789706
316.6131645425063,97.47969823836294,22.25855506065709,16.853694335689
315.9166429208832,97.79719412956968,22.255034773935034,16.85404372072548
315.20324913422576,97.67488099538139,22.25136117896069,16.853414548628514
314.8303816484568,98.13064376110447,22.246131389718236,16.85436430509663
314.28173215348266,98.58962323009062,22.240691641606514,16.855839914548614
313.6544022772524,99.33712018424856,22.236445148835376,16.85676761801865
304.7701410318101,108.26072008663226,22.234959552561786,16.891542987201436
303.77217611112474,107.97692998870662,22.227929665691576,16.88770984486836
303.0031943943086,107.8234322948723,22.223354933277733,16.879486187851615
302.27322629275716,106.54656918228801,22.218347965833093,16.881262196726873
301.93174295532174,105.39504563029163,22.214342261019517,16.87985330515994
301.89654314237697,105.44855081181635,22.21113664751775,16.87913520478389
301.47684808413777,105.14614452168686,22.207632627090494,16.878372223519413
301.6021552103625,105.26149043675807,22.200168549258763,16.876029512801832
300.96173082371104,105.22565028577215,22.195091695806887,16.874624499248135
300.3427804238421,105.30263726887395,22.19143024826854,16.873681062662808
299.81546923951987,105.56647488398684,22.18691050418101,16.873266553166836
299.4903591017631,105.10576053665062,22.182623857926423,16.869389642904586
299.29110582393724,105.23672828001143,22.177745221422217,16.868651186727252
298.7363798964424,105.28305504966566,22.172449909778376,16.868513391687685
297.97120286041235,105.3657276961871,22.16808046155947,16.86797102244338
297.2604550349263,105.51324469452582,22.163806068204895,16.867416485290068
296.5927933621963,105.73569703633568,22.15973734766296,16.867234185884758
296.00865675794245,105.87087832023819,22.156329032847527,16.86613586907347
295.17470965404505,106.27270930190718,22.151809772281414,16.866093826942908
294.8784373453781,106.63210465909162,22.147784493871075,16.86546266896288
294.97973843069633,106.9535391498675,22.14416380204486,16.865090630884975
294.57464056855736,107.08855216388847,22.140450472520296,16.864772073975292
294.1555586893903,107.36219370867249,22.13664563487284,16.864941374601184
293.42202917749984,107.5343456283183,22.132713643219482,16.864972972130545
292.7724146833986,107.923965674883,22.12811355751607,16.865249993163612
292.07482158583673,108.13304255115524,22.124239026474054,16.865086060861056
291.63726199372854,108.3402203465434,22.120027217991677,16.86471301045376
290.744965016609,108.56577387047643,22.114718723576658,16.86334124643931
289.58959352037203,108.85505475699442,22.11077327191295,16.863524182895077
288.8769983308146,109.14300066643393,22.105728741970232,16.863581138830664
287.6529790420588,109.5277029670382,22.100668545525526,16.865207202066113
286.7218190903601,110.01967271864454,22.0963062771013,16.865487488358404
286.2435001125508,110.16494415257016,22.087676991718837,16.86587465323728
285.51596359567884,110.66068689891085,22.078294778537416,16.86749141303925
285.08365975892883,111.13124598654147,22.06957388548614,16.86924611966737
284.5695847921919,111.32954086465263,22.062529898824547,16.871549600559014
283.7966804313321,111.81295327137946,22.055962588668507,16.87179059826257
284.1483088480739,112.27356886120225,22.051126637410032,16.872590344367737
283.6800185403026,112.65906925857475,22.045262034389502,16.873054195485313
283.8724162143177,112.51815496361226,22.037308291068896,16.8762320843643
283.7841253544081,112.48378216236725,22.031430164749153,16.87536229297727
283.19359948334653,112.85262957737721,22.024959257107326,16.875300512445417
282.3435221871718,113.07738941496511,22.0202560232238,16.875415150853
281.97620624665257,113.32195485336433,22.016484405135866,16.87602261920075
281.03529092113297,113.5064645942183,22.01316545805343,16.876700946712162
281.463211499224,113.6072916078056,22.00773065057675,16.877761288238542
280.7489094049442,114.04596556629622,22.000275244981918,16.87846745365095
280.0956295212079,114.19772664209643,21.995817976016475,16.878801883500053
279.46576101903645,114.30909204286365,21.991733497700988,16.87864694020096
278.6323511404509,114.44653479125908,21.987535608082585,16.878069737467943
277.64796568318593,114.52953946328425,21.983520811324084,16.878639520729315
277.09413657072196,114.7121598017892,21.97961785709096,16.87836979599184
276.12531639369826,114.70174030701276,21.97373110866793,16.879714129071324
275.1158954020802,114.92393120197897,21.969804117599914,16.879724036784083
274.21795469651727,115.12618403985113,21.966509551018824,16.879752224107392
