102.5,445.5,38,25
105.65024894057248,436.96732944844643,37.311469205647015,25.52460013631029
110.64903689428478,428.6095840194783,36.4160003462571,26.877260832198203
113.04210889160412,424.6384974635855,36.75794673324075,27.318046824690544
117.28408464516758,418.1249184850692,37.15817338773491,27.479811143112276
122.61588076447185,414.73652143407224,36.75870888044962,27.38162384175536
125.9881262600812,410.54142560052077,36.62402633420772,27.227706164375928
129.53166807956285,405.0292752815751,36.415367816551765,27.71816566914959
133.21405542832252,399.8652227644774,36.73459027326828,28.038881634741525
138.1888130218029,398.08417526519634,36.9800499855995,27.141814874880794
143.30289053588487,395.6495685622246,36.685219771278355,27.381696692079167
147.23500882696803,391.52856739743845,36.94347597933421,27.063541245772566
152.23423182707992,389.3940340785234,36.790438418746625,26.42261566558495
156.03829341599481,387.3503066232868,35.79412735563247,27.153019441948672
159.87578058709943,384.6041711483216,35.23930071850133,26.801719682650592
162.40733650147382,380.160796448795,35.01589674116247,26.590523868385922
165.97221157644879,379.14463777084217,34.732340381648314,25.770283565142496
169.43373267410527,375.5510013967578,34.537606864008666,25.570097035204473
172.05554549348275,374.5113280925376,33.80038514828839,24.895740764692878
175.00173454619176,372.43589277364083,32.99483861254201,24.25394162938459
180.19598201794798,366.5625480584204,32.8217777434314,24.025413240611506
183.60371991581974,363.5838487936896,32.209831305598094,24.145239672294945
187.2103078505786,359.93773886648563,32.21291110090576,23.961256085082976
191.51655547000345,356.826676406639,31.66241899773724,23.544149322952432
197.13312521972955,353.98942310154473,31.19577138823864,22.71376406073501
201.8592966072565,351.3706475045058,31.451828385828797,22.224626392965938
208.3347012537484,348.93720922510573,32.836317631053014,20.949411200667484
211.21880641063268,343.8386533193573,32.43318004448782,20.94007254982293
213.88376039152945,343.00652078500724,31.926899554618103,20.547275231056645
217.95025153047007,341.3102920467965,30.246000864383358,20.688686765171656
221.5486743914722,339.00437184840837,29.625934984755823,21.089857167593614
224.09451586857665,337.79148977737617,28.776004655058593,21.000301962276488
227.5865709480933,337.4385140836116,28.843915999473808,21.095685362840463
229.77728335180853,338.27735883573973,29.59778801363756,20.457992482577115
235.2353531111291,337.4859333925554,28.803097965516496,20.26742828029222
240.0365860224543,337.0151013201775,27.984394121015484,20.46437327736575
244.180683890205,335.96165961419626,27.27481929615861,20.449464134472876
248.13248283668992,334.33034390179876,27.143008569784207,20.619929135470333
253.0381755937276,333.71379514117655,26.674017884505243,20.204480080214758
257.4608296043836,326.601944030652,26.389070771701498,20.37649124596597
263.97428650240477,321.89802317413057,26.96921836176764,20.253910748315562
266.7409773282941,316.1239324348985,26.4428981914648,20.623632105624836
270.78013619851936,311.6824453247483,25.766678153040637,20.65133784753174
274.68267620379,306.27150149350894,24.899149640912416,20.854057228455297
277.8355595412655,302.15928198531657,24.81567920390694,20.481818464688665
282.5111567365485,297.9709276814351,25.172402026780865,19.832399257204976
285.37181040660056,293.46423279726855,25.980616628815458,18.970529626124016
290.82059224565364,291.2925420383689,25.616701441615103,18.902187053347202
293.0980122646284,288.73580916044665,26.07451380082136,18.387736949969298
292.75512869492684,287.42120569720646,27.594529959847197,17.21938485354623
300.0700812454569,284.04641769117234,26.84219882576712,16.937181576368882
303.406185591879,282.311696688702,25.820095132465056,16.8598019870713
307.1734397702027,280.4678922653833,25.216416300811556,16.456032144896376
310.8022659927724,278.61115117795055,24.680146473622695,16.630204579695427
312.16487669439715,278.77285755521336,24.362298021880726,16.054377360219164
314.55303670354044,278.2667829499009,23.396437140557094,15.72306160025536
318.2378981619505,274.38084856573226,22.320391553753964,16.13538656823864
321.73296401824314,272.7210131035831,21.633962195599956,16.23411523370213
319.94239850524315,271.93885662977,20.161901559765163,16.42253268114535
319.98067499576644,271.73428612988977,19.84676072242587,16.01816570675797
321.1399912707236,272.1003362677782,20.228960539454874,15.636800350290711
319.4946569498274,271.9206569496416,19.102167309146438,15.780188559765977
319.0039023141536,272.3146455466888,19.121846262519945,14.842376226158706
320.3983753668016,271.46391864007256,18.49811946416979,15.200873734840947
321.7185043422432,272.69088029424177,18.501040453105887,15.385179319782562
320.0643758515077,273.78209948061635,18.18990909267322,14.56097392203943
319.9215301378744,274.79734221473626,17.300448575779345,14.271898232394655
321.1863282026778,275.9766009502695,16.478974699590516,13.873778958502154
324.5512849214101,275.8404008420516,16.4910709018659,13.431932782687888
324.75955707524713,277.5415313551123,15.803761647254282,13.407249538243795
326.7391084512522,279.0244071278242,15.404217525233758,12.797719907111347
329.0501209225633,280.77636137329284,15.498051518921493,12.557562684560885
332.37182093168155,282.1675830221699,15.810370971662643,12.171837173595751
334.40301096280996,284.2645941251121,15.730012479611613,12.179470355589691
336.7544256636895,287.7786030135647,16.210405848543395,11.810685671946331
338.5309647706973,289.523979400985,16.419763786032288,12.219895560756232
340.34859479392924,290.17636790006253,16.46641115495846,12.111007081888303
344.4543695290509,293.7049233822321,16.138050886070154,12.31357209716337
346.12007455965056,297.64941918562124,16.05139299352615,12.170660888944674
348.02565304625904,297.0505630907983,15.944925046188086,11.821388763672024
349.7278875230943,298.09577240739156,15.243511712711143,12.422769055885233
352.2357452680768,298.69262275182274,15.301362659513655,11.829547254580927
352.53435098165704,298.32806617327947,15.231834788433066,11.850648009609841
349.1204000486479,298.4226131025053,15.921273634126631,11.313192211966292
359.56380318960174,289.6278405690503,15.44397128898651,11.83984436505798
361.2728273770348,288.0159003337286,14.897497554394429,12.399678786583316
361.3176778214242,287.5699301296461,14.559846454448376,12.87456618070838
361.20480005821,285.78631525569415,14.539217792343875,12.651838643684883
361.0020121980735,284.82896271312933,14.20098995188317,12.635273844705035
359.91569497505566,285.39263854046925,14.041312767669721,12.411447900131066
360.44005444959726,284.8273250751317,13.962931924742001,12.345879943644896
359.1982144880281,281.26254915923175,13.703189339640552,12.461670255059072
360.1299370467023,280.424706206985,13.744432461389696,12.457117435797734
361.37701206325016,277.9857920004948,13.967324636011842,12.387129000023204
362.5299504941022,274.8700059062017,13.886502515213536,12.658745019480964
364.8428267731587,272.66034900991946,13.480477950112,13.166356894397179
363.723042359802,276.4650462747617,13.678224820190955,13.176692360440228
362.12640368018305,276.4284651697648,13.993009824082115,12.950747048661542
363.52710975614207,274.58711402280636,13.885601492583394,13.207083251803947
361.4233972325876,277.7847643347328,14.281854769596492,13.030332356344651
361.12485819968504,278.9743821649422,14.683928208293118,12.80411707785337
361.1055872804327,277.65080896168604,14.81662500820497,12.864018735296447
359.71579300279546,277.13143222675023,14.694136127032237,12.872526424223167
360.91224981006746,274.29757491213206,14.492187449698314,13.476702502128985
358.9191416061671,280.1079876312249,14.510877660065614,13.559647701455567
358.7316150889237,279.89961779138804,14.703385390253988,13.490184127860031
357.07742435785246,279.53581373244197,14.693915070551405,13.492057475454251
357.97610422248806,274.77063949530964,14.401050365961225,14.098856297619234
357.19464170151264,276.8694890849523,14.569103934599758,13.899239279283643
354.77912310713367,277.7817822067009,14.933687571111575,13.977081662800618
353.7783457028255,275.0797676502864,15.188556397977436,14.14255582110076
351.68217222239963,277.96852829966156,15.553865547549908,14.038320006664403
355.8135090928941,263.62513590658807,14.781348933941299,14.465203746058439
353.7422052538209,262.59781026019607,14.777003029324032,14.23382784577299
351.0497874926734,262.23033050637247,13.73427202329882,14.929997902297934
351.22309268058876,267.1467092442218,13.682444643645704,14.709706285058646
351.24764961152965,271.33718229827207,13.922397036856529,14.154032737077824
351.50319895297827,273.50999320462523,13.750968237210449,13.91989926665665
346.60597240280435,286.7813769975176,14.238813137485085,13.57499049129677
363.26898465499573,298.7706948126297,14.895599607223385,12.68157138328931
364.8659417124493,302.37672086621507,16.007454935828235,11.544907707667637
366.69742159190696,303.36755663776154,15.785038351656528,11.284723209862829
368.6652265084202,303.1270732316436,15.719089611388318,10.976510041343918
370.48671367034893,303.47092442563184,14.831703103769211,11.019389413773876
373.8340460329431,302.1910730119016,14.78790011869324,10.669949985451238
374.76046405827674,299.17231494661877,14.446540346330892,10.57239388472417
379.4174484317985,296.04543157945665,13.885233304304553,10.511520573882414
382.1231623514081,292.0192819267949,13.091950454099038,10.742716783197617
386.2861060700195,288.84615363055684,12.474955362304588,11.24046167981194
389.46129537718787,286.7033137466039,12.45881432349892,11.511813444788102
394.0684872245006,286.84744530845427,13.078621951200113,10.896882446035878
399.1317147609571,284.94002552311827,13.174638115469698,10.99502766169687
405.78450900465634,282.91089926432835,13.29868562965814,11.37654668547183
409.75496362570135,279.6747018821104,13.25754474007665,11.890112046984125
415.97701208796144,275.3226943423089,13.090247971196174,12.226268239868368
420.904024340746,270.3673468682065,12.407415634816495,12.872760116478961
424.4818135832112,270.0084342039505,11.81492175224204,13.600233213913068
425.5219606896772,268.81564268865856,12.320613676700244,13.729113106145466
429.4221099516508,270.3691533063037,12.589158994305746,13.495418887685691
431.8127988516505,269.97996524548336,12.402851556397422,13.351556361388631
430.9421775569849,269.0486410579422,12.630920684768178,13.504973598241584
431.53816428261223,268.5553191785058,12.754072341278688,13.296642100194456
434.372669524837,268.28420181134555,13.400401422106235,13.002991905811651
433.5190527270441,267.9262112732945,13.67313527709154,13.02425360773395
436.76077546608644,267.5027787984156,13.483655615504652,13.279937100448997
439.5791184614372,266.3591540372579,14.171007653520187,13.162664919044328
445.1507387949959,266.91037449811904,14.82946853211808,13.019258619037618
450.2093153761625,266.0644484803649,15.72250442618137,12.674241128636432
456.49421316542606,265.19223582291283,15.99249823821823,12.917609057142304
462.21468803091983,266.5242849171145,16.043849494474298,13.015368855189056
466.15859767655064,267.8624297486076,16.525352026332875,12.968698075335837
471.54267607189286,265.93257752150424,16.797123671927693,13.092027912919665
477.5311338426633,262.7811861108972,16.854448853043067,13.338216362338162
481.5244384398418,258.9962956720943,17.129864538141693,13.699447740432195
486.4181107143784,258.3766577815495,17.227546920831124,13.603944497397652
493.58263896978053,257.5352294076195,17.515652160820316,13.639044072673093
501.53781241563513,256.49435209772804,17.695221498359164,13.778562388172901
510.53575182042096,260.3487956137447,17.747775992620518,14.764867693175692
510.7732041519925,258.4542933746987,17.783348395517503,14.750335756167612
518.0840167991904,247.55354193088766,17.734830820542996,14.541006810903898
523.5836997513826,244.15550270566786,18.035194263387623,14.586231245993183
529.4139572238757,240.22374547252534,18.289741269084892,14.210213241575103
532.7430769170614,233.3520536906921,17.93556711022219,14.062009547856347
538.2685068365245,226.68777024803865,17.50920849962867,14.358621667843428
544.1566231624627,223.2032816493164,17.57722748044272,13.898725326316907
551.3471345423836,219.57404189418486,17.469593583210614,13.840758055421563
557.1036329382964,217.373158363366,17.840237080691605,13.633534447808827
563.8602809840393,212.0736473007256,17.358032679269467,13.94528125875856
569.0874619609693,210.69426078360135,17.420566019598766,13.721769747108644
576.4135758127844,210.65085414733642,17.01431094933044,13.89668477919144
583.8697911771457,209.86154692016024,16.852754739956033,14.089936370003166
589.1544112154791,207.53772500406097,16.85187785298639,13.682944677451918
594.045857569146,204.42400045657666,16.991173904502624,13.654639778432507
599.3674461474569,201.95053076911157,16.96029857435794,13.654019796673257
604.1820542353272,201.59857578460628,16.738098199093496,13.389687656861977
606.4132522851563,198.7756473417734,16.23583565198638,13.650209097123643
607.4928029376475,199.10772988720595,15.94388334240352,13.522132174879626
607.4675125827185,196.53238359732364,15.313378227295086,13.64413823120676
608.7824970328668,195.4905850670346,15.228417032687101,13.45239354259353
613.2839518565999,195.04678340719036,15.416031486478197,13.32361881719995
615.8323075575265,193.0047831226507,15.268095376067752,13.437510877215534
622.0173811829113,192.6101114891079,15.412141660149192,13.177578150000265
624.4985928569699,192.8089201945508,15.525568321950285,12.93426946053765
628.8172010478802,191.81412470869316,15.075636409734305,13.045890452013033
634.5248580942053,192.1257386639309,15.151710638006785,12.827513411908454
640.4856451841277,194.2028030005547,14.93901211428982,13.077988219953543
648.3613571946388,194.8557111061806,14.942778942571948,13.135589038082596
654.4202736012255,195.47851668076842,14.226477348881012,13.402173595274398
659.2659740393774,198.39624312362656,14.1375115845768,13.299019560571308
665.4487613879968,201.72210838316803,14.485837453439002,13.118862394302095
669.1985335059567,201.8353370213191,14.278924843648289,12.973896290313638
671.1707505582367,202.79206633553562,13.904918156843431,12.950971466774106
673.3922130807421,204.81237058771939,13.508235825760845,13.251195195835539
675.2502810375616,207.79571997761332,13.79051776643097,12.8784032954727
677.3189260303816,209.44383365112037,13.493552659483557,12.909730174380238
679.652177055761,210.6304404861992,13.341139239401256,13.088794069225006
681.9136692981942,211.76927017024403,13.531892719164821,13.0101989558961
683.1678926026643,216.36564335430944,13.810326364969956,12.462865986507921
685.4661962210117,216.76151559568444,13.388026474619242,12.555788363861577
689.4467471551129,221.8797922983964,13.504614730928619,12.123451343325288
689.9702298300435,223.66355941225268,13.411418230440113,12.040247054501322
690.1498108284433,225.0417554408291,13.411471165367157,11.987151420306855
690.623922488794,226.51790434853913,13.143364498107871,12.143229154203176
688.2905317734038,230.2076807212555,12.593535497217344,12.403073553088067
685.8394885621198,229.618829773842,11.828747511063527,12.73188037497808
681.3739910494143,230.28481068372915,11.615896978307926,12.73394799131523
676.1631777283524,229.2049142513123,11.893232696359552,12.798469984032856
671.5350674487379,227.74704798874765,12.135101410800871,12.376501426932538
664.0713929851283,226.62385052392165,12.286369252814799,12.144698781969037
656.7716207718952,225.45395017620402,12.800710508504837,11.67793109323377
649.619475403505,224.9535602767288,13.377457414413536,11.121708705408995
641.7771762571726,223.57968286721007,13.13676369200268,10.972836336717616
634.5883958413657,220.3695019780794,13.814166404414944,10.871894938099063
626.2374263580125,217.78868515687495,13.758655267361423,11.01230169757336
614.917146011642,216.84807547853802,12.733848833637776,11.280762536981907
607.4600381530357,213.32265699861637,14.13100331732971,10.592950605376252
597.6635145152574,214.45331909516395,13.848548960196005,10.28074156940846
590.9134410904641,214.45544462038166,13.890376145781223,10.356505649314075
577.9129902823296,211.37033436540278,13.814131231898838,10.822694214996925
568.8405951382506,209.80397679275293,13.278829662146574,11.505164456732214
558.086497990586,207.74369678907985,12.70016902278333,11.58884587826292
547.3522721372641,204.42595053169472,12.948316240291502,11.294278960049773
538.5109017919236,202.6445134143602,13.194754745913741,10.90208389120626
527.5382310030391,204.34104903985528,13.122335093214163,10.8742024309418
521.5503437527888,204.389981061919,13.390778889979474,10.703472274820593
514.3240111883246,204.88498366916446,13.850593715257915,10.463168321850038
528.0385573119963,205.34845582628623,14.587829898090082,10
532.7233847700275,208.58805849925108,14.569689798311998,10.030015254198482
541.6837251276726,215.80205933237448,15.441621158827484,10
533.2086470023099,214.85219105950733,15.755970372199199,10.243760846309577
518.7735398931171,214.171994419527,16.297405370003947,10.26693393431465
505.40349240013234,211.15680313219883,15.988235448136464,10.796352821074244
497.7230115895451,210.97844653394512,17.011517206334933,10.675601520492306
487.26536016535306,209.8205437817198,17.381068483063643,11.114002692781982
472.46852486612966,208.9842843829896,17.946704871305403,11.261547859337217
461.2634275493098,207.5973526001198,18.59393716363651,11.44563896223199
451.3407286638315,205.0439867421183,19.388103550315765,11.539569507885869
443.6005799562754,203.91747432403997,19.310210619663888,12.362217575930355
432.4296214590105,203.48012436643867,20.02965294378356,12.710104818517893
421.6498478866981,206.5565965717201,20.752408096220677,12.895929367000468
420.8883825013002,206.0574131723844,20.172179916210936,13.460851874318623
420.3719161575983,207.25980047332783,20.17031708092481,13.460837156312396
397.56096746639207,212.38452782378204,20.39726741133546,13.279575891072918
375.5940462854518,221.78289831823784,21.112783204612455,13.308217134827336
363.20569976320263,227.78880835576095,21.526042411220182,13.855105250699078
351.32910656309434,233.44327820709944,22.54934561746701,14.103168569262335
339.7021958483697,239.2961225122029,23.061065377604795,14.84528441004415
328.77193020518746,247.79980387144408,23.560236114042475,15.490748000765905
317.8961897404377,253.62182745896854,23.791192064904248,16.13939014914231
304.51895470030433,259.59608813664033,24.47412512734873,17.034905849767977
287.9527577457376,266.1213645681087,25.05039339561312,17.754584233779546
270.5125284726172,272.43275915972424,25.154286390096104,18.222063185619216
249.14451644296452,277.93429735882796,24.75113884905965,18.95504120788288
228.4995230726851,281.6511817282095,25.0020402014349,19.11379509027463
207.4541505649205,285.73902609095086,25.576618529952366,19.657857722824083
185.9819639017571,293.29228900041727,25.579242283525275,20.633847620444065
161.0121529201369,298.23071515058064,27.07740459100394,20.98169243315447
142.23340655726628,302.09032194132647,26.843317116549905,22.48868467746845
124.78802808516471,310.0719120612794,27.15304607613389,22.809726086732404
104.2010547988636,314.7622300298537,26.775738376275164,24.419130928697633
89.4380613632534,315.70970862859247,26.727611401670366,25.469137901676078
71.48610512642554,318.91834628493973,27.16022184285538,26.18477141008747
56.902687072728746,318.08174068002626,27.694176785698193,27.0339072190851
45.97740576229965,318.10186274006264,28.245535533875728,28.0062222745037
34.75579986225601,321.0023501085625,28.584800648171985,29.30337299526761
