324.5,316.5,13,9
322.58912642632896,313.14875054359436,13.596066319247594,10
321.29434168071606,310.5280635356903,14.088290935137653,10
323.5056152419873,305.9165937900543,14.791759475742154,10
320.81151958867355,303.39632550176486,13.908215114187332,10.1958772481182
318.98383306924137,310.16088215147056,12.278358946966518,10.957053827552038
320.416010963038,308.9906526145797,11.195104982226342,12.037653935460044
320.49197369926634,305.6682487568728,10.733952341209548,12.278123767878292
322.35568167209726,299.88721258731755,10.389684588907086,12.43969199474514
318.7554256618023,286.3119407116586,10,13.35990813986173
315.94714590907097,277.49748358885074,10,13.343776151346695
312.5097632110119,277.0849466438922,10,13.700402385824418
307.01457211375237,277.89735610957433,10,13.758844848960816
301.7700991332531,280.12963035852226,10,14.236802187551758
297.9356071650982,282.76303951608054,10,13.894276913664523
294.4305026233196,285.9377887411439,10,13.956453439886664
291.1648881137371,290.16412343034307,10,14.214001537379454
289.02366825938225,291.6398970499669,10,14.49409678279661
287.3639049232006,295.657326145717,10,14.33207375059826
287.43199944496155,302.4319682824043,10,14.927087077016136
288.9469095468521,307.50830195736984,10,15.523768367526936
289.8100821941657,312.8295303728916,10.212351924267773,15.490263105086907
288.5263038277626,320.0083913083904,10,16.254104191852967
291.03196810018864,324.741091606078,10.407284888985807,15.57430044401206
294.27253328428935,323.62559522276945,10.675333884035142,15.169287809017707
294.688750114758,322.25384948756357,10.650168067774784,14.630416103083633
295.3125133152643,329.80964303126024,10.39202524506262,14.673145917850972
298.41494377748893,330.53780016746066,10.275213255549897,14.956249198398194
300.2572408616543,326.99769175592536,10,15.11784543507348
302.18923184275627,320.69092541340217,10,15.751616996462623
300.1421920955181,318.4447103339922,10,16.01822232236629
299.587610155344,317.144491181733,10,16.371965823646804
297.29868300043995,315.27759213766444,10.335227642785458,15.972785472452891
296.50555286716605,314.5769776402317,10.187116008774785,16.006883710940244
295.37139766009733,313.95120699137397,10.550637928802107,15.578084360958222
293.64794877220265,314.3512856733549,10.612011670091297,15.547373429586884
293.2241719170043,315.33365471267194,10.854307809744476,15.601446100006735
292.08141714076,316.45793182274383,11.06272185365762,15.619353967494146
290.17212201033055,318.1222354221444,11.427079660216528,15.613483031968173
289.5712615144262,319.6691870228881,11.554845473764406,15.403129759145962
289.25858689574204,318.4371469404798,11.268599366589333,15.910944116810679
288.353572994888,319.0581823450345,11.124837099671064,16.471746323105116
286.38986520978165,319.56189083565243,10.915322681022614,16.810842493991675
285.0123289223736,318.6916993735847,10.90677750185619,16.96147667793096
284.6385810361477,319.75404806399064,10.986995818978146,17.107303083663798
282.4982420843738,320.3783687382172,11.196594468375439,17.193286740932813
280.4617009142829,320.84047827934245,11.328637961587688,17.42391778399513
279.4875483389796,322.55031654235177,11.542957211315382,17.27680829174414
276.8705797066002,324.0692424052374,11.92668047155752,17.159193630334524
274.70799792407496,325.86231774619523,12.224285709886935,16.97181995647545
273.59239458727393,326.65256427997355,12.280544644841484,17.342042788386273
272.2318520840592,327.0333200520862,12.739714921198964,17.19732147920358
271.5508859759465,324.2861864129338,12.34204065682587,17.741834519379758
271.1450247654143,326.01621015568145,12.308219991361518,17.43225848278268
270.39905198030334,327.3493848965518,12.498021510985318,17.31240825336137
268.91278454150864,324.72333448365885,12.283594260889089,17.10412280290213
267.0970420525451,324.3021507315787,12.064942958756433,16.669704575746792
265.86074320443925,325.26216358660446,11.927100162338057,16.120452777171433
263.7783659298062,326.2792478550946,12.11737432105545,15.193216403429727
262.00119746850544,325.4687983798757,12.720577515629628,13.89019972924893
260.2026235106453,322.93301415590685,13.430344116118565,12.607770946656867
257.425334384227,321.5722750537102,14.102157075833855,11.696695573627068
255.24849270453103,320.63418076486397,14.878889885146435,10.635356256345732
254.11168185599655,317.7442047947187,15.296032056649308,10.024325568767551
254.59757251168028,318.5165278464556,16.082670735821424,10
252.00424982178703,317.5902062803507,16.266632476081575,10
250.82272641658523,315.57520659188674,16.312803590302924,10.119014622365503
253.5410767554195,311.0706083702579,15.332742202490305,10.472012564036326
242.95588200775768,307.87233000667794,14.30286390606592,10.77827445324451
252.6994504214334,307.499891112641,13.780200803079712,11.083740124313962
248.85257055610742,307.58493857272464,13.865329399698442,11.297770913680402
248.32800094022588,306.1844587883351,13.807189807609035,11.294264473319465
245.67259111516586,306.56813173683105,13.51911438479205,11.516903386679942
241.7129004437313,305.2294724206831,13.466848465087928,11.565365360040216
240.23705958127152,305.0618590176171,13.466031515614745,11.565871107565119
239.54599661324707,305.8012994974507,13.464290783916153,11.566583305666164
239.83357848546166,306.62477620640584,13.464211010510546,11.5651533166729
239.23858892178023,306.9447254451683,13.463987663279294,11.564127641405594
238.95727943342578,306.93738390246006,13.463416298992417,11.563506721117127
237.9468772896195,307.2758735543384,13.462431512660872,11.562641916929518
238.15947767024986,307.2360756256242,13.461128405218306,11.562781467363884
238.03571001286997,309.914745856305,13.351859527911843,11.404489048299583
243.85573492760645,312.3463056597172,13.173593107557565,11.586729529823621
244.44860339882283,306.4657250340648,13.15205480213349,11.519772456848575
258.24191995220036,302.42435716594713,13.460141772893076,11.131612425872028
258.21429252911327,302.25460610940576,13.459737012014426,11.13113101606278
258.04573125469204,302.32079727441476,13.459414212355687,11.130890320866682
246.70945147473603,290.8243397483508,13.115864305714984,11.10150846747707
257.08979090741656,294.4368410669947,13.213822296433037,10.82796523799561
257.38852961187297,294.30031888798277,13.212727982307808,10.827132392554939
257.38845036763064,294.1586359428594,13.211371599536935,10.825973663222339
257.1594361723599,294.2526639741758,13.210980726715562,10.825580440479113
256.87919577454403,294.3754729549226,13.209853565461021,10.824565606226665
256.39006480301936,294.37918655535566,13.209333152724996,10.824375044398263
256.0514163066861,294.4287929355565,13.208857802232744,10.823966750422972
255.3434052492111,294.4150942051272,13.208062490501298,10.823349637081563
255.44985387482708,294.4287817678255,13.20758688002301,10.823007319154346
255.1991293324361,294.48060856281,13.206942053634044,10.822578684684556
255.37084497088813,294.53279690645326,13.206359614105626,10.822251374541425
255.09522993348034,294.56532566062293,13.205608299398627,10.821706364878835
255.33870299653194,294.39778584386477,13.204479724908326,10.82059181099246
255.36867836111236,294.27208403160495,13.203434980953821,10.819553463018043
255.54886595022774,294.37762706518396,13.198642934036394,10.815613354998831
255.3786957010555,294.6347195223513,13.196344522564132,10.814384702298964
255.17896613113123,294.9373040188276,13.193584039085414,10.812130459922448
255.1591552332449,295.0536239890316,13.192753067694555,10.811493135442994
255.0746497340297,294.9970486138424,13.191489853168543,10.810178857773899
254.81371164687613,294.9412208837657,13.189916189314223,10.809134943370733
254.92018454608893,295.0381752784305,13.18940638146058,10.808771882962999
255.0062878225085,294.8786845977096,13.188811122771785,10.808235929970845
254.53909298906083,294.9688949319246,13.187902227617275,10.807474285421804
254.79331573753737,295.01418798372583,13.186899443448015,10.806715756608757
254.7386139385905,295.06013075031115,13.186222679975463,10.806353557822204
254.78632723866556,295.0991221297953,13.18527339805265,10.803682593730825
254.3294489360075,295.2318525852795,13.184516653835654,10.802907164549143
254.4458625530512,294.9177448078487,13.183757302762933,10.802490471962816
254.6543416016128,294.7518560855772,13.181944811442314,10.80153222901167
254.36150408936123,294.80964085006286,13.180841195198338,10.801055595965293
254.56410031944012,294.7004359476253,13.179591290229702,10.800286873246872
254.5748881358171,294.7508838788118,13.17883858483152,10.799777369671292
254.9248647525242,294.6432362906808,13.176673947570599,10.798847398685961
254.5777184656074,294.97170804820144,13.1667518292884,10.791539198586197
254.52141609144866,295.12072917871234,13.161881894976746,10.786885006240347
254.46355388015624,295.15648120240115,13.161310719114299,10.786468289442462
254.20763399399914,295.0763722020686,13.160293233108634,10.785904638372223
254.19326082511395,295.00301304774035,13.15892909247782,10.785582028559332
248.40487318414637,295.4122514785309,13.221713018516999,10.426705168551885
248.26577344299415,302.45758714922846,13.387754977189362,10.244610792488693
244.3470448407716,307.20804216773274,13.377326572961428,10.136318934801446
240.5897490762276,313.01316872192547,13.892998138212715,10
240.20039197257552,312.90472371084616,13.891925222313603,10
230.5345052950825,320.78130156500265,14.251715621367012,10
222.71317768688596,327.0748935411684,14.553352161002312,10
212.50834242554035,330.1082828710787,15.215126489235479,10
200.45776980622972,335.86810142500326,16.19396681147491,10
190.56945086549473,344.05597908003256,17.522198473462478,10
174.64774471294697,354.03923354957016,16.663019836175188,10.171493456554666
160.78644227180035,369.134117431473,17.208597969811176,10
145.6919824335774,383.34355194075033,18.648097480241482,10
144.90614824376468,382.7006405793999,18.647339183116767,10.000139210013279
144.54625031948095,382.6950959773559,18.646259768470074,10.000321244669765
144.2581431465947,382.7127069055267,18.643575863185898,10.000035779145314
143.64013816264796,382.7224449426867,18.642254440698526,10
160.8045111950112,391.4890741617419,18.517373427241587,10
150.044518784466,407.57662527868524,18.5311803461103,10
159.72531007871956,391.1764654428698,18.63887990787175,10
161.0317443060189,393.50806413559906,18.50170801699374,10.003330839486559
161.0062668501622,393.780549758332,18.48794160515739,10.004743213329215
158.83441374277467,393.57078913459554,18.466259426530396,10
165.76366789906086,384.60209254035726,18.5647899933525,10
157.36447388690385,395.5390785099007,17.974076989224134,10
144.4779687307543,402.4649944721582,17.40604192188458,10.03885697166429
130.6847331932911,412.3318169475533,16.970818813461396,10
112.86565135390482,423.1217329860665,17.225693155075735,10
95.83754998727512,433.93393798205636,16.683728468901528,10.478949230432358
80.37318584719195,445.115813414417,16.34177536784231,10.313568345569466
73.97766603326536,450.450157916639,16.91252290432583,10
