450.5,20.5,15,10
462.36361236894606,29.204157038887903,14.845685570945733,10.089902551252514
475.88902097437006,40.63056016406808,14.415923963125078,10.637475481800369
486.4725140392674,50.458693344668134,13.582872617265895,11.257814726679353
499.46662434442317,61.09482843822346,13.875240156978847,10.504366255877297
511.186405937083,71.14211705329446,13.805971542582078,10.526556909036088
518.4121698084308,80.39696511863728,13.688164007100879,11.032687957305507
527.8468827811985,89.82728790171718,13.475691873210891,10.972394487703333
534.750607836767,97.7159585821619,12.925474428089448,11.739526774885164
539.5171794371315,107.53745583752135,13.83062659174033,11.782168784552042
555.1584628348546,123.17757018771536,13.81654009719755,12.074678731624932
556.428100327287,130.40457920139784,13.522537510327876,12.264869612341034
555.2276445285734,136.7907239040552,13.229569264996897,12.20317056957516
555.3083767767035,142.7402087590967,12.822685326082894,12.189426155512674
551.3170545386388,147.985129353651,12.07310724514447,12.749698644382569
548.8807576709463,152.78484062238329,12.011746264800578,12.661952895248053
544.3887100829988,157.047281432263,12.167798456686825,12.0363160607975
541.1606591624158,162.08605892639093,11.599158171388066,12.30679020919931
536.7352828288815,168.1982072570032,12.334960658402888,11.448784594117395
535.8295672070428,172.0699595446068,11.606570515742886,11.72685690031885
522.6637385850647,159.6487334285307,12.045498954157125,11.098045246973005
524.245855677439,162.58401789435558,12.634872042510459,10.368975834671426
530.0195623730731,166.7721049785614,13.046938936886901,10
535.2277907843448,171.57499008732444,13.010022557763792,10.027191055667302
540.947364233473,174.306218624115,12.86194373659491,10
547.1945629899044,176.56318640708923,13.59869398984532,10
549.5286041349415,177.35811203718185,13.386563390444989,10
550.7914981452869,176.9663429558277,14.010057109942727,10
551.5913290598419,175.44049459090795,14.248393432611913,10.041666221798126
552.7408513921373,175.185098528862,14.32629426362665,10
551.0435258805184,175.48535615205765,14.325853753203576,10
548.4265834007421,174.19910258054733,14.33704908415503,10
546.4793328722762,174.30964586138725,14.331054611911917,10
545.6737705618721,174.88245472311974,14.697338253144231,10
544.058195012214,176.4888456761837,15.306831027264955,10
543.90139702232,177.64878270030022,15.778722414944223,10
543.048457839297,179.36294934153557,15.578710673835339,10
544.3430361909627,182.4251365363598,15.728922409224582,10
545.4012760581235,186.64265486598015,15.631348791388731,10
547.4451486181034,189.61610649650885,15.403770221111461,10.10411259282446
550.6164941357641,192.51519271731377,15.503456276244101,10
554.5403207003459,197.25059911608696,15.747359696152849,10
558.7154999151982,200.71699902415276,15.780160903899425,10
559.3302829656214,202.4812295138836,16.060066457945002,10
561.1987940910976,207.52897630695531,16.156254436866273,10.114904134193445
564.0098242713684,210.75426670908928,16.388842189575392,10
568.2415118318424,213.74962374567986,16.4126954621819,10
574.2021533152323,219.9671182334423,16.19860873105895,10
578.9469252740578,223.56028482317924,17.210916848930616,10
583.5306735580419,226.41496536135674,17.20197626545937,10
587.4082170097968,228.70526239275932,16.929969749065016,10
589.9999742359702,229.0119006602408,16.963291272365215,10.017718440603904
593.1591526394841,229.35194164514542,17.26280908768237,10
597.4303473849683,233.46877533197403,17.16730184463889,10
600.597286426782,234.47286814451218,16.96722712862597,10
604.0121408778562,236.7395493388176,16.73889332947459,10
610.2401006423828,240.4203626513481,16.773180518866255,10
614.8677633271964,246.6796987777268,16.66010139557686,10.045016979115188
622.051010174668,248.9495570063591,16.65547369794801,10
623.013989432085,250.70559286425234,16.465017187737402,10.222265375659472
625.5235031751649,248.63031503522475,16.625670525857437,10.078922451256146
627.8988017410248,247.39075066258383,16.67449851925963,10.158867684803944
626.7973854608065,248.16330486536026,17.39398461744658,10
629.1242415244582,248.48614120483398,17.395688501953536,10
631.8180194561082,249.16676449112725,17.19123476954327,10.232366217521209
633.381037644117,250.4294966717998,16.893585177125807,10.305404730550482
634.4048813612222,251.54707606738836,16.93668825309289,10.196835476040208
634.8587785795017,249.7331405538357,16.826541948381095,10.213464208834026
636.1996900272094,248.64407158546956,16.561640191729342,10.121357785596203
638.1043062582238,244.71821729131986,16.351074874475884,10.158354326318737
639.8122863794775,243.17012957581971,16.696280250864834,10.307130379496124
642.0232254020389,240.87695079798925,17.006920878685392,10.164355282874329
644.0579586731752,242.10726552382818,17.287439459093306,10.197845713780103
648.9996262294816,244.96846906285782,17.146902198043136,10.433147471322634
653.7104430731632,249.2478600718262,16.923147348265246,10.526390676164153
659.8760162656756,255.1571553864835,17.230509759932303,10.39703191940814
668.0954159929381,264.4294291138784,17.452278542712122,10.228214979144642
674.042390036328,271.1304468512535,17.889919201049445,10
678.6307443621633,275.8176255826505,17.28996130468879,10.429758786290412
681.8564552252625,278.75180116101563,17.04637859063648,10.261628691266786
683.1150956467031,279.17847460508347,17.253477048826312,10
684.3918589192159,276.4484789572377,16.579268025849853,10.539530117865684
685.0339119227282,275.3646183557827,16.874514040042662,10.579440604146578
684.7608155429405,271.75728465439227,16.787376096836425,10.787897679779007
683.7416604255885,267.8664821083644,16.945496555119767,10.88644307945201
683.6574112988205,268.11206472381883,17.112523902810572,10.792055120767454
683.695195446649,267.19124064957344,17.19452699742489,10.737483896508888
684.3060716797243,266.53936156969695,17.732567216783075,10.475500874888368
685.2501093016137,268.02108939959993,17.308019294819676,10.867296050501114
687.5050162720011,268.2516363194009,17.151366689036504,10.895382686372491
687.8706379023928,268.7038369777797,17.407027870563276,11.018515616059688
691.6995953682489,274.2178208149855,17.57531866928924,10.851707266294033
693.6843631640669,282.84393872641755,17.18838915484755,10.912343376413371
695.2486439661011,288.4361219373128,16.476891740689894,11.362519419832733
700.6244150867132,293.86791769365556,16.310844494583108,11.343543843426602
702.3788662453561,298.8846070462626,16.26230365801016,11.11686393734578
704.6613113831497,301.84275813616955,16.280013499152652,10.824391599145713
706.4621054605815,302.50583620873533,15.353009971440637,10.872069110325171
708.3963932654871,304.24116287138054,14.582697863750262,11.04450126477106
708.829046290022,302.8580195334378,13.700562299804536,11.127803111707525
710.5327270054639,304.58464435915636,12.792587894753702,11.494695014149258
709.7237073130735,301.3109640473575,12.591042313828734,11.109580547720013
711.1979086759909,298.6319186308914,12.214001606579075,11.424694047583401
711.1324884654588,295.6612292595919,11.992205362537568,11.241530553854345
710.122816089789,289.1859198201257,11.523738786896526,11.173725398667985
710.1191284046957,280.92796513714046,11.796591069343089,10.818067992177562
707.6892406091201,274.4891434949752,11.686899497408403,10.922466418719996
706.7657735019734,271.5112620464419,12.278479545670944,10.525430377035358
706.4289567039349,270.8800186663866,12.873235916229817,10
707.954516450063,273.1481260642409,12.405051041969628,10.123176130652446
709.726533761409,277.5787630821669,11.707526114330896,10.218368769605155
709.3979172277086,277.720632129445,11.707188402408104,10.217982930870209
709.1371090039947,277.8030485083095,11.707107269021522,10.217900913073288
708.8193666799154,277.8165481548634,11.706893956326434,10.21769733133377
708.5743078923947,277.8167617715384,11.706808568015658,10.217610206685293
708.3152168420175,277.8159679924889,11.70669526147486,10.217500360939844
707.4231407874191,277.8116904483208,11.706330678510085,10.217070949665084
707.1337428838049,277.86532455109756,11.706202425870798,10.216933137497483
706.9790038827169,277.9051630125801,11.706110294360652,10.216829614850969
706.7970762688506,277.93039884874247,11.705983381075471,10.21668874904977
706.5797083704128,277.96150943408674,11.705794664849321,10.216479241231879
706.3323604479494,277.9169830197917,11.705596422461426,10.216238232274714
706.0939712839822,277.8887059288418,11.705487911721283,10.21611781452701
705.8732717339361,277.89918053433155,11.705372638987802,10.215984464027514
705.7244705000729,277.9211956062879,11.7052881126385,10.21588914219736
705.5879781006466,277.94051058495666,11.70519935745219,10.215781383656156
705.5835771383969,277.9111207758786,11.70509871544411,10.215641013239592
705.6220644380398,277.88337135997625,11.70501068065152,10.215512499005504
705.7171357154025,277.9041036079695,11.70495714307892,10.215441089333288
705.4605364720976,277.802620018159,11.704627759510347,10.21499645140351
705.7452539195087,277.74707478112754,11.704333477767351,10.214502984781712
705.2902608975536,277.7526698366571,11.704127866518643,10.214225564034226
705.2893026648533,277.74256401843087,11.704100985224056,10.214185985982501
705.2136632671836,277.7171086111334,11.704003831180614,10.214020444255762
705.0317457555083,277.2800101760708,11.703822649459012,10.213774856228216
705.1426430494714,277.3215776264982,11.703696468853538,10.213601902099311
698.3375691654475,270.5055503800686,12.785724196008092,10
691.4711110548304,264.9175100282009,13.714597601080003,10
696.2734531298162,269.53504180462915,14.182834250363914,10
