387.5,192.5,9,8
384.7141947746277,195.4032163619995,10,10
384.89754278957844,197.96188259124756,10,10
387.04835303127766,197.7942261993885,10,10
386.66116516292095,197.48176780343056,10,10
387.6412035673857,195.875908523798,10,10
389.31405906379223,191.73002496361732,10,10
393.1757292613308,187.88623920083046,10.044202920810374,10
400.5978317707777,184.63914814591408,10,10
405.38689045608044,182.5764962732792,10,10
418.1182184666395,176.691130310297,10,10
420.5498671978712,178.06859090924263,10,10
425.45325569808483,176.080166131258,10,10
429.94017203040625,175.3595949113369,10.282057227935272,10
432.1443446321244,177.0382077395916,10.070270023156208,10
433.7657127821658,175.70485386252403,10.038145781712934,10
438.19891460933275,173.1149741113186,10.193348572691576,10
439.97624353019216,172.0461287200451,10.012856027527274,10
441.91550247371197,170.0837548673153,10,10
444.17055980861187,170.80779734253883,10,10
441.9632112234831,176.6696668984834,10,10.006634270679221
442.3444344550371,177.67791333794594,10,10
441.24836952984333,177.37847208129776,10,10.112579779875023
442.11360646784306,181.32640239596367,10,10
445.8856229931116,185.04841753840446,10,10
448.2039425522089,189.37009331583977,10,10
450.55972146128335,190.80605456233025,10.247823762203874,10
454.62331964075565,193.05349227786064,10,10
456.9398853927851,196.34361097216606,10,10
462.3144562393427,201.91309854388237,10,10
465.3582721410586,203.77179059386253,10.393713850102118,10
469.0371441213102,204.74704656004906,10.41696802421195,10
470.52226287926084,204.73357047513127,10.129414214594197,10
470.1068271845579,203.95216025784612,10,10
469.76858519017696,203.645230460912,10,10
470.0289934128523,200.87770383432508,10,10
467.97018022806895,199.8133804090321,10.275358617872953,10
467.6040896082424,199.36798586323857,10.549473930497312,10
466.6968871282794,199.91054256632924,10.4397980417295,10
464.7720690647404,198.29835410788655,10.214850638381522,10
463.7888859063387,200.78713412955403,10,10
463.4019524604082,202.12226720526814,10,10
460.80922763589984,200.34840758517385,10.100826312224758,10
459.4964012835067,198.34473212435842,10.197628223172554,10
457.0747122406801,198.13534681871533,10.472101908953881,10
456.43005670084034,196.8134603984654,10.387465606660104,10
456.59425505250556,198.6314934976399,10.399581030013916,10
454.96796073837515,198.48490739241242,10.554303599925113,10
453.471548889104,197.45937312021852,10.766176990621414,10
452.42795263692835,197.48258417844772,11.118811627922508,10
450.0802999356601,196.90991699695587,11.51801259930665,10
448.7090317494562,200.04289710521698,11.478373907627514,10
446.27786349665564,200.4409058690071,11.876753103505695,10
446.3946088609489,199.06905585525195,11.83527687541798,10.016513824507411
445.1140202293955,199.43016156554222,12.075639528997177,10
441.0408195206479,200.30027374625206,12.081143195637846,10
439.71552124706625,198.9519256079306,12.07632277731659,10.170526499726378
435.736259601309,197.4888939440478,12.352441073866544,10.023677849724077
432.9397514559895,198.30805948376656,12.491438771670998,10
430.0728100639241,195.5873307075221,11.926406169601766,10.732309145506466
426.1673463142224,191.69892324038352,12.4306353467091,10.4477093611557
423.5934083761506,185.81669226166693,12.717603191389069,10.537475349960957
420.88727279877963,183.05379992560117,12.977997419708954,10.349088612485538
415.99501826658,178.80869317099672,13.460612296180859,10.33689123302261
415.4349584451147,176.03283968543437,14.082193117175873,10.227083921920741
415.73266689483984,173.67080835283886,14.412254556920814,10.547658904769195
415.754452713006,172.24774361554591,14.991689979685766,10.42644957892482
420.2673517862438,171.8602096766895,14.614716524982692,10.773887389765996
425.58390366981536,171.2636482990314,14.36788995663104,10.939674024476723
425.4392848966573,172.1796037920698,14.363864574222939,10.942381010773865
423.6695347630524,160.32238434704755,14.130161945314482,11.192769607849621
423.82314754467717,160.68095207900402,14.097160633573743,11.199772821056918
427.08395879247286,168.22607258473025,14.3759670053224,11.2961982982519
428.3989094327828,170.01114121311315,15.303909648271308,11.044365818631514
428.79474908600736,172.71807474694364,15.894307678133451,10.94078336553348
429.44258589394417,176.03129637824173,16.78973704382727,10.860054004457092
429.39744333697416,182.48137692908116,17.28877731118479,11.016928348945225
432.2467911098006,187.52778999884708,17.43517072427224,11.632778547609195
438.09383734981463,191.32738607849214,17.58648000816017,12.274004822462137
446.42711353054335,195.5655285130322,18.375848819798428,12.61053180488345
451.246642324645,197.29505021694865,18.810796358548316,12.808814618516635
451.1158473865062,196.15428346237096,19.910436242646025,12.47061169464288
448.0524433001432,198.86809832868565,21.02690610894502,12.494562009620871
434.9724530083532,196.14635241735095,22.249369526387177,12.167810664413071
422.78397115767154,192.508238406659,21.919385901090457,13.011229809759426
404.8872323115056,187.32550199461167,22.157512336098122,13.421483365055241
385.3678883376123,186.6663046594427,23.137831601023375,13.248518682327706
367.7386142890326,184.87480184987356,24.449655760194446,13.162915397581056
360.96642166797494,183.56906098733873,23.765497720754688,14.347409117012614
353.294575456671,185.02834586267096,23.35263840080876,14.975031535537596
350.93463894550155,183.90036706575543,22.57452558330397,16.300944716755733
341.15468229589936,187.1241309976852,23.955537210145103,16.550035409872546
336.545528010226,188.62602087090093,25.527897371457605,16.465339735554096
342.1754100235715,191.50773443262142,27.641337576028818,16.4255835715858
348.61319857970517,190.88602583461847,28.435155910538768,17.12791015994854
348.35830571946144,190.41970646278514,29.535066178507837,17.659334453017408
344.3922204946721,189.00590322996337,30.152624239475664,18.759288488126604
336.9862646984261,187.27927922894511,30.923240780392945,19.409328139027867
341.5873606184032,182.99884656798397,30.076023687142914,20.22152574397017
331.5725101750291,177.24035280795522,31.135105372230946,19.37550095018492
317.7536780430665,171.28366927405366,30.886720365526216,19.490655966596396
304.73122928104436,160.5682598980286,29.553907547163202,20.29995944459869
306.3903993088212,159.69257579559442,29.547546308595653,20.332452479713
321.92017702794334,159.61076945783662,29.527333750600388,20.536981825342437
331.8495421088298,157.51092569117452,29.47391288448185,20.61172324126551
332.48876211919765,156.86026994751836,29.469351795745258,20.61206703524894
332.83002815914233,156.33688949918152,29.463172812817913,20.61487570528386
331.0328704869963,155.72997181661287,29.4613225000666,20.615636386278076
355.6700364113648,134.15566360639866,29.31798735543111,20.953332091374506
