354.5,432.5,35,22
349.85525913909277,426.326303331381,34.86501082032522,21.999256435382602
348.37899780945645,419.27997179536993,34.841908679869476,22.50461157741194
344.5391622197088,414.5455293167673,34.90058243047059,22.972560026438643
340.1646382663229,410.9455217356999,35.213963299278575,22.88625784009305
335.9383469560231,407.2607992053409,34.42243199775903,23.809148716851148
332.1511666671398,408.5509604677324,33.77738072555011,22.78013315503504
328.4630220611111,409.94776378913286,35.2772418103187,21.382895850269755
323.95357893526796,403.4821844457447,33.726856020684124,22.937588739621734
322.6523359020034,405.44233097677113,33.34760399669817,21.954126436617358
319.7864389204512,408.0704300464819,33.407412333581874,22.212905275497846
314.9540708481507,405.46194084375816,32.751152193697976,22.05330868781179
312.8880450582251,398.0080055319902,33.66167381291683,20.313849980903356
305.9847092112243,392.1254530286231,32.260681970846704,20.22271757613853
303.01115077602907,387.20292965278065,32.075877073048666,20.564528510867888
297.73422760844295,386.64588848713464,31.777901508806828,21.04859534972059
296.9201359121308,385.30920011333467,31.350525027850317,20.247492422027577
294.73370806953864,386.51332376945084,30.10792603926749,20.398635654686643
292.73281206506584,385.09200624209814,30.376187765238825,19.65829532181879
289.67190875995993,384.69218693058724,30.251997423393778,19.412476939339772
287.93295307081013,382.9743665327209,30.594560481686024,18.932061817332563
287.18280385589634,381.6739158953289,29.757451084136285,19.083801085738433
283.5896010596205,381.0370844389272,29.89349504338711,18.483440561041846
280.0430172606713,380.17009226978377,29.51567961287372,18.302553683508293
279.1556861283138,380.3908645280229,29.742231630930398,18.310564802482297
276.81341643946155,380.64445167982745,29.417976224088978,18.105505939241844
271.7821509331017,379.5593258152807,28.50653777727497,18.311903832275785
270.9743840079673,382.06922041425236,28.608118537829824,17.7440055797671
268.20243113468047,383.7766818268462,28.360333934824588,17.243274239030754
266.10996495505213,383.8963731790124,28.0387350555253,16.772257588398674
263.420152985852,381.01571463321005,27.04199094811868,16.351623634013485
261.72977884218096,379.8599811968748,26.86794397026301,15.088660040985738
257.1661901741316,380.3050415502311,27.18839866537057,15.085190850233758
255.09049577289773,379.43937461922906,26.666511997104607,14.634100882205491
252.0723043912503,380.69392610966963,26.283135963707593,14.355418252352873
247.79614630442623,383.7171712903023,25.950703678493433,14.176697132420522
249.01961781740596,383.318027179506,25.651719408027127,14.185784273214066
245.0842474968441,385.8952872263978,26.313633507250167,14.282048099718509
239.63354432961611,386.93048993524053,27.415345780426875,13.632904231028975
240.32627878533114,388.0884457314386,27.99508826044583,13.793885109946373
235.8635541375501,388.4194167405504,28.24672468979696,13.905395135256033
234.49166593673957,386.90155116842624,27.868491098818552,13.778846435220325
233.5673716949944,385.30750552912247,26.80354374895014,14.093438320364765
233.29993877688054,384.42947009054376,26.19376317900412,13.885606247235307
233.20819333331121,383.73110703394195,25.981647339734764,13.084968745402838
231.56524594558232,381.3543134436923,25.836774102192077,12.928114527281533
231.86609950899546,382.50054886529534,25.38623173059095,12.725546323464577
232.42396840611545,381.5188723606631,25.327000570109515,12.182862812724661
231.5352633434898,377.6415247088969,24.798645781801874,12.05690807276956
231.24210031441592,374.5072275757125,24.91743863897038,11.128877106441909
227.40196707802136,369.4964319776864,24.75972627188527,10.999000025516423
227.53586335405822,365.59219317525964,24.283038572964777,10.828245319121212
227.92116334862115,358.0047493495844,22.862570155131753,10.839436681409214
226.0698552849801,354.14106272170403,22.896688481586857,11.050192639043708
226.27620261602735,348.1040996992201,21.858373811977398,11.103655694204472
226.8066794677593,343.32693451617126,22.504425966934836,10.197675124328061
226.1033798012433,344.2161584571004,23.166029527128217,10
227.10710899773315,341.65284304135895,22.942660937844224,10.411063242676729
230.42401513911446,335.7037583916399,23.084164416647738,10.697861501770628
231.33129195024344,329.7266504306789,22.3393297513371,10.75026010191531
233.64978295344127,323.6253439876886,22.615248192786908,10.676102396159997
234.94913069923575,320.47611038165326,22.557825579844778,10.241732408065914
236.91195719406284,317.27515561133623,22.311324125224843,10
239.06683706211382,312.46045336102384,21.621042614830863,10.223872617385064
243.344803831995,310.28611772344595,21.200618566035306,10.104809555687758
246.98310830317493,306.22120268845526,20.349461379199127,10.894828777433064
246.75453328840814,305.9657135863588,19.698050369761766,11.17302931160026
249.27392735804256,304.48056955206704,19.90514760265475,11.272309460872147
253.16324845771828,302.3341552703059,19.67312481858654,10.978613061015473
256.07920714074714,299.28073481582476,18.89794773649491,11.357285959266196
260.17776746792015,299.74732833371417,19.362602671138088,11.175562277121239
262.8309405965894,299.66854864769215,18.889045358044,11.086538708944426
264.82325944164745,299.65162872661085,18.698753046803684,11.144224838387348
268.5525847780554,298.36888536638367,18.528532587915965,11.458774096988634
271.27289669633086,300.0611251108857,18.54688978850494,11.18679646764949
273.2148871079326,301.35511353799455,18.825763636779673,10.575395107244397
273.4465498264802,302.20552687745425,18.958694515392683,10.058638419436766
277.44168086080475,305.6294313269094,18.733697434689113,10.109395289721936
280.4734349718286,307.80318591184914,18.667032550654064,10
287.278873654112,312.42971131391823,19.507672291189913,10
288.4643580192964,316.2131943423301,19.666512558928922,10
291.3718911015804,321.03650605067577,18.75698209229801,11.022805408687027
294.49370528533296,320.5396137737677,18.09766664059486,11.553459667226512
298.87530871248265,320.0890695117916,18.398438935160282,11.40464944754934
303.3414218509658,319.1957066907396,18.13858929088435,11.131879879005734
304.92099075102215,317.7092037019166,17.8605006469607,11.66742996408896
304.72945258314473,316.2876199857516,17.914236614206118,12.040051627681141
308.44874974718516,314.67227767615736,18.433451734367523,12.634380369946982
311.73404057074197,310.23469903294574,19.456478943455075,11.95311351544005
314.6528745210825,304.50282500344485,20.080400379169333,11.43956951358968
317.112754092374,299.8966388804408,20.356003804487806,11.172728044998268
321.68492090153705,295.62538293617826,20.248165394901992,10.603625706228387
323.7144232322534,288.72511792369187,21.17820635343385,10
324.9275029319005,285.877101900056,21.440439593299857,10
324.1461554362899,284.9577804631489,21.662992692087826,10.034808435490241
324.69692813548977,284.4893510956317,22.05547085516585,10
327.45358988705306,283.88714659400284,21.877933217822935,10
329.79086433225643,281.06059127215565,21.54920570803142,10.260154386827939
331.5649190831293,280.9443370674933,21.16174955902311,10.130728968752429
334.5518907785809,279.146376892554,20.532687225859192,10.095348869259688
337.4111398127316,278.5938884038478,21.13649626739046,10
337.59561157095936,273.87252374213557,20.795906861131243,10.283081381835139
339.2166326470301,269.85927784629166,21.540900937169706,10
343.7895463352849,264.4046705650232,20.592288640921268,10.174070901037869
343.75237815204287,263.4290810842067,20.624504770502018,10
343.575614924533,262.5768119711429,20.434261925537697,10
346.65636065348554,259.31612719170244,19.755532804363646,10.57709465653718
351.01527878487303,257.963589670993,19.116720856468977,10.754540084079785
350.83866353956546,256.6007421849694,18.3161494290543,10.380241111958771
350.7417407027973,252.0124556645481,17.690378308004433,10.237426716888285
351.38244795232146,247.2052342314273,17.521833429279376,10
351.19526204373807,240.60438740460557,17.30786347388982,10.075327038348075
351.3452329724408,235.59754818864167,17.460595826555913,10
350.40023187735994,228.1806287513179,16.83930889699714,10.690617019483982
350.1861769710415,228.28142064865375,16.83835962140391,10.690105470648529
349.9721333769984,228.38220723098925,16.837410400827412,10.68959394218703
336.8530587846503,212.2133744668519,16.874290435743287,10.741820932864067
326.65030715342607,204.65269521642514,17.014868695139967,10.255872953309826
315.1906670085546,199.83385196514428,16.837810712788198,10
303.89958294402777,196.59743935434702,16.129262670577134,10.302648238714863
292.6155479143402,193.06953373737633,16.556358685152524,10
280.9982139120903,191.07420435734093,17.000951387528296,10
272.8970592829808,190.83401808328927,16.85988257873068,10
264.8844636090722,187.2803078001378,16.402900006870162,10.047299983722404
255.39682546867135,184.87771400995553,16.460680560132783,10
256.33952818321535,184.99572678096592,16.28427476483389,10
249.72037350361518,184.66896496899426,16.440545244639654,10
245.79138913980054,186.44754022657312,15.512235247598536,10.021389810007072
239.6567030506181,192.61573110707104,15.651833332335535,10
225.72641238772286,184.86252151615918,16.303386414107436,10
225.51968708261856,199.7020524609834,16.854434957727605,10
225.49237333361248,213.8363240826875,17.256161253299542,10
223.85560690901735,226.89965854771435,17.728104136669458,10
222.44677489516332,236.2211660016328,18.293827675562248,10
225.95572849869754,244.0022898046923,18.230509358569464,10.59792008797282
225.86101689973637,244.51968260514298,18.298507382315105,10.985750968852493
224.8414876515499,249.97919746586453,19.09250054722901,10.775661753390803
225.24546756623664,255.73481000030958,19.528448884740897,10.397535286795623
225.0352545722009,262.7044836152345,20.833811145910357,10
228.8189963069271,267.7497490013689,21.547126588506337,10.132454495370276
236.43414402726413,273.4331893627084,21.989654100102776,10.338847431443849
243.65383176375371,274.99973884785027,22.23549553081014,10.785356424722103
242.35621997712107,274.84125686128203,23.99099080827235,10.500372971062578
244.16409727115618,272.0260844696313,25.287302203020698,10
263.04007698286733,270.52650921233,26.35652884527226,10
262.1421162637338,270.41579637117684,27.83930166579488,10
247.29677164739917,269.71684971638024,27.90202306399144,10
246.31841639257087,269.78728734888136,27.896422425004594,10
247.5638285920812,269.8234334047884,27.85052047318849,10
231.9980970356183,255.4782811382127,25.600353642266647,12.160122648385691
240.69764917126008,250.14320274326897,24.55982519190594,12.817960827128138
249.70569552385507,249.48964412709103,23.009470783224717,13.675126142550965
256.60472269604804,248.25609926189622,21.694084361812404,14.473163152870697
267.8008757174424,250.68930987362975,21.065251829765888,14.867640996328676
272.5313735888137,245.98567857114085,20.94554560728696,15.050057715076056
272.6498552955503,245.87107755733877,20.877879963479483,15.174807311478268
279.3502687383367,242.82584793992265,20.105108650416476,14.945575365127624
284.3239621060453,246.9571938976377,19.959424414388927,14.94744891753204
289.482584118944,250.06700511161833,19.96578687968045,15.131050480964806
297.34234682889036,251.97164340583961,20.202936035593368,15.200030451894193
298.8906299433166,255.7222006330991,22.25725348136242,14.550636330474545
304.82597956331455,256.4649181857956,23.17614507693782,14.439520420828899
313.2214008781256,256.9074382113128,22.593253039356668,14.637334163892415
318.50466426494853,256.02701949564096,24.528568764490117,13.576147249838225
333.47451049091677,253.85121355443397,24.278123443901343,13.853502235279507
335.0662822677325,253.89330243012773,24.09047885229078,13.641090499779267
340.7468176234873,248.98763900283404,25.92483222067624,12.472295741817785
350.067743544833,246.78865082545903,26.435564453912527,11.486352857523636
362.067053212216,243.5200597765585,24.7088166859189,11.92305153781368
372.0529648890467,245.25870378110918,24.61924697910824,11.768215835459763
381.7144487227635,238.6082344830094,22.349820495146226,12.680654218036302
393.5760919728415,235.2969860450648,21.719398985224693,12.519970857109055
404.7645402320856,230.40907315743536,22.365720621643597,11.474282502729285
413.81442146652375,226.5363778125782,20.57778485869999,12.864837205352563
423.2709729474265,224.50709427660237,19.838672146528182,12.607348502615462
424.2277124851868,224.49254600572624,19.02877116167536,12.33498257288258
432.5752653608704,222.5327267717103,19.03971056106505,11.45946646938133
445.14421839519383,223.52141325315125,18.314886615220818,11.465158992453679
454.0040618315668,223.2110635261491,18.152763524213224,11.175802034237947
460.90160440389013,219.71108270716616,18.4116458554577,10.811700886101557
463.44002400859694,232.924765803396,17.536555494005505,11.411247382850847
475.10050846997177,243.8388221123258,16.16707888082614,12.365199202857447
479.16623135752235,242.5633483004637,15.662755031078952,11.99373037798852
485.9356603053389,257.96958261469916,15.659516871163657,12.260184021246122
487.5143291395237,260.8210542577113,15.650224504231419,12.16698576085658
489.059140757523,260.23417739815875,15.482047353209072,12.16152762502698
483.82569596493227,265.71919605584213,15.93246412192321,11.386570113127025
482.5925570899978,274.07424211421954,15.38257184692031,12.23714694168477
477.783744352513,286.5688673956536,15.763112933157053,11.587536042512799
482.25711863037634,287.97342903323903,16.735282033375146,10.971262165001347
475.7541258437807,296.2806428675443,16.69634859258945,11.356451119315572
472.21673571006386,285.03266368076186,17.89748450806381,10.52291692391082
461.4001267045249,288.7085761260241,18.91533844443469,10
457.5489909048593,294.8394278716296,19.469471043827006,10
456.8985644686081,295.22615758888423,19.89147095288187,10
452.2022078808536,300.8228220175952,20.587112099276915,10
455.5208604621378,290.35105429278155,19.994254835573273,10.384035709026609
450.44694308166413,292.80763730361826,19.30891489101532,10.457285550390308
446.45457203473046,295.2372121417993,19.247131983356756,10.092503473515588
444.66204857549235,296.2991514973156,18.927450250786258,10.059581450410194
440.40024812572386,301.89002029411495,17.71575871563089,10
437.2275100690422,306.0620979499072,17.0033425064539,10
434.51060209086876,312.0957721900195,17.55124413708664,10
419.81789323292384,318.99317378775385,17.623257769724496,10.027468151577136
419.88455971531056,318.836746000136,17.63729758718153,10.068705569187683
422.3608331373515,327.36038693246525,18.056160159298283,10.56318701019321
420.3791616921437,333.95563073338377,18.254418306214134,10.252162604157007
416.34817990921863,341.5105337889722,17.733418882257183,11.038432695372599
410.1679538561143,350.2016257296184,17.907573571778833,10.912800556634021
407.4951133174367,359.59079762486,18.174711462946277,11.470224512122545
404.3659083357868,368.2640695671831,18.9387552572703,11.325163400303367
402.4162737337277,377.4173832935331,18.719017350792825,11.817348813814437
399.97487485592654,386.94235917186893,18.606135251048418,12.368179451551885
397.5170067921866,396.3570448095289,19.43766002904101,11.417693445397012
397.7195078254292,397.5132215460566,20.377801280731994,10.647638527715658
396.1598330025546,406.40902439565866,20.313373117338184,10.213790396870962
399.22207726143876,417.0932964238393,20.431247575644115,10.481499697443217
392.3014726016621,416.22004586481637,20.23188758977747,10.846355493643152
390.075315736794,420.50950715906544,20.483200152216398,10.122860647149414
396.5022020238129,431.5838281181185,20.49695553990943,10.705839517617468
397.37824850873466,440.79881151519936,20.11744953562681,10.787902371282915
402.32344269691174,452.96443822409856,20.043480760713095,10.920191891716946
390.57220234983436,446.64771172332996,18.681903913974384,11.367837665165798
397.3109691811157,460.6793479852468,18.130140057319853,11.58881349338284
397.52819165290174,461.16341416666955,17.646066148191107,11.957439863333072
397.7428689204238,462.5480750038447,17.64574477335663,11.957086294298911
390.5429717933208,460.88961931517673,17.87899506699142,11.617093451053854
390.6414103506429,461.23714170641495,17.878821416140024,11.613687138273422
391.31045672076357,461.39293338549527,17.878553378161552,11.613585941396266
390.4595195159828,462.4009202306238,17.878479621829587,11.613427986002526
384.25740114594294,458.22052617056147,18.08712348166017,10.900859477709163
384.5814543593861,458.1147727863553,18.086541232801974,10.900452436941315
382.5324336305084,445.40160663067996,17.371273497899896,11.286783832764655
380.60155375295625,457.81606580714356,16.178876472761317,11.710253480325742
380.19205770485456,457.74041464080847,15.334019692011573,11.858068799715518
386.26094919814466,443.83854348868795,15.288263415941632,11.430148353712433
388.8905307476693,453.3473048248433,15.407413858304759,11.176671396733722
386.58884810410746,453.2042783980249,15.407170060345369,11.1762640295568
372.3133565064312,443.09018517997526,14.724062450644213,11.292727519489112
385.14732321330297,444.10327668880666,15.449525414464093,10.371648471400238
370.287755317896,456.1613244444834,15.906122295365922,10.678229046472596
369.14966163263193,444.7923954110673,15.135837593292779,10.889080964012809
370.31591727625516,439.53809506296125,15.037795481385018,10.731849140693647
370.1012564118525,431.6167273881767,14.935159762661584,11.198977953397533
370.28426420393566,431.2556313430518,15.104363013372254,11.276745128333605
376.803424050185,439.3437263023861,15.386876527050308,11.211066989450185
384.9299967545006,448.1347987156468,15.606875649669103,11.424971280970642
395.5941021487965,459.2896509715949,15.01614120995431,12.190778701447556
406.4270452410353,445.69095062841467,14.442801488489444,12.832048024893007
409.00238854309583,437.9539454687888,14.50572934817445,12.617248949308259
423.05632922244325,448.1864367391931,14.222753384987378,12.837746526297526
438.87627166886324,459.37401464408737,13.694839393636714,13.290429614214096
433.05120254084926,459.8797706822946,14.592683109259331,12.212784090808231
418.2534950881082,462.02663355857857,14.816218437104823,11.895644918516716
417.4135109022904,462.2788760441224,15.09572692314321,11.546602721724867
416.64871964408474,462.99949464381626,15.095547767534471,11.546219833326509
416.25478896777133,462.7117892917473,15.09495440872407,11.545393395378381
412.1741723316843,466.00046623185136,15.117264989552952,11.469996931704669
401.1140991521107,462.00994256013274,15.167836992621034,11.464438630915886
390.3766526050882,446.8021584078411,14.883948653560527,11.615509178541185
385.3729714336614,460.0582102115252,14.040360755325334,12.347292518804775
385.0411474870931,446.3931644790614,13.880004296369142,12.060125911832943
372.6254013720131,446.88441230718917,13.707367116739228,11.502695474979781
368.67826732852205,440.90891478383566,13.791249022843516,10.765018455951951
368.1634091335276,441.08674201498076,13.705261710859544,10.03324214484002
354.74876171270046,432.1422558333725,14.288951083763754,10
370.7295910681485,422.8698407424845,14.427912642643037,10.117622234998654
385.4827954082534,430.7024773045439,15.065699519073814,10.109822675027774
401.89373777295884,436.4994751310882,15.309782349477436,10.120547137600784
415.8292291175887,427.6401749160141,16.14025573016412,10
399.3352588761037,414.57013325951993,17.009364578612544,10
405.7551492125631,413.23723804585563,17.15764485692668,10.022786009909131
414.9728218146536,410.4998007043598,16.516511994054163,10.434843119353452
408.29939975022484,394.39459114073765,16.368123540819457,10.831200128067524
408.22445153067093,394.3135164019369,16.405779404673304,11.135138252247774
393.7568066568616,384.8873069402338,16.2042779230439,11.079275849360027
403.14053697587826,380.9736578506099,17.25560390610445,10.217187660809932
416.6332953367278,375.59773553721607,17.598853053545884,10
403.37655735952353,384.1880660067162,17.172671796650825,10.245147013880516
419.1128357643521,382.73818982951343,17.26306702861963,10
427.81398494930244,379.22760142199695,17.286769253811705,10
427.87858783192877,379.1721764560789,17.28282497413564,10
427.5226281164402,379.28572053276,17.280042454562704,10
427.16144801318706,378.9493095036596,17.27939408801375,10
426.7990499754965,378.4544199761003,17.278189675590458,10
426.5424128834039,378.32047558389604,17.278037973144595,10
426.4360376727827,377.87988192401826,17.27759329396039,10
437.499004458529,366.2731222426499,17.6993834926094,10.606957701970192
418.23889147331204,371.72495829685784,17.867688381500287,10.6289791055172
401.5629281816327,375.4095335635038,17.54565714015198,10.31905794615707
383.28635355483004,378.67438679180555,17.30887032808348,10.752836253652696
364.55530943973696,386.0547407342949,17.29446853751762,10.86706447249483
346.0489908682412,398.5727689204128,16.940379758878308,10.770474576699502
345.53081274954695,398.6358266774507,16.70123307611609,10.731862764071996
327.14071988317016,408.39882634695437,16.757641037873583,10.811574408341148
310.77749764857606,420.69773500427965,16.763180203106714,10.410082395814538
310.2333723992684,420.3687805805538,16.76231436680691,10.40963487472456
310.10818679783347,420.2683617048695,16.76211899772577,10.409479073289209
310.3678533736785,420.0923007171606,16.76193884495996,10.409378874300915
310.0919525001673,419.920204990076,16.76173226116043,10.409246007915351
309.7264116370979,419.6925909507686,16.761623723074248,10.409176020390941
309.31696527858395,419.5784252815842,16.761154038139846,10.40892010387785
309.16443130706267,419.53293386753074,16.76079922808669,10.408658346172698
309.01190081912625,419.48744348964954,16.760444424607385,10.40839659483506
308.69949707243495,419.34103788438347,16.760380842836636,10.408354032726983
315.188282160655,429.80842710472643,16.39360187275649,10
314.92355050192907,429.3616031203419,16.393382911575145,10
314.8753445261135,429.4507132191211,16.39328790996679,10
317.9339364318988,415.86793428845704,15.495274191932594,10
317.62403542584696,415.70796656794846,15.495250602458569,10
317.17666617846186,415.5866181496531,15.494007785430641,10
323.7383836164163,425.2678538038126,14.83493123929479,10.144574437530512
326.5170464538339,439.6229550484568,14.920334846838616,10
325.97957558360315,439.19978543557227,15.006903069310107,10
326.006128621269,439.24079300276935,15.006118074096774,10
319.60915915862256,431.7610638272017,15.47077996081538,10
326.29882939956934,431.7170432638377,16.1853010588169,10
337.0446309943219,432.3377648424357,16.999821602832334,10
352.2862447596031,433.47819363684766,16.794820924686896,10.437817786160847
347.54984320563625,431.0082523729955,16.684465539578586,10.314692959128791
333.2676029325596,434.7153790017761,16.306069269935975,10.537807903777075
331.2973793725109,439.74115417711437,17.453885717578622,10
342.29466925565134,446.369911653921,18.122624585330822,10
342.865151059713,446.48537037335336,18.69344259818684,10
342.6827690103868,432.2638005203074,17.937358875603614,10.154494915442504
355.50431643851664,440.89839146099985,17.990837276790224,10
356.0331503632292,440.850029123947,17.964014115780582,10
354.3704093037205,441.7727171909064,17.962570480250903,10
353.22097538903904,438.9874743060703,17.928070485059365,10.023523031635104
353.5071464253224,441.7535256133942,17.914050126893894,10.01971450344364
352.9720867033859,427.0772951842518,17.587411610447404,10.512718345737172
352.5300595892408,427.5222817570222,17.586608899421748,10.512168510953027
351.1051772964693,419.0739562520414,17.001915229196896,10.95388253971352
351.5640353586682,419.19085996377305,16.33772951771158,11.362031087967997
365.4675435555869,426.77923345767965,16.07967667062713,11.376944981197353
371.1469074403368,428.13847292248005,16.11892863745542,11.3198649392308
372.16152856316046,426.5638240905326,16.223154304482005,11.447299381003562
386.08941196751493,433.25939734351425,16.134658537643226,11.155762250040237
401.38409648716225,423.2164662991978,15.98717067815809,11.010329706715051
408.08296936524164,415.54524454059924,15.983124567995503,10.97830728152939
407.3309712318971,417.1179850208731,15.982425776815598,10.97838825449915
406.846746482833,416.7669059851109,15.981886498736767,10.978466672283638
411.02080810652313,419.94006911725427,15.944504675917045,10.95944858594483
413.43970676077373,420.02261035181715,15.892262253280121,10.937006722387979
412.42600642235556,420.3489569509277,15.892133452043407,10.936914766232395
411.17451916632734,421.5202191922322,15.838601568759794,10.983672748604356
403.1083001594486,431.45352053867236,15.9661548626687,10.832384920836407
402.97373340750835,420.9025051868341,15.285549446814283,11.42887286938598
418.9754868141947,404.88477835477454,15.38927377357827,11.620780619808821
418.54559595399604,404.73021598971746,15.388479341173992,11.61997833342629
433.9788870833971,387.7896350433479,15.51514506821175,11.650939573089241
449.453496552462,403.7844023779322,16.134005124832953,11.289521511586617
455.7400975303408,407.02687319450683,16.278372520271706,11.128866339313806
464.97137378547296,423.2401894717986,16.7462170436987,10.60796498590218
464.1776443958089,428.55349907167425,16.705721101576103,10.600082053240756
461.2359659298656,431.1541572536879,16.636472785965065,10.644797927220047
457.6531668968961,423.55081708107303,16.37579607544534,10.670167618763198
462.26320589214265,433.2168374529804,16.139723059317525,10.84662792780491
455.9805776824051,430.54638246160886,16.082200586275512,10.857344390955712
439.8606857661554,429.45855536770847,15.594491132642073,10.44255902072729
423.4229459095846,430.7821611519903,15.864803456867609,10
412.3749207385134,422.73949807374265,16.004209740782485,10.220008811829715
415.2965711498093,431.04907385061875,15.623040418434826,10.678070545431101
415.95899904141487,430.6766483397296,15.483444573463728,11.101736634023876
415.3458884405832,430.90575664758563,15.48488926870309,11.097816517802489
408.2398350479956,438.54619149313254,14.676914533797765,12.045546375048506
408.68735135503977,438.24471874710025,14.772973647919876,11.956735499429659
407.17308996782475,447.2079479236449,14.839346563875198,11.772066010476122
407.037475441576,448.22702369597926,14.838133066905627,11.770547003649156
390.02417491961984,457.0950772195799,15.738727030739792,11.113591110012386
376.9952049960484,457.59525917540503,16.16212059797541,10.777439663648334
364.5804980007103,462.40952803934925,15.07643067629818,10.963979717437148
361.863920126759,457.02722571572934,15.161762327521068,10.640101507926447
