76.5,291.5,49,29
95.14338194064027,289.3404376270989,48.752077366278044,28.686043071226408
114.86155632436768,289.6683778602439,49.03744643329589,27.881517263540076
130.73318694333628,289.2409495915481,49.59495500126691,26.85016490906311
146.61166770483644,288.41463152437694,48.76720223375976,26.64476357163413
164.9474190183394,290.003776435236,48.91932326398041,26.304624489585887
181.25087048319637,283.24432551773816,47.48571440164926,26.918107928585364
193.241576920661,280.06955472196285,48.410242536241455,26.282657969690526
192.8206177923421,279.2710093908395,49.25230723372076,25.50081925533508
205.68397203069716,278.83624748941304,49.998554460746014,25.916793643314833
222.22350237145702,276.4797547366234,49.77112112907983,25.447428990202663
233.73171844220275,271.8004480440218,50.107418784951626,23.889676751931752
243.5126084915221,270.22163591198427,46.25412524331978,24.975423298034993
253.3383195594983,269.32452031766405,44.834003461371275,26.30445811559698
264.9846015052012,268.94567895701374,44.87595990993121,25.38809336680484
276.2985767748162,267.53408534749207,46.224764512913254,24.76585579069743
280.33802083479975,265.1780018802494,45.87875460110651,24.8263675280392
295.5751066068148,258.61590681271264,46.04780014386835,23.59818072524652
301.7661297201059,254.42242046442405,43.01545484502055,22.263493761484337
308.9340985803155,253.14272456474242,43.482353542753216,20.8640957354081
317.7658515387569,250.2301884049772,43.025253265518856,20.893445093512753
284.2859384771444,247.2122440759646,44.36657200348996,20.109879558422726
318.78432300902165,239.3110076866973,43.62483834012606,19.643999828412426
318.2642941994753,235.84758091008564,44.45557566734206,18.419716983320342
323.1501643940463,231.19097390998613,44.75315500323657,17.90812763116337
317.9990249128392,230.76137140707044,42.385005689588716,18.86660530535643
316.26335725391607,228.55620726007527,39.25331032582493,19.383795190685863
319.38091840152373,225.38696833847956,37.59856513250781,18.80049769284338
317.6519564821558,221.8903341177644,35.56799791289403,18.14140569497313
314.747446545753,213.8680811010811,33.48172311940935,18.340042664008678
315.8996958661446,207.89971476968444,31.469636342430057,18.551852192951902
313.0194993718206,206.1083358308012,30.304580436577318,18.066110982431063
308.76475754636556,204.65011324624865,29.38042170009728,17.667072581437232
306.3129857722925,200.2516399735406,29.003176349775373,17.109570808371902
305.77232256164393,196.69852398519092,29.93768291132939,16.59527265659229
304.580949729189,193.62040969381357,31.78719135738247,16.188726104306674
304.24641717795856,193.16915446439168,33.17766286004696,15.971051783983269
296.9108013443245,192.94626356332452,34.47283022677804,16.679947919270372
283.1552945323366,194.8158747510446,35.709075021408076,17.368025043341945
263.7814710427347,198.84740758181468,38.24171803332671,16.436474407894334
243.89448881545104,196.98683370988556,41.046161919046455,15.646171384235485
226.30374762350013,198.31424382567326,43.60454020748927,14.937427784206093
222.64862312688308,196.51248615291613,46.08770084470527,15.6695248920342
234.5666680364085,193.11163985955847,46.99369552882831,15.692273940083709
222.77959024045015,193.82178972198668,48.47255426100381,16.307277331072022
208.47772116341457,194.6329380887977,49.216818232946,17.42644640441111
207.76796412161292,192.89239260092725,49.712460143716825,18.422212520532803
193.3741118355572,193.21060617906747,50.66341277796212,19.13218145285254
234.34591374020337,174.23962347524764,50.18684998429474,21.205151193988314
223.5946461364806,173.0275366555568,50.75133015328814,22.615307728267446
215.74170128920446,169.2122391246027,53.148447760743245,23.83467794810411
225.78993904748955,168.1646491809538,51.67010197439768,25.74867194913806
212.75560682275395,166.63262819392668,50.973261586832734,27.585479440427065
205.73893891244313,167.96484170006215,50.27220714866528,29.07233283129335
199.55412105155955,170.919433100977,51.274156598764975,29.337803559584515
195.03101055130546,173.52829268434905,53.3842461219172,29.7212782977171
188.02155509646957,175.0318063592785,54.267059123568984,30.104136850262964
179.96334183507514,179.1441192652779,55.775853009333915,30.254358450373573
145.55455697443938,185.2938939563907,58.852860291640596,30.967717050020553
134.3059934891992,187.21171877598428,61.262014621129694,31.823355405218138
124.96133366239025,189.31885892255153,64.30233029220369,31.863797707298485
113.18214839498614,194.06833897663415,67.93705008543475,32.78348536524651
100.69013541588299,198.74536861569544,68.84136222222993,33.271886719448176
89.06066992511447,202.60372466204782,71.02147202151599,33.64881304684836
78.00021730657714,204.62760306826348,72.43582666044611,33.930900232372394
71.6043998808786,206.9545367211012,73.42489879822014,34.656304910797296
65.61468900017631,208.32046790694247,74.35234912407785,35.24470783223611
54.993474735951224,211.0242985992735,74.72639805963252,36.41902095395222
48.35690647006328,212.9377522745543,75.36312101718966,36.93606768969429
27.081390186650907,218.48959890314092,75.16765166140698,37.64993367476961
20.151885121747924,221.03027982116356,77.09554950178423,37.82130030094357
35.340996673167254,218.45332339012268,79.59230351076198,37.61632358325238
15.475047831919241,223.1051373401224,81.34037550966426,37.24668997646579
11.79594655105047,228.09184115018212,81.38124818782636,38.2700122071154
3.330589023883796,231.4415610561192,81.33702389584623,39.00399829856153
-3.3911579309358473,236.0497835281981,80.52709220734098,39.02658609976508
1.2100673653213363,234.57143118821443,81.63543549147457,38.557947981499396
-1.7986551300265745,239.85484554934146,82.56959562728147,37.62781130636451
1.0958305273016364,243.8297089714534,85.4290122215606,35.71581801698068
-2.879520275230135,247.0103426426775,84.29131203219055,35.1292513161646
-7.288715453781911,251.52173554996065,83.78411034827847,35.005827112010856
-7.71062455877378,254.74667958085098,83.72639620629154,34.98764404824661
-1.3072988521707174,256.02837735917245,83.72440463653024,34.98576501496487
3.897668122369531,258.1161642603101,83.72971478992777,34.97355371574138
4.464366455745491,258.2287980259966,83.72944903118824,34.9735116925814
9.478540116134276,256.9992773981057,83.72903387746389,34.97354496992383
13.447873775770319,255.36799412096903,83.72875490581754,34.973543527218396
7.559537684425287,254.9553903888771,83.7286765239324,34.97279637533248
6.006618596230226,293.83130191197,87.57036300793209,31.27746899565055
6.111768486295013,292.61246050148844,87.56961639502644,31.27723649144885
4.937226392645854,292.0235614714774,87.56945074254205,31.27719980224915
4.917937995224527,291.6174733155638,87.5691450881154,31.27717735595106
2.655435217287639,290.56668460367075,87.56874285285149,31.277139827649798
3.8738187181266426,286.15808294258966,87.56845208179482,31.27726742044187
3.140059443068914,283.5708998202034,87.56809157497973,31.277250501762133
2.398297175530203,281.5895897354798,87.56762985155038,31.277229670461722
4.977569333386185,282.5827453925275,87.56746318323832,31.277240401692545
4.146249728429261,280.53283417500575,87.56681320381348,31.277227440923063
3.120949132444224,280.9774325537317,87.5666543650371,31.277260815574053
3.489560971825121,281.016999454327,87.56638138178998,31.277233293101066
4.232551159617394,280.96453039724696,87.56622594879424,31.277226671495626
4.3818199829454585,279.9514384214993,87.56595819983747,31.27721104375215
7.306677653158722,280.4973212016233,87.56565959219903,31.277199562369056
7.348454339735753,277.74268119241856,87.5653883395708,31.277237046141135
9.894437300687912,277.1568413541405,87.56507624151902,31.277257133883552
12.032992590717924,276.4608156248064,87.56483352797511,31.277267863029007
16.23671197347175,277.4592965781748,87.56462609333904,31.277275656151787
18.922996111381124,279.9569028388974,87.56431457334915,31.27733577112022
22.19080484264142,278.46400132356496,87.56413231056611,31.277359993191293
96.62258069768778,334.50672056605936,80.59146499988745,34.186046874413464
82.14472332026408,354.8789406518768,74.58980518198095,35.48135584828638
64.54473321037901,366.59841437481197,70.90411950819639,36.34668391511143
46.332906520845995,389.73082092772796,71.14066580108079,34.59569527217006
27.289397034778275,412.40871239424746,71.56963805080412,32.935827561298986
8.388808485910474,432.90292405109676,70.00402437705534,31.918702465373784
6.006808790397187,434.7943271683248,70.80386165679957,31.60834910986982
20.24741909634143,400.2214874701935,69.38692441588276,32.260978884550305
53.827897710716215,367.80379069771055,66.282317895141,33.96546727814906
28.374674571529134,379.10848735074063,62.438619215019074,36.02863943229402
3.3245709967130566,397.876060832595,59.634323495998885,37.31521259187623
5.1509750053508405,400.3087866931103,59.63402039968279,37.31506295672215
35.367345935544115,342.8485472052611,59.6461294609271,36.99409448369002
3.6132214275510464,357.746526267901,59.919988218124175,36.94098761573447
-1.0366412402886631,368.51474949205834,59.71301303805652,37.05332008282502
1.92210777639961,369.19235218216795,59.71291202692729,37.05325455417595
4.541561645443519,369.6932774566406,59.71278574101843,37.05316591853021
11.18112644962989,365.8002128251896,59.712242520279965,37.053214821019694
12.560288636416523,369.5785447243401,59.71157138309586,37.05309008140403
18.72589495666566,362.26141184271216,59.7459774483471,36.964037744684184
18.783991633763108,362.8793297135013,59.74579634701942,36.963879483803524
20.182170348798632,366.5221108222717,59.74532781770521,36.963977056301786
20.53054704627615,361.70242313643297,59.745211278352436,36.96385467102133
69.76007330935619,372.3674725618467,57.09885711645018,39.22690882007175
31.80704373093588,412.381377962873,57.040057264501726,39.02117290815589
76.6228172864144,380.80500142579314,56.504251425517346,39.05165349086051
79.18982038080655,379.5204561906254,56.03231074271449,39.02741262422097
40.71347861204703,410.3021278595693,55.67733894576088,38.88925162886243
40.25505848927817,364.31994556941345,56.33159340233337,37.63888690009203
39.96487735386498,363.37207759908443,56.33135743802945,37.63862793909298
54.97187401992817,398.07024685125555,55.588837036811256,38.14772308953594
63.74473068173547,349.32903375580577,55.8913693339242,37.81159154117771
64.65458833996746,346.98245320815863,55.8911157207607,37.81151676229587
37.06784256338955,290.90269546192604,55.06877673802784,37.7362300086674
37.406782786646986,289.84224494027154,55.849403352517605,37.077578353840956
12.975047499838293,298.3483597963215,56.40812157628148,38.21310903297638
12.299412192475714,297.0774079087445,56.76936601503084,39.19715577153989
19.507981417726345,271.50137026446527,57.099251146988074,38.74048548514712
23.21358895007449,270.4974502933303,57.09915649702567,38.74031098688053
20.280416121184906,289.5344817157346,60.75477327106155,35.665614902325785
21.690088062164968,290.1616137960904,60.75461941443102,35.66544426940814
20.705853467717244,290.5050079298629,60.75400374443212,35.66544652777634
19.743852170261956,287.56310487526855,60.75351386097203,35.66564191156227
21.91484262516543,289.28820890448964,60.75337798671806,35.665603654832175
23.34093108422922,288.99903537345733,60.7532311074241,35.66554289285732
21.05861835790232,290.8788187661727,60.75304962190651,35.66548662454695
18.321129247044905,291.47604816333546,60.752772354271976,35.66542909441206
18.450678638993832,293.93385601694763,60.75257510683881,35.66540462711694
21.679327931694655,292.99976101489716,60.75239503263712,35.66537132170092
23.878707683005086,291.2186398258896,60.75207922889931,35.66529489783613
24.8033344623281,288.64459235203066,60.751761274348745,35.66528994626203
24.31500527393289,289.3963449017343,60.75149517213144,35.665245730949025
26.301498012325503,287.7434684554873,60.75117333632217,35.66523943192998
26.867904733499053,291.1123409736311,60.75086316507797,35.665182937054695
25.001861991536718,286.8299833158895,60.75025998361263,35.66556338315319
25.247330139122422,287.9187854362076,60.749992611103956,35.66559171278374
25.567977532858386,289.58115730885925,60.749785236466195,35.66561579546811
26.16990317724512,287.49512222230396,60.74962197316727,35.66564550608467
27.490180233519926,278.7729700462902,59.546381417288806,36.164463789386616
26.768407647244004,277.65877536700043,59.54619480502009,36.164509184343146
31.397718533848064,277.1003728622154,59.54609792652633,36.16442090243983
34.50767230429395,277.3068585943983,59.54588547688211,36.16432035181801
34.84715038659178,275.36597929338456,59.54556133323678,36.164466414554155
32.94809019267973,276.02373502355863,59.54520097193063,36.16447273737096
34.06633022583844,272.9931936324767,59.543945629429125,36.16528330273794
33.95098912398555,275.7471477201856,59.54340393698909,36.165305882935364
33.448973640502835,278.3062603340256,59.54276356873417,36.16534485355861
32.60685614799044,279.1021760110938,59.54205964613566,36.164989463014706
32.833248488581404,278.8598570086886,59.541813246632906,36.165083071424654
28.712102261418224,240.5115500011233,57.92820493649393,35.29889191077401
78.8688013636902,205.9927565395708,59.334548553239046,32.34162867518759
93.50183188810416,150.47619124850334,58.809112885880836,32.62798649120926
68.54285870120994,155.64937530874147,58.39304818178843,31.664901032170963
30.716992558471492,167.7510594477935,57.15691730808563,30.042013329628446
-11.343833118206447,175.5465112509846,52.901386654605574,31.04673083225505
-6.775265852555059,178.2914081664299,52.90109008259235,31.04670359911225
-3.0722051942774193,180.16741664722707,52.90076100236519,31.046590648290564
50.05658831686729,162.64080543186446,51.95220260556406,30.90104827799044
20.729129267139598,175.5404258886099,52.3681222919335,28.027922400510334
72.98458448921073,166.4348744775536,50.19051720667797,27.548921691739093
45.88666560421228,175.65051608856876,47.45271926500494,28.529625774396287
12.315753193119718,190.40497541785078,47.15679994656506,27.694752678576393
13.638230276076051,190.6536899733211,47.15650482301079,27.69460449314805
9.601820967121395,190.73586848578447,47.15581803930878,27.69446084247838
31.77303686862057,196.76636497455434,45.49778870213074,28.078475189157437
33.85218738340198,197.51806000976913,44.00698268485123,28.108082846121953
31.71832716740898,195.9885536601838,44.006057830277186,28.10641086435386
33.154024737251035,195.39580853432525,44.00591665787824,28.106334929166042
71.82509392650209,178.43075055239748,44.75781819636831,27.028745204545054
41.263573163979785,192.46508481713082,45.92906986545589,25.317380294463128
-0.929398309155566,206.33616157290652,43.42867553145315,26.874146460646074
3.7709578840263482,205.65340495442763,43.428059084725554,26.874026686739636
5.789189276416245,206.9482598393273,43.42767284566109,26.873964210031104
3.2661222409000352,246.21452843243978,43.032506047705475,26.45494478503662
27.258163336133542,219.3778510119724,41.55248650982635,27.243469151117836
27.666507999622272,218.53543364514695,41.34234972410484,27.254571007991125
27.492172821353947,217.98592988598918,41.34164507110475,27.254750568199636
32.17819117268141,219.0443641504929,41.34176832633556,27.2532251330643
64.01314466479542,208.45478497723758,40.32591789117981,27.93832296321753
69.49228715554023,211.11564816323312,42.26499847975855,26.568071496240464
26.685938191882848,232.43988943594815,42.77134264730769,25.609236625370944
26.489618585961136,233.26800405761153,42.62585115856289,25.59765021193922
27.909359018354355,229.339533835518,42.625519768874106,25.59770808395219
31.335764434155493,229.72729655983738,42.62484697972178,25.596643964296735
74.32223106859513,206.77243385776444,42.36583430410421,24.72777058304224
77.61034540332992,205.7077678555023,42.042247789328265,23.963025286541097
76.38499981868742,203.14920180087506,42.04016276499447,23.963604566053167
77.69333595571234,203.85526223982558,42.039952960045575,23.96353095511228
82.20923596796004,202.90956666289517,42.03937241797206,23.963617854441203
104.57295963387347,211.05760114974026,42.6313525763796,23.583922133619687
69.18345175577228,224.5474909687956,43.922506699281165,23.283849068995295
68.73383915607961,224.0796856137616,43.92157063233961,23.28322369555584
69.62549849718047,226.56513774566747,43.92130415617731,23.28326669736906
72.44060678886939,228.00761267535307,43.92112917207315,23.28324840232893
116.0667960521009,220.6250714277477,43.98450076768046,23.1105896179376
121.80114532466456,217.04103842936698,44.474201041522875,23.120021428908036
123.66154958512787,220.08510222772279,44.472362819363326,23.12113962840005
132.8620555420287,213.97227485239563,44.42118534770029,23.1452763202775
131.2483807637662,222.64652766710358,44.42342508862783,23.169935821476844
131.69788966815838,223.9970903551087,44.42307384049329,23.169995195069863
132.83742887629256,223.53178787726526,44.42411222071849,23.168557611637024
133.45451427877566,224.24191193870854,44.423677334751034,23.168708439327254
143.93172362800973,224.5205313726879,43.99718031291859,23.436797742621692
108.5010744548274,182.8585241841355,42.808513754498094,24.030511216406218
139.87664253096636,174.57174291916346,40.93644788420263,24.48862956300067
141.21558260017724,174.22312002475155,39.32173305282581,24.583438928522803
126.44862571438956,182.98456057628093,38.69469902471858,24.53732631911638
97.29873430770843,188.73191201468808,39.41734484467263,23.296743315348955
63.47163547186653,199.28110538262266,37.33474136889551,22.510480831799146
65.84025822996018,200.24206407962336,37.332116900681825,22.50932085070823
97.45028955713988,213.88510919784278,36.58485545481853,23.03550363978207
76.62016964454224,207.69338533536785,36.349247959457166,22.25910410521047
73.20308966659844,204.76106394659078,36.362594259491495,22.217202197400823
72.63635197064224,204.94912070723876,36.362304549971086,22.217043751130387
72.41011608194334,205.1414688131792,36.362135019061235,22.217037943187847
72.20421614360475,205.3703343102041,36.36196696256047,22.217028897761654
72.04200460112233,205.43410603734512,36.361861353372504,22.217015601045695
93.11784761190009,224.7686990710628,37.307228859649015,21.297062779459964
63.0164622889825,236.06753979074026,37.54045223375566,21.034296501237883
26.350295349292075,256.31815631325526,36.80564744126151,21.6781440226141
26.58319000306424,256.6373221707152,36.8052382361132,21.67822287593148
27.405287072745026,256.7640829908748,36.80512032489341,21.678168497403583
29.027470184390538,256.4820312773902,36.80475811275656,21.678095364924552
29.3181025383102,257.9722370577009,36.80463541322183,21.67804931905839
29.591905892638948,258.5389602105983,36.80449653236127,21.677979611621723
29.99601051564045,258.9132808337701,36.804364502506644,21.677911906919398
30.514152291312104,257.8395620520728,36.80418491501526,21.67793168657683
32.83725619366864,256.80135023496973,36.791644579326864,21.68233717426802
34.05223642417904,256.558037485138,36.79154971698464,21.682292686491284
13.786113287423099,279.29943010646736,36.65537710621918,22.03084823362763
15.071664432081132,277.58867685770997,36.6550951484766,22.029729189455384
53.62077453988093,312.0400210692726,36.63181847535747,22.17094793185744
46.553437243942355,332.38646459419385,36.61650107809887,22.082942168636063
74.49701678034347,314.783347722057,37.09839489225955,21.464014932685124
76.6514884650224,314.6496673494982,37.09812776573006,21.463968826749518
79.25326024817257,314.50131214467467,37.097836038113805,21.464002213224134
78.84543389317531,314.9102200510436,37.09686482194557,21.462092984749077
78.98345466293827,314.6713444400882,37.09675645869874,21.462108776657743
81.5798054311515,282.1712253319166,38.55234746377619,20.684644661457916
87.58835687325463,273.97171224519155,38.67030107523643,20.520873288521365
97.3665735887753,293.2942189547,41.60916793716385,18.566156042600145
89.99191127962291,313.37315138235755,43.43035859093004,17.179405536650272
71.86032916625928,337.5712368355367,44.8550905056456,16.431412730877906
71.2841310502995,337.8419553305495,44.85466924984847,16.43162240022649
70.26771165277387,336.42768947320667,44.85342420166852,16.432343112180934
69.55836830165833,333.72604136625984,44.851659739654,16.43343338201333
64.41515957563225,330.5487090022093,44.77919810235071,16.469961894904323
65.07972241465522,327.86475420474426,44.778774397266176,16.470125136685063
65.48926058099357,328.9260646483299,44.7782451942205,16.46995531648458
65.86761989151083,328.9049292426667,44.77814233112821,16.469995823480385
65.85364998340157,327.09920484068823,44.77781945018648,16.47010362783412
68.11850763266655,326.9567681082855,44.77677780049074,16.470547572270977
68.56755905489035,327.80032712053014,44.77666065283573,16.47054009103272
71.29397868446256,325.8741752478596,44.77638611003045,16.47069458825063
73.02405737226562,324.2867941010039,44.77602468626759,16.470782847843353
74.76534648331268,322.9984773922349,44.775626821152834,16.47086435116631
93.0370314082625,338.14757442839897,44.57201298321609,16.692754659941684
94.74810500297656,339.8387654318815,44.552929091059696,16.70108872887383
91.57260414274208,342.1819860771563,43.763597159032315,17.265751316345522
92.19811470816651,342.20311748816516,43.763080879524686,17.265944271853627
89.2530597206802,356.589022460399,43.52883935303247,17.251689335320552
86.73919601190407,362.6605310280999,43.01817565730349,17.545619068815178
75.2066715900722,371.4500043024776,41.981167997671314,18.232251743692547
75.6454082560375,377.1290703450969,41.44543184668898,18.67315663812928
75.80764321536324,376.64684583806525,40.906392180589535,19.003144904950656
79.93217422109632,386.2618017227725,39.03406824056502,20.74539538224032
75.05518686417534,385.572368890382,39.03300183197045,20.74599137462743
61.15161500785135,352.88281525673386,39.108694510072546,19.889884408525315
61.634512910019836,351.71302412709184,39.107777503266696,19.890169611611217
62.31048983650585,351.2442818489184,39.10696212285173,19.890303417988626
62.32737267443575,349.1502374210893,39.106545335150734,19.890336758357577
65.78861313516502,347.64023951014497,39.10344603219195,19.890846629776203
