565.5,61.5,19,33
571.350996620707,68.51767900722352,19.57315324296107,32.637651857989475
577.6229943373205,75.47484482935938,19.613808803081135,32.193484512728986
583.5072586012373,81.49742513043117,19.376467332742713,32.06755914007762
586.784720765411,84.71093580255081,19.426014211060398,31.700614986237504
590.2446392431282,90.82586032135187,19.35495311927349,31.213409304958617
593.0207426386849,95.35793160800536,19.29794314746558,31.2680449604114
596.1848949356705,98.76379912894447,18.944533553951864,31.476223591934062
599.1010291808591,102.63457286727277,18.75671715860642,31.688883058789422
602.3436766817459,107.16679728305937,18.418221721194406,32.165588134992106
604.9410810982446,113.03588533517782,18.257112400678736,32.93747710949055
606.7676266151016,116.08540359914001,17.946911391149914,33.93235938192017
608.5861527813535,119.84634018346638,17.72359301784414,34.898801795542816
610.9713485122868,122.28097375676269,18.034840845833568,34.49485428243409
613.686011336285,126.2315153908599,17.934495166861883,34.94558337691056
619.4936700018486,130.97938306459787,18.128553598673946,35.34652123194931
626.4886169022767,134.92922372662238,18.676486335903697,36.01529178930893
636.8844288958868,139.00622356628094,18.93961279118834,36.666386828924935
646.406440165931,143.1886489489268,19.305923884522816,36.76376102396036
652.6133905158844,147.62410529427223,19.906381705123906,37.141240438372044
666.9621800444027,153.3387794423399,20.41696686317524,37.33005048269078
674.9035888335764,158.07139088988214,20.445824738013926,37.52246899843396
682.5764235357395,163.68772913247295,20.293023566414597,37.59524295270544
688.8950424844239,166.8703511644166,19.679308999734246,37.821506800500266
692.5459959069366,169.69190301396827,19.674808351303298,37.52590294880907
698.5198662885512,175.3727736418244,19.479843734009222,37.13730050230088
701.1595648297343,178.69426083188628,19.426847027008897,36.70161820210269
702.4675568058497,181.0270098007776,19.18191462468984,36.30996355274169
702.6504956959698,184.44917414906524,18.79642874916124,36.129462275447366
701.5853465249675,187.58366424880236,19.015970264765233,35.65539632157864
701.2660743592028,191.8999311330228,18.917890236210077,35.171772121924405
700.0521089656197,194.2416276964888,19.206565499694424,34.70879840188324
699.2168584127531,196.3151550972297,19.377831571438797,34.15653215173199
697.8635767659705,198.47290176695006,19.43911498066558,33.963434804570355
696.4814647680043,199.89379584270958,19.331683512425528,33.60268403136247
695.2510736759643,201.06230950139766,18.971093664340103,33.18312871887673
695.1088916902046,202.05177501386572,18.817301925162283,33.092761684533585
694.3983729272247,202.49266108896217,19.268441167640585,32.39551429399089
692.7843113756069,202.2683442052782,19.19669759454571,32.02223642834417
691.2987250097734,202.78592081989785,19.28000311391707,31.677719833931548
690.080295444703,203.13363706942374,18.957301897454585,31.65146343656432
688.391896298917,203.26602800724922,18.327540340241033,32.129682604709906
687.1763335799353,202.86698091844988,17.813049771353196,32.254246859346374
686.3975455550283,203.09080804820448,17.52014049630781,32.218436406342406
686.5818356905057,200.36176951628198,17.453831859693025,32.35333708621523
685.241757991037,200.7420496817142,17.505477737145995,32.67528460409041
684.3312088060313,200.32937896829944,17.94349884332539,33.15563893651762
682.7407442057035,200.13184437773126,18.40098835052995,33.32910524563993
681.9492947971758,199.19712443309894,18.409673066747878,33.44541863286753
681.0922380494906,199.49289649148236,18.71597372833225,33.7268234606693
680.033170115081,199.48485919450624,18.547206215803705,33.64111197759898
678.4817526298347,198.62460074029303,18.334287964784572,33.78157651023193
677.6277194576194,198.42777731444545,18.334516489162162,33.241300117450784
676.4422413593243,198.33691697174083,18.23942945188089,33.1259883869932
676.3110113706384,197.60998471601016,18.090939334791123,33.37757535729392
674.6426583762709,196.03404364946874,17.719053862344403,33.57018295996604
673.3036700895535,195.8657104547568,17.754849992969152,33.38749637688244
671.7961240517348,194.9864081649033,18.169901155978653,33.34783633390114
670.4694206479116,194.11559401397255,18.584634038224884,33.15310308447785
668.2650795040894,193.81980983394942,18.84420553180202,33.00663963996247
664.8328366438618,193.12291460680052,19.24108852245995,32.906006347197625
661.3366203984854,192.98219801457589,19.51434042925903,32.625563473068354
658.0410549731088,191.98961612395433,19.566105034742424,32.520774308602256
656.5848836923556,191.0551545906025,19.74763814609916,32.293274464615614
653.24666525712,190.87311284195647,19.891414055419276,31.917209536805473
648.9280201585907,190.42592510112385,19.700255003210177,31.634808609321517
646.5091211845431,189.43077916256553,19.97008029124072,31.993732326190333
643.3298063743837,189.2025413378053,20.176101040099724,32.18820875605485
640.5026611170032,188.33533346735203,19.846590666799155,32.443923859143986
638.5490218525512,187.4913097080116,19.113986154321374,33.05253745982556
633.4031727451686,187.15886720043812,18.519513028144154,33.08672230397869
631.252343531061,186.96637701617524,17.91465156652778,32.771491087936454
628.8846962845698,187.3213345314692,17.46586641244583,32.50172235456497
625.7150126666617,185.58533785973785,17.271189382515196,32.74528351953035
623.8379988224768,186.08109011955332,16.875116839714146,31.84831303194617
620.5247047610902,185.33007058687784,17.014087946648697,30.910795260215266
617.8735154061063,184.09784973441938,17.492190686157528,29.531221128416462
615.5307889711817,184.83543112339072,17.15836646021217,28.706005695730607
612.9187964449624,184.89933630164174,17.24476634953426,28.279516970898555
611.4050073948652,183.85740057846562,17.108207801550698,27.856995223052202
608.3990152157485,184.00420801756957,17.5945187703492,26.80056683633372
606.0896980088736,184.6530339564196,17.08476239506705,26.28973763529227
603.5994196975383,185.275378900994,16.808459715216742,26.164023266277425
601.4632167675549,185.3265212555995,16.422336770404694,26.389317518915668
599.2563608460392,184.11618291476074,16.184762011415508,26.53536150825614
596.5368450949316,184.17656536267563,16.223266513203807,27.0239148091999
594.1376916401312,184.84325813871035,16.109313367262605,26.878510385823077
592.5294554035211,184.80030899422837,16.23453947398179,26.341477671216474
590.493902659714,185.28554780270912,16.995555135012193,25.693864497318728
586.1598392679316,184.8663914322798,17.48605530877459,25.315471439074567
582.8438278797651,185.00235606845555,18.09360346428856,25.23677139498118
580.3893139801471,185.8827827712025,18.4764209554495,25.232440883392954
577.002708598331,186.22243551057613,18.47302897402575,25.53873724704907
574.3162389580026,185.93572355730234,18.441980370160945,25.5091221273363
570.9451578568542,184.4398119330269,19.03895614820244,25.73693137022615
567.6368587785979,183.9482540988112,19.208306799527104,25.161486667258636
564.2257596224778,183.4286465996384,19.321548393322416,24.825897884094825
561.2444216814857,183.48898250836723,19.422559503272925,24.12305897765175
558.7615729787503,183.0215506922022,19.041646839468683,23.932266958889258
555.7470102303589,183.70862780419654,19.198640511758224,23.82624613677131
552.123715020964,183.77794956799312,19.408811538915774,23.258420139333346
549.0262858221092,184.04934793563612,19.38477068659495,22.986965562364908
546.4711214628703,183.21982241097857,19.467117170117938,22.933128728493674
543.4367514384404,184.1023516903005,19.21315290379227,22.804954978390107
540.6683099051033,184.07799529249618,19.37851735855835,22.564344175852334
538.7786006791682,184.05510995106326,19.346588325840052,22.958674327702802
537.2110460858104,183.41378965692368,19.186220837522114,23.153398780193992
537.0565971271467,183.34916782109852,19.10926460002437,23.463079048118683
536.3569026375517,182.41051201235982,19.008265672186077,24.095567209785564
537.2174446150383,182.2360459187718,19.10968313818759,24.1791329619106
537.0358520642557,181.7200953538876,19.34314135300358,24.61596307393689
537.0859843605086,180.8687606196965,19.406430132523084,24.47806197328063
537.3547456038655,181.08434772078368,19.71446557389489,24.33241982839162
536.9072489378533,181.03555395211578,19.6315795605021,24.317567859971497
537.9844361597734,180.69806969655954,19.597769338997697,24.610061978431496
539.1457506004871,180.86628767298401,19.53685157817587,25.059252317811247
539.771119238707,182.93770351925195,19.25948449617123,25.756652997559307
540.6681394875956,182.57710104949663,19.262594252643524,26.148830165120184
541.5918831729315,181.76892403840526,19.270724524374405,26.04859890879184
541.2546815287011,182.0123166716285,19.05782529494414,26.049259771667433
542.9413697723098,181.2882472862755,18.815917342196357,25.949259923904208
543.9240929679438,182.74885146134926,18.510360887375512,25.83981581402157
543.3768374383037,182.5718460891451,18.094261723839388,25.67609304412091
544.5338950741652,183.11780334988012,17.904485794233494,25.346041039054093
544.1761555865588,183.73860194669265,17.604196837508294,25.329513606705277
544.5463250690166,184.9945215949681,17.546581812011517,25.52130547279782
544.2294254223557,185.04628553139304,17.274636910348814,25.620620818989785
544.0640455612914,185.84934746972982,17.109517250582297,25.54549457625022
544.127590558026,186.32707487801378,17.207598435692415,25.588006883667646
544.6270803333093,187.88904321491904,17.24020791634529,25.4535683482848
545.0069054179318,189.5829293841248,17.170808024619625,25.06600438771141
544.9082318939477,190.65442069623919,17.062609235900776,24.765631169000255
545.4236350570413,192.43184634307968,16.776508229117947,25.016507118742688
544.6232220262046,193.2886670071576,16.747096473027067,24.72666602061311
545.7051538775189,194.80879116585675,16.582772145703714,24.726425056043784
546.2420500340169,196.61176986333925,16.322815930425136,24.942016838248627
545.8470227391158,198.27608434598395,16.26271844493654,25.17936067798241
546.4626875458597,200.81267397822475,16.052356434178613,25.48104980644512
546.433349531392,201.34491593725747,15.8286359081672,25.51391708180772
546.4104784502964,202.43317889094112,15.53092579555899,25.430502451067014
546.9635519669368,203.17128719801636,15.19107425492707,24.73671523402273
546.5396028532423,203.88506348595595,14.916142449013913,24.082261722970507
546.6363942923884,204.90227908366714,14.848978176168373,23.12625974965507
547.9682018282374,206.838842567239,14.434193661340007,22.97244902663668
548.7725563708977,207.20164495828118,13.918275537284828,22.962413085056006
550.4600220399136,207.64808312521285,13.565523325992562,23.607935970705597
551.9068919257264,207.79094172447364,13.358771908096347,23.74532740951696
552.9620313928705,207.26294912921855,13.52653838968655,23.799123440633807
553.9139217559168,208.21980229068132,13.66397189127019,23.77981401883899
555.6390299497114,208.3906575665544,13.577176228549806,23.957394808397595
557.6454811607828,208.87566829375677,13.248450489832944,23.976899983440756
559.6761862362981,208.75829752254742,13.146551142024997,23.910591697330133
560.2974522544563,209.11282984980545,13.232346880710136,23.990820928045107
561.6731943736188,209.61977807762108,13.268003250219042,24.02000062998372
563.1263395219192,209.62881958841345,13.13834097104369,24.225187070984425
564.4012051293189,209.78592320682475,12.864332975162151,24.477671351991745
565.4587321378162,210.2519841478241,12.759435351218691,24.579906183288017
566.5874839132487,209.857608944014,12.781966580856038,24.70158411595167
567.6582681720847,211.10082642220644,12.859603204251538,24.514077897207194
568.5177401957344,211.77499043364492,12.878139439735694,24.366462674356185
569.1959693516538,211.46823708186642,12.806864319196066,24.385184402861285
569.8629458224821,212.62443797334717,12.793751617064625,24.438195570415544
570.4572466085328,213.28024459942975,12.798375547930906,24.469807678167086
571.6216330209809,212.9709293901641,12.778080124768222,24.65889784997332
572.5854857625637,214.5101084213917,12.57562607783601,24.567659939037853
573.9659137748131,215.2494649796098,12.650327275703587,24.03841722341192
574.7097160202917,216.53805160087117,12.465205508936066,23.799320572380868
575.5205761024406,216.4423952461758,12.325735081424149,23.852953198258295
575.5963036494901,217.37165894778056,12.414090170969526,23.827180407017785
576.1475100454114,216.86040477420116,12.331496161933261,23.63602350721312
575.6599543238061,218.24061414852576,12.347618938609543,23.725616822544026
576.3771892111542,218.75958931314875,12.483188078593596,23.372065502048954
576.3249344879963,219.71848994537334,12.490860376839304,23.050157859044504
575.9991175929987,220.5895821417759,12.556901896937077,22.898494801841146
576.759256893298,221.17659954717305,12.631681618291177,22.782625779697334
577.2249059844245,221.75518142505183,13.000916849925213,22.49277451487988
577.250474531992,222.38314911352458,13.131548082741556,22.41739424314376
578.3465444274655,222.34236534330404,13.273654211976003,22.49697260499247
579.4907037670215,223.7547549105478,13.382304612835181,22.592907133606175
579.0968282045485,224.04276438487673,13.263199141311457,22.738167686863257
580.623393322867,225.05274859303745,12.905497276103869,23.21366359549301
580.0901753874317,225.9268656105761,12.823628326913727,23.167979375593617
580.6956936209127,226.58895392852259,13.166828629627764,22.71505587252079
581.6093526973206,228.1804732009879,13.087843573316473,22.9779397023155
581.9650061257194,228.44841721258186,13.065973152218252,23.226340562336794
583.4852884479724,229.1780621903468,13.059788228400013,23.17625210960695
583.5226940173108,229.45471868431363,13.286963068803509,23.143434953639677
583.7091144784212,229.93892176662933,13.436231416678584,23.27769004103005
583.6638958404044,231.12290548845408,13.697230363969094,23.029575855513514
584.2341326117144,232.16009135776056,13.711464968398205,22.819276082118094
584.2678051664468,231.84499865661326,13.80405469257913,22.903203511695423
584.3731917657329,233.13574912057476,13.93538199506732,22.78688751075915
584.6181449783859,234.01833981375816,13.77263229230688,22.778476973620208
584.5753769423857,235.96230802248465,13.736499265572624,23.12862868711821
584.8991094006822,236.0292009220344,13.512634665027305,23.197657601139163
585.4197656801044,238.42452922439574,13.441434012711058,22.979972340410576
585.1273719315427,238.48885960968272,13.378508027454764,22.947179911461383
584.8697812355742,239.68011532035518,13.380786563518496,22.743896795933118
584.7096751237975,240.1052547231883,13.53034127154607,22.517385187399015
584.5052678259123,241.71618126683947,13.691708346822317,22.072834365263855
584.1264911877242,243.08023148921598,13.812076168829718,22.021689858850124
583.299264356981,242.93702084796,13.88856659732209,21.941835264601536
583.0865038792389,245.06503177217695,14.275726402034874,21.636289108916685
581.8228055188483,245.15275667369133,14.502586490278114,21.480895998771302
581.2550150941238,246.61209617933108,14.685176450178002,21.166446914554808
581.0818980799457,247.1605106114869,14.75057335990838,20.965141479160067
579.8846841770701,248.48807740742706,14.718632213862204,21.08016140977123
579.1674714748115,248.49874308645593,14.719353599786686,21.238412632637527
578.867779194066,249.76871985759664,14.657340644550226,21.365444125298737
577.787971625523,251.26027393889495,14.72895071571814,21.51202160303718
576.6260380102799,252.64031222408892,14.989573126563297,21.69603015380402
575.8918688147286,253.6600310726409,14.7606209779245,21.775599805714386
575.3407310494819,255.40573846979322,14.417309111796119,21.79774482967754
575.28209504614,256.5124399855758,14.27559950317514,21.883868251130544
574.4928538539209,257.5768289667051,13.898384112726026,21.971499495262336
573.0630927493944,259.1154051416313,13.784158591523909,21.598751499505436
572.0661610391853,259.9220743109631,13.565405329889423,21.472500410597632
571.6558545168555,261.0338994918608,13.363773325072541,21.480969132206795
570.6131449778421,262.5548412962128,13.433183310768257,21.351264755146445
569.8487207601105,263.146268774984,13.592740202270877,21.20067617600685
568.8510014890626,265.47869617928524,13.753874292424381,21.063168932101522
567.9042268307174,265.49884141789664,13.711357100821475,20.99444218154232
567.4055724286397,267.9158262023591,13.810078976132552,20.980206232307417
565.2436771534689,268.48855674749484,14.016405460922513,20.667888495498175
563.6371775772749,269.777674255698,14.073221847349664,20.260640846721742
561.9365146326518,271.11811251368596,14.424731128167055,19.734029257656267
560.6512180050944,272.36652468082923,14.726025114559256,19.516476049163234
559.0075529581505,273.6650960224077,14.613326741268624,19.422144797891043
557.0054667481056,274.4885476257411,14.482107449169701,19.255605317840192
554.9400283554507,275.2395888784559,14.54535108247141,19.3561472287619
553.1482506643043,277.40863123719913,14.44579861182849,19.486271301100793
551.2736660389469,277.6350166805414,14.18619119780952,19.860173683688085
549.6138042406991,279.14489569292596,14.119771825173531,20.115155878035253
547.8271530214433,279.89066417004756,13.913790740125553,20.17405887759611
546.6728238163103,281.85847611318616,13.830445852585866,19.865265092332017
544.7416287673522,282.7665833008851,13.825926208146715,19.78627005058283
542.6825833884238,282.8839885646756,13.617507490295361,19.663191365162135
541.3702468741229,283.54904642707163,13.401749305518255,19.46609174983653
538.5337525446629,283.8766709348045,13.267624316977404,19.36840675452762
537.3255984256017,284.34356766363356,13.275174630066191,19.539471814516368
535.8262056232031,286.02649890944815,13.484466197235168,19.620471305232766
533.6784808783699,287.2018508892363,13.640228625591723,19.779026808012944
531.7673468059031,287.6208109609213,13.759915841722982,19.620451020703094
529.5090479194516,288.4635924235583,13.827656307191756,19.570381016304637
528.1360217920449,288.7743962838299,13.905390767205414,19.330117047907148
524.8701360544492,289.5282912948063,13.804796061976885,19.422826894347274
522.8766340034855,290.13442851338937,13.832024000803157,19.583192113248028
520.7683809549778,290.7477543746644,13.979107852792822,19.328748234955363
518.4452390688598,292.096549272523,14.061651848417457,19.500891534407206
516.5441625141691,291.94793999061545,14.151207349232598,19.495211363414313
512.8468806547121,292.9641067036697,14.303322738221226,19.76140637015188
510.94375550734804,293.6963300920804,14.412854101751126,19.783171727691794
506.9840275420125,293.55467449402846,14.406362843091195,19.870528064538924
504.8679918369384,294.9395511681092,14.451044879460083,19.88803739452389
501.28683083756243,294.90981262862465,14.472681796730036,19.54204687386249
498.05327248648143,296.70422895015747,14.588944102072025,19.80398994948588
496.4983181005278,296.853254217881,14.907173014817868,20.313858081832162
493.8911040261439,298.6691591198617,15.304904519756253,20.6406156587758
490.7426321851935,299.4590593303089,15.578173713589493,21.13283052337341
488.4347295774997,299.72553442182016,15.830835961753051,21.139114084495247
484.9821429365573,302.15132263470616,15.926426533371707,20.930544937165713
482.3533935127344,302.39821663751843,15.96776269943792,20.793192766902585
479.59425818282426,303.36586628246516,15.96754304477447,20.55136240534621
477.3206273422898,304.7631645436998,15.946126346784592,20.198176662829944
475.0723021488975,305.6589795661982,15.70550304048443,20.092926527348634
472.5999884349502,307.66327270052886,15.719330507288948,20.184109374135275
470.0244022657406,308.8950464857084,15.517269508305871,20.333037198978783
468.05381092123787,309.4223613454247,15.361483546493469,20.327647472641658
466.01557641546174,311.2030017313086,15.251149693971051,20.479587774024438
463.6512452829381,312.07760487152046,15.424562268008764,20.69608963015924
462.10139251049355,314.5071408409731,15.426916738679111,20.705249941467663
459.63447957597214,315.1696776420608,15.290627518305438,21.19659915938344
457.62035005488644,315.9426362999282,15.067154687918272,21.836213936696726
455.70969583985544,316.87232332582107,15.066368200682835,22.40262995639837
454.04527560672415,317.23205950241476,15.158481906081171,22.537450830406762
451.8687470708377,317.6063372148582,15.232137675516523,22.81436220525599
449.9524435419132,317.4027162807225,15.30712034562434,22.90209534216222
447.75401496104536,316.90611589747846,15.586506766088071,23.040179324077542
445.6085589729754,315.1930408234031,15.617203936624993,23.117494003936024
443.4299191031723,314.6307740385948,15.902714915549971,22.802566938367455
441.30754151604884,311.9603261820839,15.886915299300039,23.015664570944907
439.20316832704674,311.94739212257974,15.765785254422248,22.889265010381123
437.08750464729366,310.91098683213073,15.69846616388564,23.077596664620547
436.2804588866384,309.9522882707601,15.635624158203267,23.232915144516582
435.0462968952516,309.2492194972658,15.707446599839255,23.188658418700925
433.6450531099996,308.9066748297746,15.739480002023635,22.983199643675086
432.80942383665746,308.8405654804289,16.028642854165902,22.603116539731367
431.924497594053,309.0988403515816,16.190336035709763,22.253075382640503
429.79566851745165,309.49124766097265,16.205882982857712,21.93015578267439
428.3217485168317,310.6639337826706,16.098444206021494,21.61489723633049
427.5218247833917,310.79507449116505,16.053610934452305,21.350891803420247
427.38131485654276,312.0135604986131,16.35235631171139,21.727366548701745
425.706215106124,312.3432528843079,16.720873273562773,21.996463534953044
424.8612082283275,313.57643537744303,16.910149004444186,22.677341571601488
424.4366556660437,314.82218965955576,16.72338262327449,23.28052738336781
423.414446889303,316.55504080535576,16.112434948102926,23.99070886175689
423.93416761604203,316.6421588644018,16.215379454250083,24.19042239061454
423.512388927656,318.56694186724565,16.318141635919446,23.829452824288392
423.0481598010222,320.48982074938056,15.862127042202108,24.0287213623562
423.2272147849761,321.02011798886355,15.294377912469095,23.968073716047144
423.57041128450044,324.7704118675928,14.774955971073965,24.683871799958226
424.0340731542788,326.5723149210006,14.543965580268257,24.998182739498812
423.5636787658608,328.52666787062816,14.360832485919026,24.92182900165119
423.93974129152895,331.77534563491594,14.144030100750875,25.408463188651773
424.499622119921,334.41060479040647,13.788109655762552,26.50572937779284
426.01769054330106,337.3813540089644,14.0871769334532,26.550835631228622
425.0141395110687,341.2153505801657,14.64238686039034,26.209452100337344
426.372378200721,342.50829809205675,14.677263460196569,26.2837867594776
426.3496153568547,343.74153524162955,14.73125745548387,26.168152790455864
427.55850191118776,346.09674940829467,14.58266011471634,25.317990904192875
428.535349329697,348.3189246215854,14.240257997538887,24.614794909908277
428.59164913109674,349.75019579138706,14.24413507954807,23.814939728889534
429.4317355502561,351.1217903273803,14.015917321261654,23.67668630296004
430.3123330874304,353.38123767140877,14.30628741720126,22.962979317082137
431.5602475639566,353.73091136911034,14.245810551169752,22.561818492085017
432.05923234166755,355.1410546221452,14.280231471020915,22.39155353905482
432.1326782453438,356.5734974126593,14.16438357129583,22.866888409381488
432.7856947843765,356.7965825246802,14.218465186872121,23.51112984839522
433.2373376003922,357.6455613122269,14.614399282356853,23.619509987497015
433.631850742187,358.5097776809711,14.525663738303647,24.05333492136481
435.1183344698987,357.63085466806115,14.631147439496399,24.004958627581765
435.33273138966865,357.95800468049833,14.819094482353176,24.794316716187062
435.942547305343,357.071256898011,15.074716471423834,25.04273505738398
436.9397211742163,356.7824560164204,15.377118563923236,25.40340488144008
437.0216640141544,357.5957193384015,15.47633729302635,26.83878147577431
437.55909543316454,356.3435670254678,15.683758714802245,27.656528927912888
437.4457038164048,355.6285156896221,16.094415720942962,27.664224806963617
438.8601914749171,355.2818902535497,16.220981776217563,27.32233695287386
439.06422252691544,355.9977428629878,15.947845589011747,27.34403210745659
437.5709331403509,354.1647087779678,16.242983541446893,26.915203484131133
437.77427831762316,352.3282005642596,16.438362147569034,26.513621122332424
437.60739565357994,352.2314588150805,16.53367004922667,26.57545681035068
438.1722044412055,351.8013809829587,16.668991901351284,26.870432113323456
437.4268344762771,350.7485989537742,16.896624531403365,27.061819588402244
436.71281263620085,350.9627298176401,16.848039431190998,26.985581313190913
435.94702179720105,350.1607272145155,16.984454354467978,27.217249297340793
434.94217689073724,348.98178060037026,17.11240657755945,27.723985098797073
434.68699272387187,347.06106840000905,17.366887700921048,28.287027436607527
433.5311345359186,347.0306280854938,17.430497597182836,28.754962519726263
431.69794325040175,345.6896843345628,17.719146460788526,29.129706810223567
429.67527267980523,345.3031904750471,17.84815488027136,29.278417295177555
428.3873355457467,344.8596481745246,17.590747869778244,29.381498161633882
427.13940679258536,343.18462502034333,17.68890458951038,29.87455603997324
425.31775633639614,344.26042537513536,17.64388128886079,30.543167217748813
423.0159045927143,343.511583995103,17.91173739844734,30.28345375665257
421.6009685117075,343.3169476359092,18.010512815923718,29.73830827359368
419.2083783053523,343.87189435480553,17.985487292202187,29.976338949074645
417.08257160241294,344.17519343229196,17.831303693381216,29.925978372493727
416.00664069774047,344.6117711758523,17.879411697565583,30.11531203732769
415.77097717491824,345.14809432665487,18.306335264706874,30.196080938817126
411.55096808474843,345.22779124306487,18.318330106728553,29.831669747932487
410.15861911947536,344.1159878705939,18.246665456021635,29.654242852966497
407.77445712340784,344.4263420275448,18.228651118841544,28.836114374121934
406.7817676868842,345.0780842624435,18.79755040433383,28.029209163958622
404.9245905857911,345.216258905332,19.071071753202766,27.394103902219925
