747.5,457.5,11,37
748.0180342678651,456.64704084076664,11.599083088949305,36.91661239309743
749.2212909794754,457.36448147090573,11.975526981173694,36.76703961308199
749.1137323477527,457.70543946191435,12.35158900446479,36.49879327685113
748.9576218731586,458.2840211805923,12.68674637044294,36.20495019014218
747.3981594274418,458.6927064650282,13.075006531804469,35.92063558240241
746.0191209395111,458.6038426972635,13.392725822576836,35.75762616252755
743.8919100434426,458.93982016700204,13.500737149473256,35.70295265997055
740.6029065466001,459.88017839712643,13.68747207513455,35.560256739005524
737.5043285371274,459.40093362837,13.906355179193483,36.11778335752159
731.9562426713666,459.8840818843923,14.031141908579052,36.63893911407756
727.468840659673,460.1712500525444,14.095494042928,37.1779039357247
722.5896900169562,460.2122970626002,14.123007097465708,37.390476474117065
717.728420668338,460.8778797305068,14.108745600915512,37.35442815891099
712.2449023899948,460.8006071733421,13.964388229073968,37.47866032717412
705.3406846329211,461.5642340446243,14.821353368160283,37.40428875528687
699.0027783301822,462.6171538080497,15.112674053167048,37.63879961791666
693.0306162949522,461.9255375054419,15.052931656341736,37.5458951810866
687.2685041878427,462.6831689211989,14.954435152177023,37.228603097520406
681.3732818149624,463.0144415211698,14.845798667774083,36.9853635797609
674.5146543830407,463.2554564533922,15.450871868104263,37.043656436320546
667.7425541902112,464.1708768069485,16.04329574924663,37.02007207018852
661.8631112318034,463.6751890063783,15.946441118882207,36.96397579041613
656.6245549313941,464.8018020703199,15.710986390294009,36.67986158193599
651.5928828625313,464.6901732193401,15.529570968388178,36.61389197705275
645.6432194697503,465.4553741553285,15.29200162052734,36.563954801960065
640.1193739316841,466.35143015039364,15.345308884708988,36.38263914418914
635.6255328475172,465.74625936040167,15.234073091922355,36.35263262351084
630.5262030767808,467.73607220787676,15.153743795199329,36.48186122238391
625.6320617995917,467.15260648742526,15.14403459695287,36.37731961316948
620.2531192594721,466.8882172936244,15.329643561774688,36.44736685610452
616.4095920939981,466.63899979525564,15.626398095664634,36.36660969128191
611.931436404768,467.3013362546589,16.237620515384567,36.37130178750531
607.2226001753893,467.9237151351917,16.412931905416265,36.28450897127923
603.6348056817384,467.55447525374086,16.64137543068197,36.42446148150674
598.4371815867827,468.4956390765608,16.80186905821555,36.47251000793268
595.5703889319533,469.30047349220274,17.006075000045847,36.65807442631302
592.6968610142508,469.17931924064413,16.965349596895138,36.71813614009405
589.7588037106686,469.61904003846064,17.221281689868725,36.80575242820054
587.523579910546,471.11565410601906,17.194868309126317,36.81692621530962
584.6362742530587,470.7263096035333,17.014794412919397,36.9753815057006
582.9222096269636,472.5957501708391,16.79986703402111,36.98761974631798
581.4574396687034,472.72902005887215,16.552014467784108,36.81624222780395
580.4601291303132,472.65232900484096,16.295785105492673,36.98654812480132
579.5925219850008,472.9998854577285,16.17187735823028,37.13811955568855
579.2959009479047,473.5757431955107,16.010180949184186,37.10513426754015
579.3889327949969,473.4161189363744,15.894533958819812,37.04370553280493
580.5682129409906,473.41494182525275,15.763780234978118,37.16676100101178
581.3714740608322,473.5318747647149,15.9837349268672,37.24285673908041
582.3921121008392,473.7931382482946,15.883099296376995,37.35557819454368
584.8339371348544,474.5636929512055,15.832667326033222,37.733486699679275
586.6973553779522,474.543533823253,15.90498726722101,37.8768925894325
588.5820515099755,474.97336323966243,16.152703443573778,37.952973273825464
590.8737061633395,475.33006514847744,15.848917509495807,38.17967322549787
593.4690019250941,476.26908041782053,16.081122712213617,38.00065115162493
596.5499891595011,476.4100083186963,16.259604252310478,38.01080410746458
598.9807867790855,477.0984098101953,16.54579229256059,38.21875296887272
601.706317489788,476.2790138099329,16.657342451050653,38.55792410262201
604.8281243331154,476.0039549869416,16.607224037986143,38.83530236800648
607.1050617468126,476.425328506902,16.753227903218768,39.224379845335704
611.0152440732327,476.38010279159863,16.567384257916228,39.35191097527997
614.2979309058694,476.3949362230128,16.430564173880573,39.52029654856511
616.3769586290833,477.1241955335505,16.55827914371262,39.08081779679811
619.8595100492195,477.2417899896281,16.588265357547893,39.314467844575205
622.7879363565924,477.40112179725827,16.60575566119808,39.18826364868462
626.0017621299971,478.4245039637689,16.67090148911401,39.39636210100264
629.6343043318116,478.80566182665825,17.008815819005658,39.26329231209455
631.7571480972836,479.1022369419874,17.031691558630317,39.606997636016914
634.4012168143313,480.22602093120724,17.364691266716264,39.969229281066646
637.3307905522374,479.4128241808471,17.642464719859174,40.174080137286154
640.8811353615044,481.0096584375582,17.880475872656966,40.63390908136836
644.3165266908354,480.0701263773502,18.293584891851516,40.86979950717366
646.8264344671665,481.01715867287663,18.58545585499744,40.799336877256664
648.8684399899973,481.7461694664707,18.766404144662943,40.81526150379076
651.6505147972576,482.3429930485855,19.011449571798657,40.758810522765785
655.3206319079746,482.70731756973686,19.469032103752234,40.588673452890504
657.1944894617224,483.43403267238426,20.053235235850188,40.00765730008205
659.5941404509131,484.19872265893355,20.41876871050227,39.813302279872
661.4376017087521,485.6052946857687,20.610440354903982,39.708508169362716
663.950384799181,485.87693295059154,20.9255986422774,39.655787313554704
666.0955218846574,486.7006388083262,21.17038535389325,39.52997572530552
667.0733342368078,486.45838772738267,21.28315554896055,39.842058622279936
665.9355923861907,487.7857158307717,21.114451609051102,39.646823096501606
665.459573456959,488.05940462529804,21.516894111526813,39.405317977589434
663.3507742557335,488.1507417704806,22.059577200257145,39.17303090432881
658.5963458330592,488.9523027701467,22.36499814777858,39.08586375710082
654.2882633379455,489.21492615041706,22.87249862537179,38.77315389779565
649.2377567337584,490.3070254833738,22.995072502691308,38.92962963221165
643.147594513924,490.4053305395657,23.483750366432375,39.075073290846944
637.7696828231893,492.02774973061923,23.436363489417822,38.99901189772303
628.2479827749663,491.5356327086072,23.517782766161723,38.800161453832075
622.3270909352885,492.85631867151903,23.577252144980058,38.47801007091607
615.3726678776051,492.24925358524,23.892337769929558,38.15357031625851
608.5687194771117,493.05885453359184,24.32918545287439,37.64277436724012
601.0041198962333,494.0771320247237,24.504702668830358,37.387534830876405
592.624805506555,494.4901224918332,24.761971508611644,37.32549822448864
584.7291215297131,494.5310051842794,25.26058815003969,37.393608078133994
577.6606453788635,496.14526642476216,25.641844155047036,37.651373667847174
569.1314127034981,496.79474897897256,25.883548488932185,37.72026172409929
562.9528214366077,498.18528312627035,25.675023815986926,37.90434855416795
553.0573454699053,498.9882129555905,25.622860896486372,37.74334041320506
546.4749736894677,499.9308032684074,25.704377299768836,37.757751591121995
540.0358047553638,500.82929401874856,25.78391946790347,37.76844116053853
533.7438429284136,501.49014507318515,25.919337720192303,37.73082802089592
527.6312790450091,502.9218461571767,26.059916536805932,38.02267377962494
520.8274765276425,504.5262964262442,26.001832103155596,38.334347572773495
515.8256341273027,504.6216489265837,25.988362210231536,38.72673967235228
510.9679566088908,505.7854991965455,26.3418617401584,39.03448997242509
506.70701444807224,507.2429815178396,26.709205046170506,39.184608118304304
502.2833324140919,508.04862952640207,26.67142297307892,39.64727526646253
497.1854587726771,509.05359813633044,26.540164869556,40.16917741733339
493.76851353938014,509.70722403432006,26.553945968779317,40.275712986313835
490.32031180704286,511.6778695818282,26.603733642133097,40.61244990261962
486.6811573973548,511.80590614081467,26.76791577922763,40.733794647061934
484.8321184807369,512.9963853203567,26.863787859137105,40.820848859312775
480.2550730761122,512.9442802208243,27.97607149370394,40.674529769131766
476.5806708984177,514.4407285861773,28.087669390047473,40.81000403871565
473.71005932961475,514.8379344522024,28.319418726994144,40.99316152911585
470.0055834092145,515.0440703492353,28.80550851487711,40.98482385618201
467.03362139367783,515.9655936215481,29.219402772238325,41.63900116562124
462.47890662347055,516.1673062782227,29.038052245209126,42.03559970605109
458.6022169002309,517.1290282520262,28.944694306892202,42.093111597601144
454.9906624209654,517.6279037239956,28.63979432758753,42.48172666337442
451.78746869336044,518.9176422639749,28.78585778148518,43.15954066198322
447.36665752791066,519.6222818471073,28.556696497272497,43.96372408688981
441.860782652981,519.9558120024674,28.11210259631388,44.46651949001403
437.46888477867554,519.3421988660511,27.8691020039824,44.61494270040756
432.5834514255317,520.4849605189041,27.392965154972323,43.721777459353035
428.7314654854661,521.6907538209136,26.80181393482267,43.377384840319245
424.19251709371156,522.4439050856428,25.958740755258056,43.197177415078514
418.3081278161193,522.3885296538144,25.070953644243872,43.66277934580141
414.1115247117249,523.9122936202466,24.69933212476125,43.68248187596514
410.8932876008095,523.7592390123539,24.1094615704384,44.39826314341866
406.44219973048627,525.2986734258121,23.86576138029878,44.823241200276044
402.4008473603062,525.5997053909543,23.80143433660124,45.41536371904256
396.5916864937138,527.007803551433,23.707434788353005,45.75788574563462
392.72164848731717,528.2997338352881,23.850683770964363,46.342818856208105
390.2134065642785,528.6501549559853,23.874212886054096,46.64048220715989
386.0971636683607,530.0527220021734,24.526672051302896,47.29673980217695
384.30861987256816,529.7739121120383,25.133572455693084,47.5861949477425
380.86113266168394,530.5375346527288,25.3893681245623,47.80948392397863
379.282132141836,531.4365531222548,25.844017666608167,47.926788242975576
377.0360919827414,532.116950188346,26.236956863886583,47.91811462947769
376.5107126471768,533.7295659771963,26.701515476555585,48.16574076547637
375.7683941036548,535.0605439206828,27.05150316765687,48.931989414941384
374.98303157003704,535.3272246323133,27.396406620626927,49.30411499262249
375.0546545549502,537.6738431051034,27.268036917742005,49.93019014268452
375.323393488192,537.3051459169909,26.55736841283551,50.738824169159045
376.8482535090359,538.2264534713072,25.829658173012334,51.497488557672995
379.8904353121905,539.3795999122351,26.1709942775491,51.921212384191264
382.9624633823829,539.5242214089199,25.952847179522657,52.055840401363646
386.15228393543947,540.0001083183852,25.83047640956066,51.97929653715251
388.21387521731407,540.6528001096303,26.193621970811467,52.249688577983754
393.2011629243775,540.1153170575781,25.452762567731906,52.668894930291586
396.57793233402305,539.973576815045,25.17753957867159,52.9496118597396
400.4118351346198,539.8080626867518,25.234603228729313,52.94028030931158
404.26256512630744,539.4056459592758,25.438037120476064,52.65779915855065
408.62125874474197,539.6577734457828,25.16084210620228,52.548958925383864
412.3285386232681,539.1794394254305,25.03524519018385,52.76524918231323
414.95381931917353,538.4844285789562,25.233870123446344,52.87219578103867
419.64174082547805,538.6776391947895,25.1437879903539,52.88987830532311
422.7360010795488,538.9820013411309,25.649917655399534,52.25159548070047
426.18036184282596,539.262086207813,25.499526969909713,51.83586265808465
429.3183354443926,539.6525055987333,25.1798194670939,51.59546819072386
432.18577669762504,539.6662308351112,25.321922033718586,51.552390574063665
436.27056046814624,539.5205921955614,25.251500381958454,51.537532466934394
438.5221937511274,540.7424996317635,25.644491216508804,50.789429684068956
441.1358245690944,539.8910403314208,25.616064476662487,50.951822609934496
442.380996162418,540.978316959115,25.58837707271478,50.8802268416524
444.84611682559574,541.3599936662781,26.324642990469496,50.88488958686047
446.6157242251486,540.565204584218,26.561663771808078,51.239256378605255
449.2614060361121,539.9124813519545,26.914885759317098,51.38222439617182
450.6301328641139,540.2382929858801,27.16654686466608,51.35349791882499
452.97651120425843,541.502416017174,27.29255916249583,50.91279439011161
455.8566288501778,541.1335136637979,27.14099267482585,51.050936554520895
459.4524859207099,541.3629562738394,27.02563065320753,51.16697902208281
462.58666616990956,541.6532556744255,26.943664369438196,51.53516987707289
465.8677567465546,541.8500123207269,26.728289265495057,51.7996003100559
469.3204641996712,540.238785581285,26.748625568520872,51.719399999419366
472.07080340568575,539.8880228809313,26.697450578275273,51.67967703091003
477.13759366883806,538.1901132247033,27.23135719644089,51.39694943784836
481.3725294224942,537.8527526276563,26.87528859897963,50.982101063308285
485.99417993304843,534.8679703764395,27.06508732457533,50.84747473932579
490.1766059196216,533.2477303996657,26.650245174274517,50.50529616359198
495.03595046869054,531.2925474834323,26.297597259608253,50.27758664434362
502.4543155706336,530.7607582724441,26.51847184545607,50.23442518766538
506.2673524058787,529.0762884174699,26.57755356665897,50.18524093711909
512.1292567301781,526.5388046032574,26.3584913551329,50.214974362205446
518.575586604841,526.1451807509927,25.96368393124655,50.39035636744336
522.6124505089941,526.469966027075,25.659236556595097,50.240676321546474
529.6133534105201,524.9189277351957,24.958458051516857,50.87068936389278
534.0886479081821,524.8436579007804,25.497280410257705,51.61049414083182
538.9120726514024,523.6352470439844,25.5774597705579,52.06444883286332
543.1938080632879,522.5859892798036,25.628383134714134,52.51589323810167
547.2471483664111,522.3697193377816,26.037940741052974,51.73985298584638
554.0558190954033,518.9822765733924,26.31712657341299,51.38870997687461
558.4623816090855,518.5185574660115,27.17292110934205,50.9246225654538
562.8496253268377,517.1148139269543,28.013013828256554,50.02967438851763
566.9531994942379,515.627131577601,28.856532302538163,49.45891772835286
570.3651076434819,514.1394986321249,29.32579776445653,48.456232807918965
575.5259871658467,512.6937286158982,29.284062294556147,48.56958151232352
580.3743582955456,509.9576494452488,29.243514722048157,48.905382069351035
584.2330844952407,509.69074103538566,29.16773970226577,49.12840462499928
589.2952494292998,507.1763535987384,28.89096880936742,49.371362828829604
593.107017391794,505.949720734265,28.422285274668525,49.749945368384395
597.5302401501048,504.49080312111323,27.900795698293496,49.97123499379673
601.5764836056067,504.6228538019479,27.55829782003508,49.737132424462814
605.4502113467563,504.77458577138714,26.646009268888086,50.01276331275944
609.2005582017126,504.88111607842484,26.08992996937574,49.601100171304125
612.5369350390151,504.44006216702275,25.15324072882234,48.76785569727902
617.141566810531,504.3528641068015,25.10166818768262,47.38630105688014
620.8835738975433,503.5902828988927,25.18578927519362,45.653092834804056
624.9550260462645,503.32087122764403,25.48026290743883,44.32733423474309
628.8108776495669,503.7265603341389,26.186481720792443,43.54193246355393
633.4931459712875,502.4854447157741,26.16822899001,43.75067494028907
637.2627854379631,499.6227556680372,26.304761347399804,44.1609046821862
641.2214497308158,499.3410283755582,26.643229194189505,44.07347910919665
643.5954802364165,497.7965993141069,26.61571013702865,44.341849971280794
646.9230874667975,497.1691700918673,26.83120652602871,44.19316017509848
649.3418640846224,495.04233847717063,26.861569874393687,44.2814944249996
652.9038360241026,494.2875002874181,26.674982467448743,44.27736911058831
656.2140358247524,492.6521876547964,26.76946428628451,44.56720972121428
658.6638196647652,493.2929802044576,26.61300583248559,43.94524419167046
661.9347794471709,491.50878749338284,26.61328015729233,44.2003659591111
664.4427685195055,490.33334362264884,26.555126242817163,43.85278859170762
668.3674345816586,489.234777465676,26.35912110673118,43.28268491131429
671.3073129968346,488.4215687236215,26.68880546137658,42.80425472582187
673.9919233904263,487.4445272259369,26.979050940825267,41.94971536096161
676.9999559970263,487.11340386862673,26.750729296045883,41.57988130604305
680.1700440532906,486.4209342954932,26.905729498824833,40.86424715099469
683.0758924511233,486.09122856562726,26.752746043918744,40.4770991577161
685.84384609906,483.2685560885578,26.634502322264183,40.32803579047442
687.441836070693,482.14436995624726,27.748925249176327,39.90391626623134
689.9321599121661,480.5377298661706,28.107573907172583,40.151170617069475
692.1028779950035,478.68630734119307,28.785136841229114,40.013009864870035
695.9128732349232,479.1333891032473,29.049140463867957,39.28885993240869
697.3745680727919,476.5801445967078,28.991341360487546,39.990975776542435
699.0306979954647,476.7518366434165,29.24203141100055,39.5511032892818
701.237100154707,475.5578959667558,28.77740323806971,40.2361050945304
702.5292570649868,474.6248577838205,28.252718857817534,39.70062663747919
705.2958673265694,474.4315789013772,27.835817991024655,39.31707969607848
707.6308579926971,474.8416413143979,27.437444534593222,38.99087161999121
710.0526002339776,474.47160581053635,26.724871879119423,39.7021381783499
712.7257810128558,474.4119686594488,25.98115810273525,39.81848154970936
713.7778765245585,473.02482498146253,25.661170727897073,40.3830397110407
716.5201221328551,473.22559442761144,25.12960185551158,41.09114010573779
718.0795002605944,474.51359961437925,24.80310195531856,41.34472720534674
719.4968344683822,473.23209390835865,24.530419270867846,41.817663601366206
722.4848921648091,472.97869694812726,23.829748385612966,42.43080902406875
723.8263943484083,474.07482221443445,23.387259727337966,42.44495387910383
726.6093096505118,475.0333358934925,23.24005495473478,42.36022015063408
728.3293566244131,475.3392171835738,23.14180890350815,42.579782386221616
729.9988846345118,475.5295195303202,22.95458904015603,42.79458142359803
732.7829607422565,476.36488039842885,22.747989063130866,42.502930803828264
733.4552794379046,476.6497829701357,22.868812449117485,42.61118827819335
737.5342962329228,477.38906888457467,22.471052315654518,43.123603750188195
739.7895630147472,477.4310081170591,22.340534602072985,43.4204945379964
741.6120388453389,476.8267903955318,22.33334882528884,43.532329329309995
744.0085848923359,475.8916437251234,21.930953256868605,43.99393758196912
746.1033199039839,477.10801713237254,22.113399050833237,44.214012308303374
747.847942128807,476.0760106924498,22.28052524098826,44.54850403279147
750.6118145554009,477.82035002692703,22.49294848243548,44.3414151103123
752.580300465265,477.09480702450475,22.675519738268488,44.17194940979637
754.0511445855384,477.3509356027078,22.794917198710618,44.33440240792363
756.5756499105914,476.37821172233754,22.738823132619505,44.578161640603255
757.7622928716951,477.90092340121623,22.650454803414604,44.35363753096914
757.9872888017665,477.45228490799616,22.53514296408099,44.776046488053275
757.2969594167512,478.24876596058823,23.09600809254414,44.74599875435953
755.1521372303375,476.744663102954,22.987225455789112,44.8435740050742
752.681402442383,477.77569238566076,22.397079774434847,44.69255562654271
747.3581670482617,477.09123681752493,22.434241366205313,44.49611408451541
741.3396530303239,477.0739542230806,22.53678492026932,43.93729029873745
734.9235688899762,476.1764330428147,22.461720916419,44.09951288750257
728.1269085604366,476.6828613350731,22.25019958025893,43.829768986282005
720.4588334024996,475.6829019569399,22.311700276076543,44.20821586068195
709.2421980102071,476.95905617551915,22.069634222893335,44.14214113476614
700.507594978659,476.3165013566221,22.72889041111139,44.391621619308594
690.4166689883122,475.90723460263683,22.896641363362775,44.76083495997602
683.1517761706776,476.2888419133258,22.379839054600936,45.15478670040685
673.804694083939,477.40193725575693,22.132272728810698,45.11489581641737
662.3924364343678,477.1495719628311,22.185162509154285,45.02159339130945
654.9043417608368,476.729459684328,22.070594486221058,45.16645001599597
646.155111042654,476.7526756329279,22.513004668314444,44.90564993935574
638.8882584101231,476.40769129043025,22.25351993093477,44.701635796687604
631.2820683410122,476.55945631180725,22.556732779422703,44.52938240615046
623.3692065286482,476.54879555138353,22.60978756564973,44.336625292020614
616.7909364445912,476.7778905983577,22.688823575743555,43.69030958772066
611.4104647188617,477.24182451187795,22.5429658034477,43.32588637509054
605.8943443295345,477.4035243917636,22.834873978647387,43.082718326587674
602.3794567298378,477.2392670270252,22.69683206225728,43.481873523171814
596.9473347416485,477.0370902561673,22.421337002075745,43.60516547516977
593.535291598146,477.677632755937,22.26762482716663,43.37997628098928
589.678026710006,477.25133865445696,22.26029943987252,43.67104992754142
586.1452342039636,478.1502703563132,22.210499396415265,43.43194382897424
583.2947338193381,478.6652995498122,21.864306161607317,43.09804742737352
580.7530038050933,478.709440876904,21.648933296725488,42.7990924691557
578.4138111571209,478.43195489334937,21.389603539111864,42.49456164390652
575.353726283592,478.43373468186417,21.73177007038003,42.47228874534016
573.4065131582149,477.77784786365,21.747367557172232,42.49777936556368
571.6412974093779,478.21549796568434,22.061126872763275,42.3169968335569
569.5247233865285,478.24235446447204,21.55420409860716,42.607627319429554
567.4410287775504,478.37328021030874,21.56246465063941,42.54011902212166
565.9173920085216,478.7329998807499,21.4901428994667,42.48209829801104
563.6421325187828,478.56632768885254,21.57308728253935,42.37204498101919
562.507157581972,478.2030046787724,21.78361633210991,42.506635322811796
560.5529474562629,479.6962372694651,21.892305090531885,42.121253658501075
558.3496457260619,478.394921675771,22.10839494009408,41.60002687088312
556.2187119857541,478.2811571441929,21.844417846735087,41.852404801247076
554.2276184329968,478.3674175211621,21.683586229715523,41.87197417120045
552.0325388775865,478.87292106658856,21.831488222310995,41.654793660395185
549.6840851221144,479.0055289600083,21.28481300773028,41.85713414153243
547.2476910637896,477.88852840497407,21.52414680156496,41.73047517545958
544.9022420167987,478.13953549577644,21.249803463356745,41.31323561468584
542.8896094734972,479.2755102061827,21.275720147936454,41.230850183512594
540.5721151058998,478.4747299222034,21.00929115089259,41.36537784207796
538.067088787829,477.9197481782628,20.781112128098535,41.5962381462127
535.3309933908033,478.2391130554065,20.948507180114973,41.271229601689775
532.4233316575983,478.53484068121867,20.68533943558761,40.97913954271725
530.6567890390803,477.6130784255943,20.246125096817806,41.13590029053819
528.5044151843141,478.14535773846006,20.024204257766293,41.21934440852776
525.3370534497586,477.08542625127455,19.944343567026078,41.63166722844164
523.8360722822754,477.429001978795,19.885145099151522,41.776093432054026
520.9520428728574,477.6490195021871,19.602587176806995,41.85695631016986
518.3560918957767,476.63174271239,19.750157103533247,41.73930394570281
516.4469314983868,476.55552036854283,19.802885323239767,41.462207641613944
513.6573271139797,477.81952309123005,19.476665205640263,41.0654287358513
511.53526080010766,477.72767792156924,19.236357506693697,40.824041308992996
508.4617343302668,476.6333429434924,19.619612209528558,40.95809767490623
506.86804426536213,477.4261478338652,19.69997720643377,41.094043127162294
505.120619161907,477.89163868388226,19.71652350404231,41.135237144481984
502.94459664588544,477.58839426341683,19.639322587293933,40.976683382396885
499.79291307911774,477.33318724580164,20.328459088047317,40.528537964139865
499.0028812717112,477.7972431004707,20.417953945803177,40.33858263307094
497.834606845994,478.1022104814873,20.25577690612429,39.88512585880407
496.75716452931647,477.37018758477456,20.279149851247038,39.93414737168142
495.8265952453965,477.77906691619825,20.302519268352984,39.458283782486326
496.19061651807846,477.64919943947075,20.04605910590642,38.55806168466415
495.2973019709562,478.1443469596725,20.089717375909387,38.33956084420421
494.7318217806365,478.2338930756774,20.07679476666533,38.13309829528665
494.0366639234387,478.0423893955911,19.900554027356115,37.6521745360172
493.8386751664909,478.4508204604573,19.815400255822706,37.5993069808317
492.60039172370386,479.0428569576218,20.066264378793015,37.18702055705167
492.4776502977644,478.83783029232006,20.053564168595305,37.10520864016708
492.10116289929533,478.9975580983389,19.78052118046115,37.19434158656485
493.7532264082105,478.50105373327654,19.412147508120363,37.372897668526775
492.1184565241727,478.791655545325,19.25719634754603,37.814224600154915
491.94893011653,479.11056868472053,19.36369723049656,37.648031159613055
491.6609346463641,479.36314573850456,19.14732536164712,37.7358951666118
490.6096850381746,479.8310894206959,19.317400628784522,37.49729089139004
490.4592328354711,480.4362678454898,19.40834330693,37.66928472501459
489.6961998026259,480.13471551211353,19.345992796234796,37.91950644026904
490.3724340661411,480.54137792739056,19.254491047005914,38.364011752689834
489.1339050047172,480.93058515284497,19.205661918953545,38.36378171569093
488.55956684801555,481.2334779131717,19.3753433264081,38.46653979368937
487.80450927246534,481.39951291603506,19.435093053352418,38.60187275279303
487.7609026388053,481.0960618352405,19.539732539509885,38.75046130025212
487.5796760119356,482.1068803359511,18.959287400572055,39.166420858355494
486.74443348155603,482.0943188438995,19.3326958784226,39.062883700037005
487.2641365581047,480.98956997095576,19.534854118368738,39.07535614685223
486.7963051841123,481.2051405093666,19.45622498383848,39.34025266053424
486.1605153449635,482.36543674300015,19.348275782016856,39.1355938499596
485.2312509681627,482.43323040669827,19.65193142675452,38.61691191377959
485.911295608268,482.40354827719034,19.271919115213915,38.442267145314396
484.1799316904871,481.7541757091625,19.290919457489633,38.62245864291184
484.7668668844798,481.3909952268996,19.359702677826373,38.6929708063017
483.29207795802637,482.39778960324384,19.188838378709864,38.634031859635755
482.98142118405326,481.14637330873416,19.57931338943991,38.48510959254557
482.9274877140913,481.5161035399708,19.340976078312913,38.525519640173556
481.4763331517878,482.77174547119836,19.19328000539487,38.319552702767254
481.1230215207798,482.8740478794404,19.081640451935456,38.05248870428902
480.53128127604276,483.3272851928327,18.99333663583694,38.01120810015998
478.81015079659295,483.58618752815585,18.988646920679567,37.53804256615575
480.5601261341665,484.082051417416,18.71919241366902,37.71018953300446
479.0502050423886,484.3800383179285,18.601828281230627,37.50356876885999
478.61157341073397,484.10137025760145,18.767325301558927,37.243385343958906
478.00566361918345,484.4532725305198,18.685490800454325,37.30875686404403
477.16608491866333,484.246643301288,18.737566211252584,37.39432796961195
475.96931030780837,486.9089922072216,18.780514475091977,36.76923466900563
475.93799459648073,487.52034940590073,18.664769893647467,36.46774719034475
475.4051079063189,487.23539828589975,18.50739349751231,36.78399167211084
474.50300903341304,486.9102951259265,18.436139916953792,36.773004800052135
474.0625825711252,487.1922582511636,18.483058057594054,36.71497011108619
472.439423354874,487.11072826079925,18.804885561446426,36.92441134928929
471.89388546939983,487.2857448627969,18.97591291673395,37.06453670318578
471.67838723135526,488.4212040131462,18.81473939274683,36.92747350693355
471.3358983277437,487.55744725279123,18.902875983882574,37.22178738355484
470.3025225308622,487.55311613505603,19.1427669113706,36.60732633087061
469.3963686150361,488.3606017415254,19.166929200877902,36.4675455190092
469.07950560117666,488.8027027476629,19.188716990452914,36.00167468277664
467.9745350487539,489.5667929679431,19.24279504865224,35.95784265854468
467.038004447689,489.3712575248573,19.42302318479551,35.77506738335085
465.3492193223127,489.86745222327204,19.736096203110918,35.741227486033026
465.3361857489001,490.54267903569655,19.867073261687914,35.62557872988217
464.3108607157339,491.85287077618426,20.212614566232922,35.276680339162425
463.41498616766523,493.1664018370972,20.329289681085136,35.18732411562148
461.82574914706504,492.1289977501638,20.23016748701029,35.22120487936249
461.97438491355655,494.5228970366875,20.242513056173426,35.05465598206592
461.42533625294607,494.42213626301674,20.23817419251126,34.857403769803945
459.5207192779193,494.75108532762164,20.245380917070356,34.707274331180244
458.52165837893904,495.7079138569637,20.501864412227846,34.9048669577835
458.09427712282155,497.75825673272885,20.463405307717814,34.47294698956315
457.04136680857397,498.48225077072925,20.727867751398577,34.470291083095105
456.90642786190205,497.79974644998816,20.77306745617996,34.74288260364381
455.5110780285194,499.4653597304079,20.955763268193653,34.4782654254337
455.102965943317,499.94899036052016,21.417081445852254,34.71843917707295
453.42327579197706,500.821912473721,22.034645704678233,35.33643791484362
452.2685718575377,501.74083279844575,22.812428064294885,34.9802130471782
450.4972389972596,502.0048104295079,23.37761957220456,35.063528689594825
449.5884029844772,502.7544682477751,23.74906976930868,34.80599702961534
448.9203554976648,503.56867780904537,24.141087728010504,34.51802092217334
446.94163049372594,504.78490006558553,24.565893225618982,34.12454497217292
446.2455661642947,505.8487008671112,24.786282067815854,33.94939269086841
444.7960586992879,507.21055633823096,25.758145794673855,33.343521561861294
444.93278984463393,508.98748405427864,26.59345411288384,32.4993371502737
442.83356652784613,509.40608930766376,27.23067723953198,31.973643464887907
441.45719200224084,510.11049946752826,27.847802835694857,32.05170154023949
440.3424784036579,511.2067282210528,28.671253856598966,31.50457684645333
439.94466190387226,512.7457474512942,29.478782333941894,31.006266989333543
437.1530942126514,513.5103123872435,30.327891284346254,30.63751187806264
436.4707269593375,514.4818543338133,30.56131270541797,30.855401772230767
435.0025859576964,514.9961686579222,30.68869983603482,30.827721910748544
435.2011934702523,516.1070012215756,31.230878271673674,30.2134964206259
432.07926852592163,517.2159049331616,31.351985030604734,30.20973785991127
431.20492572957875,517.5603702966847,31.719084310042838,29.97333134784794
429.473408672006,517.5945458010619,31.730926999864945,29.97550793735541
428.6957335827998,518.7401171703115,31.868306163300712,29.833390639072398
427.6592975101768,519.7234155383352,32.31501637560146,29.92539099088512
426.9921574581008,519.3280896941667,33.125338273576745,29.916618388565063
425.63311572445434,520.3027654528048,33.34158472571772,29.925721003368828
424.5689355855415,521.2258895890093,32.96894722178982,30.2118324740782
423.45044308313396,521.9206748016112,33.1260448364682,30.230878830109074
422.34448524954104,522.4684389845438,33.13870098407699,30.54667949523443
422.36273991712005,522.8545855781618,32.85126700206462,30.68274190167974
420.99497889554783,522.8218103211267,33.02525058733852,30.922250314962856
419.95656039079154,523.7331975394068,33.06055889506882,31.225749987289362
418.85983007612265,524.8743765673647,33.60273590261866,31.035852563697667
417.12376247244225,524.5456372378022,33.79470877553726,31.092387061407628
415.4967707546718,525.6743112158867,33.807067140506334,31.244156327070947
415.78977523956706,526.9734459788015,33.62312890164038,31.643342875002325
413.8002274827604,527.2822630607486,33.7234287914744,32.20030895467658
412.1035323402833,528.9964896879322,33.265517167935506,32.749631274039764
411.123513098975,528.8636597760184,32.85480736907319,33.15853837441207
410.26584142007863,529.2473200547726,32.54159962518146,33.45141481263884
409.3572722001462,529.4437446177998,31.312275767606728,34.594167660118146
409.5672674234899,529.3282375410612,30.636378590029068,35.269487024900755
408.50965217612173,530.7693214590398,30.335953948657007,35.68574486338197
407.61312453459874,530.5186686815465,29.873947843687258,36.094922223500134
406.5937905413972,530.9302496455149,29.85604267754824,36.183298240833786
405.68531571964235,532.4412836789735,29.917066546483618,36.14001449665541
404.814933373786,532.7513055474327,29.847235606596918,36.243017062532324
404.00331227003494,534.101059752355,30.07877540054008,36.340484026909564
403.14805233617255,534.8363267256249,30.256685805526843,36.35806002662081
402.3748570246775,535.7307738441074,30.435875577076445,36.28048022942935
401.7065651055784,537.4044859742712,30.465723184424363,36.27612599931396
401.85051043608667,537.5948253932935,30.560915658297482,36.121427785825965
399.9615831564082,539.4472769782451,30.924671478030373,36.49667903486795
399.24469871487463,539.8402600174289,30.592110476568436,37.26479082019369
397.99089609535395,540.4204404990779,30.630034214221272,37.70120634233872
397.91877615233017,540.9907143422056,30.814591997022408,37.40908905120972
396.998263564706,541.5375658981735,30.827906543761177,37.63348686853417
395.89921256390653,543.371327046255,31.23585659166293,37.438547151030185
395.25760980927424,543.4467114323354,31.257648169080845,38.03512686624667
394.6569978987668,544.6105972156977,31.37362518871943,38.2576475530164
393.60256420042623,545.3942927695657,31.440178055981608,38.62269589172952
392.625556123276,545.4036912906012,31.142605865708063,39.16863914983725
391.42432839757987,547.7084462844377,31.353694883003044,39.06567947420617
390.6843414178833,547.2916860292468,31.127802863201627,39.595215938605826
390.7901227571527,547.7287127953736,31.430225222466397,39.99695488586735
389.6384453498166,549.1794410969435,31.261189862272868,40.06009050112661
388.02978069888053,546.1831349947704,30.877942286551075,40.15334300240869
388.6111574239001,541.385323614864,30.625014161524092,40.72773315724119
387.5704367884632,537.4063068595426,29.85303660534101,41.449381799261985
386.9195330623543,529.232884827802,29.195607316492918,41.850598650218906
384.42951504758065,517.6774911886179,28.50397147866955,41.30759259362623
382.94431860088343,502.2607098520184,27.515079828072928,41.40248301035533
380.97281531203237,482.88001997763416,27.092889700910504,41.436644131194136
378.6689226661433,467.6418519677166,26.7789044200263,41.22240741238178
376.7465984171095,452.8488933729341,26.52090465988468,41.263667848406755
374.57101566166625,437.96966138496583,26.2687614930978,41.49844636902109
372.84939497665357,423.0744109581278,26.19427930278998,41.72445595072443
370.7713944747712,399.47066030673676,26.05645468018129,41.82862854867256
368.92379529489205,355.10362296055325,26.243237817771718,41.8520632874263
366.21074611734724,309.2794362022995,26.251061293405744,40.996545812722864
366.7148973302415,301.8727063793569,25.952164349432547,41.093359264150095
367.09610468123174,301.66845447491767,25.952126611544376,41.093298892892776
368.73280362213416,302.5091238361987,25.952109724536342,41.09321622616262
369.0091726531104,302.54571953840207,25.952095785584856,41.09318891972066
369.4268131777854,302.6579033023495,25.95207590233061,41.093111852173884
369.54772213151125,303.4973485204283,25.952052491653646,41.0930754046637
369.6096415055649,303.6986286349104,25.952049791493685,41.093042090773
370.0802595437752,303.20217070691444,25.95201397142082,41.09295803545658
369.8149404456259,303.212633353863,25.951992372911942,41.09290364506637
369.9919645353906,303.2709035677667,25.9519777827457,41.09287436845348
370.72697777334804,303.9843084551938,25.95196325636991,41.09282908181958
371.7927399007153,301.75189047351193,25.952046772555214,41.092547113817275
370.04521780983947,302.4530807343542,25.952581257346377,41.09128999663557
369.6013371988787,302.6750818838092,25.952610271492908,41.09115880840335
369.6513629948092,302.4226824095644,25.952605537823345,41.09110933627301
370.97755201316147,302.24433588164214,25.952594377720956,41.09105413901047
370.9666020317891,302.04034097375705,25.95257683155064,41.09102465050513
371.7083552125466,302.1575980853501,25.952567851245902,41.09100134345195
372.7762018693186,301.37285201920565,25.95255831265016,41.090962631052484
372.95196587288086,302.3335300913498,25.952505127093083,41.09090522905841
373.1816031725348,302.5487853512319,25.952490633872006,41.09084175128258
373.8352125377267,302.2099019299464,25.952475673171943,41.09081127634872
373.96852026134076,302.0065930333468,25.952465036897067,41.0907965567401
374.56602188122713,301.62779847126205,25.952452551251785,41.09077512144612
375.63333318986895,300.8139923388822,25.95243319591578,41.09072127044495
376.6868781687546,300.25335121114813,25.952424412994887,41.090706762493056
376.2655553696119,300.386545283217,25.952396649978986,41.09063819128086
376.037370340526,299.80977618667686,25.95239143706878,41.0906311239318
376.9680876947742,299.9925316339368,25.952382485980493,41.09060273854806
377.7212126503543,299.84453742274593,25.952371631407587,41.090581888592844
378.27667837055384,299.6782621066325,25.95235907051743,41.09055708041297
379.04859480875103,299.84898975568785,25.952343952683194,41.09053098605088
379.35539347921286,300.3605932946034,25.95233124940152,41.090513452897525
379.7124121076067,299.75708374039147,25.952310549353527,41.09048676778809
380.53886396495335,299.504012368027,25.952302762089523,41.09044678231911
381.48485445704955,299.9591379535897,25.952289551334612,41.09041510172192
381.7389275358078,299.43802563588895,25.952247300926363,41.09036538123492
382.1097390610968,299.2240861194305,25.952240559037584,41.090350566924684
382.43664724169724,298.8375485644697,25.952231539889148,41.0903377580879
382.88116392598556,298.93474730292365,25.952222905809496,41.090317927030256
383.477783135363,300.0278057082764,25.95216874360839,41.09019550299774
383.8023496326049,300.50336816382406,25.952161801981035,41.09017779586281
383.81168957536937,301.1413169946983,25.95214907791673,41.090161066922334
383.9711591401854,301.32378421235694,25.952142272932566,41.09014802261528
384.5541760256049,301.7686505147438,25.9521249615586,41.09012179105629
385.99294723056806,302.6952482584291,25.952111695919356,41.090078101933955
385.9431707161892,302.8170397612491,25.95209190967611,41.090053041187886
386.6451623123582,302.3885941911642,25.952084561721374,41.090019945536774
387.32932932980896,302.9918044329553,25.952072064791277,41.08996766988614
386.78009497128875,302.446537338795,25.952060318803724,41.08993486544708
386.9298747739076,302.2742904093022,25.952045167187002,41.08991983809542
386.53911366559674,301.700721377208,25.95203801683858,41.08988866991523
385.9591147196289,301.0488181477101,25.95201972968962,41.08985794877349
386.0070420950994,300.68812245103385,25.952008733457365,41.08984681622421
386.0658115762804,301.0871339761594,25.952000318177756,41.08983196947956
385.84228796633624,301.49179746109496,25.951977416300856,41.089812813252806
386.1887271020414,302.03438965878263,25.951971490338096,41.08980107107577
386.2350497058804,303.82862902835666,25.951957011739456,41.08978230049452
386.2941034213123,306.0971210483186,25.95194766848446,41.08977269065485
386.6644749302022,308.78545814432476,25.95194173127871,41.08976504451051
387.8285109120398,311.4315409835547,25.951933970865795,41.089753678184366
387.96849057813824,313.5728534012879,25.951930323807574,41.089734013921685
387.5332253448395,314.98324364731855,25.951926847228854,41.089710672510336
388.56166116207646,314.8947620604262,25.951925196427908,41.089663280298815
388.8614006427804,315.4981187267635,25.95192966540571,41.08962917259227
390.29623285967773,315.65390040166056,25.951934907438016,41.08960246272694
391.1285865521943,315.4407065346109,25.95195175317118,41.089558779361035
391.0777543730688,315.7036996805851,25.95194289579457,41.089504024563986
390.7823540991171,314.7280793401331,25.951952814311138,41.089415951042966
388.7597676105128,313.88009417902146,25.951981233566684,41.08935970962184
388.210821945553,314.5735026757492,25.952046559458026,41.089276367327564
385.9461889095534,316.0406813923729,25.952154992907367,41.08913328764148
386.145416866773,318.7209245057236,25.95216733446486,41.08905632073631
387.9058098812592,320.40932725283244,25.952173789776015,41.088953612010506
388.19082805370573,322.1860702668836,25.952190843492055,41.08890696264671
387.8783350009458,323.53880797816976,25.952216705309937,41.08884082848062
386.66798708987625,324.72209800147226,25.952370287306305,41.088591405502406
383.84052950592803,325.55900126258337,25.952593759035775,41.08819839837108
379.9523275715879,326.60900416344776,25.952649990539538,41.088095941750375
377.4958811910048,326.87921170050595,25.95275626794108,41.08794028850576
374.98840167349425,326.93351112056945,25.952810803908214,41.087864474487446
371.19223458436636,326.7709058472556,25.952854103868074,41.087798139658744
368.1871817394012,327.1529009360399,25.952919510595258,41.08770949378656
366.9381468656546,327.77730382131114,25.952960502900506,41.087643919472086
366.4627394780696,328.2011736957649,25.95302379463005,41.08752900891667
365.9071788194593,328.69323219595594,25.95306494217292,41.08741567159773
365.04722961197234,328.0237171332059,25.95308921354633,41.087353661668445
363.8142031202266,328.54309715234456,25.953103731538047,41.08730338310326
362.37174255129486,328.1516378840397,25.953118339021174,41.08723486155036
359.0934871029917,328.0939291326298,25.95314358270403,41.087181954976785
358.12886163534495,328.1406319313166,25.953162993530018,41.08711264921438
356.88749636868664,327.64079911415774,25.953208676153903,41.08695679944316
356.4579282687578,326.95963018566664,25.95325430937632,41.0868717133102
357.670824055562,325.8147988918113,25.95342136919095,41.086658555247546
359.3334771529204,325.33066921748105,25.95352315634657,41.08650407410462
359.1250536084516,324.28234322156254,25.953824854201414,41.086170964241774
357.36793358083276,323.5769447580246,25.954047804336582,41.085780004125894
357.66591592335146,323.5212933354961,25.954802622701873,41.0848644394062
356.40184348963527,323.08187239454537,25.956375501074838,41.083402938434084
358.60231176452817,323.82004851411955,25.95718856218986,41.08234552770069
359.18889435064574,324.190393334239,25.957439527650134,41.08187625537031
360.59704988545946,324.9393529549789,25.957661785125268,41.0816387508365
358.9886033390105,326.21088633652954,25.957743459489897,41.08152047215608
356.54816754717774,327.0364265867807,25.9578124117772,41.08140220519717
352.3982351274969,327.5658224107652,25.957876378336216,41.08128548875438
347.1398201002837,328.34266430191775,25.95793988460577,41.081180798474975
342.84716450442716,329.4526017915848,25.95807365474914,41.08096633969446
340.40817890656274,330.3126916577556,25.958319249281605,41.080487063018516
342.0199501496571,331.4147470416523,25.959180144440587,41.07940974249067
344.2060438591295,332.9107303166744,25.95960138714732,41.078919489824976
341.40770127754604,334.610084450208,25.95970890596614,41.078801310648515
336.7951078541048,335.75940632501516,25.959846733988794,41.078670735091116
330.30254375966314,338.26363616407457,25.96004679176861,41.07842648437097
324.1388746916888,340.19367246738955,25.960168779340854,41.078264604288336
317.5434565766408,341.6216478049775,25.960291126990526,41.07807068875593
311.6603964452709,342.9749578160301,25.96037154140264,41.0779361765232
309.4318058229604,344.5029764162893,25.96038849845647,41.077894440329715
308.5856652943209,345.88852371187505,25.960385806155163,41.077838142996754
308.1571221928533,347.3176830456635,25.960407523540475,41.077734569032444
308.67021783386923,348.6396251814879,25.960466007858418,41.07762933676665
307.4835210925755,349.68820013576874,25.960509585431854,41.07756228152226
306.6644032668179,350.3945805053024,25.960519204689962,41.07752448766821
307.7222985044195,351.14946331063095,25.960521480799045,41.077505070896954
307.9524488200327,350.77631700748475,25.96051840430395,41.07749358239792
309.6320058240626,349.37603854590503,25.960520712085764,41.07748669330151
311.8510921549131,346.9991596731147,25.960529927521105,41.07745787500878
313.7234053176854,345.5720157648111,25.96056421789752,41.07738487275312
310.40797596639686,343.7896846486373,25.96056831384618,41.07737439658933
293.19469948031076,324.35521698984286,27.952562417610146,38.54940953717631
292.61659677396653,327.5778262483553,28.167114221022803,36.28303499521856
294.1271894970624,333.48545249204733,27.55070558643083,35.237854491171944
296.3581495936459,338.51867404114375,26.688104374434374,35.136099694065464
296.58419412032725,344.86043641648723,25.92404177909667,34.7313244093209
297.4472390613324,350.50605971265816,25.797320230902923,33.507438694969736
299.09669206168326,353.05614635025006,25.163661432120772,32.511811013047684
298.7748028541795,356.39993373257437,23.747950120108015,31.728967522050205
300.19238363668404,359.0351334514879,23.21999089427134,30.87063359020452
300.14434765715595,364.04313767903386,23.148938865056685,30.088952451396793
300.1117906248224,366.39742610581186,23.114636487508346,28.98787781990196
300.717337486104,369.0426613415806,23.546257503790976,27.822287185400633
300.9086449637799,373.3887448670747,23.9318830598565,26.49478421217118
301.6938134328296,376.4525298039956,23.920567356269537,25.25576986506276
301.69709020560515,379.759354648314,23.339317031467317,24.846327119938024
303.72218496776327,381.4683279691362,22.867794909418578,24.339176166922748
304.8064547107116,382.3959325102828,22.81376452920425,24.150547642452732
304.7021351922168,383.42942810643785,22.500083891701948,24.15209058596109
306.09095229021415,384.4471566822982,22.442017471433623,24.461486120168694
306.8355459973273,385.3393279136503,22.131455044809478,25.10379680420823
307.88425518869076,385.49478736546433,21.54977586458203,25.983510839918985
308.84106931338374,387.3088586615317,20.85854124713119,26.749183288372556
310.3945494924974,386.65587979131215,20.066119844592286,27.863512274672814
311.2075270051613,387.6680931661655,19.45535947372924,28.66637319891631
313.0691102300402,387.16163717001996,18.586581976226647,29.682506657413388
313.4607000703377,386.3536281410651,18.08516403130944,30.360105790514567
313.9452413634443,385.92085788376625,17.473956315396446,30.702453780202305
316.3734262219814,386.4984282884225,17.07301233761062,31.166912074817425
316.83843156155524,385.8598783172291,16.58272669985243,31.80662945027531
317.49712036730574,386.62225808769574,16.54179245058737,31.994962117250623
318.8731242264011,386.6433439103977,16.66040903621449,32.6604773729394
319.081927180565,387.2144647425045,16.855939478995246,32.79261150504378
319.2646735997315,386.6821229390682,17.271271778754222,33.05632616688991
320.5760659874657,387.2608048843588,17.530289562184727,33.098314302294554
320.3744344600183,386.9880712365006,17.768582740671057,33.16336351195892
320.2618016569672,387.10436781048065,17.913651154044715,33.23886513371503
319.88002873294124,388.05305349066674,18.039042912645726,33.59349100577999
319.5823598572668,386.57989014054544,18.023449923161373,33.93805326548619
319.16812317821115,385.539288369506,18.079037243446088,34.09327516674937
318.6414530615379,381.896035858495,17.83429107199215,34.98282946703061
318.7890774738711,378.2513972139834,18.33634181121052,35.65672265418608
318.9991091440284,374.1776049230059,18.735401917837272,35.82579876369843
318.4937139267731,371.2275120833666,19.336378799253037,35.9759272225181
318.1365753305242,368.52316887287617,20.13803111852998,35.857942710729155
316.5211612457684,365.05690409886176,21.08829736406082,35.60861658019962
315.40439994519994,362.1404363624789,21.50978297407839,35.83455837773337
314.97694652642605,358.9544603381811,20.985417469897932,36.81016433410497
315.3666941796372,355.15242071077967,21.325938261498038,37.29095877216585
314.2568482073086,354.26524755667737,20.950498093652204,37.83276208873226
314.9047183508915,354.6208882974104,20.748810717291107,37.795975291008695
313.8073483100189,356.2954586757595,20.395379994059052,36.991828411721414
313.9863883446361,356.47714412193045,20.346182191107587,36.8078975408944
313.59163044629236,358.13836969933686,20.062177446603997,36.03900139783086
313.507502681028,358.58251779155415,19.990314756684224,35.91680812343805
312.9951634552395,360.07834385611477,19.77728952726912,35.89030015172645
313.2637080789271,360.7088950047889,19.6187765585804,35.712655801155535
312.6019903887557,361.6087367278776,19.273315383022545,35.718496227353626
312.28745827570646,363.5523552613479,19.282617069257523,35.372296958340925
313.07948936324357,364.1595828155032,19.209201595042376,35.352785278069895
312.8965941043833,364.72882583661317,19.46363685274831,35.29886630585727
313.800369657892,365.5762468493041,19.53014494601785,35.159572590755204
314.05442741620783,366.5127140807373,19.39078605146218,35.05374346884648
313.8473031936212,368.054963739413,19.647597261518534,34.803315072439304
314.4419104585857,369.44787446258385,19.718426948699193,34.84398927352799
315.87207663917076,370.1740594008623,19.83519114514626,35.07366938667143
316.55434398080644,372.549027257551,20.06576759354296,34.833268985946546
317.05748067577736,373.3168604949996,20.219733304057407,34.88425598204245
318.1021676542037,373.61378455139584,20.18782418523264,34.66628507080712
318.839274865115,375.6223711590438,20.480943628575787,34.38853894520244
320.4411968513943,376.9296221354942,20.891917275340955,34.204177964439054
321.55816134069937,377.14696836561814,21.08811830161354,34.14744603709485
323.23362710471474,378.14170598558474,21.27662239865911,34.332125555615036
325.32336491089455,378.20889819799265,21.53977755412175,34.27475122591866
326.11201326002526,378.96050457652666,21.793037129320783,34.04688701297143
328.11588195347315,381.01768553091955,21.92062803527159,34.27469248165753
330.942927894437,382.10174903499467,22.250423825768316,34.554236648510376
333.4162739159849,382.6882066729762,22.17201886915927,34.98141282991428
335.0552192230595,382.60777704165065,22.197684935689338,35.572434462770275
337.1980207946598,382.3931705492638,22.216721608773057,35.702869181829385
341.2762248726617,383.7549513918957,22.202034224558712,35.44782980682252
343.869330326265,383.43328314399196,22.277429056945564,35.88677132136489
346.32856502115385,384.0683906474217,22.37230967708618,36.192512301481955
350.14716552858226,383.43969731983304,22.19396381435947,36.456330536249204
353.01229794947494,384.50045673688084,22.305887807718193,36.865419164082965
359.60049812265703,384.9833902357317,22.43875832011866,37.23534840337309
363.3021527763845,385.6730908136598,22.455142005827675,37.73877858258464
366.73389919113856,385.17793771989176,22.24175846739621,37.9789102477208
371.14311998930174,385.0723591077353,22.48106948032286,38.266244964771495
375.6108038688671,385.1109645858987,22.592632034302436,38.34949197715646
380.3163919123743,384.61264223606264,23.018231727012207,38.41030167297588
384.56233252365456,384.0690878736096,23.058522707515685,38.79504595314931
387.2650133885775,384.2677296424598,23.334483552285263,39.14458352092902
390.7876611676301,383.9583582843185,23.701087560830395,39.28730178834007
393.5939023446207,382.281351292303,23.653649133088223,39.55521328671434
399.07427482133676,378.42280578567295,23.604143803679573,40.11280036320687
402.2286102195719,378.0526534784905,23.24797287369487,40.73365759726732
405.66718591248144,377.5869868161318,22.950732243033244,41.407347430955056
408.75273025880546,376.2539891709423,22.888310447205285,41.76191560493994
412.66127986594427,375.5058451744389,22.715047731188182,42.14928373901428
418.43501058805737,374.92785388701424,23.18108554691075,42.48195128948773
421.7320760185852,375.1698791226174,23.38840255420226,42.5725294098189
426.03295956058844,374.9960542972872,23.534589838787,43.07949485518568
429.16435638265574,374.8969081818629,23.192338434795225,43.54004403617421
433.0699657875913,374.8225750998045,23.258507148575234,43.93206711361916
438.390023149077,376.83223418062255,23.303706604070626,44.044453282427405
441.5458211029272,376.08527958675165,22.859875169331687,44.065721478958295
446.6798857682477,375.35497941069457,23.325973019171617,44.13656026395671
449.5812416525416,375.10742067637455,23.423099221317493,44.156866268048645
453.6464705013004,374.5572122297587,23.87662875982275,43.98474962532296
458.9915916440224,376.2487309011641,23.783875831373493,44.176115330073756
463.06662266965606,375.4983958650632,23.512566011704024,44.66254489896451
467.9025072366109,377.3839681050026,23.473667551927623,45.17336710533441
470.3089379895473,376.98822756034815,23.512088642643015,45.193136845156005
475.2371240681908,375.66231343051555,23.854560441349687,45.67929351783087
480.5289626896721,375.4604624863675,23.479659672386134,46.1954872075081
483.78342201861415,376.09653687437174,23.63886425974124,46.18403949179471
487.22796776176716,376.8103266343996,23.285864101102433,46.48140778191198
491.7586611993066,376.2636042256441,23.31087821174142,46.851658298294616
494.77426061381055,376.5860481517361,23.12670525401029,46.789704646874235
499.6857395978544,376.0623636027164,23.259564508517776,46.89668309845601
502.00422527165466,376.38104139968203,23.55574965124321,46.519716862330014
505.2975486495992,376.4059236219784,23.75781539687995,46.174267662888866
506.9826251752516,376.47499768757285,23.229128534006037,46.46623696000266
509.45874740977956,376.00769844653684,23.25490711716566,46.21662311507125
511.8393044540279,375.81985989632113,22.51476766474689,46.16567818238339
513.9778834461474,375.96869719001353,22.06854396662529,46.35470010650569
516.2709923960615,375.7827264266092,22.465178048913963,46.090805806917444
518.1670855050626,375.9502816536015,22.994033891763767,46.33283830680542
520.5355070377626,375.64421000251315,23.587452056832475,46.3972276788903
522.5606343679916,376.0354707849557,24.351908490277125,46.64115925140305
524.059277674984,376.40640258795537,25.234054316096568,46.82726164405322
523.9917388884289,377.43412587840317,25.305712971848543,46.90331268469386
525.0974199376025,377.46484991402735,25.721245824368218,47.00599132254905
526.3774446323775,377.49601378979173,26.200539553485658,46.840625327070896
524.9391122026263,378.3179839528448,26.45282144027079,46.45295374066505
523.9565111365528,378.4225108460085,26.736869917365716,45.9923975000569
523.5030782757625,377.4212867191022,26.813400498717904,46.07642615433632
522.2313745277002,378.0163656027663,26.585374164581374,46.20815886037394
520.681152603094,378.2305541928557,26.670897302276444,46.172416250793745
517.0637631245479,378.13509665270396,26.489441289275952,46.36218863566749
514.761214848485,378.7693607651304,26.217910396180717,46.42540353196188
512.3146053679659,379.52401945010763,25.94843633353725,46.623342479146004
508.915105121005,379.54817287607494,26.173502272405305,46.988541449631484
505.7493109692862,380.68755493162763,26.71476159635069,46.916593296549195
499.377524433933,380.61516582161323,27.041114551395577,47.38347814618802
494.9556117704136,382.50773907510757,27.444383352250227,47.15668005648155
490.5310367167494,382.9157810101903,27.68913473216174,47.02844582716229
483.64133463223357,383.9447707637007,27.91159786878375,47.308870260342246
478.25195284911615,384.83055359076786,28.01939147194482,47.33777758098516
471.13081893308674,387.0126759835749,28.194820085863913,47.11987459606072
465.88277744704664,386.59541464637914,28.371376385580913,47.35075677372157
460.0793809570241,387.5236378374294,28.583701058130817,47.51936818428449
455.7372048765009,388.65132163657273,29.088761494018463,47.39764969679196
450.1990253563489,388.60570223204616,29.39619391383912,47.597443696110346
442.2277021811916,390.3682213673983,30.221924561333978,47.05188163886128
436.7314183080949,391.39925316625056,31.130308614595265,46.88865858776467
431.24665312891653,392.1318539414167,31.70397353258331,46.80401338241842
425.7799401830464,390.9210361601488,32.34303163410137,47.21321160135676
419.7982787851443,392.5200470995629,33.13830938596026,47.088878944864454
412.74101361635564,393.64761395572043,33.5614163073999,46.975242129293036
409.14224120451865,392.9332146539801,33.839635302521636,46.74759081879513
407.13018583425657,392.4507542438948,34.162369604904974,46.62919066366217
404.3358183672071,391.8982232856391,34.59051150616695,46.76327527380751
401.74130516549064,391.85353159277633,35.04145788488068,46.76226407320838
398.45017724917227,391.3428778727707,35.096961722430706,46.847920508905226
396.2392582301408,391.95987823317495,35.769034602794,47.01842003414471
392.08579774763376,391.50161996537946,35.6179553847027,47.22498832802505
389.92757715887694,391.34837832727885,36.51797324144604,47.188798511145755
385.7444677911454,392.15571637775923,36.362828718547384,47.40934393919187
381.7941313699646,391.8184642330113,36.294825947505615,47.53182374500701
378.2854130178413,391.88476351450305,36.60862934334157,47.40855312173501
373.7247979654733,391.3685454526383,36.7433873182558,47.03162168412425
369.7259730076541,392.2804546269813,36.91983066422261,46.766658272991705
365.8857212719947,392.47489329238726,37.30013844157158,46.32336348102283
360.32943985889744,390.97476792242884,37.72798313574707,45.8816214612351
355.42877914872446,389.72730222507056,37.98747449322687,45.56881288288348
350.85085916162836,387.63078345340546,38.62271605585893,45.45805556537383
345.12218301676324,386.05690375474325,39.93276762537433,45.29838135750418
339.4190115505192,384.750402744837,41.12813586456413,45.301167474988105
333.0357377283628,383.1986249366357,41.54179254055417,45.35179464366733
326.78582069232584,383.3001359247398,41.71040980049425,46.258242677262956
321.34461404213204,383.6127626978003,41.832109523611365,47.188004337478944
315.14807653455966,384.32032578437537,42.15155611315794,47.95887326625748
308.99978958376767,386.2170139558598,42.913052919710296,48.18410978492193
303.22443621730486,389.71367907676137,43.81851982261877,48.041035986142454
299.4335644170609,392.18017412557464,44.81031906046631,48.540407491299135
296.450294534219,395.41127392628107,44.96093895005148,49.17015496859108
295.10676295054833,396.93401185864343,45.873663633582396,49.797951713577106
298.2105238732744,400.318418527918,45.36568812525803,51.02848129342385
302.7933824244557,404.8017275955273,45.66716271906244,51.51077101037814
306.9773551895544,405.92943781205764,45.92587562850126,51.91310309120294
312.1060808182241,409.05282080780256,45.762982133307816,52.22637137476806
322.39291944712534,412.5103142492927,45.49891142762925,53.26214771734311
330.97106563791,414.61922223972454,45.83175097355029,53.89986867419314
344.61170228377557,417.7759180271675,45.55637138909449,54.525956450350876
356.27624242939066,420.71619727635687,45.151395788416096,54.852771571051775
366.4861721950214,424.20167994169896,44.11770569074828,55.78056894330947
376.80600699404965,425.6717931298226,43.021088766031596,56.4909759021757
386.82653862087335,429.36694632931517,41.70885584990863,56.91016972062836
400.12059607841934,432.10857793396747,40.90807728430403,56.07496778680588
412.065411064031,432.5209881992431,38.94090023971641,57.081974658369575
434.19129395464273,432.7299694067745,37.355203489254706,57.686993410146286
456.7671099647639,435.58223165063765,36.093460232440066,58.05781348495052
475.59434958912135,433.35465354778916,34.145775722494676,57.74614925989192
500.1544312830203,432.56286528516677,31.372761229960492,58.43419210422088
515.658488213863,431.7086052294091,30.113792876087466,59.815506170347064
528.3576164257671,432.1723460404298,29.112430907235396,60.560147742046496
539.8292077633729,435.44032383054196,28.03787005819562,59.371527023577556
547.4455767854729,434.1763987310801,26.97056112929117,60.84501814409391
557.6631661885266,431.5033815272806,26.106892638125153,61.998075123256626
564.1571051365348,427.8626697450348,25.530819895001798,62.7466055069011
569.4565866909945,423.65367231701475,24.932400380442775,63.018282880946586
574.3123044613707,419.7566214130678,24.395866801970755,63.099182212338995
578.9747196532164,414.9674140985309,24.20104606946314,62.587809358197454
586.195239501277,408.25283072046346,24.07605594914777,61.701857324659485
592.5550240302773,402.4434842676899,23.55914745175505,61.615553167523615
598.3754877907223,397.7151559255176,23.29176653120677,61.452555196411566
600.0428783112125,394.62573801910025,23.611083524131658,60.68370529070995
600.8790812888961,394.25300238625374,24.052695293754986,60.008507358366685
601.8794759388621,393.11468538291973,24.931529645327544,59.56609834860108
602.580539307517,393.01679316655316,25.341100987126957,59.75387875112145
604.1739885531571,396.30364943683355,25.271512066159417,58.59453197899323
605.6911926980051,395.2633461675856,24.688884095677246,58.3384049378535
607.7461301807938,397.52845871180017,24.290099933246243,57.35667108897215
608.9852885670188,395.345550850904,24.29239496194372,58.78565938957617
610.9116812094933,393.23247889386175,24.363701731361648,58.87705818265836
612.8597479829884,393.11731445108035,24.683118130202796,58.199910285422426
615.154342552204,390.8773479606611,25.306695639110508,58.42686589504512
616.2894790206107,389.97154723343095,25.993443700298275,58.15372528026104
619.4354795193838,387.6995488355355,26.014162047844835,59.736476777666354
621.4412478903757,385.8914372695644,26.67777188560339,61.06999436418316
623.5884915303918,387.5264004562428,27.856725252696474,60.454968064831405
625.7174282798771,387.34775216907263,28.127286983980888,61.48985697630331
629.5081482979125,386.40357584464886,28.174075612308428,62.19822302904333
633.4314396276686,386.39709377302006,28.448449373694494,62.20897973896167
637.8959759554398,387.06931320313424,28.481072389233766,62.86675006528729
641.9608490931299,386.2773614556144,29.07543385616313,62.2081251217588
646.4521696798881,385.3945636736514,29.87695425033467,61.85695494815124
651.6156892624394,385.96443735766275,30.45209194222673,61.2017928057107
656.243660126081,383.16039064262833,30.826361091408334,61.35274388272171
658.8280191341688,385.69782938714377,30.781638856177537,60.02633598483162
660.6048661955093,387.8395098600904,31.264309288855458,57.717390102796365
659.7993701510951,388.7658509125058,31.83136262169479,57.304218820261724
658.675242503266,387.50904897628874,32.17637592535628,57.26992845327017
654.8877221398144,386.90765395874445,32.21982762103988,57.02900506176877
653.4678234558595,385.7822903509049,32.35749657861047,57.28808837180827
651.4537490540316,386.45719540882305,32.99955534205922,56.39444860628514
649.3828615128367,385.274578116343,33.976107064387314,55.99409848398511
649.0845586286954,385.10587481509225,34.51470246685614,56.05239498264095
645.9359991338786,384.5653217489632,34.87803029590625,55.53924697881362
645.7724085915883,385.5101149760459,35.14523716083675,54.743930634778536
645.1825778321275,386.4196255121347,35.18856175711274,54.27698978854541
644.7340847748186,389.4621489294402,34.64746696486257,54.108139777054475
643.8270950591262,386.9388472690722,34.80321931018008,54.83218183375246
644.0410029809088,385.6290275223937,35.34638607779435,55.33323693265445
645.2936494740519,382.9475013075843,36.950604943772476,54.911171259245975
645.3988768793153,382.52174928620985,38.12380556213235,54.47226418730213
647.3566078990552,383.23951774381635,36.84821202050079,52.534228943403356
649.1313188329182,383.98441871740204,35.42955416034329,51.05572643500656
652.7263454537812,379.37875499383136,34.30441895984665,52.75976018097603
653.9401468491277,381.51969653417257,33.028093115221296,51.21919127303839
657.4854816559813,381.00900563306834,32.05896071007121,50.027317669820846
660.8474938643583,379.17021473807597,30.546354445172618,49.64106813045993
663.9177113040113,377.7836994156624,29.403191103647487,49.57710794200452
668.09722018465,372.0323290075866,28.643751246117542,50.057919970924715
671.89389725194,370.56646591327996,27.99349231875195,49.28069134844177
675.8827115290796,369.8077524137607,27.138164866157148,48.43651580269584
679.3883905263689,363.9846675050044,26.387216226742233,49.425950199981315
683.9816366842293,362.2882987796309,26.0464699513657,49.1256854267598
690.1524702738615,358.36198012343215,25.849516173895754,49.73026060536826
694.5437972259954,355.2748590703907,25.830145999181127,50.513699374353976
698.4175414697678,350.9761711218615,25.468065913125606,51.38314758662845
702.0477288055657,348.7853613861842,25.109731246260058,51.07828796633871
706.8305599852265,345.95953953687393,24.5252815029052,50.71711952735553
711.4968288888899,342.83371102864743,23.55733338674059,50.859675725174455
715.1307540109754,339.8579622306736,23.872741294577843,51.05437314640908
719.7707259152047,339.5907142731318,23.614890305332846,50.92658677341812
722.3576417815319,337.2044046534418,24.229300435929293,50.788568157268244
726.9523283706341,335.5109825783886,23.919389499851377,50.68376196443344
732.7210904695285,331.73204490776425,23.730125227904807,50.45921380943582
736.078615459086,331.6055641730636,23.45802215964786,50.02857252853576
740.7426560557027,330.1683074478246,23.254715899275944,49.70237472870858
744.5519937082651,329.1771125029792,23.209276582768133,49.293849939825854
747.6333852361568,328.7847048588766,22.70601796775003,48.436233968875726
753.5713540940598,327.3528763997176,22.90764163042316,48.46660674756052
756.8028663543065,327.80762413183754,22.745611029302083,48.46157552816318
761.6609893896166,326.02506613013463,22.967790022768924,48.27351388874668
765.4321051248136,325.05594809099676,22.98409508191604,48.07204883901649
769.2340039616839,324.4688180870917,22.863026843142247,48.34156106268898
774.4475768417942,323.3881494163103,23.505361978917676,48.66829688275968
777.3850910065536,323.7779718493383,23.509666191818546,48.782481422011465
781.5314697002506,322.2408028028791,23.745626799114564,48.85805380791389
785.6358512249967,321.08520402193403,23.836082881091954,49.01055471834524
788.6526426312755,320.5892626633999,24.141346275199453,49.16189517858139
795.271920164754,317.99258033562285,23.87054080388441,48.99060481628274
799.3542382187674,318.39224937871444,23.770686838496886,49.17661823299493
803.3844625582516,316.3051676434983,24.12898415409623,49.05326488061221
807.4557449802031,316.0881296078565,24.462689032178083,48.6821354875327
810.8371406252874,313.9668758557493,24.232427572942203,49.210218381609124
815.7729718274059,311.06453649045426,24.212340066471434,49.70365882331987
818.8447187842786,309.5792346426384,24.380193637314513,50.073021168777586
822.4904467314532,309.3874687872828,24.583713309829328,50.294860081351196
825.4932476331121,306.9182844426541,24.612694121410215,50.430296985025066
830.4085434223359,305.7799465318375,24.74193759545286,50.62324806949092
833.5817490031284,302.49914420139635,24.51279165832467,51.031590592006566
835.608034420546,302.07541254228437,24.87214709302075,50.975106199239534
838.0915050191803,298.67340543789487,25.213581254333494,51.002423726042196
840.5105830828676,296.4604545934889,24.807359006811325,51.35206103344548
842.7337749255836,295.7150109225563,24.535636957731917,51.47848230418191
845.2810618845592,293.58430416814303,24.213265531540756,52.00825833513368
847.2465989960702,293.50657799376796,24.186126979371387,52.17289286881838
847.8414124724973,291.04039987347767,23.909435760312476,53.02314156545367
848.2787894781187,290.73023533640736,24.194615673744785,53.42957589984726
848.87709809553,289.8775401483431,24.300985537616143,53.27325680045852
848.6169224262857,286.821088717384,24.417858521889023,53.30858683980587
849.226685793655,286.8821953250097,24.64621396259591,53.39605160390457
850.124090073558,286.59927061752023,24.9192958084447,53.098946044709024
850.3604541056817,285.1684785670355,24.850265294494257,53.267950161013616
850.5704291767323,285.5061320786994,25.273156181560097,52.566799126229995
850.8514187374872,284.39403159623345,25.19433734719218,52.99459489497202
850.7158617251812,284.3575274941482,25.503496360913267,52.61315711120264
850.6539763019184,283.97401891680164,25.362375016744046,52.25902281859962
851.6705253316352,283.2354829616569,25.012672819889737,52.66550113338434
851.6400090560702,283.34884219336465,25.364579345581333,51.91686514801527
851.3384305602546,283.98011501794394,25.72738758089939,51.56167534383127
852.5007646156357,285.2675147770767,25.89958188163603,51.53307729307976
852.0580613689058,287.48099952681287,26.153797955898774,51.04407676295251
851.9078291045174,289.1815094506197,26.237753425604115,50.87780432515939
851.3587931873374,291.529411051999,26.195858056823806,50.785785683558075
853.1534409273324,295.74716589408916,26.56064482742891,50.5485515654788
853.6352275217745,298.50386563165034,26.664000025233086,50.6187292464233
852.8356201896572,301.44265786789947,26.561332565520317,50.604634878600336
853.6971144697835,304.4793442586889,26.643203524272668,50.68593901123654
853.6821699787171,307.29795658317255,26.852491132494684,50.42825003731808
854.8596319990685,310.1381121718185,26.950082217066452,50.496869791117504
855.5134327742423,313.0088135529113,27.01870446928529,50.53559264691286
854.8864439624831,314.6177111706699,27.28172739567173,50.50340842099344
855.8852340562305,316.8063998422609,27.345003550492578,50.821787036368605
856.0777588914675,319.3446733918289,27.48583636254725,50.517391884254025
857.6879075064855,320.46868589592236,27.4602243532294,50.803783790053274
860.1186284211396,322.43573116045457,27.314767822078068,50.542200070223494
861.152439275483,322.10326486756577,27.264306290622137,50.734151679896385
861.5194224797112,323.6376604725579,27.33577571848089,50.06312825212345
862.9280720381892,321.8559403091284,27.18657433597635,50.349566244387674
862.7372248273099,322.1427624168287,27.05895302859347,50.46443667885507
862.2678814798123,322.0101309363795,27.02772588329492,50.42070391602921
863.0691638507647,322.23137310264246,26.649569648737163,50.85225112723491
863.4962630278518,321.5907512380766,26.471186638419823,51.057654979237995
862.7490428480329,322.11484599880373,26.092094345202636,51.034800292836266
863.8933774503761,322.4481916362848,25.728366441862033,50.68075910236975
862.6972486807747,322.57806773424767,25.6425813785258,49.95424892347465
861.6921160732772,322.37374342666436,25.400964040420035,49.63947352121197
860.6117795694089,322.71947039051213,25.377812508972273,48.97999532477
859.3092695322736,323.64326093477473,25.369076403433347,48.63124419706788
857.4930100763695,324.1671157768083,25.619939622187367,48.30317143011491
854.6763423965106,323.57067112726713,25.80347162954932,48.20762312429318
852.5253665453185,324.36832448581424,25.897855640130196,47.97935549163344
849.785585518231,323.1636936535629,25.874440799926795,48.58507013140925
846.9164222815792,324.7704379098262,25.997522884649857,48.178664987183936
842.4032777888017,323.7086601543538,26.054209285366063,48.270500575109416
840.241548406974,325.2701964930459,26.067320968790927,47.64347944763672
836.1624743499934,324.8971003580055,26.15767619029595,48.11829823715918
833.3633006642284,325.82814487766683,26.22781530605814,47.94039446433125
830.4366764679128,326.61301381832766,25.927784871022084,47.821939084230294
824.4403338373564,327.62425165107,25.672214402459545,48.117406038069326
820.4400399854625,328.8583758754291,26.018703595505173,47.922728603755445
816.1352200932695,329.9227197000388,26.258124149239414,48.00761393350939
811.5411338793086,330.7380820708564,26.18922508210502,48.054380737551384
806.14405837959,332.19037165593795,26.16515308196952,47.76895292122436
800.2250503020916,334.093708419869,26.417353807278754,47.70181353299545
795.561302089787,335.3489081430995,26.813616825821057,47.549999921037674
789.6235536407837,337.3198817035216,27.043559181286057,47.55882246305043
784.7095589228458,338.73158818452885,26.879671061314895,47.29149389549096
780.0777400933468,340.8825359998091,26.716352543554983,47.084442606208526
773.0827095502732,342.6129622189955,26.676395776918888,46.668917831257275
768.7159004288698,344.310298162169,26.74280153345878,46.66708799927744
763.163417477786,345.2456536596959,26.346391283587764,46.62792426450804
758.5047317102321,347.3734320535738,26.309236298920002,46.43562183313647
753.8444979094094,348.8995344414262,26.353639027823846,46.388535904325
750.2927107093246,349.10149026167414,26.389722373458373,46.205545988863875
749.2461352106109,349.9368733272363,26.65867166781438,46.155555914982926
746.6418556864297,349.9608147803906,26.9001167444664,45.93010628663886
744.5233750618086,351.4067553346139,26.949925607997102,45.48300123638929
742.6021247956668,350.45532279077327,27.081421883078562,46.24803833163124
739.3243119228331,349.5973735660989,27.324424604759002,46.587499236157335
736.989330782793,351.3490824406584,27.310737821729,46.30336316046979
734.4397742233937,350.26313216952656,27.267258510412756,46.67567991004691
731.3334634786041,350.70357571320795,27.583088541862125,46.60716264613996
728.609111532621,350.5411213739345,27.520977290243174,46.99782944868066
723.7764360356691,350.60458763161375,27.957405440213844,46.60687878513839
720.2609741473473,351.96538205732674,28.385885044951806,46.168706204922174
715.091893705941,350.9677517267788,28.51280992770352,46.324842186452614
711.1415181722565,351.89119528807237,29.10372842213539,45.849579056785345
705.8035602444334,351.5584953607508,29.305680540293814,45.623979832677975
701.0655920993795,353.7874950490428,29.032511376910385,45.25760662339134
696.2595648348114,353.5332658399928,29.13514741849791,44.88619760698961
691.2041183613375,354.4203576384766,29.610516569364094,44.4738719011048
687.046785290587,354.12324118465557,29.947759519794637,44.64364317577985
681.8373141313376,355.15173902900466,30.386384722509582,44.762731528677115
674.9016253941871,355.9399435018702,30.587322476656745,44.6340448987344
671.0819504809385,356.15251234453706,30.980163704826307,44.57585656304245
665.3462083830719,357.5302564736299,31.366114758469728,44.50055696071
660.9000427033698,357.827554730282,31.724963566299337,44.548360175704076
654.8061642262115,358.4504919832783,32.2373522115947,44.50700005398108
646.6055202313503,359.0408560811966,32.36104849599492,44.512164678502856
640.8581470596084,359.57761574007617,32.76860135040387,44.75738155630788
634.1878933034998,360.9572594172336,33.027836737377115,44.84858238787554
628.1933540065969,361.1382621362333,33.49202919989635,44.84411228231748
621.5934692187808,361.9536318067332,33.44238337788443,44.65904211551211
612.4990543087674,363.35567082752135,33.53782940884855,44.58551436308978
606.4365554763637,363.9552313255362,33.310021936021855,44.56789821267928
599.4761137176732,365.4136587772902,33.5023316542694,44.24899186034931
593.4724179455446,366.73368169191986,33.866207611673715,43.979617303367874
586.7004976662415,368.25024449953327,34.26598898906643,43.44935294950881
578.6698617553099,370.67454806843745,34.517144043046635,43.4011255648132
573.2752291013637,370.6954678305628,35.227132312364574,43.525251761573756
568.7529960827583,371.1953892807017,35.473200331692134,44.21497177805155
563.5099820646664,371.59408324874926,35.99070343501476,44.92876209703758
559.1094086514746,372.5574146311869,36.21637647599769,45.227677401849306
552.9633906319945,374.3846119404639,35.767070924076805,45.160757606293295
548.9080247825027,376.823064910652,35.854505313184696,45.16118244594638
544.8863636590653,377.83144165305526,35.85219901239118,45.42521833644505
540.7404555547627,377.8024773112726,35.86548223912387,45.785755808023815
536.6102175777532,380.0447069952479,35.99838994820857,45.43034526438356
529.1055471243083,381.66707912058234,36.870211972346986,44.74805881362616
524.9378209828604,382.92644870727656,37.335403062920825,45.14170057399931
520.1991248903304,385.22958326110586,38.69362982744885,44.89740999722443
514.6975639704569,387.3797303492288,40.27076919191505,44.50300938520289
510.1378724429882,389.1062492294786,41.285213739772274,44.872112795205
503.0773191987141,391.7791405343059,42.30275691960466,45.15259904922833
497.20698170234647,393.8586817839686,42.9769369706286,45.61199675543874
491.4875150954674,393.629864958161,43.667034620727016,46.4245079385825
485.904647228865,395.34557319096393,44.36142731346564,46.95979751049799
480.29453060617203,395.0587140581233,44.49170808997938,47.897707338116575
469.83774853336877,395.59179897100955,44.987904300405255,48.52827813963286
461.8753612604117,397.8724827518338,45.507416852911206,49.10799763319079
453.5618482959257,395.65767658690174,45.51092097707358,50.4072329088404
445.21755023957047,395.1107554992089,46.146630126893484,51.288971925990474
436.2360325757624,395.3888982655203,46.57258087504181,51.934954159366555
426.30598430064276,393.14057500924224,46.39219585789827,53.303013187562925
417.1836968036037,393.0162057394083,46.39615309990123,53.676270844407284
409.26027234887835,389.644785128901,45.673545908888016,54.707023957359205
399.84468600317075,386.77210822892147,45.63331013777888,55.387132128961284
389.531432859607,382.13886578177465,45.774358050882945,55.12890636804251
377.9756285996012,375.74428686237746,45.57195404342876,55.358026593921835
369.2435085753872,375.24274023214383,45.36602616888313,54.53314195865245
359.55825317689244,371.4993190187272,46.008368478323725,54.52228464793693
352.2826242335429,367.55831899704117,45.61536004574789,54.80617210814853
344.00053804226053,365.7225362964998,45.36169566683808,54.32633074424713
332.69522085501495,361.7944310524007,44.69659990827254,54.12100253615629
324.28921552776967,359.06796258530517,44.71087534852968,54.567798761424015
316.7379819086299,356.53098974141443,44.203933254533894,55.3633249545766
309.9653487519836,354.54944954421694,44.36928528407411,56.155245604708796
301.7102310321884,353.29454712625983,44.076662371003295,57.122309380366104
295.7970413015877,359.55167193092365,44.482177726980105,56.9719713997616
293.21227617348404,360.8496211290437,43.618670320681254,57.49985849927957
290.1711545428827,363.98814191354063,43.30599561694878,57.23518513249519
287.35269136914104,364.2865611317976,42.22163852861047,57.47898938663975
283.6905931449689,364.53897211002015,42.39751668624437,57.5480835078086
280.34417013086687,367.75461726464084,43.51193110815561,56.35391430376126
276.0484037708334,364.95306457906224,43.301626860754325,56.60995994820334
272.6316610939986,365.5187835978923,43.483005929328684,56.24235823475812
270.4566034726174,362.8869399263855,42.73065125097901,57.95610093856595
268.28417448575857,359.34556674338484,42.2512561424213,58.7008017074908
264.27496720635486,354.29780460159185,42.79701397439162,59.751217195910726
261.4242835139267,348.8590452856612,43.1593100854442,61.14201383527936
260.1605201572316,342.8188433235631,42.761159976172046,62.58218758064257
257.1448272706328,335.14713910810383,44.57723708314042,62.45605064718124
256.80095790363555,330.9917165559433,45.17088402920063,64.4781765742562
254.59004441344348,320.8690945578811,45.53261903723366,67.811662147529
254.02767714086946,312.1206597994434,46.353554936646894,70.40703382352311
251.14347976656467,304.03740488445067,45.93764401737928,72.25760279657496
249.53153996944843,295.8810613152024,45.86810401207867,75.15131315131902
248.09606340508023,288.69369312432,46.29974158333524,77.19408790130888
247.75775615242927,280.84673467441746,47.58991807651406,77.55981018288884
244.6547889080971,274.06653267789613,48.041849040398105,76.82135648702771
245.69039013536667,270.14099006389415,49.61782809678427,75.5491735875903
244.97290207863506,268.9002381029435,52.26211021191065,71.9753505708625
243.3391244549866,265.2521357621239,55.456564601770935,68.57028705639573
240.91452147564195,262.5227554854422,58.32924656506074,64.91859209675862
239.6631416227823,263.55796874672404,61.11026340235661,61.92752933752727
236.95808621072266,260.9641570447393,64.15745918741341,59.85013332468775
233.3589866478464,257.9271074539181,66.22020079744934,59.79798033195265
232.28871025525706,252.5053410348006,66.87212924829268,61.02484065431848
231.71814832143176,247.2454019658978,64.69939126901949,62.248110820932716
231.48189961021674,242.61312220851138,63.537274462247225,60.14147072785642
230.99683957206906,243.0359584725269,62.03695868076976,59.58735423033727
232.70761291604992,245.08070890535933,59.615328307886784,62.05676373454544
236.2850404704163,248.6134806562804,57.766657967830774,66.44579386398996
239.62005014188398,256.63078825464197,58.83223146699749,68.94859703274524
245.42927978197065,260.18209536439156,58.38982332665569,73.43260123670797
248.4612269010226,258.0245003629643,57.86726133342482,79.51491303140209
251.26908979453944,259.4047623665099,57.255987774937275,84.03222057872382
254.02540314392516,261.1133126926086,56.87361057644053,87.83737515647636
256.6349274386264,264.41166163410816,58.83625649463694,89.38771382590642
260.8294901449323,269.713591041227,62.189003869500624,90.07505564948612
261.5622261351682,270.47198288713366,66.89206139952697,89.14213348749988
262.849727192938,270.29934057932127,71.00235820366504,87.22454302301605
265.8792279512538,277.3314983593629,71.32256096025726,86.8301979753229
278.2821713822136,285.0745040923222,72.07682043012481,88.18773623779794
289.44978326970704,292.2624388357109,73.31048627305795,89.39215945274167
303.35719260500855,295.72091983344933,74.414794113075,87.27743163008591
315.1755531777279,298.1272076644431,74.1938787842866,85.90085512314288
321.79359117285276,293.41705281105715,76.3034839845277,84.73076508778828
343.0506889798838,294.91240088332637,75.79660877451843,85.14727261756623
351.03487617337504,287.31606524640813,75.73960275759198,85.31632614695701
356.7605576037642,278.62593553175464,75.05918926052225,91.29751769754078
371.9600989552902,271.0169727178628,76.47035016403757,92.26104784040018
377.0016839104218,262.66160998081193,79.47498504808601,93.33185307982174
392.02767620159335,252.52332327220682,80.83392156254455,94.55642072920963
400.3225775460607,243.79974188889656,82.64522093964993,95.449431960796
410.68023856076115,237.4594537611065,86.73401420565912,93.62390279340252
417.9909692429962,229.6530875630121,88.85366459656015,91.63366315895165
433.23105167397307,224.1581391901424,91.36842237254592,91.07249350607042
446.6431574506102,208.32131334625035,92.50925674822665,89.98272890357133
456.8915522315559,200.68710494431616,93.59250525701397,86.94175087101392
468.8831226818027,192.66401106106645,92.81449970197934,84.33691858746454
485.0110481552912,185.45997391708758,91.7190396088843,82.14459195073964
495.4284281595083,176.50132828573214,87.39932476646557,82.59679913752282
515.5188161099545,173.16837757806454,84.91404065634481,82.32131862155308
529.0546408935753,168.85667597235434,83.0752821718668,79.51860679696274
542.7953512899011,164.364094821207,82.52172354657368,77.82370489790242
553.1740831841774,162.2633184163276,79.80886882784517,76.69613134962901
567.547018889632,161.182204110467,77.60557706781485,74.38479915126106
584.2150889037516,158.922635488418,76.02420541115764,74.04944086999899
595.0362861051366,158.75399279724368,74.69390665047753,74.64092685988584
608.1920027740387,151.95181063631338,72.51388963347435,74.50610108012293
615.3422735618504,149.5203632324762,70.92565789519199,74.20687888340272
624.3536019323687,147.99033067180193,70.62379010984381,72.15809304878817
637.6070951287139,143.51465090994688,69.51211125804701,72.71210130754461
651.1223492686366,134.13672398857258,67.5050290341099,73.1250291249026
661.341987237402,131.15885538746994,66.35903655910346,73.14046204778046
673.3941973057238,126.47034577034974,64.08132616977457,73.74911923673281
686.8156431850343,119.80418206621209,63.621914483174706,72.0838994953499
702.3836645887441,119.67539516372827,63.5815023215073,69.5098063539064
710.4803410226572,122.5078215527842,64.92386837152773,65.33163503712879
722.9587513102083,120.34244734657017,67.08467589395958,63.20360840606929
731.29494645853,118.11290354698278,65.5909498047747,61.68946421279411
738.6295833888404,116.3114236486648,65.37560012323115,60.372382448303384
747.32236018631,113.8609049676223,64.42686941952729,59.369940711114666
756.5387130879024,112.80684102729433,64.15370570008287,59.27456474464846
765.5335066737825,110.76179931761968,63.38361239428916,60.54232674905023
778.4210857675545,106.90160030755425,62.947685697834274,62.19604243046648
786.6903743816832,106.91947929280533,63.1757863260221,63.402646243945654
802.0538972841956,140.2418964136453,63.24715093664663,66.31668803986335
805.9726442701003,169.5977140088132,63.624518834649194,69.41746511149046
813.577357360422,204.51132157107244,61.88507956959449,71.64566227945245
818.7891121398967,235.41043813514898,62.382321582300186,73.65009867644582
824.2683388319313,272.42941381005545,62.67738821013283,75.19430827633994
830.9720556318464,320.30866132735844,62.18683712525626,77.75773554398
834.5279324223011,353.30411897100913,62.83721475848871,78.68934375521381
838.1102962638937,386.44802758524133,65.25006275889729,77.8835745614174
842.9343900777563,420.33804247639665,68.20588857416507,77.44557053594271
849.3235007887814,454.84308475901634,70.42993785066228,78.46781934472676
