623.5,299.5,11,38
623.2543681596808,296.80907363716864,11.177179985226735,38.23029957167105
623.9303103585278,296.8637977219989,11.452929874413321,37.97245964857543
624.0831654290254,296.01344314726657,11.693190948189264,37.86279930646285
624.5640352572666,295.5919480931738,11.866021294262655,37.915031341318425
624.0865951228016,293.3307556481711,11.924301137949374,38.16627565591497
623.5391010122996,294.34511922487644,12.14584378848442,38.27581745010557
623.3652437980978,292.24623043475026,12.193633098203234,38.53645909552819
623.6193929449871,291.48714298184626,12.228266837963433,38.70765187986861
622.8351611000862,290.41560094222467,12.293620118982192,38.58643966585318
622.5673973352049,288.7310326801312,12.372735184364771,38.76530528931384
621.8670792739284,288.4355329093809,12.441469398996793,39.16815478255842
621.2540401287306,286.1354428305499,12.413501845314443,39.640488699223134
622.005790521527,285.7820273756612,12.424389024923833,40.115162929966395
620.5490597982708,285.85065207735425,12.720895429550847,40.28390237478958
620.264668717324,283.23384485287926,12.860802562357517,40.63399669739684
620.6828771725696,281.1616390203634,12.916728040496007,41.41529591278248
620.6136305595268,280.04636420505125,13.049262838906756,41.68617869522412
622.0678737856321,277.88812676647666,12.943836441475291,42.52206394415377
622.673627054444,276.4175641919355,13.002389966259797,42.82472702658565
623.8558084120234,273.5162789320574,12.862842619753236,43.143996860459296
624.8939952859932,272.28920955263214,12.863616117220797,43.53080978885025
625.4718814477358,269.19125800163073,12.813632859096645,43.63776082633892
626.529887382752,267.49169771091,13.051390053013808,43.699954232258555
626.7812523102446,266.1433851438566,13.235683778103052,43.5251892620714
628.0594323694507,261.73882412068224,13.09209321573622,44.24469548658186
629.5275914392244,260.8787982823167,13.085238939561748,44.42903504039565
630.8986923450254,256.8917616076208,13.100826024520266,44.90445211689925
633.2294443800037,256.0268260764924,13.543895681217816,45.058553873926925
634.7293052406663,252.26945716850412,13.445481781166336,45.66405239775871
639.654233320888,250.23306927302568,13.458621722102311,45.777226548014326
641.2044019467971,246.84169355108796,13.605222222054193,46.1374192074049
643.0963096049463,245.78077396855426,14.109590594873222,46.165770156072135
645.0174955515097,244.3543874933819,14.403516404535765,46.12607298503322
647.595327617421,243.08043605352663,14.736091561043093,45.92638913760142
649.9804477551311,238.04435852025756,14.852718808816494,46.410768020057475
652.3457569287901,236.60188588969032,15.347265351787632,46.17791542962951
654.480698312876,234.63947359305033,15.496978778836745,46.35085341669304
656.2029374726097,233.13419164837052,15.350443813022341,46.73032809554242
658.6203471044026,230.5084874752524,15.303055312681138,47.337470790075784
660.3644754034409,228.02061180243754,15.274718167271924,47.86244698922107
660.4958617001544,227.18511039056474,15.533268837490173,48.07884184940466
661.8088772971195,225.38553067319216,15.450511330922499,48.35936367466805
662.3098715599862,223.7319838720849,15.259038208936737,48.34537611538355
663.2577256415597,221.50982293057547,15.123111167997514,48.47108113133697
664.6455937263116,218.17813720527545,14.982307278080379,48.89919114165991
666.1421100131345,217.58025067215095,14.9480728745244,49.07997960021238
667.0834745058987,215.57932047300523,15.132212194202195,48.88631625964277
667.9972290232937,213.35350248415125,15.26756088264829,48.522377591354605
668.4225304458799,210.5777220536012,15.49663120851914,48.68583067581284
669.4469627629289,208.92499145392216,15.714808019199626,49.2698644345276
670.46452678663,205.55425155973734,15.581992250545078,49.92976358401178
671.642264287862,203.25427341372296,15.582359361575893,50.554877804507306
672.2336918508905,200.33852968068186,15.727574637664299,50.957592821096085
673.8032929092404,197.38575238666652,15.82158117727547,51.89206615226034
677.9081891354853,194.54287136682095,15.982143377190564,51.71176030559893
680.5655208206625,193.8196814882103,16.431237712524577,51.67551588965587
683.5199851905891,190.7783714406421,16.797863152816717,52.50322122420265
685.5861770213842,188.99720310740204,16.917146513931527,52.35769360616742
687.8811066811169,188.32732449435198,16.8964772197958,52.57435543908666
690.9615311444231,185.49191464528712,17.207863495972536,53.12302710025958
693.4066823543724,183.16031945868212,17.043736384301532,53.44201733919223
696.3154107915685,180.01261689709716,17.250046027548425,52.739866252797995
699.3777693595443,177.7659853921814,17.626639716944847,52.075548886958124
701.1105806668425,175.82590059824597,17.525562924492153,52.11252303644399
704.197206016797,173.88827836747885,17.773733275608375,51.94704989620211
705.5350216542107,171.22642539228877,17.880876926012803,51.25280483492449
707.9100376681055,168.89648172398034,17.963178462981663,52.018358093706276
708.7947579775134,166.8627504245565,17.73395321720494,53.09323551036405
709.517945985803,165.5427735631568,17.734899688457006,54.192342289308144
709.7487481518251,165.11509188436088,17.84164787687854,54.74785714998611
710.2174614077843,163.637357388595,18.007821866974318,55.011669075172634
709.9577521182448,163.88332949084807,17.89038651271906,55.37849530075452
708.8677712687454,162.4527137307607,17.979052492571075,55.39319829080843
708.2792261371895,162.27936639628314,17.942834421332314,55.75299676058931
708.0402990900794,161.0298041025232,17.949114983924773,56.3670339772367
707.3366500044067,160.64345191691442,18.073944836331005,56.734941181868365
706.6895668193956,160.26970922614328,18.172846151650546,57.30900117209423
708.7319637162071,160.67178856952359,18.070375289317067,58.19860717191804
710.7221750512092,159.9290553441716,18.124681623219132,58.89418440619904
712.7480521135684,160.2529790658205,18.694745564144018,59.43140115948779
714.5549059643902,160.94066757210732,18.809361322125728,60.123040510058075
716.0686182854394,161.38942222223625,19.16568211192753,60.526881922576436
718.5977297940533,162.15548641358163,19.531364467319307,61.10012453826822
720.4178044433223,164.52719662640482,19.65990050966257,61.208014842602324
722.9759830258838,167.23810698078847,19.767366415065673,60.870664882736364
724.575720180035,167.44757993953203,19.92929581045284,60.57224305130737
725.8374990019311,167.72707517578837,19.854852966160365,60.54222186666702
727.4319177336847,168.84011670523148,19.821113940915904,60.23944014693032
728.7228110453607,169.8302730354834,19.92177808889562,59.946037042815284
730.0196470534842,170.34987374827313,20.216092255815376,59.52085679929611
732.1121003838967,170.8575217480681,20.190062490894622,59.8231125317694
733.1853054828636,170.60094561172465,20.591949459785354,59.917864993665304
734.6470333457327,169.54747423445139,21.040543542549266,60.1218546003237
734.6115770229294,170.2130882272607,21.558459880544415,61.3142553264055
735.2198822633362,172.2608770835355,22.279004408046738,61.345278356196005
735.6811344199309,171.40921116115305,23.10693175169489,61.83527170666002
736.4432474787899,169.89483877176457,23.62335528645808,61.831607055886835
737.7173775790046,171.34884154087422,23.545263199737008,62.23639238833401
739.2454599153131,169.75101817789317,24.34324619977329,62.19281468039716
739.5283055075207,169.76883912089016,24.86221196916972,62.25225346064727
740.5434086471413,169.0903032082779,25.764858434984653,61.91531324001146
741.3369355928286,167.5927550698433,26.45903713905387,61.46456152875206
741.4174525773675,166.58397896174114,26.946913096390503,61.64945986483704
742.1681174560327,164.55368151762778,27.65919327291314,62.09468138003213
743.9421015324546,163.0095280969017,28.319128505231955,61.791207606631346
745.1379265464686,160.34040018808878,28.698826953613718,61.514455546907385
747.1236962995055,160.54128694578537,29.346416151611052,60.49761568200776
746.5995504539711,158.2804737014579,29.79312704405369,59.526426676125354
748.7844446084503,155.8326648076048,29.87539323567527,59.0331999737803
749.7639312076753,154.15939639483128,30.773551518395827,58.06146277817867
751.058491588283,152.65913476098913,31.56910339893458,57.227699594523244
753.5015245109552,150.42158577117038,31.631641183656285,57.44809739029235
752.396120519289,152.32854091060565,32.51184413692894,56.46378267721771
754.8816140653604,150.05326442080357,33.03522416743618,56.59765389031185
758.3036773424018,148.17006484475937,32.96241938688232,57.0389733629111
763.9205551848695,146.35625282622576,33.04697539323108,57.929924044875804
768.3194978736856,144.12519664950472,33.48057633609454,58.600790222551915
772.9110747005851,143.3625191021475,33.46544960642873,59.34732068986688
775.4719661577831,140.76558307859932,33.872337956681434,59.52166959319495
780.1819447009943,137.9142050871622,33.69999668446788,59.546176693775486
782.7204020389735,137.06673597689053,34.10332330718512,59.559168279072566
785.648865529552,138.18305489837473,34.5026753177271,59.250780919616986
789.5490452509794,136.17749176581273,34.51481110650103,59.53400930227946
792.5828604588421,135.30722527907818,35.059898319254486,59.36505836614165
798.6343383086931,136.12537430541082,36.76945597099278,58.593994390453155
803.1300021822545,136.02113761105136,37.3253436856009,58.07231696034731
808.3260264301066,134.6712891119276,37.88093370155454,57.33819847931624
812.7670083115167,133.21974599267062,38.33397474525271,58.05296551159237
816.664823319088,132.72164701718611,38.80187546131158,58.05335909311181
820.8261153589125,132.30766189155034,38.52212947828106,59.44536505805597
824.2354697292996,131.79854331936752,39.19423017811993,60.199441420322856
828.8902401226867,130.6610059497028,39.699437201709245,60.925677901862684
833.9695964923109,129.7615274133005,39.86095017809822,60.8407083446471
840.5919931847658,129.04114192593764,39.170279717993054,60.21183439139435
846.4066953888564,129.88758616762985,39.05204569707976,59.811446284711266
852.6869079239792,129.68024672351893,38.4918647674592,59.77429630573607
856.6161731754265,129.75331446863584,38.2373524759294,59.588187362815006
861.1925094363517,128.65374804195937,38.62069832566115,59.343170721996785
866.1935967385344,129.5002336442709,39.15345871885405,59.1477206794068
872.4314247093544,129.02659030969082,39.72710964672125,59.312520492583246
876.1638459157841,129.53194125570934,40.54732716275576,58.59580048049577
880.7936018368227,129.42759548460103,41.094880330749135,58.296707358081505
884.3521466028322,129.26754606657394,41.528593506402416,57.98290370399667
886.9728721473906,130.42035715301984,41.577021262500516,57.10818043590532
891.4009345666481,132.65692751601532,41.873170555760474,57.17357244383158
894.7042694199624,133.7517651497892,41.686740297679,56.90560695220846
897.1262295388566,134.78734146264523,41.45882738792419,57.052756814823454
897.8757877153201,136.68410915651947,41.87277539561564,57.50263344489727
898.763631462072,138.42437268676395,41.922457260174724,57.600976204049374
900.7712677749829,139.58217411707108,42.050433192397264,57.22495390316568
899.6161389382733,141.86987059883884,41.470073256792546,57.10014725859984
898.457956730457,143.89217782795242,40.7219332874306,56.83537589233741
897.2570094076099,146.5406646778956,40.34139156227531,56.58558713660392
894.9764542914614,148.78363659279796,40.25193330931207,55.52579958922409
892.318775224327,151.81208410662356,39.67983788751997,54.86989790874087
891.3965645945256,155.8137435266222,39.37895136781084,54.57197142943083
890.0242477465275,157.3132614323018,39.45146759211216,54.64700964799416
889.2765895179039,159.79997491176266,39.86302879461388,54.3850952546852
888.3178933582883,162.03951479205514,40.107713675376104,54.42746553682487
888.1337028056402,165.66488249172932,40.55445933173968,54.819424133905926
889.9844226448706,166.27784781398756,40.06759184451724,54.13910451329234
888.5879751162954,169.06553691764748,39.97574464168841,53.1997698545565
889.7913395048457,172.7477162885811,39.73185956881138,52.797146361254924
891.0362871018184,175.4459947554293,40.013940368976066,51.92965217551388
894.5775746468654,180.38816411528808,40.42309406153589,51.384333231186936
898.5638645133512,183.10243945798896,40.4732661367309,51.30552877304955
901.1273025342573,187.04535653326982,40.20538887040074,51.140671928853806
906.2995228709489,189.87000370309,39.559184662471864,51.12434744547568
911.6182351448309,194.89787968101726,39.13143781093573,50.732332786679265
919.9626284741734,200.46039615363597,38.54561746084458,51.051116980113704
925.4060552614271,206.04570941888554,37.85273838127123,51.20015635842803
931.1645813631973,211.34512476940674,37.44839617681541,51.09912743808633
937.1643286264448,217.19909007776621,36.80909776390664,50.995522115861995
941.1616728299193,222.62244284469855,36.69940958583952,50.48553418758813
948.9017792237186,229.8963976863476,36.1182255763171,50.11815219136284
954.9981358915492,236.09430178840643,35.413975642450296,49.51557976605375
958.510134072086,240.96510074166707,35.34121362204448,48.99707870706661
963.4061188213391,247.45655732876702,35.108985143740895,48.735003125945326
966.3287608918503,252.22805835594278,35.0601549555079,48.898623195312084
965.8521742820468,256.60235188215313,34.88059339957162,48.04834394318439
964.76540250035,260.5659788956503,34.839308233335615,47.847139339407846
963.7166953703891,263.85472968787786,34.89189550885192,47.75644319394807
963.5005141152465,267.86993807231266,34.18941168944821,47.760557064726854
961.8957161975021,270.85611386085213,33.38937875220127,48.25449548474873
959.071313301043,275.09224936529284,32.753725431044835,48.59930688095768
957.4036600275731,277.803835785347,32.58109049353325,47.972303798692394
954.1669684630016,279.7567816203008,32.65013955437793,47.49448696551579
951.8546672187828,283.12611647529286,32.0794061777949,47.918844542061144
949.5690086580764,285.3804365022419,32.10447247904756,47.47207506311432
945.6011111424332,288.4761589943138,31.939425988117478,47.436599221884265
942.9197201503412,290.21089658438103,31.599945570720674,47.00698190612967
940.9415750726793,291.5744713666156,31.135173733399142,46.836080291260686
939.0896484540408,293.9233717151925,30.901017470172455,46.401011146231006
938.2277042570936,295.6354935047,30.51244978076921,46.485122946320686
938.2225201710881,297.9717503792284,30.092940075544597,46.29086685336115
938.8569464442427,300.7444974637412,29.887973337226633,46.39682617936123
939.9057562659277,304.1981358580166,30.140916027917307,45.96749996377799
942.048729540852,305.5151158702762,29.81414029639741,45.76961419615579
