748.5,136.5,42,29
747.3435323701904,133.30250065401742,39.48903122214379,30.55540623514753
747.3236177781296,133.68536200122264,37.54415865360269,32.12334676591105
745.6396429552312,133.79087543221803,36.77332341399271,33.41012418801601
743.611821400896,133.28402731018724,35.970198059528464,34.272649880300705
745.1193490638616,131.63196124020098,35.348513600372726,34.330971749963794
744.495005318159,133.2623847886273,34.939642650616,34.71156122995444
744.0303952738618,132.85152044336584,34.78304015696544,34.78231884160465
742.8178671858399,133.47198583429034,34.7101267056289,34.82573881258618
741.2347021614615,134.29257642894208,34.700189368902706,34.82901639403463
740.896303517797,134.2538741696804,34.69392040733807,34.8282733149471
739.5544148297917,133.66120106624277,34.692868071434816,34.828564265932386
738.9426445429967,132.9097252147856,34.692467199674006,34.8284252295966
699.4250772772606,145.18946646182036,33.429406845892366,33.84734811577606
697.4707539185879,143.88352851467886,32.50474009811935,33.194405341693596
696.078582755269,145.95949654408923,32.6462696958751,32.02027370525139
694.3520542225261,147.77224139886476,33.051023395653495,31.26760628039878
690.765706682362,148.8884756718332,34.22438318698044,30.27615233426204
687.8547233893028,151.14781132673966,35.40478254287433,29.964616224949594
679.8796344331755,151.8789656377306,36.058856023976446,30.5695220919509
681.2481957199774,152.48998207902488,38.23486850209996,30.547991247364322
676.2266676244922,153.0671272382408,39.41020599647612,30.99912807489048
670.9054231480173,153.82521502364528,39.643919619835906,31.05931070320105
669.0203454357533,153.39221566681152,40.74689426776807,31.01631915292966
659.773977075582,154.88360067479712,38.81443910883807,31.373023576579428
659.3449588414999,155.1356949974284,37.95700490534863,30.99044080442478
657.5425419643805,154.55153976385955,36.91658595496715,31.154327295617968
654.1057757004656,157.7899117725093,35.63654830762578,31.165798247953468
653.6964856854096,156.94046658921752,36.031112875339396,30.62409875743562
652.8964965240144,158.64402551975442,35.32271202485096,30.517832479842625
649.2871293295971,159.23844859426302,35.351513590504574,30.578245206672324
647.8527282799758,159.97423504182441,36.4021837660713,29.052459663128012
646.3718825983937,160.32216213851945,37.539267280114615,28.344954325374918
643.0732153636427,160.66277163440049,38.768267456251074,28.049575093916342
642.2451247086676,161.07463206677687,40.70707909056505,27.22474793040215
632.6646383460309,162.4534001765199,40.127956677288594,27.86973379801327
630.9506783544734,164.85145853527504,40.23613302713336,28.3024574316077
628.664204588018,162.0825305662966,38.511984784439846,29.028357440762086
629.1243603131704,163.72191888192276,37.93164925743475,29.083486744797284
625.5534887323661,165.55141049280385,36.94974949759569,29.197514730615655
626.7132782310438,163.44019525645987,36.66152707334527,29.308309995173715
616.7931049964885,167.98885433118994,37.14752059140588,27.874263749705296
615.8668697679597,168.90697386802216,37.032308686860816,27.85063053388997
614.2676580575384,170.76074590623483,37.45334591919648,27.48616387865296
611.1812637149623,172.96819776356708,38.369234293832264,26.77724809428632
609.6140329362318,172.87499492210546,38.62455618950439,26.609077815381337
605.1063740086228,173.6435530948519,38.74789482719298,26.601806946038966
598.2639328555058,175.57217508397707,37.26006194635423,27.6160114846343
594.9910002582841,175.50598055628893,35.88312421568777,29.6668802210256
592.4838264076568,175.09345720161335,35.031775009898844,31.092646680304288
589.6515961064438,174.82013096801532,34.11065144865922,32.23241858996329
587.19675447466,177.26752443698376,33.635783187110796,32.55509419169924
584.4162996269736,177.42837603166706,33.18446248621284,32.51812090030858
582.840922000715,179.63779981381276,33.73905851898832,32.34998811491731
580.4150052841715,179.97379433750004,34.60082709268503,31.571489590642656
578.5462761822289,182.3392056353809,35.01078137696858,31.186979994606318
576.5087461071236,184.97426418997733,35.87119900246013,30.414465348182
577.6436188823611,183.62759651807616,35.98904862868169,30.49108311500372
575.581588806886,185.642060468142,36.56383004351764,29.646934143628734
570.8846845064857,185.4605344398301,36.84589185629319,29.736978837171602
567.0661046138233,184.25982288768148,37.78634630027897,30.59959085386049
571.7863940929439,183.37991107312934,37.6675046314665,31.639698768510133
569.2568700070631,183.07893015233702,38.22517379016662,31.884829655543054
567.6608966598616,185.76457317398427,39.184310464122646,32.213536745793455
572.7512855896891,187.59814570273323,39.92453308511943,31.56298681349394
561.8771464874733,190.17778376571033,40.54595353198279,31.344981038949612
555.4792964015145,188.0187043829245,40.020269273968694,32.46030948988503
550.9390529035174,190.83161468853547,41.71926842358846,31.196552763398252
556.3177891432639,189.9185221405419,43.402409690738594,31.3908636557034
557.1376704394017,189.04634398143045,44.12754220382486,32.1182865327642
545.7146519858348,193.2940960834872,44.94751900658851,31.54069624237754
537.8115026475855,198.94920048936748,44.477219706402636,31.47484167866382
535.8056890861418,197.96924555346067,44.56319456374132,31.2254586618361
533.7903828226181,199.44984406614256,43.808039058714606,30.94944802258075
530.4737309477432,201.5253245612671,42.33344600365499,30.481249178327744
529.6703933302928,201.7038611297164,40.86945063384989,30.4435936372925
529.006963756098,201.71364177712084,39.09667537328879,31.21853132252892
528.2844187611809,201.96126140362864,38.16160598507133,31.591147260744087
526.6692212215847,203.08854091164352,38.94333926006434,31.67507157830197
525.091281091888,203.93420164356678,39.612141091189095,32.00044179917837
525.2842815586911,204.66295737921752,41.09356083095345,31.780728899463522
524.5557965849243,203.15903212580554,41.58319251449839,31.623152436759252
519.9317147419644,206.4681314184967,41.835251960000875,31.713352670346655
520.6266329015298,204.83969997925925,41.660867596665504,33.40672253543959
519.6216950079884,204.63591126623731,41.79771427093231,35.16555168286564
520.2690361314034,201.94593556088006,43.13113718767654,36.0101785200633
517.7617765966935,204.18086170409092,43.55405631584257,36.88319933010761
516.7584678932313,203.78329062236054,43.673312553905554,37.68881348948835
516.4372911612783,204.09410103097252,45.12181836156169,37.49386921383123
508.5841565325514,207.1030336676743,46.14410381622011,37.49129277023111
506.3420674794755,208.0579020656003,45.591801018746395,38.433413636580056
502.9706130626221,209.04720436883503,46.672988146062835,39.86320217471811
500.1040367399221,211.34183533736095,46.77697609572304,40.57475868096462
499.65090178010354,213.33906589021646,47.408992319156965,41.30890046145355
499.477353998809,212.20389720335817,48.24576501292201,42.00878741002211
499.2130752302505,210.59553985362578,50.26479891989675,42.60940489764912
497.21229033091475,212.78040950021693,51.418222995225406,43.63334808432526
495.3055492491448,211.78737878612895,51.25163885932686,44.03341896436733
493.75480198882354,216.31564038171396,51.5348617430064,44.67248102405182
492.4428501914706,216.84906802153142,51.49929001117422,45.3374988990571
492.4573231169649,215.4376564872595,51.83109730897975,45.60991575002587
489.8729352200001,217.13848744816016,51.045611323124305,46.9170946752399
491.71822066289957,217.4764554383683,51.7733830276574,47.389895648559005
491.86329778406014,218.31079627278362,52.71434758359218,47.61934618473784
490.9492297926056,218.78257910538133,53.510471938350264,48.10885702043504
489.3745717573608,221.9498537270714,53.48017346492505,47.70146613276782
488.67328001427103,223.0273743309507,53.40728140140679,47.44285434452674
489.12720040726595,222.66342670988,53.5520115544809,47.271782976236395
488.0031166375702,223.9079561554901,53.129274219070815,46.994408312005994
488.1624257823714,224.20133323080046,53.381769217870996,47.20719509833211
488.02967143987354,224.4106030704168,54.21312893560062,47.17171241735232
489.02318340410056,227.02264327485432,54.77700093648304,47.28522079555616
488.2008369181107,227.0727381211949,55.743837820778154,47.42226065872025
488.45415169367163,228.55543325235766,57.223067782939054,47.05693848874093
487.7420574332217,228.34966543813192,58.08177696566983,47.669473019513234
485.87213923861015,229.59373323158545,56.179278893680845,48.26327617619752
488.7604539199763,230.573572063636,56.56769956070309,47.81402586786274
488.49849554722005,232.89739314246825,56.480116519838674,48.07698437242964
489.4414631047402,234.78587033449296,56.92742024490158,47.69759749898509
488.0311988356843,234.80952521552763,56.595728533837345,48.289918471836216
488.51881295430115,235.30512148319823,56.46577659274237,49.73712000616667
488.1688432233589,236.16681111328154,56.65737444419518,50.51901456496978
488.50588010223345,239.19335161635763,55.812386483517535,50.2849743341167
487.6514881814934,240.68165837166097,55.73320204706644,50.19125224005967
487.63207968856784,243.55731681966387,56.044631425819965,49.888309138609515
487.1855277862474,244.56847502418438,56.1516560025365,50.34921068420415
486.33811094001464,246.208501443513,56.34648564188615,50.27931261735169
485.6772979582397,248.13038460629934,56.360455913335485,50.605742824982116
486.6703002221105,249.9071430566816,56.20247744188363,50.521564579689425
486.2674024073731,251.919935941667,55.24746543795841,50.37913272512387
486.1386654437013,253.80755963869842,54.58034156552397,50.4653085850741
486.154839586035,254.85550084244423,54.33241715368513,50.33862297399973
485.3545086614932,257.27751068584035,53.85137033310624,50.35708774231612
485.60871159404087,258.39181277106377,53.50307516516112,50.712696113449475
485.20025484389146,259.6616888494157,53.3859637950643,51.42022550810673
486.39670732985104,260.3038104534644,53.86216297010256,51.49237063046898
486.41294594485055,261.02573901710997,53.9068922921322,52.54707679282015
487.08202090008973,262.4138652481423,53.94766365202432,53.44839801163314
487.11361841111807,263.75811258005643,53.90087044053918,54.33225623400484
487.7563643615979,265.6900847304508,52.98185945631798,54.876450208362584
489.07658623804764,266.4414525422061,51.97578293097284,55.495995182538806
490.3148270219051,268.39452464535356,51.1634800923153,56.279584004655696
491.5027703702763,269.1072051345608,50.43729761348361,56.67831791778942
493.73374631920086,271.57659460547416,49.81684480582918,57.80357486844923
494.9149221020725,274.2629736201795,49.38409145232805,58.558804700671935
498.5990716280052,275.09741229953454,48.88621714792962,59.49493165256968
501.5637038371982,276.4556888394579,47.981652894338566,60.10293706919819
504.9675121774528,278.622814542989,47.573370644523976,60.697088085994665
508.31229627035896,280.76422494244434,47.020943209596695,61.301652178593926
511.44675764938154,283.594536247129,46.70523700428586,61.81341812284408
515.322115217501,284.03875114539926,45.82069656592276,62.92923408436012
519.0753398937879,285.9389003520798,45.00874861334292,63.947631216195504
521.7871767803592,290.26885957692036,45.066697059286014,64.60909052072591
524.937121990757,291.85642333320965,45.13042930389585,64.7847716286002
528.4879049224919,293.66649452290477,44.93243933764282,65.613037376041
530.9471191975432,298.0608382099752,44.6773804431493,67.20733607062576
533.5627957343859,299.5821176109556,45.17734298225702,68.40220164229166
535.9429789535988,299.51083775490486,45.94904384272029,68.0898685402338
539.7814797047964,298.87554013284614,45.99395758538111,67.6680754882239
541.606994354466,295.3261114497771,45.941170330490884,67.82308424443765
544.5595137765442,292.21203717334697,46.048340424933144,67.4012298409075
546.2874313706368,288.5904833857607,45.71558572876745,66.30734324493746
549.6383894811813,284.51222092068826,45.34984494942045,65.79932502322681
552.4608797210287,278.43716303824914,45.088266340453146,65.50668222792444
554.8527522960478,273.6592693241349,44.534120666275626,64.8111011335088
556.9736817298987,266.7371663385029,43.7570795609489,64.88615446347644
559.5780970809392,261.86655485944664,42.84341868918989,64.4677352020456
562.2308682446436,254.69395163379534,42.32391762154685,64.71992884359474
564.5757949397051,250.59808101573088,41.59920075943897,64.65036236335402
566.9120233597877,243.62338529915098,41.40605967702521,64.81598800366717
568.1719742742873,237.30652539320624,41.56072840848126,65.09312803497802
570.7469976944551,231.76842829634563,41.67508824920654,65.05809423950245
571.993564310449,223.89577932328137,41.772898353705614,65.56402374691027
574.39267437593,217.30627920842403,41.78228110512876,65.96334277087546
574.6875667346425,209.76114795279182,42.14043024037639,66.17073937637818
577.5838110068199,203.7860153172529,42.16634923157457,66.46878582879144
578.5303837122113,196.10686450007879,42.55820724448245,66.81954580664554
580.7480191819545,189.5354726960062,42.78552490134012,67.53307011455878
580.9832428999521,182.57397464188693,42.92103986101293,68.12609204829775
584.18810531482,176.2492328355993,43.0249144270291,69.0370645753628
585.6161169797466,171.5247187340091,42.93107333289359,69.45550748954173
586.917000463102,164.82111013033654,43.031958105303424,70.10591641594206
589.4401192946286,161.2198543510416,43.17263631673141,70.12676493818547
591.319359415869,153.77473533887184,43.49974309893928,70.87976064532532
593.4817382875627,147.52713996519873,43.83972448747933,71.74899008896057
596.1954290785299,143.65217889641113,44.37912929012755,71.90444267926404
597.5408498967288,136.18847257123554,44.86371771316266,72.37946561251319
600.553178628034,132.17200477504338,45.19380468490907,72.42921543677002
601.1436993425046,126.71581163255289,45.49860429181051,72.80171143244438
603.5261297500267,121.08797708383955,46.00772361745257,73.43950161599167
604.6951110143891,115.7923961776019,46.245955136655525,74.544558463257
607.8981998562516,111.01855028449373,46.62639759300633,75.69287051924876
609.4316577983958,105.97112350922683,46.914271442604516,77.14048343104963
611.6544441236401,100.24736717481423,47.27973013366869,77.88329658357844
614.1534611140844,97.36924425423275,48.013890099618486,78.52273257977069
615.1473632406636,93.66166723525033,48.66482376340648,78.49838390167108
616.924101412683,89.45296009623513,49.04236934815508,78.88216780860773
619.3426832145248,86.35561290346072,50.002483195032966,79.80196938714971
621.1984021667827,84.29315377012472,50.79055367140691,80.04161276673676
621.8097420045855,83.20360245446227,51.53279845049036,80.51228463100234
624.1154250775556,81.79757265622025,52.23148040788253,81.16184742229532
625.7370488753229,82.19035110988573,52.963611564102855,81.98674388219766
627.0694517543169,79.29742774582542,53.76737270064609,83.04723641567716
629.2465003263587,80.3333762654165,54.6467726993541,83.92803808407555
630.1237105909626,80.37371969855998,55.579049891627896,85.04181339792623
632.0470783300356,79.28298937503648,56.51612407534717,86.3856940793818
631.8737217212446,81.53964322751905,57.602022208948554,86.24817172521622
632.0042051376547,80.1947689257091,58.97121153552918,86.72483634636848
632.3327326304068,81.96641544771248,60.35329725131888,87.56241888982508
631.9715017722867,82.61412969856518,61.261332694451454,87.67579957314777
631.4275043801706,84.80146378593372,61.954501483715326,88.14334502908694
630.391043398732,88.15419606135232,62.82014686387478,88.41405626331445
628.8079985525823,92.50341716497022,63.64578102410016,89.59549686857866
627.6024105734965,97.2407992088319,64.13110265697713,90.38444471017658
626.6515774413331,102.02509059204951,64.59870679800534,91.09421754219107
626.4616938867559,106.31317088734453,64.71112084929845,91.41761883362008
626.976863127046,111.77949693602757,64.64273302846993,91.75693843882968
626.7535241570497,116.47113518082315,64.55088914219542,91.97673411568138
627.2811315492723,121.37317730486993,64.24707590136742,91.81662226443844
627.5423510323232,125.37425292986381,64.20372971204117,92.01903797001707
627.3253187542269,130.40161688610266,64.51550585488775,91.67776144303744
626.7786814254116,134.55196148794542,64.82615865201436,91.64475050015511
626.0756306532509,139.0538830448086,65.19835087550449,91.23990068782037
624.5882434132069,143.45157947337668,65.85294112478793,91.11581444079161
624.0229446267529,146.69623100590994,66.50683937523401,92.47261122924074
622.2338281409639,152.2218494924343,66.87580043900556,93.49522488790586
620.2592439028796,156.18670867020435,66.71679459113844,94.74876554268069
618.8689380515927,160.3348607042039,66.53754120048089,95.99037861182762
618.3077083799016,165.4637844480859,66.72649494913298,96.78149657816519
616.6345887562437,170.18270152716076,67.13364585187468,97.17220989773763
616.1270655578514,175.49266926562316,67.40282457907679,97.03004331882306
614.9509008361242,181.0734363777222,68.04750419552772,97.05313758125826
613.7146032967642,186.7363591299166,69.00519763621696,97.26587773971127
611.9097353511029,195.04209715985496,70.09967855317417,96.14090337356018
612.1561655384367,201.16962336979907,71.38769219240758,95.44611268005136
609.7282204227101,207.24885769806818,72.47416394584839,94.86519967994623
609.4822239233981,214.80328464749934,73.58763168736189,93.6304579102953
607.8146807022913,221.9722740549498,74.89993341964515,92.4337668990443
605.2656635312878,227.0703065071596,76.171132606165,91.36255322143137
604.2834615277521,234.16040681114092,76.99046653724753,90.321854185124
600.5046077996286,239.57725648326894,77.79318055477394,89.38752312700073
599.7794802780365,246.46605715752642,78.55130002552448,88.67199739341498
596.5294096059374,251.40539230933481,79.47109526223983,88.22081350947592
593.340415460387,257.45369554176415,80.3355051384237,87.63688232995659
591.3282453011739,264.6142522837906,81.34146862961003,87.13276542030552
589.3107098622902,271.2461362001189,82.225445070732,86.78057576605472
586.1836033074179,275.8053436697894,83.26349931359415,86.50988192656729
583.6506140775848,282.51207246902385,84.00366877133781,86.20524905801776
578.9922105279925,287.03939496604715,85.04089670792462,85.68990879724755
576.6406914417736,294.1168621324274,85.88610340224363,84.90662325293926
573.2507566546063,298.57950187091626,86.92057350148045,84.31012204286823
568.7211760544881,303.69562508513417,87.91193990191243,83.6713852885047
565.459808292407,308.765780595722,88.87547895390637,83.27823231786608
560.9226982471531,314.20616992662724,89.52091562766628,82.9388278625986
557.2451117012051,319.6394089956132,90.1984044124637,82.4403659676076
552.3923125495006,324.8401718676215,90.4511361616126,81.77623646382546
548.2718210291039,329.4791085830361,90.85816391447278,81.11554194992735
543.3898537142061,334.41353822124285,91.43074283900711,80.34380772691968
536.7974497369936,338.13611836664194,92.28200606229188,78.14773953817225
533.471983496055,343.94263973729255,92.89467999161779,77.4243414196738
526.9485207281326,348.0123243591348,93.60549350506264,75.30911253396044
523.0687418314026,354.2821964799107,94.10950282134982,74.75035488756251
515.476115739656,357.140115637672,95.26628401180095,72.49306511787721
510.02244476664106,362.78271647546677,96.32357598529673,70.20516931234386
503.7029377270351,367.22919550875093,97.11261161754827,68.09150764393837
498.70541303294675,370.9954872566218,97.65600466417217,66.00304264795255
491.93506115041777,375.0451465474031,98.29951356686442,64.11671959556473
485.4124874378627,378.4399276210968,98.6475918238838,62.34956259572981
478.5554586878528,382.0204318246033,99.10149555345674,60.50613107394017
471.7715777351961,383.8317427439146,98.86426192196598,58.71828885548818
464.6188974334104,386.02447104447816,98.6910792439822,56.96111813921826
457.7711939277222,387.29663248795754,99.27971287889378,55.22448825686764
451.8943856005856,389.95010614048607,98.95967345101356,53.91515318974085
445.33281665265054,389.53242412109637,99.20215891921038,52.960789659893884
438.3957088272938,388.87578129300636,99.16132406333217,52.22462491858241
430.8768670027277,388.5538373077716,99.18198081121923,51.38265289893204
423.82633635154156,387.1706327796217,99.36364571313982,50.53425983311575
416.5575835374985,385.29120038206116,99.53281084897742,49.36933465020945
410.7007962144099,384.3520833066537,99.3824290437386,48.51148362455649
404.0324321872814,382.7738609493588,99.02106273001465,47.29566156973709
397.9974010205686,380.9813193101908,98.44275050594513,46.77735701543149
391.7946498757997,378.418854587936,98.07533314063676,46.86228983594822
386.40072804425665,374.7278187426797,97.71911857618376,47.48370373913782
379.4620704581505,370.68468768476004,97.54913436332522,48.116223827694405
374.11178894270176,365.56009809104216,96.74433869823888,49.26637252044015
368.61530887556063,360.33775889142254,96.17447076855629,50.611586503175594
363.07680243162656,354.4638964403158,95.55591175701039,52.192548099724924
359.42988708616394,347.82504017039327,95.09745792111059,53.94716074027808
353.9030381656585,340.4672623711084,94.23337965433353,55.61331314823502
348.7037481558177,333.4504580615977,93.72831988061904,57.21409858610404
346.3252559572718,324.5391225227674,92.74090520697104,59.09965304083982
342.3048781627959,316.58703158359924,92.15601992678224,60.40524216099746
338.1493747974367,308.8996727205288,91.8515262073664,61.22633096562943
331.0533841596206,298.6207030552676,91.59274664162902,62.76076603894981
326.8644074084941,289.4655069915067,91.15697276503674,64.1597773986494
323.8561855069819,280.9775441216121,90.65000147940755,65.40846162232529
321.2414573347292,271.9760782876426,90.03285586086974,66.87230599473202
324.2011582274168,262.374072400983,89.6327516752871,67.71920869822708
320.84420255276785,252.80427923176853,88.93739464537347,69.08607088504459
323.9379533249231,242.82138280781973,88.30018893083587,70.15508944095002
320.47690322460636,233.22543987457252,87.50677876312227,71.37764738080868
324.9492942859198,222.31447980970566,86.4412500279466,72.86083955949259
328.00694106909447,212.2080967884833,85.64945995585994,73.92434603467662
330.84798936781397,201.54241170233857,84.85959625331844,74.90054309600411
333.29577555711137,191.4954773642509,84.12646989675733,75.70701057283867
335.92268863465716,181.6355898517127,83.08691624075018,76.77699960243167
339.31861595613066,170.205067520608,81.81674386022378,77.90098943981192
346.7695314104523,160.7937154783461,80.98770595847749,78.67515531632799
352.25778611667795,151.52574673592423,80.11051791138263,79.44645962246072
358.02294063944015,141.95973988924578,78.5792523305189,80.59493182717019
364.4206783704604,133.2437405414918,76.91126214374697,81.75707120871327
371.49964555767525,124.03653923496086,74.73041097549404,83.14929326452419
377.55178282519927,111.35834780618593,72.93258919160566,84.27176651514046
384.55660062874244,105.508197663577,72.15973375114528,84.59189979291206
398.91531156989095,95.75440912148059,70.59137307185118,85.3528052004691
404.1083077793836,87.4929829816356,69.95351621957727,85.59957448760535
416.9511038931206,79.18609228522564,69.12856737894411,85.95223031585009
428.5446845046445,72.71813147348045,67.91629781849394,86.51389199061
438.40022968954634,66.67169048766331,66.79621277400771,87.02143727706363
449.73446679251924,60.019548679105,65.45879707025911,87.61607848390193
459.54656164250383,54.44768226652797,64.08479619780461,88.34083357162923
469.70740266856484,49.48634310322894,63.05989568559964,88.85391926974829
480.66766146002294,45.784136985962974,62.10993626918729,89.4698726801225
492.7024596152306,42.01705988067759,60.49783660183839,90.72065258115347
503.3863166146611,37.84398805453972,58.811953962840704,92.23418753363063
513.0592309025275,34.072878408229535,57.64902486220558,93.44312483238504
519.8412990490964,27.332702641755716,56.37267791385544,94.86878791165836
526.6142882790209,25.070288881041726,55.80717869442384,96.05164975773233
533.0287212144967,22.966326722959252,55.587522837815456,96.5773605290517
538.8566639148952,16.308215781916083,55.339216859015465,97.1783524230399
543.5010057273807,15.197184982871661,55.49766820566307,97.50284007322225
546.6538400420627,9.697636490458152,55.51983990451569,97.6830159688769
549.0727194475553,6.531341448204856,55.516787876825305,97.51831591895356
552.0951123661114,6.108835666746202,55.81412173346912,97.56834337962172
552.782328222067,3.13351136202332,56.241830734295924,96.22834543602794
554.6270493776394,1.2110403919308865,56.30971502608697,94.6337465131757
556.0230743923073,-1.7898263539330088,56.4284535328228,92.93759735262077
557.3448582602433,-2.1928772695677594,56.29841319029205,90.57824884934132
559.6723037574889,-2.654062961469684,56.11491053579725,87.8972445598511
560.1389491312325,-2.5117835664491466,56.11381014694871,85.06643137337143
561.8503260363292,-3.749902200750981,55.96525129258116,82.0669081820752
563.1512379273029,-3.0308649209099414,55.76616918124224,78.93650218909691
564.5761744607637,-3.3373399557602994,55.523820032472564,76.09905357524966
566.0578093053781,-3.506339333246892,55.15529621764864,73.20403226300787
567.5949082213101,-3.2634678757410427,54.6850565156674,70.46771785866207
569.6745539196492,-3.7303944768473514,54.19902962246839,67.88373520539068
571.8765961175084,-3.9001908084913737,53.32269810303161,65.59081267664686
573.5438283350231,-4.37048076846191,52.411012035998354,63.386747144088545
574.4034499307786,-2.9179562897170612,51.72274871623722,61.443122418128084
576.7918386644526,-3.7326278733724685,50.96575999095465,59.940625594823054
577.8176739711923,-3.9373491347227407,50.32353883559735,58.67758705749552
579.8718415848867,-3.5901919685757484,49.558631266289765,57.26686578378766
581.4111390178094,-3.935708371505932,48.94759025443291,56.065182301081435
583.3007069828825,-3.5721127321895025,48.21090618280734,54.854804747681655
584.0057775414356,-1.9559580655597841,47.77307239011073,53.69243025939292
586.790808661964,-1.751004940043149,47.2170854282897,52.80716808518384
589.0532416062422,-2.0032683825419255,46.51535706147706,52.15869926457684
590.1010274679226,-1.0491184103280027,45.84109743185106,52.01312526943641
592.3686589514886,-0.5758298134476192,45.41467636077611,51.820477452277814
594.2192092909322,0.8426978452125446,44.89251764699202,52.19457301958578
595.8124757629674,0.03688920132676898,44.50409328064977,53.028356547572635
597.0098630314267,1.4323150329901324,44.52002287962625,54.035086795332944
599.5017505156051,1.1875227843416596,44.91076725941396,55.745163178768806
601.6145674768829,0.9058808520097408,45.358122228459756,57.741252462400844
602.1268636215605,2.9656789923924904,46.40904377882627,59.46728587371298
604.325340177902,5.137947110189518,47.44362209543405,61.41031200841922
604.0862211448606,5.961219271155205,48.14492240855467,63.81157585680645
606.4294344372286,7.967619817669046,49.07392236419349,65.9395647494355
609.1037813681786,7.493445700201406,49.572879983921794,68.69553851652105
610.0102475577429,7.9104357049155,49.71124453033809,72.1476350528082
611.0212560085158,8.1843720854991,49.98007922180966,75.52163419219947
612.6207966892458,15.261189548869247,50.1729038833753,77.1019918420583
614.5724240394096,14.73936229168325,50.48086467911092,79.59307935127282
616.3158575064513,15.41562583424274,50.6407684607412,82.4066174822183
616.8719235079253,18.673074994108482,51.18255532013579,84.31975394489648
618.5319940751932,22.08258839529988,51.792121235923595,85.39999100130885
619.4622523568235,25.803904253644085,52.303389359705356,85.80875060008064
620.0381159708818,29.586024214664,52.6266212666442,85.98124983667118
621.9529886030923,33.453909864668155,52.64178829279635,86.12394705015164
622.8872356731448,36.827102442835184,52.90214342065097,86.33160814320723
625.1998432909837,40.70086145446357,52.798901794897404,86.11819255983083
626.2768470099435,44.49470057601518,53.01430511022787,85.84883125322054
627.8222414167165,48.360568154657294,52.968335651693,85.65596786107302
629.2632627494655,51.35382672842894,52.88517022542213,85.64458127154364
630.8459500960728,55.09613853714588,52.81649453161252,85.2622749873312
632.3648860970357,59.99581904115151,52.84208740967633,84.6752037895006
633.5613999086861,63.448745746075716,53.009304585035835,84.68714842194956
634.4200685778958,68.31373477320952,53.376885268772256,84.3256443743348
636.0360942118264,71.11166242650134,53.504660327281314,84.14691429281828
637.8579242811578,73.85841751849358,53.40684545877515,84.11296688730668
638.9392626987747,77.47543000830959,53.46424804553871,83.99811972597303
639.9884484058418,81.33637591807747,53.51239772286536,83.85172791788138
639.710390031046,84.87891384960173,53.579091972323496,82.82695860390508
641.2120725649148,88.0455224571792,53.34802190275486,82.06192147297865
641.4098322515537,91.53709127979766,53.20616001949228,81.5162933644849
642.1677802303395,94.17164010870354,53.069496110908744,81.2584152081685
643.2306209655151,97.0143944023088,53.062117462670884,81.01913035676735
644.0940388240969,99.87622821237181,52.98832906873413,80.89011920407904
645.2559161851482,102.90786290371874,52.71921440133417,81.00380981284027
646.1692556465238,107.25773280844042,52.505938560476984,80.91372729099456
646.9508839484623,109.84006867867086,52.450523305248,80.85174672408715
647.2489609599322,113.38722651899411,52.21862050849491,80.65003110294994
647.4143831234127,116.44233290445752,51.94082525415732,80.64272742015788
648.4393102482979,118.13896359915054,51.705451785942,80.52855381267794
647.061931390191,119.5224837567388,51.47265042203184,80.52665188518151
648.729769638442,122.00689782568952,51.28661639302869,80.47425088274758
648.2374860107657,123.1466773694497,51.15392581490039,80.20484914195268
648.3019463413871,124.96274107701483,50.93681623721304,79.80954409353691
649.1894280083608,124.36867646400577,50.5309501360842,80.33176939365933
649.9582871288651,126.06406232902583,50.28262532006328,80.16092545139998
650.3148769094566,127.7514355922451,49.964241087258806,79.8109560989574
651.7221372769237,127.34577194128002,49.64973656478816,80.35794401347073
652.3326045542412,128.82932386374242,49.649650451276955,80.5785618978245
652.3827627756109,129.55613322621133,49.43671784951589,80.44361451859741
654.3502474379821,131.38267624646977,49.25922795401842,80.80872696822338
655.4887724238552,132.98403597734435,49.23100496286313,80.80504768095845
656.6676527609798,135.6502927177903,49.24809074704902,80.62152292382146
657.5496042524296,135.36538658371825,49.12513820550968,80.79965280556726
657.9401200323839,137.4251951841219,49.117322356718034,80.49041582517317
660.3330821794419,137.91678713326297,49.00904279221618,80.65732977387589
660.0124729349534,140.32766091370667,48.83874970501748,80.68125291306173
661.4655244199538,140.88580854181208,48.587949736420654,81.22167150019655
662.1811221712126,143.4727543299168,48.524119355744375,80.87897003324001
663.9544907523891,144.27809458838183,48.38590813714744,81.076232383589
664.6415516162839,144.66866739621935,48.317573615054016,81.28237661385742
666.5112433089934,145.16173950340226,48.240279577474425,81.43074792340215
666.5606160956532,147.60495001058507,47.9603312348751,80.85176385209073
667.0773719261746,148.59314516802334,47.657620440913234,80.86510616031444
669.2600680688655,148.94920981387494,47.54719584504555,80.89162111089792
668.626986146337,149.72863726438703,47.51492197552589,80.78701690319498
669.8668650061486,151.35283889781692,47.6263941715214,81.04342134698277
669.943871585352,151.8019897690138,47.70382631071355,80.95310496997982
670.4608495162183,152.16972010904203,47.74909193602614,80.64664433975281
670.4439852152877,152.70083953208206,47.61792776008686,80.93506820195525
670.4981218605794,152.73385865954705,47.46320554213075,81.11704344342415
670.2065159834948,153.4890561329486,47.451046467194686,81.33575170420926
671.3367150968522,153.30951983077222,47.654174489411524,81.79872679005837
670.1952404738612,152.83284495205797,47.53964062496584,82.37919295941121
669.7268248672572,153.9437379374893,47.71998911779886,82.54663771669799
669.1667433953198,153.54906784058517,47.93961814710758,82.76423424338057
668.6222132156599,154.02080765195024,48.148705750518175,82.9075647326499
668.8171467216773,154.62930232479883,48.11240142135068,83.00824561304984
669.2503138347256,155.27843090568317,47.925832479315375,82.73009893921909
669.1439989136874,155.13250891741737,47.687990800968045,82.5327354393732
668.4210239228779,155.63487129343247,47.76158913616355,82.32090224932804
668.1947601015318,155.004371021172,47.607863512521476,82.79112892528816
668.036772339346,154.12004640416143,47.69148241407771,82.96485943143452
665.7976857867857,153.56834949569782,47.68151255197433,82.79507765117093
664.4375736284094,153.66046681928458,47.52948869596685,82.97793686510047
663.4600005951047,152.66002644182902,47.4547101314574,82.95420590850948
662.9440179308053,152.1228091587348,47.5949571916617,83.02655490817722
662.8485461872122,151.91669923258868,47.95428548416973,82.87365018914608
662.2425568894207,151.73850461645492,48.511465870085516,82.84560692677329
662.1407536550365,149.81351872509703,49.721808975015605,83.00761856163138
661.6687531786803,150.39696824577413,50.990028051879236,82.73052954596912
660.2235210759803,149.26802473051816,52.30276446263204,82.691275978184
658.5546291313361,148.97750887845194,53.14643466821986,82.59272013930573
657.3141353859467,148.52134442320536,53.88083690909795,82.15277558559599
656.5885852174617,148.14187743465874,53.92516105626369,81.6168881811203
654.6359278117598,148.84568234520367,53.871580661216214,81.03640927376489
653.4607653582192,147.3319679061654,53.54149208372409,80.69072237387205
652.1475237172547,147.0548369824286,53.06836551381603,80.30236990440532
650.3065201210162,146.1684929115744,52.57028037154556,80.08457011295494
649.2820611605838,144.3402727813559,51.885169476187286,80.35875458077408
648.0650425748306,143.06443835839144,51.40058129292663,80.43643179424149
646.6702296394396,143.08768751691457,50.973289172070395,80.31038887337057
644.7344291927584,141.46239230506168,50.60988087201249,80.56287615529169
643.3926885882854,141.33569450392895,50.30137056103055,80.53754836864687
642.3254497885542,138.89484374538364,49.967537327515636,80.56883322542862
641.8567146305827,138.75470833361112,49.7902547547792,80.41751682973538
640.4023641210143,137.22841284229978,49.81986474951713,80.50662137932893
638.7590020445275,135.61352834519187,49.80317741872616,80.48959090455057
637.6480183672438,135.2183839269684,49.99341364460086,80.21856599263788
636.668041814343,133.4578432605959,50.050040358228586,80.08011740099016
635.5439744585469,131.98317373536162,50.1662468643308,80.14323599628902
634.1644973361447,130.05206867055807,50.55338590451487,80.09562056246534
633.3060151705491,130.7638595446602,51.031232613330445,79.45454176349895
631.7489176444448,129.1502462266072,51.41632219297447,79.36474774492655
631.0970091818931,127.59158923330757,51.770993622186296,79.19645343989984
629.5770710370042,126.24306644198748,52.30226610070018,78.78690279107946
628.2173201244376,125.47412797435543,52.64463813266606,78.62983439095538
626.3173512577894,124.43303616188312,52.94060500452775,78.17686486534151
625.8631578816327,123.80280561963343,53.437058483764055,77.76616239088092
623.4607462491014,122.01798382563904,53.91044988313459,77.35890921602183
622.9921604159028,121.47787651805935,54.51940371529731,76.89657934704272
620.9802078522031,120.4784381956863,55.356143105544824,76.42717114643663
620.0987333693946,119.58972094481575,55.77002247582489,75.88578660215722
618.9721802803332,117.93789281552515,56.22241571087055,75.22404383386771
617.548367137835,118.4323762068377,56.43008218370253,75.20700117739082
616.1017694101888,115.31715049912309,57.13493292196918,74.701775350541
614.6604434317297,115.85844483871031,57.60006793209476,74.72742524920925
613.3997497617336,113.00784483524158,58.07988651598356,74.41378179224901
612.7403674268036,113.25887125731154,58.47413492521978,74.75431182955977
611.4806445835992,113.50929703270627,59.23166290132425,74.6418784465998
609.3283481457086,109.33607066677597,59.459810197576665,75.22230420473605
608.5874320489124,109.75103687481399,59.658837186777305,75.84913994375796
606.7167136556584,106.422180979007,60.3217181509131,76.08787685896814
605.2546471276402,106.96855717262301,60.55407445447767,76.19568611438291
603.2230616306821,101.82579069129169,61.060140145583176,75.96041657918178
603.0993569357669,102.82083377308027,61.53382596292097,75.7520951613169
600.7447754174754,98.44107125758894,62.17466872515086,74.13647523380345
599.7200256471933,97.91453388712739,63.17457136000674,72.92803340368164
598.3743474913563,98.66819976058714,63.553891395817146,72.11837211650945
597.7468389402036,95.76284734462583,64.46065369827963,71.14606122043526
596.1430798708723,96.29587115193958,64.97902245721204,70.61849215910289
594.5956159488364,94.43327730484003,65.90570260154608,69.46001762948605
593.8108968748118,95.29898221335425,66.37331288971697,69.15733448558385
592.7036627471937,92.71887054086605,67.12949545559911,68.34816791509392
590.736704733139,90.41062135529981,67.63236118311022,67.41867057394614
590.0736320138604,91.82394030121287,67.711100973436,67.44088531654995
589.042271329802,88.68305882011487,67.77122691690084,66.61423553613122
588.228532283342,90.48989911038663,67.91225290715956,66.41452328024894
586.9420492261982,86.5530532872848,68.04178525985074,65.66969132873534
585.9692360861363,88.78134948327423,68.52770427984262,65.46237509795031
583.5194301196541,84.9395232019049,69.09869101062802,64.9214440348955
581.6416333312629,83.70662287077809,69.5358460574422,64.15414976650034
580.5150712582359,82.34115246078389,70.09340664873221,64.20614242250251
579.8379603651716,84.81371803804682,70.55686312552717,64.062956954317
578.6793092301862,80.7786148075632,71.20545158743829,63.64960380682476
576.657256103228,80.35441886125969,71.7871385698856,62.76910814144837
575.5604831859837,79.18818886284636,72.29862010955911,62.160301363143816
575.3478604852357,81.62261200021914,72.65945303642263,62.34400063588363
574.2766622656993,77.81477491923033,73.37075232564672,61.718368492929585
573.0748598814154,76.65691419991127,73.64974333231271,61.1256049958072
571.3635868576781,75.74467376518272,73.78909698362335,60.90779636979615
570.6322054411648,74.9729190808969,74.1017371741327,60.63884865371203
568.7964639086847,74.4056654245826,74.23809546034539,60.453968768846146
567.9221407748017,72.70742588201557,74.62706369809726,60.52618690389171
565.8392282794982,73.03530036572901,74.81219034161258,59.91490296421434
565.458646401873,71.86150724165141,75.02984807059502,59.900243652677176
564.024955097357,70.62760296677592,75.3005025931557,59.7220599233754
562.6213940097322,69.41149560476865,74.79252958217177,59.53776950136337
560.3687270833275,68.02172097484181,74.62400622291446,59.4514251588458
560.7159770969839,68.35664607566015,74.77195401292714,58.916134052114984
558.5362353716553,66.81097047553851,74.67172591191812,59.11402903173145
557.6501033492749,66.52784922992275,74.98296078473534,59.02243735071411
556.6228742333828,65.23434570424143,75.28555398718446,59.179538033821146
554.7046654091955,65.1945150522707,75.92755749676516,58.86145229796767
554.1122154363121,63.92147264423168,76.10393195177102,58.66350926103364
552.1957878774929,64.40668655373045,76.81650871094998,58.3575449024815
552.6742871178624,62.37809042335282,76.9829198590791,58.40098041122259
551.7845405508795,62.06129769062203,76.75471588763733,58.152535031995775
549.9531621629743,62.55626461033436,77.18529635958399,58.2790060835852
550.4462985719682,60.00970362024146,77.29287260451578,58.03785520229029
548.8018275726823,59.481599623100024,77.54813392567375,57.53548446694365
547.4658324995368,58.66615691654199,77.69961959732485,57.7128433831725
546.4032946602803,57.96761921079222,77.71662871699996,57.52490480903819
545.1296168859388,56.65175296328571,77.60447460686933,57.80097638867646
541.6717034300739,55.2346170634115,77.8859798289937,58.332685236383256
540.7422962390266,54.14336163995532,78.1027607533322,59.18025731872346
538.9310302334139,51.57229394742261,78.35661395634521,60.16198325325789
537.7458643113816,49.772048121970215,78.68895189248137,60.86621678839424
536.2377893537653,49.04802236981244,79.1022721129661,61.41638553313871
534.6012720125115,48.864780368929296,79.48089284741471,61.32308493774657
533.2892272559232,48.956339632524845,79.63273738264027,61.17805032894814
531.978955878943,49.01627723730341,79.6113264298592,60.510940107336545
531.2748148463318,47.27124237966241,79.46680319055437,60.167510391008456
528.8394442172039,48.60326220133372,79.5001497344548,59.37041458387798
527.5286128742298,47.72964242449993,79.58362372449537,58.62345414631937
526.5131456674916,46.71904054617447,79.21539894493267,58.430849366440754
525.4631141981166,46.8258942631893,79.20940829290821,58.137590734822645
522.6793225267264,46.82322925746416,79.14703872812629,57.70734952277553
522.501452771965,45.39200140855488,79.26730353195306,57.11617691897361
519.4639959785139,46.06954064178331,79.26007953416887,57.10188407511349
520.1349187208864,44.76918806275241,78.99065393124468,57.368409354940425
518.9359576800892,44.640686549134266,79.24284551738602,57.13902614264806
517.447949544415,43.35970718114495,79.65558597467815,57.134934825983876
515.7234692520764,43.01659188682423,80.13210917761099,56.78475770550361
513.8915929574397,42.995384605982764,80.420390174935,56.47326301311244
512.7735135734927,42.26988793151152,80.60660764148315,56.42277661714374
510.9366781163392,42.41196101901706,81.01234804813015,55.95734342168778
509.4456532183933,41.626467340159955,81.1955101143772,55.97354230913375
508.1863206620537,40.64807440551303,80.9481298951015,56.13193624021807
505.6161983748401,40.545064113324564,81.37413439537093,55.69581172733929
504.735709028609,41.84820314012386,81.79793604964041,55.18871914050706
503.30404444763985,42.495121755098644,81.73223741578698,54.66920078443978
503.07647264313294,43.88893025029712,80.97420405908733,54.62578140108324
502.9037911540137,43.550266889081286,80.39596952269648,54.50396266338611
503.19566432226156,44.451487403155056,79.0865181586205,54.42349255103295
502.9260268938207,45.93639741005269,78.14175490095454,54.221363195807015
502.6071561402298,46.948258377760745,76.99016318383968,53.92605913377348
501.61015233038927,48.79166346298693,75.92918671080837,53.95587441536273
501.7214051472192,48.7989851402069,75.21700028028692,54.16801265269582
502.08116403625365,50.41902720512266,74.43580931549859,54.390588358679736
501.02462133555167,51.326641478014864,73.75038368861269,54.56034933678296
501.1031035068941,51.94329834199782,73.50509700448569,54.865089955855325
500.62054824768575,54.771469755442055,73.22227735379687,54.869357804778616
500.9778510361992,58.20863783319786,72.74781349634979,54.534585305120274
500.7168443716674,62.307723583910715,72.58111100986919,54.68738597929272
500.0588260935665,65.28727432588055,72.30085256694832,54.67535795497829
499.2274511623877,68.89306651491586,71.9426525887603,54.33384260385469
498.2596050793812,71.99672645375426,72.23371432264446,54.51828116810293
497.17104017534285,74.90859606138594,72.66723267575742,54.98002245210715
497.2031170592853,78.5219591964699,73.16477311267975,55.170156762383584
496.11350390485296,82.249829550693,73.71772197479766,55.438200977490865
495.91245511760934,86.03129271357159,73.9285852884874,55.19394969293238
495.33206069954025,89.56647249643211,74.139193176845,55.04865612147404
496.79001424203693,94.26705801571538,73.88569802002843,55.22762996510964
495.3850093893691,97.52558406233817,73.98106806166783,55.220954802100906
497.1708098341804,101.8637086094686,73.53667063655334,55.17598946791083
497.0719113115082,105.27456040682861,73.46204751397478,55.139273322836814
497.5895061637727,109.82909529904397,73.43066749992127,55.11728449391145
497.8897025711214,114.88091389872062,73.38616435130426,55.00947020105231
498.20643998689957,119.30058680812931,73.37089363656918,55.00567278311383
499.60748944437216,122.71952488386808,73.02377318765798,54.8667869766375
499.39432106765696,126.14429855167657,72.77164767416633,54.87518460638307
500.52897493872894,130.3305984176601,72.45490727096592,54.7026762364155
500.7698512353489,133.57339321288765,72.30006246147275,54.37537369430028
501.6609918310763,138.47799421875135,71.99025369929348,54.37754157850793
500.710465933388,141.9129754059631,71.88499765432282,54.169391986372005
502.3657309785921,146.48625863355525,71.56100668935697,53.90940790576046
502.42558024447015,150.32260145762234,71.60631652370887,53.657127168667536
503.1062331739982,153.93217931813572,71.41399495859046,53.56056628101479
503.47030326587435,157.71571382204894,71.14146141422339,53.517313858729125
504.0903311175814,163.00521156786445,70.88067968570476,53.52400218972997
503.4851667455753,166.91342582185484,70.56121910114179,53.37609794703852
505.9831260536812,172.44981904210198,69.79692842606164,53.27511517170538
505.70533301756524,177.90316197122664,69.6991665292384,53.23918832377099
506.0826112041864,184.1353097830821,69.38225219386462,52.98642338548481
506.4898449401718,189.5906913439908,68.9613147628731,52.817891632686
507.5165576528915,195.9408277743452,68.56695899475952,52.66039297241665
507.7716653242544,201.74832536612087,68.31609633605466,52.5699491804669
507.08532119340276,207.41554263185353,68.1740930064951,52.404028900710564
508.5518382406614,212.1269201736453,67.64941557854272,52.18817727476864
508.8646204391879,217.23654202762344,67.30925133369627,52.24410580039388
508.21044701017263,220.36770518569747,67.0536971249467,51.94407120177509
509.4937895924302,221.67493602633502,66.42031805841587,51.513523943488906
510.28692631671095,221.07162000283066,65.9676689251162,51.43188539780812
510.69310195678975,220.0960667989574,65.58494390118614,51.48828507948042
512.2711055768294,218.42015233351407,64.9962064632003,51.72472585538358
511.41482914835194,218.60791609792832,64.82856930531602,51.55961732575014
512.8341739095476,216.91046165065185,64.3297330696679,51.66472200010352
512.880694008475,216.15368773354956,64.00512499726241,51.69424793222371
513.2026017675756,215.1501560431692,63.62020368415434,51.83997436649704
513.3619510422933,213.74758405074175,63.22705591590934,52.10851800001832
514.3538322946483,213.74294209011632,62.77380073732539,51.87431053986239
514.5660244386581,213.0535012450718,62.51795244180908,51.8348666865478
515.3086783483384,212.06469110060965,62.10470484984256,51.8876614263464
515.73990644364,210.37153283962084,61.787658338652165,52.148370696203074
514.4909161839837,209.81135901867944,61.69969802010466,52.3224801779525
517.5725706945753,209.58042791688314,61.04002726643862,51.84989044386966
516.6846890482334,207.87421701784513,61.13689019806135,51.95254571095509
517.962205563682,207.2107633345787,61.258633337894636,52.00087861078259
518.3540904111974,207.34514806408492,60.709454739503556,51.581779144693854
519.4594397967834,206.374837980232,60.57159856629308,51.190476542853226
520.8730358841647,206.15856186667716,60.28497307434607,50.87115068721067
521.0059468844025,203.60991880540584,59.62908930796104,51.04277763006581
522.5614674467761,203.3444322818955,59.168935434114275,50.95369506118451
524.7356820546283,201.8657173627725,58.41257846686853,51.0012907529309
524.0958429634885,201.7307609064122,58.027888973366956,51.01962473861142
525.8181774204384,201.3683102550154,57.54837256152733,50.785047067062706
525.941785085512,199.8890731518187,57.13034642760887,50.75719767840904
527.4225594047178,199.04812408025938,56.96445971546673,50.49883111968444
527.9768753926483,199.22716266677884,56.630269935498234,49.920104450924654
528.6343510406984,198.14061748652242,56.058245475411624,49.84144338855545
529.4192231572418,196.910175325872,55.6560303484651,49.62616236752538
530.021289672459,196.32621128410915,55.403617496157985,49.34241491680265
529.3785241995757,195.5700729392833,54.81345702804508,49.07303224175406
530.8562770694308,194.71826959526436,54.20413268100472,48.61292714352179
531.8157193358893,194.02790406603302,53.5465836402217,48.36024429111868
531.5269041318296,193.08312241374304,52.79084181304299,48.37729847380383
533.1676946726668,192.11450437044329,52.36083825173904,48.02571405526112
533.1504941916124,190.4207804876244,51.68088899030665,48.20120412779893
533.6325506529108,189.20745343205454,50.87973486850261,48.23772724223451
533.9515750537349,189.15957125005212,50.23004777753684,48.426898588959276
534.2220066536474,188.33878609275365,49.589233228513066,48.26796231175936
534.6747924879631,186.8189794888218,48.819602722587,48.45589142614766
534.9439953706262,184.66750261867688,48.247553227275944,48.611244992487336
535.6166271463655,185.20523271549348,47.62194000395664,48.43422140478447
536.0364353459726,184.1012905995634,47.34128577105202,48.702934560823664
535.8067272096062,182.9996952396933,46.752237983955254,48.91021570891628
538.165279587437,182.27945827037632,46.2044399833594,48.52168106829609
537.5255262833592,181.0171835190194,45.77534285177638,48.55960990641334
539.342455474781,180.93087826384885,45.2700819668731,48.576817801088076
540.6635565903204,179.26322139598003,44.60263144668602,48.66523145519119
541.612049178089,178.31681169893417,43.56174665156941,48.618218996370004
542.0514904750518,177.84062688856585,42.85526410005845,48.47538891293642
544.4161581170907,177.60616844399885,41.8877400723893,48.55376290746858
546.6762122022956,176.27762707992952,40.78267096447959,48.793316529467106
548.6157998308666,174.8604144285955,39.19144026262002,49.22154571473402
546.1347977841233,174.90983679841113,38.64543158450035,49.452442989510885
548.6215820398148,174.1779451228276,37.727502816922225,49.67147572174332
550.5893039281524,172.1728216011238,36.5603257181035,49.88413703936663
552.2221214302746,170.92346645286645,35.761021957374254,50.16263034636409
550.5657712455686,170.74407340798402,35.5978986859628,50.26497883647001
552.9120113723776,169.6434262514935,34.83455947696148,50.60881038566468
551.6773637131514,169.91805909604966,34.59231719585026,50.624101474029686
554.1834072174973,168.38145088349623,33.99160904763192,50.704771102337816
552.5835881902074,167.7839834307642,33.844285365532784,50.602197172009305
554.5408308151439,168.03145358583342,33.39477380378538,50.57108998531641
556.0853208422565,165.81850151853718,32.76530169175997,50.646888834264345
557.4448316789086,166.334181902883,32.236947170860574,50.59905358017541
558.2445199788879,165.97983494679679,31.608304690317354,50.540440687690825
558.8419642874759,163.7531120147343,31.105634555635497,50.608151040036
559.6396731000857,164.3047175411681,30.753767827060486,50.54869206141004
560.0792152319134,163.47452361714784,30.21258011906723,50.61849539292527
560.8205171494475,163.40991287782933,29.714303481074012,50.292859164538704
559.938808042376,161.7449989408135,29.514552954944516,50.180111822277
560.7782110056323,161.75851530094138,29.093801284871113,49.9218589758692
561.9154534445187,162.05575593504358,28.768672963037027,49.42365913928015
562.5607953718577,159.83229227219553,28.49018386105225,49.4700313311567
560.6803782102539,160.54253161901445,28.5955306468757,48.92790563720606
562.8092976236818,160.19012835261003,28.551671541089174,48.75416021002343
562.0814264868147,158.88659544410572,28.494106601040016,48.69531101467244
563.3163674551436,159.49990308420686,28.278171445540863,48.476793502300055
562.8073699455398,158.23040510370276,28.233395382823936,48.43034286716258
563.951399661452,158.32912426308792,27.898069110064945,48.23727816772523
563.3659257501637,157.11904688694148,27.875903009568606,48.20079100755778
564.5310696199198,157.41928829621793,27.538496448912284,48.01621294936555
563.913442559043,155.99714040953396,27.644233134638448,47.99214367337134
564.866641217421,156.5413135265745,27.479463034221542,47.9806474959385
565.2077487808249,154.82333563441452,27.388534983887084,47.977654648971836
565.4798312028145,154.7600962872759,27.191192520927423,47.945436676889166
565.720441029611,154.1182956960956,27.018818476760696,47.87129340391225
564.7654734443491,152.91744366012793,27.011723312811988,47.86249647258221
565.8409095032881,153.65538437977597,26.765431311206026,47.83134495748809
564.9627436265226,152.54625142801254,26.779124238366638,47.85798002071344
565.9301885645165,151.47923486988682,26.70570100857335,47.87639848433122
565.1908706161103,151.33199231107923,26.75495493879494,47.793355679554494
565.7482086419708,151.72762738612198,26.56318021945234,47.727815591000095
566.2290170923715,149.76036387759024,26.4219757756402,47.739389956086036
566.722677415108,149.98948494605702,26.353029728193505,47.602511357656134
566.8336499180708,150.06492943323047,26.243464779841048,47.44910306517376
566.9491265689854,148.8710077277105,26.129768529181728,47.49287222694615
566.882336453914,148.60677449855743,26.036498711617035,47.276765390135814
566.7408043875752,148.5727690405911,26.00734212185776,47.120612907921824
566.7105247291278,146.7526240454921,25.943983821848896,47.04564143876927
566.7351974692635,146.78952181494583,25.90158463893971,47.04549791399814
566.7655542506072,146.93701739476137,25.864935630153994,46.91689905091973
566.5848982938805,145.04956864559995,25.78755261949115,46.931067951601534
566.356033344603,145.8389011899943,25.747187005656194,46.92545622279821
566.2193578973245,145.09108904364663,25.712652283195457,46.93783585797705
566.1038835783964,144.0881912955461,25.758512435572037,46.84702390750759
565.9678279718718,144.41359772498782,25.835388902880624,46.6128171470376
565.7748800776637,143.92564498430954,25.890088740788556,46.490622085371996
565.3672833816086,144.2440236184116,25.904884259974015,46.364411501433025
565.2568748656566,143.1159535673514,25.9485689833947,46.258291023490585
564.9937194097737,143.67232160600568,26.117850218723277,46.01100038122915
563.3593135940002,142.56652655734692,26.30628307944206,45.984409841187095
563.606916630304,141.21304035362118,26.310316302555556,45.96611006998863
563.3709034750385,141.03085051873774,26.32021477852792,45.921351209262745
563.1937522493399,140.39268042430882,26.331879333387327,45.86486335322924
563.6846381122284,141.02451998323173,26.28362357354889,45.6569866998686
562.5975120368153,139.96976954659567,26.50585841709392,45.503829215520476
562.9460606842409,140.02944351382888,26.392288687244942,45.44847697020772
562.1939808114597,139.473932379753,26.377667962912867,45.34307691894726
561.8612256890478,137.68927885815654,26.25022108064238,45.423654723630044
562.4805290569083,138.00746767316102,26.08290722211887,45.192550382109445
560.9644984500804,136.59487821654753,26.145373003492907,45.1529164443843
561.7415586688151,137.33811908883845,25.98253274027911,44.98488431623462
561.6114135405118,135.81138449770228,25.910415194542367,44.99504023366019
561.6374822896547,135.74812529561606,25.83187328193042,44.7953122272243
559.8116810142459,136.32623934432942,26.000348954009738,44.48965218590417
560.5249001417047,134.1187225611322,26.011349663935817,44.585207717325495
560.3865129318932,134.60913950597438,25.85908853916331,44.53590001172315
560.745000110588,132.94501726902996,25.749646265762173,44.53436247648722
559.2650519133136,133.98391096862204,25.991383938386786,44.19301919294179
559.8651389622692,132.14125854647062,25.888946318327715,44.2005817944315
560.1453521536279,131.89680636682954,25.956431145670344,44.22175065457007
560.0909734070086,131.4238637020021,25.918574042661177,44.17812014321773
558.6154776091812,131.86201030562958,26.083120735896152,43.97708527441413
559.8003387350694,131.7762814532682,26.183474329838006,43.79595989860675
559.9510523006031,131.07897202421583,26.084922306297262,43.80206554927585
558.8493620743784,131.64897447331745,26.32364449840126,43.555386635550654
558.2215147077997,129.8897856734165,26.378414954253255,43.63825240788369
558.0052394979488,128.6858279342569,26.39128185792952,43.833014523928696
558.9216237529808,127.52023181250473,26.05129069543003,44.18031897579943
557.6234055322382,127.78828294700278,26.08906353027163,44.028833737423895
558.7245486651497,126.84533713276144,25.805938226553604,44.03107232120597
557.8019270959536,126.35392871345438,25.865726853303173,43.893516626021864
558.5412398677995,125.6621784817498,25.70794083388046,43.827061626021596
557.7692370694325,124.69619807376434,25.853739719799016,43.783326474318265
556.8527820931308,123.76300606987436,25.925387851609138,43.7564755139128
557.4546282748262,123.84911643650821,25.861115878347654,43.63575199046228
558.0625593462383,123.19927702584458,25.71792550657286,43.66320018663694
556.4950347671085,123.47200499801372,25.928729307319145,43.369385992634356
557.4582250652894,123.2705565448588,25.848976661625564,43.21676111273126
556.2387675823518,122.06893079590455,25.970101834486357,43.13366231271192
555.7854483951508,121.18041155840992,26.176670602584075,43.07827197472054
556.4272070176252,120.2241805912249,26.096847581992904,43.06347482152803
556.9807062982537,120.62851616247796,25.893940259711318,43.08851846221356
557.1063168404698,119.2959417042091,25.782153438389305,43.012705111829305
557.63743443449,119.55464179102603,25.622267424371614,43.052411433098996
555.9888472184733,118.44624004085549,26.11216107752014,42.9509270840138
556.2615182583309,118.52590368574354,25.97041298503163,43.025851367919515
556.2007856940381,117.04908644546929,25.923161876668118,43.00760112099001
556.262534107191,117.48834723142379,25.845935752396507,42.92385741925923
556.4292045599564,117.75945224949628,25.819615272662357,42.71398205055848
557.2092384675058,115.80703598730065,25.73782442556584,42.98088561224223
557.1586750244411,116.5496541433714,25.67732102392881,42.73742505121461
557.0529107603228,114.82529541061822,25.591122891198346,42.941885066617196
556.6231486662612,115.50894218950668,25.726352774473874,42.75074516866084
556.9275544650322,114.15807035704665,25.915915829794464,42.86807411304561
556.8018983519024,114.3210482472256,26.00787126825331,42.79934700519213
557.6096802985776,113.79098561090524,25.898123715349403,42.773362758828064
555.513122265076,112.70389998134989,26.10047993280418,42.84623783149161
556.4263455812279,112.3494299764598,26.42302679262694,42.70621541508617
556.385191101797,112.2526702883713,26.574689518228006,42.668658655031756
554.9135457289107,111.96490703861251,27.022859738640687,42.54474467527077
553.9512965328048,110.56911787792718,27.556206941048263,42.45580789806966
555.1312290505793,111.28035784748896,27.837379369641027,42.324708960418576
554.4736878110399,111.01781875710272,28.233803949816995,42.223454262124584
553.0315674235541,109.53265931066508,28.845790496196685,42.15698016145433
552.1625130720507,109.17315684140989,29.544293581680193,42.04563785999354
551.3929568021716,109.26248510263986,30.104449958508855,41.92218412341299
550.7312276255398,108.74917077225929,30.856700967240716,41.9095428600103
550.2723044426093,107.98164671382109,31.261284822801727,41.7417955905723
549.5201328778039,107.82946598654966,31.926526637868015,41.6243306825053
549.3784450358946,107.03238374869747,32.3843429589174,41.49298968698014
548.6927576425031,106.96603826833608,32.79291706410932,41.42321401080679
547.8679062990666,106.98234542113187,33.28128022957442,41.45629966252637
549.0877407396329,106.23921510051565,33.60153552179702,41.29201732928676
547.8575211092348,106.28894388774108,34.187940616257116,41.35090305505925
547.2366952330424,105.75142049214413,34.588858304062725,41.5069147691581
546.9971907061336,105.40630906464764,35.070179224610975,41.58185687673745
546.481634591657,104.90515822396304,35.322721159183786,41.69637145445371
546.315845114068,104.46743369365899,35.66745452139358,41.8369835790648
546.445222093281,104.1162638782455,35.84051404143736,41.918253718982186
545.9378928378666,102.317195902814,36.07760683456931,41.829433741042706
546.5989505441704,102.43700217037804,36.22207085921738,41.83519041675391
547.5185801842559,102.11866843304787,36.48215583258646,41.53439389261969
546.7247034404218,102.39703109831625,36.58853827514212,41.51981613889185
544.7977554941613,101.63305753866523,36.970882510939994,41.35196509954827
545.1273202542833,101.21535504205882,37.05862553498463,41.24823156107621
546.3490666376183,100.15263949986073,37.25512071387136,41.01826303686032
546.354023871985,100.07003949239473,37.18263578499733,41.147405300166554
545.6054828897679,99.07878048834426,37.42457839854032,41.12446399964322
543.1676693861195,99.63582477470848,37.466098960524526,40.99551694264658
544.2883234915608,99.03421965546359,37.56156342992444,40.95898001450278
544.4349684955833,98.42483277269535,37.62714914357246,40.796961639078546
544.9433182398409,97.62399028235725,37.72278831720491,40.78794791980357
542.3696002957206,97.85784339134756,37.629424778413025,40.73558054588386
544.3888738992799,97.61527479119366,37.7211337472893,40.73456462042874
542.8788061500126,96.93527566064071,37.77519311018871,40.36738645369341
545.5220960788894,96.10784372256188,38.01110518435038,40.33902755916016
542.8373702422638,96.0946402961655,37.89786509276989,40.32299313698219
545.4445276825676,95.41525653719675,38.16363033987831,40.251745210164096
545.4456195962726,94.0920512181671,38.244079404302084,40.25047532721206
544.9809587378381,94.23439104659255,38.67386162665666,40.307781462282776
546.1321550982043,93.6059882977225,38.80960619878632,40.309815965836464
545.465458316074,92.95782606123755,38.92257463411014,40.34166747738059
545.291339893416,92.62899275021853,38.95526866231033,40.19597518695068
545.684165957247,91.75015536068463,39.13192053073437,40.16150900532511
546.2134757025946,91.53381150041702,39.21326025615704,40.06506006814551
545.9814187882625,90.99931100526018,39.259891410699424,40.151495297846694
545.8824342571424,91.32074947386256,39.384164865456,40.14751476633879
545.8342606531465,90.75439430613147,39.316645523717526,39.84555310377697
546.8307396625186,90.1510439068816,39.514394950118174,39.723076880296446
545.7478137251558,90.25966033867864,39.588216061217835,39.511337178436555
546.1280518933978,89.72446756327365,39.56862629375667,39.55380820516816
546.4531808525074,88.98700386013104,39.59640744948152,39.47275218726668
547.116431277901,89.1780823486107,39.76432939208269,39.27585698139025
547.136220024012,88.78950348265911,39.70478557134415,39.312342244154294
547.5739489973912,89.37063366129064,39.793208044316884,39.207454099301216
548.2452078283569,88.50980721677978,39.89773129787477,39.08780459345601
547.8224689850874,88.75949997967119,39.84495435146401,38.8578873751683
548.9610119931655,87.95888013952558,40.02742920643214,38.804456816964674
548.9080219628024,87.92581835679269,40.11326164738915,38.59093243607272
548.9685870861493,87.90145521602173,40.20268631338171,38.39521692524575
549.4809184986609,87.4225158080291,40.400368840531456,38.34600970264152
549.6806998360648,87.69604243226414,40.34915031292891,38.18033281005791
550.1293451801548,87.97190833276382,40.32319459474644,38.02050944607216
550.2339240580854,87.51949623947573,40.23170810508331,37.95628221195973
550.8737827175263,87.71496458656645,40.33377093375397,37.96329142847049
550.760621368042,86.65141015486455,40.39390101172987,37.92549164433707
552.301229267345,86.01507548931582,40.47833176616369,37.95883628652308
552.1181289794976,86.6098498117762,40.55582568158784,37.82031338985519
553.5165180350344,85.88191816871675,40.804868283557134,37.71786592882748
553.4243565905679,86.26038758053457,40.89175557143468,37.55282024169315
553.309406878175,86.2149033326573,40.94397830361554,37.50598823765083
553.6667282865975,85.87948529319026,40.8307518361814,37.573652848803846
555.2578782098751,85.10131994596918,40.96974701259071,37.607251762240125
555.1816184348487,85.86435829100125,40.98318253642596,37.298039896471025
555.3268333018597,84.64392946803827,41.0917032599771,37.39131162587786
555.3086139355181,85.28415010453298,41.076364454748,37.40220843901663
556.0372662590975,84.5031505604486,40.93517447166718,37.51515626623723
555.648781855339,84.74694212148927,41.03496781693787,37.40385565729751
556.7317583159823,84.84052366619783,41.07826415369267,37.26725432750133
556.4276466137279,84.63930623174596,40.78908670218355,37.198372352180115
557.2885525150012,83.53297159526475,40.753942103540055,37.255260356069044
556.9553505778401,83.36488045072613,40.94685591848666,37.25279808099454
557.6283690348145,83.86013529837612,41.142368687155106,36.90817635661892
556.5494676552394,83.50565637015666,41.162154745560684,36.85341888627181
557.0787362089,84.22375346876868,41.29368993628946,36.60485963396355
557.8082074891335,83.3745884038573,41.30211061415711,36.757498512031525
557.1210665730114,83.26659667743475,41.67330373370897,36.83681954126595
557.1535509513186,82.87792063548206,41.73855704433132,36.79231613973203
556.7688824357864,83.14417631984244,42.03925711560458,36.69115297562398
556.7688726989408,82.98597534284042,41.82000661327616,36.65653742469754
556.5071868133516,83.01780147714392,41.92408533845662,36.581006592068064
557.8453679638837,82.87870865875914,42.20787494817437,36.361177570148115
557.2596587238443,82.01033973669078,42.13583801824959,36.38812125058092
557.0894350240968,82.44142647873765,42.415492565551446,36.24106164473729
556.5318210778635,82.4000369406217,42.502456769930745,36.15442485960102
556.9108113532731,82.26289856513296,42.50776561110582,36.171948106302246
556.4479452784632,82.08177375989999,42.62717923922595,36.148917673881435
556.6793154548278,81.4803207063101,42.58232460722667,36.225886319208215
557.1146574435342,81.6526527311153,42.58704027895721,36.203142634692945
556.9122211609682,81.486679894975,42.5911072217497,36.24527589113529
556.6901702055902,81.36496490658288,42.70508296616203,36.28559252062758
556.3783646402358,80.95992498206923,42.77432428962757,36.33481609886479
556.3624338134067,81.14174023674697,42.84668557832647,36.09266787983685
557.5364397556353,80.42249803624348,42.74094368669771,35.970096382177445
557.3790123688482,80.10973460526782,42.761812437799556,36.041011680446225
557.3388513250263,79.76925697616201,42.85503003224998,36.16514970509537
556.8605790875403,80.31328796957129,43.343699533209715,36.0865728438185
555.6400140855122,80.1084330750718,43.419104019992886,36.03614013956948
556.5304121936589,79.63594651384602,43.51130759103016,35.935623235547034
556.0474087195053,79.14330947526575,43.63992298402816,35.907462544984504
556.2884465764242,78.79893588931863,43.83343617600153,36.034801256738525
555.7908675095215,79.4839762077432,44.23729870986958,36.004698599549414
555.3455485718882,79.59072561214532,44.282485170550785,35.8275294624857
555.5471897227005,78.60938409240424,44.31297629712788,35.60815583654732
555.5015661964038,78.70440266046555,44.68931379619347,35.591013893524675
555.0507117846122,79.33726957702618,45.1064642162848,35.58819185697327
555.0633337039567,78.54254886489977,45.12854785508076,35.60028540658464
554.3828832184621,78.00491141463566,45.00923196529888,35.68782318791503
554.8457046565544,78.44121813993823,45.14074910898877,35.68737941075272
554.4161257288197,77.8266938467655,45.14109826818823,35.62159111832165
554.9431672204577,78.30486333626978,45.31435169161991,35.477295984966624
554.3555986635183,77.22024574951794,45.371730889048244,35.46855073549666
552.2449885266827,78.12964103313803,45.51506934967015,35.407621901693076
552.9608880700165,77.46939895883085,45.59103865556544,35.459839968497405
553.3076686767303,77.36569340910242,45.678607875220486,35.43644044061302
553.6763017927287,77.25790586704558,45.79130918253385,35.34448124728758
553.1791142078552,77.09957436189798,45.92348987376939,35.40957379440223
553.3684668312474,76.72305883619424,46.229027650380516,35.29215560083365
552.8106810063009,76.32666917268418,46.34094219768845,35.319010772141674
553.1644391589854,76.89523841850007,46.55717575642095,35.18903461304467
552.7188536529741,76.24830503477999,46.66807398659457,35.38979248804403
552.9275866980387,76.1182842688081,46.7155721074526,35.442470041959524
553.0424416837764,75.81850624179607,46.74727118024282,35.440391891595915
553.2210303407442,75.14309642319034,46.723062518555714,35.487464828520515
551.4244292580064,75.94360248757556,47.139691884348636,35.30084457501709
552.2460314926948,75.27808037169842,47.11390153183123,35.08495992417251
552.5448824470377,75.83730430999418,47.07934532026239,34.84941848450114
552.1352709859748,75.71542505996689,47.02028349001915,34.75178840137242
552.9638560380882,75.73378825713158,46.96544752752354,34.6029885036084
553.2639375697617,75.60252249284358,46.98648955565328,34.52786711050778
553.6320067661121,75.90897184262246,47.066050621074474,34.49038312814742
553.781286932163,75.55092940224327,47.04611398911469,34.41658886566775
554.7991661919754,75.65501713787808,47.12465095212536,34.33013015449705
555.4516023010085,75.84624039492971,47.198493891567985,34.24997211304622
555.4683816509277,75.83103458738188,47.22416694612214,34.257232909719434
555.7151178222816,75.82186166230028,47.21315659234008,34.237031571839054
556.1988861579018,75.68539455167574,47.34228411139199,34.16661135931318
554.4647303291147,75.7929450780918,47.501355189361284,34.17647531259411
553.5489571293182,76.39598140125081,47.520526520289664,34.149428316300515
554.830445600299,75.21955725642772,47.52600527443408,34.42602557597844
553.8543083336195,75.6163844608933,47.63601420186634,34.43758300910736
553.0056791678162,75.58043451312207,47.72112222200294,34.551750260717725
554.639351788229,74.93244157280694,47.84300413304817,34.59319879736909
553.4331538939322,75.52260842448283,48.190844276652726,34.67939763433866
552.6047981728238,75.83204527381142,48.38785620734143,34.75709755075564
551.8613031871506,75.77529960638117,48.593770224250754,34.84790644980557
553.6770733026046,74.908518198341,48.750593450068756,35.090815274186696
551.8898661967982,74.79334490623638,49.137609943252016,35.11238227005421
553.3269637030893,74.9725485633316,49.14158708986471,35.08294193107588
551.5913205867048,74.59123684980077,49.16144419398694,34.94137207601017
552.7643246035266,74.49288336875694,48.98951772429302,34.730591198637455
551.1531513745612,75.21542570420227,49.23947496103226,34.62023977550374
551.9272850946396,74.30482977129714,49.097834103021086,34.51889800998924
550.5071829205417,74.44287350213672,49.276028496764326,34.40020215607146
549.5948629265115,74.94832310599097,49.66314738478057,34.38850424612298
550.6666039714502,74.11539084515339,49.432514721172836,34.31673494344969
548.8834926722672,74.21286402877628,49.668011888096444,34.17724362756642
548.1043198623665,74.47518982540322,49.819698739243954,34.05808553216104
547.2111856288868,74.69344306209484,50.161929053508594,33.975493885886195
548.2592888308764,74.15141884469973,49.88302416129402,33.795367382474495
546.5864917057338,74.28583956986107,49.93557742074977,33.75766037662701
547.5029504044503,74.18661762415158,49.77345307980484,33.77738883039531
546.2199512435234,75.00575434440687,50.178538172669974,33.61746412187936
544.7595479096092,75.14444303124824,50.17928682848973,33.658425291373234
545.8385053702199,74.91675372723864,50.087022847209624,33.582735574349734
544.4240467980709,75.14862594945025,50.21838993314282,33.62789993815787
543.6611325803551,75.54310677998414,50.59249188427562,33.64062551769067
542.8730845040403,75.56204786345614,50.819161648164666,33.69280614036564
542.3144763918593,75.74185232417653,50.90067278295764,33.78788269832741
542.6827322717764,74.92499119647985,51.112542685492066,33.64896722884435
541.3441115800077,75.93545418930765,51.15663682934448,33.3878657575778
541.3426466038586,74.82254587373613,51.4227136291293,33.23432218974622
540.0999895338814,75.91426157195801,51.539321304316275,32.985775579908314
540.4548141956092,76.15487545098875,51.34639239502239,32.8487564199837
539.5079253763138,76.00661459155245,51.62493243996227,32.76003779266301
538.9268412110803,76.63912758540347,51.86466346021053,32.75751793231845
538.0963450126636,76.44515313792907,52.052194825130016,32.826854192131606
537.3516584612626,76.81937445131928,52.271898156737805,32.90411870293589
537.2523261605656,77.41359567876584,52.514778098298905,32.79759341475265
535.8592720674272,76.92196162086807,52.51578987763908,32.831009779220665
536.9791666501118,77.05622968942889,52.21673950945763,32.661091553437835
535.4289478407021,77.28031324380288,52.50194508977919,32.490485304608455
534.6760821095149,77.52402389080007,52.763747523642486,32.65540102528923
535.4511308765038,76.90162742218934,52.5667727008464,32.61693457072601
533.792417091124,77.53209096340896,52.71876758003186,32.2978942113283
534.1635448351124,77.42259140170047,52.65551431745418,32.10898090159784
532.9743980687952,77.90966357804881,53.00597200414135,32.053399378395646
531.7955493831381,78.54234911134583,53.11410758880373,32.20095963485305
532.9130901422005,77.73979323797582,53.14635624035671,32.24363992693456
532.7397876693284,77.90691108433109,53.02843211882305,32.05113034062929
530.8831308751983,78.85450770748656,53.338086363363885,32.18767513714977
530.9830967306434,78.66821656527318,53.291434284803536,32.116151081168184
530.5063746205473,78.73804695197062,53.10062703919842,31.843802277172777
528.8705849540586,79.71834341010705,53.515231770430084,31.87329043275355
529.3927722303225,79.54707011303731,53.47181434928794,31.71009596711292
529.0117674916822,79.81847810425542,53.42784147526545,31.608205195391033
529.1160498442241,80.2255553550216,53.41351626736652,31.583893418658796
529.0204858039884,80.03183926306814,53.35389481942971,31.485075082813204
528.0195642462322,81.2765758991991,53.93900371634484,31.426754392719854
527.6581045602259,81.07659110741332,53.81574419908285,31.439550621665713
527.1424019207259,81.4700702131334,53.886838184480936,31.524286498207736
526.8642248245599,82.15311028074908,53.86262752028374,31.301495213760678
526.6924324839322,82.45644248257499,53.94996608180146,31.36367801336356
525.8769327024422,82.48495471889612,54.00371838278042,31.179302301397676
525.8953009427707,82.57336522247131,53.967717218897974,31.036172748926084
525.3539470047272,82.92009396030389,54.20832876624997,31.028653154730655
523.5919657591138,84.18544540706424,54.736815011596384,30.875219290827264
523.6661601884463,84.06496030877639,54.59197842887411,30.822809673970262
524.0068016891468,84.51544764911289,54.86671530586077,30.8555657743756
523.1358551226305,84.87449985562682,54.85506065122692,30.79676490729957
521.9597481279429,85.51226731676198,54.852946723502974,30.75515508917049
522.5966253155872,85.92187347661485,54.96097321102267,30.779164493498122
521.797513278706,86.59918345723673,55.061880566683534,30.75019021745028
520.2055982950034,87.85529680137036,55.44109956645279,30.73116240079556
520.6676949618544,87.13455677860617,56.00691208354266,30.546905613705242
518.7834085356369,88.6418716299848,56.051154749133794,30.611990924451984
519.1215656445994,88.15280497126308,56.36610094056401,30.55031775671935
518.6082630355857,90.0204433986804,56.65629607720484,30.504983738646192
518.7339930293327,89.07741281928539,56.8742072893185,30.629690212606505
517.1773804098383,90.94096427459283,56.71541028099297,30.469833739064363
518.5470403515492,89.66194665910913,56.48428341362347,30.5111698943329
518.0306130480114,91.15907488317706,56.13515521735427,30.377625497588674
517.5498227807866,91.93019684283804,55.871169483836525,30.26793773061044
517.3059477424465,91.77213059799381,55.77458035906654,30.392924174375683
516.9097992764819,93.15432188625824,55.851558074744304,30.193331131461914
518.0520101190231,93.40438005757798,56.14451513950947,29.924652308015144
516.5810014695726,93.95319967583544,56.202778661859966,29.765927668534687
516.9156684017917,94.52604362932664,56.503629898454214,29.520011451920936
517.2145810920359,95.64567484764792,56.54136109660179,29.615070990986364
517.2057808115887,96.33963603463448,56.73734594664173,29.35652943919495
516.3778374781631,97.03613476649339,56.921173721242894,29.247455720632484
516.5367596903999,97.1875894930287,57.1211662251369,29.448515221648172
516.2941006723327,98.5898101780762,57.05363288235374,29.460160859075717
516.5177727787379,98.85757255913461,56.99801605744834,29.384305686955273
515.8527364254196,99.66435306593462,57.25143552197364,29.21311413441482
516.2573570238105,100.14282075556832,57.12210224316812,29.22577573714967
516.1661088335533,101.15695109855521,57.13944248275926,29.245726387311745
515.630651400867,102.29771497961555,57.26203445594285,29.01491454850039
514.154472405461,103.4477836680579,57.38797833847845,28.647059023384195
513.7246603829648,103.58764534121494,57.18021361050647,28.638203501624567
513.5041858232843,104.67662248141379,57.65630614624219,28.541193997761894
513.2161858554366,105.17026227832338,58.13199002681866,28.546471750763555
511.2835292666341,106.47448548869404,58.36023207176369,28.25694689603174
510.14760386893033,107.5627099313076,58.72673492386526,28.22725418298481
508.23917236064807,108.33627633416681,59.35856771849073,28.085826233185248
509.3032223851402,107.81387949327022,59.36299215986281,28.11896506115765
508.2335940364806,109.90968336602376,59.400959108036524,28.359901547065355
507.878543799513,110.08303747555863,59.48749748442232,28.564756173702577
506.6796535016996,112.16143155902377,59.28922781759803,28.500468693417776
505.58579564278733,112.77106624471128,59.13043837032242,28.960387573538142
506.06985654390957,114.03501770397946,59.23312605160607,28.918053893664464
504.92819316410345,114.93241580527712,59.207108281112745,28.951875144644298
503.9145455012844,115.89214625086461,59.11191391597013,28.945055897947167
503.76230372298306,116.59569563225887,58.82970311279346,28.990776482540237
503.2215239459067,114.95921860886384,58.43034592843604,28.662155631564197
502.72643380574397,116.39720799960168,58.12263614166098,28.496207882650754
502.12013401818416,117.57067295080515,57.95122397132779,28.274530227100527
501.62691758974233,118.50885148762288,57.8787093842493,28.335401117866297
500.44527634038076,119.60129278897357,58.14429820125552,28.221115925366956
499.77396350808147,120.6526748883865,57.84410636860075,28.33584168435052
499.1713036655928,121.99524164132342,58.360875104481345,28.28854630370558
498.09330527496587,122.73747654575848,58.55062718816436,28.50793785061701
499.27629967897764,125.35088566826107,58.763393997282606,28.519183894704838
498.02348677955666,127.99688255013825,58.81181998418914,28.428350561858664
499.0730463932641,125.35958762056397,58.89768162606737,28.189626173875887
497.76922333393514,128.1537181441125,58.6571391060382,27.886817015816913
498.93466024319054,130.67838877715283,58.00991315854491,28.35294100928825
498.68841000471303,128.21818530343492,57.9320058872776,28.864873511381077
498.7566693185061,130.54678777862358,57.595941354697416,29.50644089605623
498.7708939543364,133.19701853221025,57.20937620135539,29.551162761380446
496.8215486977885,130.7013910275582,57.223348057911295,29.55017305022556
496.7539230367091,133.56244816047843,57.79623417597419,29.984051292319716
495.4351841234679,131.80225743489862,58.33328532856756,29.652097528864452
494.3335810026669,131.4332783996363,58.838007745439526,29.85325187700748
494.9486307449715,133.95522842222314,58.504630696781476,30.781517893235154
494.0006850553839,132.46496747498793,58.749039970701745,30.927919990952667
494.7214457258089,135.36165236221166,58.36896553498771,31.35421431333745
493.23216242139574,133.633129245298,58.75596295855713,31.8461259264983
492.89267182835795,133.56448462785127,58.860701373960865,31.476204370280737
493.69124021582,136.57307600955716,58.607164872169,31.989024200863128
492.3859117645617,135.57902411009707,59.06266706963814,32.144292444706714
492.63264108303747,137.5934045330319,58.934236158383065,32.62335888078893
492.40478491332516,139.57965945299176,58.78898603776667,33.09226911914679
493.63961546650444,137.04085474181863,58.85843940665838,33.034415303730626
492.55063488755883,141.5071736484437,58.74797249638855,33.792353090150854
494.44877128547523,139.2461359489513,58.43668338318825,33.66512457601927
493.5867825304023,143.24483333926838,58.45661643208382,34.478705823827454
493.7973675820766,141.4647341865421,58.58117203197456,34.17769616724385
493.05952792415616,140.48274308230066,58.82844134224605,33.91494302225694
493.82469488337364,140.5432908458431,58.99821571352972,33.842233357433116
493.5533740744974,141.07672551083837,59.545581952589274,33.93935595554314
493.6773781668884,141.2127343358883,59.63214381804689,34.38516240689133
494.76656514249675,142.53476334845948,59.90222686946989,34.59849120921785
495.5020724420772,147.6054476190872,59.56740733390002,35.75448213451518
495.6462801051036,154.92897243302997,58.755411754723,37.91358294303098
496.33321732134783,159.09520340781947,58.43758774204199,38.94229366953841
495.93796975666936,159.70117257882083,58.0741373061752,39.7422652892361
499.4441433142426,162.9446765291512,57.72552176604101,40.070887824519
498.96263322123576,161.1734673402155,58.28285444108735,40.70102707336204
499.5097764781671,160.1513425731844,58.116925528390425,41.65015653505946
500.01509795388586,164.3820171437678,58.04882173243614,42.21637621103133
500.42851357908347,163.4938228495693,58.38920129937801,42.44057378037005
500.7741904706171,163.07662814491007,58.79069331384953,42.811299343434214
500.8318076695854,162.6370469559709,58.91177477725728,43.09152915705394
501.3886430148614,163.90397132122266,59.36262921411618,43.37811380477007
501.1667028490719,164.0655883997007,59.634142151724674,43.58757440479869
502.8954164891681,168.6400253867782,60.002469037181655,43.74219965244543
502.9912779829555,166.6631261478016,60.89037749739887,43.25696605260935
503.98159262270906,169.76927576730134,61.50561179859548,43.10979370951439
504.36666174089555,169.42083373377199,61.47582589481455,42.87359978556437
503.2780091374523,169.50049069677874,61.886935327622716,43.192355969633454
504.1084820224896,169.87776907183158,62.46432898168136,43.05211371604496
503.7730574361335,169.79994447907117,62.75957489578373,43.78854924895503
504.0688831803723,169.01799415442608,63.30336745237296,44.11063945722805
505.0119089026701,168.3111932752942,63.80481152550815,44.77654535224492
507.13434235777,171.79362759486145,63.704601750318126,45.467436524511726
508.01861765475246,172.0356542805615,63.651631262134735,45.5512919766018
507.09126615688143,170.79232522219826,64.11655957773914,46.068212444364335
506.710264097831,171.52372170537848,64.5370337304394,46.27449496704813
509.587627809003,175.1133272914979,64.48210775310272,46.447883892465484
510.44928712997967,174.21421316184114,64.25020961858036,45.98415045324694
509.48206193938245,174.75641122430403,64.76708857433692,46.15563265759819
510.6600734772634,174.46757181925648,65.07469932196983,45.72930186323922
510.9158724904213,174.6441390603965,65.71800709170492,45.64386021509807
511.00167165387927,175.5992243094922,65.96323531098119,46.21077983722223
512.8464082690278,175.88482197469534,66.9027064776567,45.750410708552835
