588.5,218.5,23,38
586.6687487901663,216.6764415732012,23.575173508839633,38.15236206233785
587.3309699845994,215.17000617808978,23.97514534936664,38.580743507010155
587.6320172776038,215.09552819310798,24.1857400677095,38.902420311586596
587.6211353005556,213.445675087069,24.243719263804557,39.10742809455692
587.7160478542592,213.64416037312543,24.28945853728146,39.1931741424124
587.6379875695709,211.99036392140647,24.21972037360002,39.079213434095
587.8552175766908,211.41205303713537,24.417986849857677,38.946948178711395
587.5995004179754,210.90044107533586,24.56115279666021,38.7591082404635
588.1533998075354,209.40067273151917,24.541301386162147,38.852494587062964
588.0999888660225,209.18417570634114,24.47644603739929,38.964826705189026
588.0487784736622,208.30921700823924,24.603783128257803,38.87990892969329
588.7872432558047,206.83126437259543,24.244446613975946,38.76553078804757
588.9526793121398,206.4825421332494,24.223730369836055,38.44626260118175
588.8468752136432,205.7838452399522,24.2784705411687,38.23559781596063
588.955108383424,205.25518222468446,24.31706928511076,38.07532874609329
588.848351774936,204.18645012025664,24.321038618286288,38.1339484076772
588.8527593664529,203.8006366883282,24.337257462426656,38.032367463993175
588.8003382824255,203.8267694678719,24.378410301751295,37.822630322612255
589.5880403285897,202.9193862951243,24.537431754161528,37.67726573816061
589.8948709820579,201.96529997821835,24.36805208489393,37.87924289830154
589.527611065983,202.0057161116662,24.4028765683039,37.62381391941261
590.107046238656,200.91065692199717,24.17941243099633,37.49288856896857
590.453601491843,199.46365434569879,24.01371916714943,37.370936127647525
590.335726316079,199.70872473033322,24.128347404317015,36.98305271442625
590.484148973659,198.67480744705892,24.08652446593284,37.03684466508436
590.5887678310577,198.02805128128784,24.17013709650861,36.94149009522879
590.875714072266,197.98330728438182,24.2039882945692,37.00029407053324
591.3197202893122,196.71357263441809,24.19150228869954,37.14822641939563
590.9523270155539,196.64525802217938,24.148774080490156,37.172300803129545
590.8252707113018,195.5698897453592,24.035497993515893,37.08763572636825
591.1739198629699,194.91404065221946,23.920695737199654,36.81317349127629
591.4788382752132,195.29191445383668,23.95245487237647,36.80395111606535
592.2896876014554,193.66107929300654,23.800225528745127,36.92988020390001
592.2832641739744,193.88782275319826,24.105159163778367,36.71591147890724
592.5410176389126,193.5394323074267,24.008317702594752,36.71116864923226
591.9734385427531,193.12953894118172,24.096360211358174,36.26510507616497
592.0348238281326,192.29480983796563,23.951796522852305,36.330913427937126
592.131105578104,192.25062802665047,24.004489014726325,36.19933789320065
592.5249150747437,191.43074082067588,23.794892680271587,36.29019918392638
592.8559212408111,191.62379329746236,23.70693411248017,36.24308208745681
592.8643144391062,190.3724700683826,23.792569908582593,36.36573963684862
593.490193264868,190.55575193303127,23.570641997583344,36.25999882954258
593.6764971203716,189.51274084721865,23.586366117077844,36.02774745685636
594.0462385732513,189.69100055264346,23.504316184703093,35.71161778498367
594.0420115661645,189.7621532825838,23.52507759969191,35.62192639930337
594.3200814872997,188.81955040458564,23.42964047472583,35.962410909534015
593.9408766888031,188.60136556842974,23.425246517184142,36.31151570130782
593.8108386349934,187.83425605882906,23.659595125527208,36.02165186909928
594.0725369896784,187.61686894738534,23.709894433422612,36.016719289618536
594.3948139814495,187.23903224622305,23.64839880711896,35.9613837021322
594.5359849927501,187.64825119180261,23.685205354817057,35.74468772095382
594.5463409570516,187.46308371981715,23.690645081455777,35.6123251971208
594.8499722092539,186.58601091653216,23.53936591779145,35.70653187222562
594.9186975924381,186.31213330651084,23.44673475602854,35.95908078390341
595.0044674567979,185.946828446316,23.58207359405074,35.97768924019779
595.4378770001371,186.19227065252394,23.589622757742617,36.21773795756934
595.7306208853954,185.8101962662318,23.692729864945782,36.258522376973715
594.948064899873,185.74473597489504,23.856220375076035,35.96758402309901
595.1702625511402,185.1728757411201,23.753143799081144,35.92538210638678
595.4772612386125,185.60368166665688,23.710435725055117,35.90134914802105
596.0732226305422,184.9290053355911,23.743635869815094,35.74867417934663
596.4609357656503,185.39810097109284,23.614189063652955,35.98121016130334
595.9841659429449,184.7244614823074,23.704413245997777,35.96569283226414
596.0946837207493,184.3503334329976,23.65301976628497,35.74026599087752
596.4645910563992,184.37292148378367,23.744167216471993,35.84574539734669
596.047796147104,184.1937493315525,23.870900367066966,35.739737094082
595.884313688707,184.38381703523598,23.915600902213853,35.72116906475919
595.7028663066174,184.25288008379107,23.93764802516353,35.58043752345611
595.9230097347528,183.51973558298405,23.77679614785459,35.674072206260654
596.1416760454571,183.58277255163097,23.754605108935074,35.87112217104925
595.8840263701962,183.47531153890503,23.80826553199708,35.537928287401535
596.1511737200661,183.49469195210742,23.78043656530852,35.59151080628125
595.5409839448937,183.659365726682,23.854737886702896,35.589280074368
595.7693193745728,183.63973592376857,23.75222778321738,35.89250826711654
595.2561506842994,183.56853577508838,23.834691221865754,35.70630872407436
595.466706837599,183.64267705176036,23.941170918612322,35.935094571113396
595.8685092512634,183.64312194687636,24.13015312121739,35.838336297695605
595.4922824573733,183.69740734685135,24.21891298293458,35.685776975603474
595.0037694075698,183.80306729793554,24.33592363063354,35.59203537128856
595.3909222346332,184.01637046778907,24.448786145528487,35.45935488316498
594.842971774569,184.63568300071,24.499238166387624,35.337725390366906
595.1271190662434,185.49994392394385,24.43299285033102,35.26574262642642
595.6218362967766,185.49375588983014,24.295820170957082,35.39347258441714
595.1539874467345,185.6530193278861,24.386610348839707,35.3280011318034
595.3907789484593,186.0927782517619,24.545027732105005,35.49239497953218
595.4804278698011,186.2694079804482,24.50301321461661,35.36697999885938
594.9658388511175,186.20795135700186,24.376747464409178,35.26395367389461
595.20649036312,186.49518189159633,24.480466532269674,35.33243145701586
595.6299122276608,186.84883844338464,24.497636773086192,35.367353656364315
595.3260369914973,186.63104284293038,24.460323010679687,35.1922744099233
594.8288961030722,188.02893707562734,24.560814423264485,35.068412442942474
594.9761804714738,187.61200971323984,24.55457767193507,34.946817348152635
594.787843465661,187.44266015816115,24.55476073297612,35.28034969487028
594.7339007345812,188.61183560109902,24.61689562930888,35.08929046930334
594.9640785163886,188.8375149632875,24.370863645959137,35.13942460285945
594.8926228580118,188.76675196599933,24.337524832774438,35.39956744661979
594.785918690574,189.39964730820319,24.499865468903167,35.43999037953696
595.1544634718447,189.56011376162508,24.512996920384673,35.22624061618965
595.6400721785749,190.03953491087168,24.451805103542856,35.209529360176916
595.3269779741922,189.77287573778236,24.399386525308728,34.94368180183362
595.6638679998548,191.0991150681225,24.46498343616861,34.61820113652996
596.1129997853288,191.06562485452363,24.495248591321396,34.71709962376216
595.7740142535226,190.9704786914849,24.609842155353473,34.60391829843044
595.7664114752574,191.8897455020138,24.796791075025887,34.58490205141142
595.8952435170174,191.2810601575082,24.659109137232512,34.886568847714805
596.3667803088422,193.68182859833047,24.978917667039653,34.177294234136646
596.7327866771346,194.16505846638833,24.987242361885492,34.06970715007476
595.8137043367873,194.04672241461873,25.04093708046027,34.003635729300996
596.274003957705,194.93574599002358,24.923597092126887,33.74780895164497
596.278192631457,195.22534197427146,25.403675338208544,33.605504843447356
596.8356647429822,196.23961618030393,25.885925786789198,33.353076855653086
596.5677854756492,197.20609267637124,26.45092148005155,33.53053216964024
596.6686103352349,198.28458536152152,26.837392936646136,33.256624420799625
595.6786921845318,198.58251457268608,27.23742124130271,33.00356452952596
595.8262959999097,198.29088196175383,27.447072938816692,32.99949315156367
596.0766866818468,199.24742009175293,27.53324843357743,33.034791282167596
596.624792412996,199.577018358428,27.416302541919496,32.878014339767475
597.0067558320848,200.76708320566004,27.34563708870605,32.87535013182986
596.6335493506289,200.64870419581672,27.65919709794541,32.9661951615425
597.0485268944875,202.07195623443212,27.83845581542697,32.85276193468401
597.0094498500624,202.4410097810249,27.77939738939981,33.05201125390919
597.5859363791569,202.28288593245895,28.444955606006282,33.18151828441319
597.3086113674294,203.37947978257066,29.169873867051983,33.054193478247996
597.4698453231067,203.43982168611504,29.558390126134434,32.90739532097446
597.6457927162617,204.89669860358572,30.009807641460228,33.00851594434606
597.7137582246351,204.39190364278704,30.13603165091084,32.970424295890325
598.5524908134929,205.74419157626494,30.29609196014119,33.06057122442099
598.2903802720158,206.280081663224,30.866559303500026,32.89899784524161
600.0655284736322,206.70680288771527,30.973889290724298,32.94715295571117
599.3228403953482,206.61319865721117,31.03611550394075,32.72502684654987
599.6108881898951,207.92963149223996,31.392231850366905,32.7518842199341
599.7286911228284,208.79211382203283,31.913464783023297,32.84254546633893
600.1715193612185,207.85171468566463,32.00599848988258,33.10110999063935
601.5352174603058,209.2820893466038,32.54704563773153,33.10633175717043
601.2662460197797,209.99227711626497,32.9517101041767,33.0496772309173
601.0899282408596,209.33770856298798,33.29005989549732,33.23638544342825
601.342545090276,210.73402536886604,33.598001576894525,33.00663425507305
601.320744531295,210.75209700965485,34.117125213014546,32.6501166336765
602.0743790683445,211.1046093823154,34.256974349708024,32.57713101808939
603.0517966310798,212.78381453463666,34.133179487413415,32.23382143099144
603.3391169249786,213.43651562476796,34.451635227397546,31.901188213112125
604.1939921365273,214.3598579701083,34.50198493056651,31.90350266507823
604.6493196238619,215.22573432217118,34.61739184840693,31.849712502532693
604.8833894190134,215.53849516105015,35.10061224536285,31.85493206336877
605.2802699011667,217.23853892991949,35.66076506508325,31.75615387278283
605.7969346491774,217.10333376936785,36.423690084709754,31.980523848902745
605.8493113008024,217.2389512750154,37.14991082387533,32.3574435731728
605.625883074685,218.82823294989922,37.8252883549351,32.01547337449775
605.7484215647797,219.65176211526145,38.1385686135153,31.927661226215005
605.9718374753278,219.56415038622802,38.5689923513867,32.239557315187916
606.8057432740516,219.6325140453837,38.98020840667949,32.17405587100258
606.2768735110277,220.78253530705695,39.52485183859578,31.842575354606453
606.253924731733,221.73555911563204,39.992203320172074,31.901362665968804
606.8972209148646,222.16501679173322,40.38524516735646,32.42835603664396
607.4478790811958,222.28681825706772,41.01664611031373,32.44880376849251
607.1788606859511,223.3235734848796,41.91938607920872,32.229775725207006
607.07786874137,224.24037251849683,42.28208703847366,32.51247466457957
607.9745037252641,224.96907772326622,42.893291805945715,32.60368209485404
608.6464960483365,225.21772261817023,43.32728760661632,32.393438111692404
609.1017302636484,226.76030464184996,43.461729487691386,32.44819429901309
609.022445597537,228.22689320983383,43.462774338498534,32.40573443103547
609.8226268411174,228.8528146391124,43.31113969748319,32.45702136469175
610.3231513585785,229.6188053858121,43.24079817684728,32.25138710315733
611.1223597931044,229.3909290317521,43.1435734006909,31.923616788148763
612.0422797777798,230.9270254279815,43.52047833108992,32.025961415962776
612.091899429739,231.4589626278153,44.22374881186995,31.979338984678947
612.6865939928168,231.6622575189646,44.67511367016553,31.852434073815587
613.4387141781136,233.33111956138427,45.20274700257484,31.652628222847692
613.6425582806179,234.59464938754346,45.93977887508105,31.358820142184566
614.3033513891365,235.6013541471424,46.01993332824772,31.572679080399425
615.3723040186661,236.69936896808997,46.24334689586402,31.19400209105403
615.4633008998107,236.89676052797373,46.61292426432726,30.8552391044838
617.0343560374819,238.5309662354973,46.3903768056049,30.849855595854557
617.7542088280608,239.81462091829363,46.41098824009518,30.806370683615725
618.1297749268435,240.0439074990546,46.77557452645441,30.527213046099668
618.6218670179468,240.9085827623367,46.74382291708951,30.528597344669777
619.9303256186236,242.11161152298598,46.89503792551396,30.61154825003747
620.9955697640032,243.13994960465718,47.29795589238384,30.93905430143201
622.0055725207293,244.34703248310507,47.66607246068844,30.87537696883735
623.1676654140451,244.55952702234407,48.20895544160436,31.097896153947296
623.5370216518205,245.81978213375268,48.768806446430744,31.41353300106114
625.2041651675312,247.36325978523413,48.812627916443695,31.67352584491831
625.5726592483121,248.08482684395256,48.99239394103534,31.8075567350727
627.2292245767247,248.79652985088308,49.285396268371414,31.67100904144787
628.7673023963839,249.2968874212316,49.947444154596354,31.248950693391517
628.9989487839366,251.43817536193546,50.85248221578697,31.03202813611094
630.6238416083834,251.64051511032767,51.050326257063716,31.053927220659716
631.1421191631559,252.83398670567007,51.24822649457973,31.106146522726988
632.8541891969389,254.37171730091592,51.774296044628436,30.985817816671354
633.4606041863492,255.68319530141966,52.07303246633589,30.895868245336104
635.6770636918277,256.93819628186793,52.31024943026287,31.01564943797345
636.5899273046981,258.3527034809469,52.67835412514597,30.97192599631274
638.1933004801919,259.17336181398474,52.95611700381843,31.315498003065716
639.8887492314451,260.8098239405465,52.86422810917635,31.63362580530115
641.6587737448409,261.32560708187765,53.412284284106,31.52000061608362
643.5972521970557,262.43032901721966,53.81724304434926,31.43592963205736
644.2830452005934,263.43940891071134,53.70032026626251,31.587071116512526
646.3085337277942,266.23999784462256,53.91903610965747,31.508205412996695
649.2094644135093,266.83451207412674,54.311535471259575,30.831947368340824
650.8534971393409,267.7717908013145,54.58096871306249,29.988228999544205
653.1543624245269,269.14440661981746,54.58453237029066,29.760631992741594
653.7509422597986,270.1688242876809,54.17731102229123,29.928845540452848
657.7633312646938,270.99179615710835,55.176099258533604,29.080264009964296
659.0744351602757,272.1944553261813,56.59732179573889,28.2455120876051
660.1909567778284,273.6708948774804,56.81536150550344,28.089854168783713
661.0331790212258,275.34677538259643,56.950055664834494,28.203113338300202
662.1597085345968,277.0046059387054,57.46331543615766,27.97834764043465
667.4394960727963,278.9211110130809,57.40097375056681,28.167961984328898
667.8322821758426,277.24389997908503,57.2592233203874,28.054237012907272
671.2539456479255,278.22127178389746,56.76507945880209,27.99768342479723
673.1353064594241,280.19428342188763,56.16399275783267,28.027587263303637
675.2724985497133,281.20863800793984,55.38250894880562,27.698395579678838
677.3555510321257,282.080551771854,55.3101501692835,26.92508836940494
679.788596912939,283.7951005933404,54.85762881170966,26.683984491309445
681.3080594959899,285.9312405431814,54.05814885511112,26.27074509036104
684.5268822789646,287.5090705550472,53.055412632881115,26.162421644998645
686.4310252291313,287.06965610737876,53.06087437697241,25.982227040846638
689.6238338904648,288.5879145603232,54.21685775849847,25.69639844939556
688.9477409780619,289.11490770823684,54.43642718258554,25.501358953800242
691.9480370739959,291.84024938536373,54.960739718653166,25.04438802477838
692.7371525345156,291.517578829255,54.84535638806017,24.974991006426468
695.4544634109267,293.7924792241633,53.88294265830956,25.356849915096127
697.6162408223079,295.38400591570587,53.586365374609656,24.8805047248363
702.0881737762893,295.3777549891382,53.1959681708704,24.831034578266724
702.3893023377135,297.4038212591208,51.62330827082705,25.2771568143027
705.556120418382,296.69107294845986,52.26489612758692,25.091067699349814
708.2040088801856,299.1359748360171,52.42001737445096,24.91771795331853
710.6062066012121,298.5766113818038,53.46879900301571,24.506328661298046
714.3136509881253,300.8978033975283,54.36358353851539,24.130108932674915
715.3625457559381,302.6164272961482,55.60458775746747,23.836346204710143
717.5858393956803,303.50738585868305,57.10268164558552,23.41566934739403
722.8236571459202,304.4497122939109,58.81851819863357,22.905381329843568
724.4749413952217,306.58143138160796,59.14017174020696,23.501637635345475
725.6097507699333,307.5534607837227,58.08078477178958,24.627707510391424
730.1733459955836,306.82493338105434,58.21561824627027,24.98920569894506
729.853588357924,307.4194979227421,57.783432233366334,25.021575700995896
732.0208620679362,309.2057317747892,56.87507185176348,25.87791001029894
736.9082806356099,309.4139839419398,56.53853008079598,25.535908263316095
735.3968949012283,308.94886743722407,55.85812648165749,25.193507004940514
738.0705813392534,309.3483234372121,55.00734994197204,24.794844456363357
739.4242998732266,310.1311229078077,54.65889758281181,24.83651790172298
741.3825954273666,310.8172108201572,54.57935619720309,24.754305918462386
742.032546140822,311.5011014907531,53.35526482274696,24.748272438179026
742.127222308739,310.40472870018175,53.39981012821414,24.405941162708608
742.6014314229427,309.8059956643991,53.07952460072676,24.73529610069845
744.8673464134694,313.23929311216057,52.443785365599375,25.542383418005045
746.5052463286804,312.4204868437855,52.76886138966941,25.821157634976736
749.0272437447579,313.47016755811705,52.41567437688071,25.774700096923397
750.2548131586647,313.98196470741925,52.439485811137146,25.885356796816033
751.6998513235382,314.75401258673753,52.154260250433026,26.018575438852373
751.5805505731217,315.8218907096306,51.74254962558292,26.237095134914917
753.7818625295855,314.5604522475352,52.20546430976248,26.218372785424233
754.237993478745,313.71125464191846,52.46294606855564,26.19317237745603
771.5153752739789,317.58201115781173,52.83673319830266,26.548533582729952
772.4178502409308,317.1686026342968,53.07295409989398,26.8762038106452
773.7936937562051,318.4477637926051,53.67991489267882,26.691464333994453
772.5967744542301,319.4020529229665,54.870145102959995,26.614406749884495
773.2320044784148,320.1664131819187,55.91283641414852,26.401591206917445
775.657231276641,321.0921070432438,56.93409121079301,26.278645437926297
776.5882824457574,321.7345544797947,57.255022100480836,26.565265409718847
777.3662738148327,321.2460390516316,56.726723216433456,27.33999279686411
775.6774701232384,321.0927988025089,57.25668579371356,27.864856100695356
776.8302746878803,321.64669891734627,57.70966307113763,27.770595304499917
778.6203958561315,322.95337656241816,58.194369293442676,27.71270094422678
780.0907427119765,324.1890370203704,58.40641606026824,27.444830946519936
782.9108575367358,323.1573568708233,57.65917556938001,28.187218683777772
784.6900720726718,322.4329248742933,56.54668341576668,29.194220183084436
789.6395469760549,322.69740858091143,55.795555035391985,28.90158517148139
791.8345496918935,322.9789888317245,56.355296212448984,28.273654686563596
793.7975650048215,323.3778643461955,55.75358184979187,28.30008908862517
796.8998950644025,323.4651575882018,56.07375827085208,27.879267174371968
798.3538022492144,324.5893996700554,56.471416990446365,26.617667664233103
800.7271535216607,327.736971859073,56.367110418759225,26.704343011234577
803.4543835070153,326.29902276735817,56.80909619924012,26.338154545723118
805.953970015117,326.38341058045745,57.50865555913552,25.98156776837762
807.3011119829989,327.6250532724923,57.84706119475241,25.961159657867505
809.8560938358869,327.8860458733276,58.104010807610365,25.655973596173446
811.866316568213,328.29936514033136,58.12567292505035,26.02364978041242
819.1212573913936,328.35214189105574,58.83296294769566,26.605143820105155
820.7275512517651,327.840575965766,58.80108768842402,26.99577818123223
819.6802124967393,329.6655410896048,58.647588146931625,27.268389075064597
822.6582808029555,328.43583772310814,58.062885269393156,27.9362455293943
826.2246292442804,330.0550587593524,57.73880979329837,27.8657750679288
827.9337592319187,329.63211473692496,57.75921139333916,27.9941022254469
830.1315766907715,330.24064382216505,56.62536603595173,27.844372746449288
831.0880858342098,329.1629042540104,55.56938088258179,27.36147278577363
836.060539426293,330.87120157412704,54.35339082030249,27.032879396761096
835.4657899758117,331.2083515466658,54.1033589910176,26.74947896087508
837.9554821168892,331.29304910969074,54.18031301910431,26.58597323100843
841.4467119546129,332.3261126356834,55.0632069279466,26.3291419525293
845.141289743392,331.857373466427,56.0636501968239,25.74480201082197
848.3293811447978,331.7126057618538,57.44427758230569,25.18536205957492
858.6606113453005,333.21874740151054,58.2082831694594,24.906441216556054
856.2020543794315,331.38910550548997,59.44158901289475,24.372719923605658
854.8826133009617,333.04833879242756,60.25851966131255,24.026896009871475
856.396320564313,332.41353937403437,61.349778936031896,23.79404640705983
862.188485233033,331.50033082292083,61.274008825581625,23.910237092699006
862.4517516935689,332.85552122393716,61.50699655441988,23.736251840440556
862.396105220324,330.5779590620065,61.56304980112882,23.57615189824959
866.6150649453652,332.0898315806066,61.352997477510954,23.863420798045908
867.4299449932264,331.60625803086253,59.818860651465975,24.76904924330678
868.9816425250253,329.67269448415794,58.70904223371911,25.08449958653286
872.5242376693394,327.2566835993145,58.43612878530109,25.250570104236132
873.679721682938,324.1666880249563,56.657679740991256,25.850936600090037
877.2640962083409,322.42995921709195,55.9632587312619,26.121793736692716
883.3616755345967,319.414426499727,57.02132635896283,25.787599047215984
884.1619716617338,315.5311858647727,57.57541602569378,25.59195692311221
887.587061212756,313.24338680714,59.190689117863315,25.54545754615963
889.0295269459872,309.5327305265188,61.327263484072915,25.10387795652312
891.5583226022502,304.4968618772671,62.55005671210476,25.173668805746605
895.8078871883644,301.10332127659035,61.945989986470735,25.875495814747886
893.3053273953178,295.32447792803964,62.37231127849645,26.367559228463058
899.1170578951992,289.9888509419495,61.13592761027674,27.409436789205333
900.436007485892,285.23159130489324,61.37643423829361,27.37993254952388
902.8226782688994,280.40493218743615,60.13863754456277,28.08302400068564
905.3546297469483,274.3941708020014,59.87666072448168,28.276594386606504
906.5387806176252,268.49814792174016,59.09743073376883,28.50088635531986
907.7809818720403,263.33249287052115,58.871165451043225,28.097268326654273
909.7708339612333,258.5817520369973,58.44092645210073,28.12093627299892
912.9903029489984,252.21640096943253,57.669635361488645,28.075700374070863
914.6626211576177,247.68596670410835,57.96140775009739,27.423727870783644
915.3290465154606,242.23106224794714,59.02397901622284,26.471921602136845
916.9560781467676,236.4159563874402,59.63827078939073,25.662917663055516
919.3127761130295,231.15175074082129,59.89240320006776,25.917293502496925
922.6532666105674,227.1127959990305,60.042473554631904,26.238468138056014
924.2523485130005,220.9639652256811,60.95851129548107,26.158508034059036
925.9720703255165,214.62360425605263,62.04304065857753,25.915635498523514
928.7947204645486,209.37402946818906,63.13570691798901,25.817736314790192
928.9241352843658,203.44059819486938,63.42824283268744,26.37982839176402
931.6609073658168,200.70489890839437,62.67830859410175,26.652017751457187
935.4992170752517,195.91586598890942,61.941826561553746,26.602307444492073
938.4341384104671,188.28920809529697,62.029820519083344,26.370470987149066
938.0275488718047,185.4518013224919,61.930902201941706,26.280792497847155
943.2674512300014,184.3174282285092,61.92793655110007,26.281642272009435
944.3447197520488,180.5812205927674,62.0518705000473,26.176462786412923
944.875787259921,177.72825945967014,62.34985888022258,25.924067295954586
949.1235844144553,177.62412454830007,62.38451035209887,25.958733196566083
950.4451414191125,175.0753614071524,62.601363336116464,25.83471330576569
954.5715269117713,177.2780159334124,62.600217411833995,25.83496856141222
955.608537118655,176.7367920157442,62.5948481974073,25.83715528548919
957.5410623160935,175.06397508364807,62.58526989039056,25.841144624153447
959.1907752120059,174.74821990725775,62.57670332097802,25.844486811250345
962.986963937305,173.74660375853477,62.57377527604995,25.84564343654667
963.8261676107167,173.05536806070972,62.571168967968504,25.846902001653206
963.3044385712876,172.54467070388412,62.56878356480915,25.84796998171525
965.8253320610019,172.16104940948765,62.56547305251314,25.849840353806684
966.2477769016003,171.81501794435835,62.56366216341154,25.850635257236522
969.297143227053,171.09384040969212,62.5621928486878,25.8514645096516
970.1789172128098,169.39937214541072,62.561573720672406,25.851765402838396
