450.5,208.5,60,26
450.26485591269164,206.84673423295334,60.02751596497237,25.7626136397299
450.1022655075248,206.50753556736487,60.65583458434428,25.780163128213545
449.63713295845884,207.42241024955882,61.08641600432605,25.588427603547274
448.58610714708186,207.0344184028754,61.466882353337255,25.494334044526145
447.64430840109975,206.95752223249883,61.43985522200285,25.635338304668977
446.7005606622342,206.77307355971578,61.81277784092352,25.729525084429604
445.9678060635279,206.11420935639327,62.063455686102174,25.79674542108255
445.83538402340685,206.77653048365121,62.66982126788551,25.50051002501089
444.64978901132673,206.34660269179003,62.51947708756265,25.61077622513112
445.19804738659246,206.03580546811384,62.82768731914796,25.62278866555222
444.3480812805669,206.5604424343515,62.70213799719492,25.178148481608215
443.4179436199494,206.9942208208215,63.238305552278334,25.03374124670838
442.81358508471686,206.6599369022711,62.86279494158347,25.166069161762486
443.67605777206455,206.77602329153623,63.06159662957124,25.2216112818185
442.08236494806204,206.37141359430436,62.669245329563,25.205706174100257
442.7872432432719,206.21839137371884,62.44372788823682,25.332746035488793
441.8010097329438,205.80303883647758,61.94926356581444,25.49532345398837
441.52223987614934,205.98402070430512,61.65531474876755,25.48930622936346
440.43610526046723,206.0129886418875,61.570195626784,25.571046567463227
439.327318438445,205.9477143836266,61.884485197952415,25.50523829570736
438.3676460720635,205.98866967263584,62.34819271414743,25.3699854386421
436.9055139646412,205.32574732400423,62.60801295926544,25.2964520746108
437.18729922908216,206.0068652644581,63.1828923376864,24.977452806976686
436.0726851304105,205.67884252424398,63.1412107488054,24.93392059823406
434.9494773122631,206.0652676995461,63.39757702291751,24.795518060663905
434.08336234520124,205.73546236505769,62.95024319628385,24.893810451328005
433.4370630154535,205.77435587670462,62.89776386429377,24.984776083421075
433.18650370460335,205.91349572989503,63.15956144786711,24.93650202875266
432.3578650979036,205.14178741674567,62.70488802535659,25.161263044966883
431.1062441639266,205.04816348039122,62.70611883259586,25.158643585098034
431.6317296740357,204.74479743240633,62.64411624432728,25.3973956479086
430.4915554436763,204.8783139661696,62.666903021391214,25.40171966966313
429.3483082041563,204.9823183720592,62.508223044788586,25.451942736164554
427.8069836106356,204.7300771367448,62.70559829841926,25.483581678999485
426.9462208365778,204.85606089486456,62.54426998091139,25.462362950282284
426.0627723641385,205.0431569729683,62.25435678518032,25.35302796704082
425.97547661508634,204.82670446485207,62.321482002824325,25.28925770055651
424.6776448808357,205.70833613694535,62.14307878469523,25.105892952179893
423.6522843715087,205.25188782742066,62.17954189548189,24.934387963715835
422.64583845439455,205.62816610192652,62.180013313831886,24.886864240174106
420.998325977317,205.52510843902658,62.25949905099177,24.68803267252035
420.0290895842952,205.46183064404022,62.417378322592825,24.537196381742405
418.9059836712869,205.3915809734191,62.42907042853198,24.370104731726055
417.60905575035156,205.21314800367395,62.20792764369371,24.32797461609016
416.5919821793915,205.26894164945278,62.279212532424665,24.500671260556196
415.1965300389073,204.95935701462895,62.19257670185127,24.516001848029198
414.61691855261165,205.70900289189615,62.157947249821014,24.3613398580517
413.09889588544473,205.61557078690373,62.46880981247215,24.626470889838167
411.6905922821952,205.08120371247182,62.42779391869041,24.695649689352013
410.0645342530578,205.54346002356104,62.572772535330145,24.625834890698037
408.65440715867965,205.44681590820545,62.590362444148745,24.788640262989787
408.3498937736129,205.37869157455717,62.9134412655879,24.93680567015253
406.6232047161218,204.80390374156363,62.65450024490424,24.835779329227385
405.50377454446806,204.55903972172655,62.54253837789988,24.98490225897149
404.1153071340945,204.4538791048978,62.6272763526387,25.093715538329565
403.19848754856844,204.6686542138815,62.65149255387263,25.08747685190588
401.43005551180045,205.42444669175208,62.585888136808116,24.72325079051285
400.3390900304798,205.2750145087564,62.775319867157265,24.77887764618066
398.890484945403,204.82517872428275,62.85882912292784,25.01541559391217
398.02658394721624,205.25515014403854,62.83250314002282,24.92841356889566
396.6283313652637,204.53408778088308,62.63137746934839,24.982780397829558
395.0983106366122,204.92053739440428,62.447835009033604,24.927960618533437
393.04388347926357,204.72726192569192,62.564900936432274,24.975720215368632
391.61746884011194,204.40788853837057,62.512477996489125,25.08888557054343
390.401481666499,204.61311850239653,62.57118898464507,25.011749270201832
388.98952464710914,204.71809808613872,62.43146805562098,24.98060050546843
386.88120514606794,204.36421678672056,62.53394270528637,25.11795571371026
386.5680282859948,204.45565108446442,62.649579033464924,25.11621022589428
384.5772561395202,204.49149495865166,62.73240878402507,25.10264969078931
383.3269386377853,204.42320208454393,62.72896516086228,25.13928928286058
381.3728986330768,204.43191625976195,63.13669469496805,25.14272125983229
380.02524900041584,203.87742556758835,63.25528755083556,25.192316510031826
378.2691981513494,204.07285454443533,63.48528475678091,25.14189441887909
376.3169719241761,203.77771724575572,63.86153825368432,25.220047100421013
374.52313587407383,203.76438494456733,63.56504983524262,25.250305883832553
374.33172043705144,204.2666923638176,63.718145245429675,25.174598141717908
372.25487129416143,203.8288317925772,63.60916395433591,25.13463643193053
371.0652103299553,204.2967381317733,63.410274813641195,24.987609449567984
370.12988430337714,204.08762485130882,62.841290636328694,25.033502305071696
368.08900871930854,203.3687304793841,62.76187847438777,25.231250746644502
368.1939110776287,203.6743622966481,63.14538631925954,25.251724821161947
366.35957913238485,203.4349405045367,63.40593315385417,25.414427664274847
365.02922117044113,203.699574819242,63.6555083974285,25.358284105197747
363.8873459268939,203.84555181787448,63.52845103654637,25.37868526864598
362.31295999274823,202.9159382719539,63.41760843721677,25.54950541621224
361.9545342967403,203.10489772716537,63.73025864948992,25.380127332825214
360.92868669913133,203.64844077817247,63.315675053280174,25.29990804351702
359.3703365717695,203.92258927810633,63.4134274682669,25.163164515929807
357.5525124839926,202.9454075074542,63.02451853017331,25.182931995527497
356.6736579146605,203.40737865756947,63.24815300472156,25.07409179566927
354.95183846684887,203.51166188214185,63.39329684609977,25.035203200108796
353.1607826446687,202.76785719889318,63.387450869839405,24.954174957124337
352.00762272447827,202.73864990556754,63.2845955526733,24.956862322703913
349.7406300891887,202.61472134459137,63.271520333597884,24.977868353867418
347.6979895622851,202.4801434605327,63.313012000655775,24.95196864317349
345.2371954575936,203.22942845928327,63.29891600593723,25.220599830898788
344.3298836863544,203.221710261072,62.93542394210774,25.237043719858924
342.49873826485197,203.35067471501037,62.6894618306295,25.20759006973652
340.01628048567835,203.11766748894152,62.57306902410855,25.057775590542555
338.6842103396087,202.78155742788962,62.334009166711795,25.07306091488254
336.9780827023356,202.79807596014498,62.53761313701293,25.233966933658103
334.9107628110899,203.12301727155756,62.75655606014459,25.289001622501367
331.66815382465705,203.24358004453612,63.23380656093385,25.282306359852253
329.83342128635724,203.09535675099977,63.868866882894864,25.45107936568241
328.82824856679,203.00281313301105,63.72991770723738,25.48343683707911
326.6324026565328,202.89503738411705,64.09314330308142,25.53285193595564
324.372444368093,202.1203858254259,63.84717261952399,25.52954596730123
322.86738958399667,202.61799080584424,64.22292568899837,25.32741198522052
321.05999144696955,202.4485878234104,64.64844526780115,25.383831915361096
319.22317991085043,202.12344579970662,65.19423759624974,25.44102226951228
317.46922494573033,201.8113820417553,65.37070278619457,25.556522013083658
316.76516065665635,201.72013336884578,65.49396407766041,25.76726085171061
316.47657732855214,202.28839651368506,65.09617785730097,25.629607676617905
314.81186753655624,202.21988642157626,64.6605320096979,25.832993385961963
313.969796691773,202.0409540362855,64.09926516426073,26.110359967809437
312.3829834351371,201.28229705826183,63.69941154829067,26.355103671438233
312.0668476987424,201.42385599291723,62.688377004158,26.363367578460352
311.2561840417735,201.51818019912088,61.77041627411997,26.377184446943517
309.90972462619754,201.70488566256478,61.34506995329431,26.237465480628863
308.4424043755459,201.6394343378139,60.797287387504795,26.55915149669158
308.25407225993183,201.49199213355627,61.042890899242764,26.833203230629014
306.4393848639385,201.6417803351035,60.950572175451825,26.925555530127358
306.2739001247126,200.65268212404007,60.93261153343555,27.454952461325618
304.25827693890545,200.8447526908766,61.103916899343076,27.525316115574455
303.6288120585244,200.8028873875847,60.98260097452778,27.70291900853761
300.0072069914247,200.58445815939697,61.909235581536,27.87104476814141
301.0272231492804,200.44628224761843,61.82873218885924,28.435708550011476
298.88688619751497,199.92389361078517,62.34230933450131,28.919738319443677
298.53184567648816,200.7324411682435,62.46685866497655,28.880417610006504
298.9781828129217,200.00361648403438,62.04554206551606,29.143784565895714
299.11842588729894,199.62687532475024,61.55326098904543,29.379538019317337
300.00152568522003,199.30450264018944,60.922388851584834,29.311703303638264
300.55544433301867,199.43110516291188,59.99212411927813,29.25489145000779
302.2807020827729,198.54665856349598,58.54342060097085,29.48875917143022
302.3671089950397,199.1851792452991,56.68046843644096,29.653329813057713
303.54634049741617,198.31652579302454,56.434310834443764,29.497028147508015
305.102981784725,198.5688219960784,55.17697265489143,29.107761028384683
306.27378739297575,198.11261313788182,54.061388092633365,28.673420259937476
305.67713299504715,198.1352857827274,51.67949513868891,28.001650776864032
305.9915131810605,197.71004790446526,49.353871830642376,27.714885527490825
307.4030964199658,197.44062598416826,46.786516388464804,27.584969724053266
307.8625531902976,198.28700556374292,44.76559677003485,27.670243583016163
309.98277967925924,197.80494410361047,42.59852783866614,27.89926867775387
308.18972611302877,198.0424407805421,41.60317544887972,27.74209739282025
310.5419870882232,197.91225214978434,40.242102852662576,27.8996095097254
308.2398547687046,198.8583135421466,39.85626329324394,27.753245735315822
307.04848464757026,198.67623384387522,39.614198085073255,27.36439336876271
306.14634006436387,198.8780392905562,39.64524501630226,27.0475018840321
306.2360707245992,198.40017500657495,39.103348563566584,27.212079822474173
306.5140252351102,198.38028905711784,38.03770187212294,27.568244083506176
305.59631142496266,198.2153279276498,37.66292560638591,27.037758989994675
303.3511843487607,201.21976648086223,38.35061227679518,26.176555013605242
278.9989923714316,202.12119868142392,39.515384415047166,26.680772311853207
277.2439368369521,202.45601469783708,41.08372433437078,27.073289922924918
277.362342334055,202.11681682106473,42.07721221692744,27.37805711974122
276.8668081352001,201.32689247043007,43.45646990063081,27.63879709641643
276.3406915305924,201.44504108819356,45.38938957177179,27.75483301914409
275.3957744931285,202.01919702510017,47.323581039636466,27.588124171720935
274.66267963361486,200.34747935645478,48.550010464107146,28.47104162571095
274.0410466148793,199.5457061139973,49.81159662244936,28.521444609344133
272.02736008586004,200.0593904954254,51.62131449860307,28.383540046030987
268.5986894133088,200.80560356470102,53.120671777695975,28.239819676064915
270.10882196136833,199.7819487657959,54.114860569516345,28.383603682978553
265.16204887427256,199.34268329976237,54.48234759301211,28.522673729520893
262.9502200454227,198.92383684568233,56.155633556146974,28.05389576670927
261.78826541617354,197.94336297791494,55.71966990128473,27.462602415284223
260.00226589728976,200.61043709234,57.91848235076493,25.800995566362683
259.0713234722824,199.28533878470472,57.70717794220428,25.30508331589531
259.32605173208117,201.5358559793619,58.37446945994499,24.6069768974672
258.153575928804,200.322473806161,58.84527639315179,24.62766934254754
258.734025974339,201.37256894343494,59.06330472500972,24.232757464606145
258.55399441478255,200.9625610977606,59.00973914672723,24.455120780256735
257.164774888181,200.94367496517776,59.79489409367575,23.948756819245233
258.3176343002866,201.20995890649786,60.964323947290495,23.829973112716253
257.4429589335957,201.56016837921828,62.01394672819195,23.657055809979415
257.9236709648584,201.0034435364654,62.69926441352274,23.75316662352928
252.59268716745086,201.96348996803852,64.68543073117718,23.22923007141823
247.5900788136128,202.24899118758555,65.91176541218094,23.39436883715814
242.4836844782362,202.39820103828274,64.47440092283892,24.67716344450245
242.5016083628276,200.72591200083227,64.15136387862981,25.52464569611545
242.59243349113007,201.9467013354792,64.35886346667135,26.10838207313202
242.46003763460183,201.17417307958354,65.77141998170687,25.9908648897405
241.4103839475257,200.9030555384238,66.20231693544136,25.78360172395968
238.87997296501436,200.5956085171191,64.8962994915895,26.234098869610744
237.1661804832283,200.33242689772013,62.83854767461354,25.896167937075397
238.90689664992726,200.88090505678966,62.31851322749183,25.548272190130056
237.16411611639072,200.23261553960464,59.499392039773696,25.935226469117513
240.14774293729596,200.27138968864162,56.20156483915581,26.254509713297068
233.35550808479567,199.11206591829563,54.74636646096546,26.567550125845763
236.43147331222195,198.92748271408925,53.347945527597304,27.07666861272012
234.48134031912954,198.29686129725349,51.916010032916624,27.486437936126343
236.60689121116832,198.21565329565635,50.925700742659295,27.391409617211387
235.23949258565733,197.58002979271694,49.84682235166768,27.673808532918358
237.76870616974327,197.27720152328308,48.2058830432218,27.836556874144733
238.45147541892152,197.0968887223221,47.01683921775973,27.625824749015898
240.0046136724109,198.83776879811597,45.627139048595325,27.618739299118815
236.97515136184705,196.90716230397788,43.9033755288539,28.021952819545255
238.1534442126572,198.88755246313005,42.34107202518584,27.530359760915
238.64995490410774,197.90515999390846,41.091813999685684,27.254157636903955
238.51301597656237,198.69679244253317,40.106167867006306,27.00454523599246
238.302618728728,200.24064365408486,39.221253954319344,26.380224818580604
237.99973039290984,197.97898298915086,38.38460144104201,27.06457191100659
240.05014882807316,199.3637210063133,38.00345250940558,27.054199890124664
241.04135813594186,200.904718804477,37.74024511440947,27.08373316724092
242.00695674965354,200.2229501071438,37.704626748222665,27.088324476931103
240.5051100746968,200.25087608538462,37.68360801241227,27.09578343419105
239.39562520005865,197.73328729522626,37.678764227905646,27.099420143841265
239.09252867473728,194.59364232706199,37.675218451796646,27.102151204132205
238.53472607264501,191.29860516943913,37.67013295258914,27.106503549773436
238.69766416803915,189.26598837956195,37.66774127198419,27.1086315463369
237.70684488852527,187.01111143763248,37.66341362541506,27.11290561757375
237.75653721805804,188.64682318168357,37.66230101428639,27.1140291360786
238.22280273641778,188.65612588388257,37.65915748738978,27.117581324379536
239.3062586762194,187.47059642092924,37.65170496027986,27.125046195110436
240.20167253498647,186.2711149139335,37.64422139233523,27.13229630512544
241.1634959360682,185.97730583208647,37.6325765576019,27.145208093220642
242.94794804146395,184.7121762507351,37.61966232750801,27.15906358084403
244.25695360526842,183.55091334105683,37.60025421007668,27.17390497866128
245.57258603268002,181.84387682515626,37.56259797303608,27.201754455851212
246.8860109869751,182.01431662273097,37.5136477588887,27.21872278970259
248.39973549490404,181.0988626815773,37.48474748913982,27.226940661939175
249.416944409554,179.62622050451097,37.471978543659446,27.22994257779365
250.71128399789438,179.97210308272844,37.44764281943231,27.233469476965514
252.12979732293272,179.6836385838187,37.40842886962722,27.235429600330527
253.82391667551678,179.03011776224307,37.383535310638315,27.23291356716644
254.95312630738735,179.5061396435317,37.36058014296651,27.23664214488689
256.37598594856115,179.12431355213607,37.31959771326478,27.23679804796167
257.7681172930566,179.6406460674609,37.2737245163088,27.242498739014614
259.8339985137833,179.14970319196453,37.21705057583196,27.233448925966186
262.0576161901284,178.64451984423084,37.13564421407805,27.22141464620617
264.24569622248373,178.08836173106215,37.10479483738614,27.219967778595215
266.62600553954815,177.00747895086744,36.99233856821712,27.198096196803267
268.99453769224095,176.51450365100828,36.858216252730145,27.142759255132063
270.8683098665647,176.3006781338214,36.8430551552728,27.137884356717006
273.14590271673245,176.79757316478393,36.833591939525924,27.136147445922635
275.1429772524412,176.86832899701335,36.824460883016265,27.13514726441781
276.71418223082645,175.9071311827693,36.80443118289859,27.13056955001041
278.6335148556689,175.4503055613684,36.79560707014602,27.125203299087364
281.20481591707966,176.50227986706483,36.78603917660315,27.123054891017894
284.2250967206234,176.20955179886204,36.76706827920188,27.119033428756328
287.0277963787924,177.20702098297906,36.751760191349035,27.117524482900834
289.7804004928074,177.3581993534672,36.724287005891085,27.119081394821425
291.8871969746044,176.12248809546566,36.71351529702729,27.117439249798508
295.36679626339014,176.13441490525264,36.69889965860373,27.113020696954326
299.3957351822854,175.8683254947344,36.6738167732058,27.100075702454305
302.63634829659543,175.49070290256557,36.658239195708816,27.092531041325365
305.3551480690104,175.10126751337967,36.645535414276125,27.087382826319487
307.7668841592709,175.2493793259618,36.63394525279802,27.08117913056425
310.3847034916261,175.60414099099523,36.61783907786427,27.077388563310933
313.51554980975106,174.71540530160686,36.604507552301534,27.076545351633577
316.72849260059184,174.2531917526573,36.59256430765619,27.073251485577778
319.7104787628344,174.90659910076772,36.57738491758875,27.068010065876727
322.56544956148286,174.83749648458075,36.56708407117681,27.063874951079782
325.2595464534256,174.7572765120248,36.54312330425912,27.054692385520124
327.60707375584946,175.06582766896182,36.53448818641096,27.05434889504083
330.1152406324942,175.23392998923467,36.51045589720228,27.053213881064874
332.92662884531325,176.3146191435636,36.50252903897751,27.05474150387983
335.38037997234153,176.54854869457927,36.48840170481229,27.055425692940403
337.414669506549,176.00639443074886,36.47221941068938,27.057084989644153
339.49059192598827,174.7706242902416,36.467146002780005,27.05806948834054
341.99383825793603,174.10937377723852,36.41907170817771,27.03962538972059
344.1164836770513,173.54917922506914,36.41133685062965,27.038039191363108
346.8365304946002,173.69478013218622,36.402982068986326,27.03520354586638
349.1399080199596,174.18583339726422,36.38222507658672,27.028840369077223
351.41227316699576,174.08875192302546,36.362853459424706,27.024892200668628
353.3752547675509,174.38390186126566,36.350701226713475,27.02509691088483
355.62163407117623,174.13871534026964,36.343931236406185,27.02477909570482
358.2242383737923,174.82595091463983,36.330349179941216,27.023948961063567
360.788997514756,174.80028810719512,36.320013961520914,27.021468177889098
362.83401244364404,174.4573490512604,36.306063949173264,27.018990367059615
364.70173032499633,173.17951413505108,36.29991390347909,27.0181769307404
366.9685026569848,172.09949598551748,36.28675450485249,27.017321696909704
369.28230825047876,172.24864694344816,36.27520691268273,27.01297656744242
371.5548132119605,172.58571847420035,36.26945928448857,27.01126682264568
373.5038188606614,171.75512440026128,36.26452846003292,27.01034964863962
376.1468704222985,172.38308411386961,36.25188191024509,27.006303476198955
379.23098712414185,171.83269499523448,36.245346847928005,27.005739989073525
382.0557768925732,172.60600768271323,36.24022322079429,27.004451814280817
384.6758530641974,172.21929825480674,36.228317089551496,27.00124777866769
386.9915088789789,171.00931959325118,36.221110436642554,27.000875531008536
389.76745807563185,172.0370015303732,36.215484321168724,26.999512272838093
392.6807909693386,172.53845213611274,36.19975546155053,26.996933999324447
395.3537179588939,171.13913664627898,36.179457760668704,26.98507890072962
396.77949341941564,171.37053291912977,36.17176388956732,26.98132690740572
399.50068406457046,171.3919852494235,36.143895710372156,26.96320708373637
401.950562702761,171.62306125352058,36.13944978958194,26.96159092964341
404.4352486837999,171.4433083327615,36.11707928471849,26.955694698493538
407.39826844579335,170.5086216388839,36.11003418745885,26.953413694959917
409.8341967025133,171.94750298502942,36.096726315223776,26.952178550505216
412.7320761360809,171.10415303203376,36.081799738738056,26.948584667586616
415.44517637894836,172.72903814256978,36.07641042930311,26.94957595545621
417.6392860567592,172.0663954503873,36.0694977219358,26.948479537262283
420.42682571712703,173.21684403493646,36.059812325913356,26.950897769241234
422.8677288057156,172.17606758012997,36.053527331750075,26.950088503866418
425.643446430698,172.72330666038994,36.04131766009335,26.95143065107814
427.87854774116346,171.5163250034625,36.02604915934072,26.94940599648815
430.82293035503784,171.86593431174578,36.01792396149911,26.948550326431903
432.86520009420843,171.0609449468322,36.00281388074097,26.944015897460876
435.2866073216085,170.96018566259562,35.99824577146085,26.943134720350503
437.8979110066804,171.0930994885898,35.98192340116458,26.939922689452075
440.0707565995957,171.0422407082803,35.96753342764464,26.93760830728624
442.4152532108519,170.9382838091108,35.96107346929234,26.93540153198541
445.6446944976425,172.36959881318495,35.93992597643028,26.934833501223586
448.4293170896423,171.9438842973974,35.93033121357318,26.93276425275031
451.43757831347625,172.8661999369186,35.9203924565486,26.932750459707982
454.1448576131422,172.35474212552873,35.91049598947988,26.932211893187166
457.0916910743984,172.34917367063878,35.8999848897214,26.93197961558224
459.4284013099008,172.22273456659966,35.869814884109644,26.928745784571266
462.33856343859435,172.40049744468863,35.860919173628105,26.92857308577782
464.8193667877651,172.81431755877114,35.83571050461397,26.926609418014735
467.4965871840112,172.45526757151447,35.82598578420424,26.927034183482622
469.9397407047683,172.7572251019158,35.807436063094045,26.9251271673997
472.7605237760242,172.59766723100455,35.798201768726955,26.92581004169517
474.83641463390506,172.3151300325493,35.77241854997442,26.92277278050937
477.2941421749654,172.38226100653483,35.75899822737531,26.921755078782724
479.94383092395753,172.94905509344017,35.748207822744284,26.921983743236495
482.2729191560348,173.05728320915125,35.73969146906335,26.922480014541872
484.70348938842426,172.44149241929196,35.73141574656352,26.92395547891927
486.68976508690605,172.71408145116047,35.706636137243365,26.923080415155557
488.66121379983616,173.07317795623285,35.69071181585998,26.92269499597222
491.1636942365683,173.06944583261082,35.66625879304273,26.928579564948105
493.04322653142515,173.45445283604988,35.65216953177444,26.930045939558774
494.97852767274077,174.2798033658394,35.6379152868629,26.93413373171776
496.2712364578094,175.46280073385896,35.63226255971281,26.9364151149108
497.75045773066876,176.64557716678667,35.625233883851834,26.939515784898255
499.31722897232805,177.6793759789414,35.62077574921181,26.942593533666177
500.6220323048902,175.91761458472493,35.61708296157469,26.94524396759169
501.94558971461805,175.2897703866477,35.609854044523765,26.948520044562837
503.2531025779746,175.24591156829624,35.60367212121653,26.950830982979202
504.40250421026826,176.0004252318955,35.60148731823805,26.951949081577222
505.7865105088778,177.3485642833918,35.598510588709956,26.953419878044404
506.85843247428716,178.50641885937998,35.59553007647031,26.95551458577876
507.99664307987445,179.2274700654643,35.591493270431876,26.95892506442582
508.6396224586604,179.2991742481763,35.586981804234135,26.96270732943775
510.06106576396957,178.08399966794147,35.581821071377654,26.966549255334108
511.01274245940465,177.4385452499793,35.57950561194976,26.968349457263315
511.66464379936167,177.25327637738596,35.57441053644403,26.971996295162477
512.4807385520409,177.6613914265087,35.57161484707999,26.973900504778346
513.1364358782389,178.44711182298698,35.56918850027154,26.975878925116707
513.7238639705477,177.18285348628595,35.55977919313364,26.981565827476928
514.5300376323274,180.5764276428721,35.557156391210945,26.98372892330119
515.1384620082506,179.49229119772417,35.55173997712557,26.988228753752107
516.0958669143167,179.92708658663233,35.54946595162217,26.99032520938379
517.4516235379609,177.98736305201723,35.54334673395106,26.994077288455898
517.7183777480548,179.35559933629003,35.54087349862358,26.99644267729255
518.6151228573594,177.56569631556746,35.537104768966884,26.999045206545894
518.5680993365544,175.40134165993416,35.533302896013225,27.0020113194177
519.5823492921144,176.7721259771915,35.53150395840418,27.00366754414067
520.5114942578801,174.62758498336945,35.52860564846221,27.005993493119043
520.815798960522,173.34526225709305,35.526101988017246,27.007782986733204
520.7654936021078,173.65875505375377,35.523508618422646,27.010058887094665
520.9619260937475,172.36046077673373,35.52030709301389,27.012713381991638
521.8076755352911,169.23579013091612,35.51685156586845,27.01538204331683
522.9900750307404,168.30278989699224,35.51445239148275,27.01762466242498
522.6715688337903,168.69185999098283,35.51148500566282,27.020216510080644
522.53812150394,167.51178611642598,35.50911377524179,27.02201803536318
523.3292785899948,166.1019828977828,35.505425520566945,27.02518198302557
521.965576747334,164.9752138924978,35.5015867875992,27.028347583774973
521.3833236688151,162.13570610227987,35.49404854823661,27.03437331893497
521.8934792679028,158.86717675972506,35.49122535283835,27.036698231766753
522.2723346592304,157.20236688959426,35.48825302023362,27.039103969419102
522.4164566202757,154.34950159775792,35.48354758867686,27.042711864798292
522.1990420946405,152.86913480876683,35.480195746287556,27.045175369843466
522.3194918108346,151.62466431879687,35.47695551492534,27.047316871252512
522.6018321812581,148.3896407826088,35.474037166599246,27.04944602446973
523.4295756688952,146.34463022343027,35.472500882548196,27.050691508061192
522.9849612044651,144.64528100625847,35.46775431511637,27.054757841345822
522.5423370491293,141.7771371468691,35.46377779849826,27.05792368817631
523.1071764995326,139.60234597244082,35.46136065554235,27.059693861282163
522.7537268731428,136.40401045912145,35.45622663653235,27.063865917889146
523.4726235934381,134.35002200390898,35.453739983432534,27.06579901270128
523.2466624336192,131.93301221827778,35.44690114746501,27.071590587137482
522.7975335641552,130.57206995699698,35.44058330007425,27.076819855335092
521.7037165664999,128.30650587143273,35.43468840477507,27.081441602513372
522.1666606255783,125.39288015540795,35.430094737378106,27.084987361345195
522.5450479252618,123.16562241140272,35.42602046683817,27.0883142850551
522.9711009483287,120.38500636817619,35.421569299797305,27.091915832567743
522.9293035974289,118.27081615603711,35.41588490874875,27.09700199872822
522.6193164629019,115.25894961035733,35.410556624625826,27.101851384948606
522.6587100709077,112.77303052567106,35.40642596963136,27.105179880248894
522.7604525029934,110.62229898350526,35.403249085639594,27.107811978557564
523.2076337989806,108.17596904057686,35.39937327049386,27.111490522098666
522.8665501220272,104.94472702075261,35.392517844936066,27.118646097239125
522.3421106155557,101.5727915697828,35.38300838627563,27.12847387784086
523.0112545455339,99.1267716640881,35.37823783932278,27.13275114269094
522.3441173061665,97.01491924359544,35.37129146234478,27.140040578402807
522.5219273907067,94.92726921568071,35.36645103526699,27.144466992264523
522.7459875906915,92.66185194479759,35.36233791278598,27.148304444644758
522.562297430612,91.74764115658407,35.356719518497776,27.15326031615391
522.136659375853,91.83741403494977,35.34996286501149,27.160003109918584
521.107604931417,91.2325728961483,35.34261297931708,27.16808316698627
520.415528657024,90.96637875055106,35.33754231013891,27.173590299828838
519.6080232681963,90.16046620067094,35.33354478510537,27.178371298827663
519.5136761471923,88.80977272477351,35.33053533503486,27.181930911450166
519.0490670263388,87.6583198195537,35.328321627603295,27.18460025834303
518.2118427511397,86.73149258036995,35.32699035851314,27.18625509624576
518.3102756308305,85.41955653799207,35.32560516932859,27.187991541810856
518.0198915274387,84.75231125651243,35.32450586007132,27.189283318988245
517.282420257873,84.42881947974672,35.323509363786926,27.19025522195739
517.1710321277666,81.86696800221569,35.32236338624609,27.191210278917666
517.1468319665289,79.30769989008604,35.32074551738385,27.19257759982611
516.9118046846532,76.83780715850298,35.3194056316627,27.19376109231963
516.5100686931656,74.59556418287092,35.318093376299515,27.19499499509132
516.1721555920254,71.93200667055095,35.31630393603231,27.19672874073955
515.7732558361087,68.12150603827209,35.3144735211842,27.198253686937893
515.5865380817407,66.05807597327686,35.312180988986384,27.200389905642957
515.2166477955136,62.761931423042995,35.310076674222366,27.202451402198328
514.8983258272973,59.46319641978178,35.309001217878325,27.203432932921196
514.616383724033,55.68689765610901,35.30674530914589,27.20554961767641
514.282649595528,52.75230159447576,35.30556425032184,27.206593890906287
513.2113774921542,49.383281921458625,35.303069613914765,27.208822957094366
512.167903043608,46.28001645687833,35.3008962156272,27.210811249383617
511.2512616256114,42.71199483583143,35.29834717105105,27.213063998465945
510.345083775632,39.78687102367057,35.296793340370165,27.21439795320148
509.3339422653675,36.24217237111372,35.295336307722316,27.21560947111426
508.2329177500553,33.09858119935004,35.2930675301955,27.21753161414112
506.96632571210284,30.17349748376607,35.291224578970336,27.219029039510726
505.6849532582789,27.53971604261677,35.28968826141375,27.2203432188064
504.32838218666393,23.74370548765892,35.28869904935799,27.221163977007006
503.39116846180775,20.92088454722358,35.28630104721952,27.223069495420418
503.0595526715335,17.655961340075592,35.28196430177162,27.226169159838467
504.53506491482426,14.744467422631875,35.28049068227074,27.227091164495185
506.65324701841905,11.718414977445764,35.28018852494691,27.22738388293137
508.5802102018773,8.078263715107735,35.2799871145428,27.22760370497071
509.5722863364427,3.670317457209425,35.27927095304757,27.22821530646069
507.7068833543307,3.1801163590958605,35.279095805744966,27.228374535082228
505.7117349581799,2.2176633121539115,35.27873121537149,27.228746308134827
503.18762911748456,1.7753478476699502,35.27831218234562,27.22922357299066
501.0960808769465,2.323289665053787,35.27739577355972,27.230311569273095
499.60882679423213,1.4602590690408235,35.27791063759681,27.231210016776927
499.6108740371879,0.3814137764168475,35.280106136716235,27.23116215483555
501.2626233143071,-0.39692443247786,35.28417637100614,27.22984516060714
500.38522241181084,-1.1335568418062234,35.28587480056388,27.228788852326
498.47170267669577,-1.1144231815743542,35.28675980035032,27.228249610525612
496.20050995204605,-0.9316977620387057,35.287029084488566,27.227994045807343
490.38847927160043,-1.200288567800623,35.28720052228418,27.227859931050965
486.1256947206588,-0.6229030659380594,35.287264558249376,27.227827234325044
481.84226388959956,-1.1556321206704752,35.28746343197681,27.22771403565389
476.6585741460195,-1.6961640845417616,35.2877507865686,27.22750893759385
471.9951720847252,-2.6067363674186392,35.287810829567334,27.227448721815318
468.3490878138383,-3.420531082514474,35.28786415985427,27.227387771872404
465.10418417163413,-3.8603866677148666,35.287881958331226,27.227357452385952
461.0801983033256,-4.206379500009664,35.2879086723654,27.227303865648032
456.0045533771206,-3.4405766597424456,35.28792670470692,27.227255506662058
452.0217120153087,-0.9582749226688243,35.28792453758363,27.227249734541182
447.6539143525877,-0.16039658963617498,35.287927020923604,27.22724781109826
443.3140055296375,-0.22020733036712592,35.28792842079138,27.22724575072819
438.42252528245376,-0.4450785844232463,35.287929930783754,27.227243795873513
431.767583699695,-0.4126769385685698,35.2879357006714,27.227237682074964
426.1975948138669,1.0043156935543678,35.28798179355572,27.227195546414904
420.6975704273455,2.616675565428128,35.28833097400814,27.227060858972315
415.0311596555408,2.9710806393517046,35.28867017966577,27.226935930413035
414.066626303036,2.5429442181216686,35.28858451517619,27.227030548786345
416.22718942490775,5.6419710177577365,35.27874662821371,27.23428872472173
412.63306858686633,7.327425128463863,35.27834532562842,27.234486889494168
410.5742688470234,8.980326913576402,35.27845832841598,27.234384098230272
412.01607178535784,7.354533676414697,35.278465084498585,27.234363869749117
410.0684210211493,4.6162909486031545,35.27847671499707,27.23435358257435
412.0273937983333,4.269902299879773,35.27843124607818,27.234211268090267
410.4019458869927,5.653670632338727,35.27496520085478,27.235803402610834
407.64855320345896,6.507691929351324,35.2750281176659,27.235773270247932
405.39432152476314,6.68064323633609,35.27499757475843,27.23574338629511
401.23833604708176,6.935778535496247,35.274917710724296,27.235672930835207
400.3706060233704,9.285910150803282,35.274862759711056,27.23561741048725
398.1049485512684,11.294154244253853,35.274699298916126,27.23546757197478
393.76946695062657,13.322994503675691,35.27458286457973,27.235417592071535
391.7370047439325,13.43583780713091,35.27454584455725,27.23544565379265
389.54326758803785,12.382549765744033,35.274453113042085,27.23551157421289
388.9971165035805,11.517748382021018,35.27352467683134,27.23476193992552
387.5453335241445,11.441767704608031,35.27327584307035,27.23444738973841
387.67198379511404,12.250613240424526,35.2732591892328,27.234419820798596
388.9392468468831,12.590798693031534,35.27296212584051,27.234264929969804
387.65741885963547,12.352391514622214,35.26276079290176,27.236025499556998
386.70581668270137,11.657424555277277,35.259698457469376,27.230880043933517
384.64901752763313,12.062840216760815,35.25967410220062,27.230826921592815
385.12552286846665,12.733636969523824,35.25965615782681,27.230803674207362
387.27010423281257,13.60967015351897,35.25962602419729,27.23079104385745
405.18504896650006,17.882709455081653,36.38770240765238,26.192316562893954
394.4806739198772,17.73637607223634,38.50808046110325,24.65074360728636
381.7751234890133,17.589830564197477,40.432099795121,23.580496868160836
367.59604847704486,17.960630698297926,42.06978892733426,22.838372445503136
355.2827325536318,18.01049372900422,42.65899287193875,22.643284786254533
342.48744630796836,18.15850425245319,42.96645951304582,22.614711091765958
327.0137653082177,20.226630197350445,44.08538942941721,22.63347657791749
315.0389989301604,22.267902149526904,44.310112538925374,22.52886703406872
302.19531379239504,24.136937182101843,44.544662990237356,22.79492828605752
286.6753457947744,26.088391869061176,45.08568998889665,22.858374951186097
274.6971863084196,25.83311087858558,44.98960646526839,23.654122686436455
257.6468135445887,28.63876349123317,46.49120038160201,23.840048181661285
245.640740356652,31.772767251428302,46.794478730742,24.092912777359892
229.89379393941084,33.72978812533256,47.50241041410126,24.43621050709043
215.91873225787128,36.10754267736528,48.58588033479758,25.113160757425632
201.4127112551023,38.740556605648926,48.76794149011585,25.374324062967712
188.75078816673008,41.34883290271635,48.576542229238214,26.061926246359725
171.83918095406807,45.314457086622895,49.21902011281418,26.221478163885998
156.56892360948237,48.30936194502712,49.43615528538403,26.509027932703763
140.46156998572647,51.82966192865477,50.02470858697296,26.887622663782192
127.22545151261167,55.17939844248191,50.25442424719182,27.271669094898662
109.56447906385323,59.61890406928596,51.039725162775106,27.65634020670805
93.73040420865658,62.98134460941759,51.30599270153755,27.893073735209434
78.3109495892315,67.63067003881599,51.692721077960954,28.1625648136685
62.12683978810409,71.90773209585687,51.98216718168061,28.296713175783015
45.793322974518894,78.05015052490424,52.25345648512054,28.40707895440705
32.308447983070096,82.40719176913953,52.28243155041559,28.535105192437925
20.261306200341366,83.64822163249545,52.28226511892481,28.53611536242409
13.462162988750052,82.45373204063368,52.2821838510674,28.53619212038162
51.05631512778324,65.94924733712287,52.19833361352836,30.269843381651313
37.188342762340255,67.9598156901967,53.52275643279324,31.107344008419876
19.28120363973013,70.08664856539376,54.66173789456623,32.325387509429596
2.6218728782857,78.62797039952034,55.971423434789074,33.55531632042448
-5.683402255389396,81.47631499498951,53.08764615697325,35.60015993206791
-8.80034184557594,82.81890269555994,53.07914567197158,35.60784799528253
-8.390536679753957,81.60762364885227,53.07805552865922,35.609171242582775
26.14578578670983,74.75979354750424,53.605378552274615,36.81137746578661
12.465303728419066,82.72424542294488,54.01342747720575,37.10588527496396
0.364411638164988,85.37922584850271,54.01286294860746,37.11002516618837
-7.015742592784896,86.43815988920609,54.005186066574126,37.11572538121411
-5.2749095900085194,84.53120364200457,54.003945657258555,37.117204394400716
-2.089385652366772,77.49956930116755,54.00391428435543,37.117225395410685
0.15854761355435087,71.37085382713848,54.0028635789292,37.12507309914512
-7.723191639238923,73.45354591916855,53.998324315655886,37.1292407644502
-8.847627245300174,77.10910910835173,53.99764113210273,37.129636869909525
-6.453251877706059,78.43446866050618,53.99749608691694,37.12970273493046
-5.0196224238851315,81.66903187327897,53.99747307824664,37.12970491808849
-3.724157637341765,82.59034874347665,53.99746180769592,37.129704186650024
-1.6509897771128443,81.57639844228972,53.99745644383598,37.129703616385974
-0.9604826110523312,78.23053006419683,53.997449783071154,37.12970558176974
-0.13688617213813004,73.9978675537198,53.99744568793471,37.129707154542636
1.8772760146812573,69.42949782197991,53.997444010981724,37.12970784086178
6.203471615143503,61.177713878940054,53.99749288116319,37.129682282117265
10.681896970234607,54.78341062218726,54.05337753780227,37.20034274307158
8.869821636147524,55.22700112334891,54.062474552259395,37.23176218077362
6.721007520586433,56.19669639600876,54.069838653742906,37.272119646089294
5.572615875329014,56.802338216489424,54.080767604658135,37.32497446528727
3.8103119465470847,56.59965640603514,54.08241909091462,37.34101431519593
1.573942707727472,55.31614655086575,54.199118044475476,38.01919299255283
2.1951548720075493,57.705442237965094,54.204964823588966,38.052269060675926
0.029164363885080036,58.41605327442667,54.19058134169548,38.78377673743233
-0.40274814377256263,58.752404758698276,54.19068421145336,39.865794933592504
-0.42057377250027983,58.98630525653432,54.04372822048331,41.260712400864435
-1.2116727222928958,60.35353558119877,53.79623018005084,42.0748669687444
-0.5361442758576018,62.044862630383534,53.627585673120805,43.54188137318249
-0.6863391886650589,64.769703367836,53.30610599428397,44.73015222600583
-1.2409325658883148,66.92891656629956,53.02258456639558,46.0876987676163
-1.2481681852727213,69.08039344986159,52.770660713153895,47.027402661930246
-1.7503155192453583,71.23211862069228,52.62638138646263,47.64608052079986
-2.3044682589956906,75.4136442896702,52.48748065487321,47.76356945841774
-2.7821976905353907,78.58287655431525,52.304955838181186,47.98673422447679
-3.44293155411194,81.84742985882637,52.08495268005749,47.9850915284184
-4.318508571629799,84.70478456614877,51.93810635555799,48.05426187070109
-4.737038993370209,87.72103893645706,51.871593686007806,47.997343835956094
-5.214201832970986,91.04670673917971,51.97221282653214,47.8991464865838
-5.842767174958606,94.85842608807019,51.99473927104358,47.58838088069125
-6.713860425698321,98.15275677056843,51.88647156128796,47.38712967957419
-2.6750869592684907,101.58900364594426,51.458260489634355,47.238633998585705
-4.3862792780676685,104.85983977923289,51.170306296284835,46.996027321913246
-5.920505721134063,107.0072215495265,50.891864202940695,46.62345659329194
-6.945333144195537,111.12091629228249,50.72860339011284,46.24286695824383
-3.17494820235882,113.6527325236127,50.39760418591328,46.144568911019206
-5.162865614648251,118.14766611421183,50.00256508242207,45.73286010842203
-6.6537570808989805,120.17101687780806,49.66607971582075,45.279802484961856
-3.3489454381105865,123.91624186534698,49.26092420368146,45.18025979748169
-5.193647461774695,126.9434964973668,49.04028572667191,44.99048232207731
-6.373499770702502,132.75671818882046,48.666042352202695,44.394196982077716
-3.8701680839396246,135.29062847991105,48.24866625971332,44.36850496282372
-5.478131067578648,140.1048514911906,47.83816862965555,44.01870064100929
-7.106886585722329,142.70709154484584,47.545199538608315,43.69396172556282
-4.074290372330552,146.88893285932335,47.21703809479595,43.68453668022596
-5.992631414108416,152.20915153305043,46.81543129895715,43.385739805183924
-3.572158275901778,155.8481420065557,46.45744715404412,43.351464130847965
-5.532093959429666,159.08930074835757,46.166558404522746,43.20699531057423
-7.156187149677603,163.49441650535573,45.78860013742035,42.964126581917306
-4.263159400429458,167.54367432683662,45.46341633539623,42.89839635460491
-6.153191484450382,170.94447265809754,45.258159220097625,42.711398919988355
-3.6104015805917022,174.85968823494647,45.01450455657582,42.6706692280825
-5.942026715127959,178.63495477606176,44.83777899175551,42.60014427115706
-3.489576987595097,182.79939590981152,44.59552487665561,42.55033381151891
-5.2673008658333025,186.2361539066311,44.232058076628725,42.2867349817286
-3.6165972087869775,190.868696601264,44.10544567487433,42.25398182207708
-3.9866403722183215,195.31981390255768,44.089441539529226,42.25362843744625
-6.54839683615716,198.6922230684285,43.730189269652996,42.09903580226834
-4.1622834507821445,202.64251802257218,43.45857904934852,42.00468502209378
-6.487859844148094,206.26804985063274,43.24825732207285,41.892052438207756
-4.618078497140807,209.98265645324938,43.04585144835552,41.86740456729458
-7.071090669674689,213.54289990458864,42.74817095943891,41.74142593106499
-5.134938422655633,217.64503157755462,42.473860316108805,41.6878650616345
-7.822212234241174,221.03357115071532,42.28469677289805,41.58127236550843
-5.878860203411897,224.78671430188518,42.09003482358996,41.519610010312256
-5.099492949720961,229.20791654071112,41.96652270352193,41.492233723273166
-4.705276548169479,233.50385558952328,41.8457627729623,41.467476177711845
-7.328491016561806,237.32672365133487,41.571923269500374,41.350332640605984
-5.7605364620346045,240.71093533571494,41.26262448721294,41.27324351943495
-5.442334943451357,244.64636872092353,41.13153729029074,41.25528202245529
-5.0457480822535175,248.58938047012163,41.103713730878,41.25391495334989
-4.872456890262292,252.3122461110342,41.07965085787997,41.25090122370978
-5.028229305507345,256.13566787407063,41.050879243734684,41.247728256566354
-5.39269453754013,259.43089691525233,41.02469515244137,41.24472973841197
-5.904564000388863,262.27443641299806,40.99381798450327,41.24487322369443
-6.159263849619059,265.4383393463462,40.97237305415278,41.243735142642606
-6.236158770723129,268.399355602922,40.92746772846179,41.241562515660426
-6.29134493243259,271.601303532352,40.90959481739127,41.240939285584616
-6.479174001452879,274.4384841148955,40.882260200257214,41.24044629981896
-7.113044553147088,277.17524605556684,40.8502928180423,41.23912328899017
-6.770430546099128,279.051422332395,40.82807003675735,41.238453493665105
-7.883915643735531,281.99047515341664,40.811932913151985,41.23804484258865
-8.03882040553929,284.5016692366212,40.787715384833845,41.23681251037761
-8.646862915945313,287.4969605382833,40.66879702963881,41.21357848264538
-9.34680580535354,289.9340659864855,40.63239206748847,41.2131735859968
-9.182213488985667,292.05171022098614,40.620484568217535,41.21203314250824
-9.281805823356486,294.86921359526934,40.601542627037716,41.20912936025049
-8.953711831129375,297.95878126728405,40.5894328972832,41.20747852855016
-9.213933846299327,299.9965587227904,40.574806269893,41.205614031966185
-9.61552768725879,302.8964191423852,40.56222088195338,41.20402608919989
-9.939599955764066,305.77271164382233,40.55227971511414,41.20276573995112
-10.247427268266456,308.5915776193595,40.53267828810171,41.20030247707872
-11.146576423096992,310.7454524237799,40.518812052703574,41.19892169605769
-11.522883600774772,313.71011583740363,40.51017626977636,41.19806309619674
-11.289806167646052,316.1678403358751,40.504020994631055,41.19728981183929
-11.09933760026917,318.90689528322844,40.49892976899594,41.19680242613526
-11.71220657322074,321.5459341453679,40.49252252466013,41.19624964997654
-12.146908130236103,323.4529426401361,40.48414037324515,41.19543527999274
-12.11984030565672,325.77532612137026,40.47401354533539,41.19461973353996
-12.085087902858643,328.2091087007438,40.468640200823124,41.19445092946821
-12.292263256480627,330.5963668330447,40.46230451409088,41.19423905481989
-13.044948253053182,332.71210710038525,40.45089186582516,41.1926402835971
-13.224486559950272,334.99075838061844,40.442615129695255,41.191548717851184
-13.541883990718691,337.6578496134327,40.43477273842448,41.18981616524763
-14.180287661026991,339.27297751106676,40.42621378227289,41.18767664385953
-14.551964674549989,341.06753031532907,40.420375631069525,41.18628618426065
-16.29894413840547,341.6081805969475,40.41433741980344,41.182969238806486
-17.194948363396197,341.3906112670549,40.40519542861515,41.17530076062539
-17.81236035033725,341.9337072438662,40.39937077521607,41.171145183002245
-17.841902282818936,341.7963387241888,40.39363220480041,41.16622232526812
-17.880285164647063,341.59759127732593,40.38798843012802,41.161202880500426
-17.96412300957702,341.40246261694966,40.38337123182341,41.15695067714601
-17.886821800708745,342.2172723326754,40.380101073265024,41.15436889008082
-18.02208424481359,342.1692354191562,40.37383382265979,41.14858911548467
-18.0038350789606,342.06355677692966,40.36845551371265,41.143806830059226
-17.94473491111508,341.96316559763864,40.362577135967435,41.13871803874372
-17.70959398455312,341.7555625153637,40.357438486578864,41.13452357091214
-17.542389430015472,341.6373929220888,40.3514543378784,41.129376804130985
-17.25823184439714,341.54841261592594,40.345773157883194,41.12464800302842
-16.733340022246452,341.3912988735017,40.34153664130551,41.12115161759944
-17.03653620841844,342.0410491209291,40.33520453063633,41.11664976852714
-17.22524735672481,341.5829863507058,40.324192119130636,41.108275558836375
-16.906406325439715,340.97470797575625,40.318256885116504,41.10208832069836
-16.948886387205608,340.0794241555119,40.30819348090686,41.09356867519158
-17.00668232062229,339.1482210721088,40.296892915169764,41.08529915897623
-17.168921934486892,338.05081672898996,40.279842564928465,41.07149373426731
-16.035025111919033,337.09480403152963,40.2740876275259,41.06517868462314
-16.3645207315766,335.58269676967933,40.26181648338004,41.05369932442788
-15.89390393867873,334.3778346579773,40.252040655534124,41.04454070099961
-14.990005420460445,333.4011331710097,40.23627121175655,41.031494175804625
-15.405334045862173,332.16654224230706,40.229360715920755,41.02441942424689
-15.685756396153714,330.98630171744617,40.223750707927636,41.01797165812699
-14.202110054373438,331.00436811800193,40.217761735304585,41.01369602718003
-14.052991193837435,329.63469655280585,40.19967916631502,41.00413135308301
-13.787789240301613,329.6916560911467,40.190629040466675,40.99962853771675
-13.099272632409335,329.84889254003684,40.17765455766857,40.99252448468391
-12.921182472997252,329.92782720733663,40.168209001036175,40.9877688132809
-12.725084023111066,330.0762078621493,40.15840990194778,40.98188007750807
-12.688819122144555,329.3205427899495,40.14157084676916,40.97113373436646
-12.226857261093873,329.68178931981373,40.13005023135725,40.96401258139547
-12.461890688177903,329.7407244767552,40.125060288259306,40.96234523289127
-12.823036701654996,329.89959027597297,40.121627260472586,40.96126938949868
-13.050911845088905,330.39431263336166,40.11475711019517,40.95763042461448
-13.918370290578682,330.3038709287257,40.107579246002,40.9540838456214
-14.349254091656974,330.23550360478424,40.10158005061601,40.95182709290483
-15.533327739329128,330.54514305742197,40.09213812019127,40.94972054804959
-17.024141411330238,330.8681469676139,40.088951535589366,40.94834268295756
-17.511607905363668,328.46671184125915,40.08881810024009,40.9483617355633
-15.464996306545082,326.8192971229795,40.08879415568519,40.94837134027449
-10.062913447033207,323.6473382616074,40.08877997169562,40.94835405020123
-0.7784820385896509,319.7409603110304,40.08942475368546,40.946998718597726
7.0159888633786345,314.60660453584217,40.09124508811559,40.94670353984813
5.7923906308969215,314.05162986819954,40.12092079158915,40.946542949863336
2.878629325990797,315.48574983518165,40.1653942948035,40.941973841857354
-0.027716270534924092,316.4721119433805,40.12384888507174,40.88481606985655
-3.0425602311336384,317.77024848946155,40.036668310328004,40.827034942034786
-6.550262531001568,318.34574138019843,39.89766016363442,40.77967684229316
-8.725073023863331,317.87009195953465,39.86517579886356,40.772028025081966
-9.291890836458474,315.8808235680345,39.86118906763905,40.77174686832392
-5.079528453241995,314.1206950917392,39.86117171392582,40.77174277164391
1.6621065673334776,312.23948194666576,39.86117327159079,40.77173791707643
8.100371785393719,308.45971066895027,39.86120400032627,40.77169823907838
11.300210586150087,304.73788563028603,39.86155128971319,40.7714448702094
11.722647604387568,300.28304373476266,39.86396896123078,40.77075497351204
10.093140839263317,298.18980076532404,39.893402565942175,40.76991829581213
8.950194799166557,297.44103672914,39.90771061216963,40.76982757373885
9.10293240617068,296.8772877334331,39.92490180479285,40.77084295921866
7.231685994898491,297.1681613041301,39.95156120181538,40.77031543137672
7.032498507337657,297.68649316510334,39.985796024005836,40.76939935671565
6.686186602524515,296.98946457635657,40.00799704119743,40.76862046605583
7.2855109371121465,297.5479676403789,40.04585507253791,40.76775911435546
6.963290068816345,298.1423895574423,40.07501594250659,40.767523449784385
7.195362144482033,297.58049881181347,40.11694455080351,40.76715180383495
7.251380208381999,297.9911789522489,40.14798867243233,40.76664499472011
7.257987902683155,298.51280222743196,40.18275937773856,40.76671075552641
7.091463967391633,297.9517735809721,40.209374911752775,40.76799151436573
6.811466698010435,298.40718386903325,40.25593247742023,40.76807278274482
6.680147688594804,298.2351936606166,40.284538148453144,40.76839341120811
6.209263711117824,297.9536601127347,40.307577871023376,40.7682544303498
6.695303229953954,298.59699557470174,40.351880573921186,40.768082291434695
5.70419340855031,298.4487872276304,40.4015739859164,40.76997360067429
5.871597978083692,298.3991306620036,40.43292750458737,40.76938262686075
6.102241662103246,298.2857228287635,40.4621780780041,40.76883451320009
6.244568839458406,297.9519981529343,40.48949324195528,40.76930079686905
6.580380345784743,298.190324052471,40.53411534410592,40.76786240626589
5.9206108364487235,297.30830585711345,40.564203121284734,40.76973968786539
6.523535772643392,298.0472098246522,40.634787193597546,40.76811838589788
7.2617245464339355,297.7733709041742,40.68210606859336,40.76511755644757
6.932872614541555,297.3528058864364,40.73081306424458,40.765418577145084
6.840689575727453,298.0187985956107,40.784644805901905,40.76560543338601
6.846042607838136,298.07613431259335,40.842939373251355,40.76257349163434
6.886400361866617,297.8389386774753,40.89279104332454,40.762615441935665
6.942852135653247,297.37085808986126,40.947025491113564,40.76443733226694
7.032648658146176,297.54553845729515,40.997457946186834,40.76472659296446
7.183653444130599,297.6604516049056,41.03860211915398,40.76475905380908
6.740325876576481,297.66599434361797,41.07813953222776,40.76437557545256
7.031463232120963,297.09096404049365,41.128215265932496,40.76384695402477
6.633426296983917,297.03317727440833,41.1699149897451,40.76326576332597
7.0142906245706165,296.8839159727607,41.19405837675081,40.76280419666129
6.435241282361332,296.75704107337657,41.21568042523646,40.76277315360208
6.910648703452143,296.38837699803435,41.2557380853818,40.761771357291764
6.540787714144212,296.1112759501523,41.28324601132051,40.76079451275968
6.624596182540415,295.94402026371176,41.47162317986715,40.78373649295969
7.113196059512241,296.0234964943342,41.51589957548252,40.784140521492304
7.6023425476733095,296.1227568382154,41.55454409343834,40.78326777782264
7.550683805015868,296.1925364836786,41.58187396406196,40.78279364560195
7.814793107922505,296.0581549528461,41.60737154095743,40.78220954621237
8.088716673188095,295.8347019220429,41.630775087535014,40.781801792463455
8.331493941632445,295.2524970330282,41.649732801069746,40.78198742269627
7.2945979170274065,296.00535330170453,41.70841030445768,40.78557559411434
7.464157909087849,295.21015539900253,41.74512043422458,40.78742965337877
7.851082058228265,295.15936635780565,41.778584088057855,40.788225743694696
8.24503726880792,295.1019344725922,41.81948924631291,40.788830330714816
7.437954652769669,295.49567512307794,41.86157744248548,40.78937750836575
8.001478157372588,295.4196444813658,41.899322732550274,40.78945189479823
8.65741208147239,295.32995898102496,41.934945314228905,40.789411588502695
8.315946695026934,295.20197268449965,41.97149572222495,40.78839717608111
8.819061858449093,294.7128826639907,42.00516760561623,40.78876391362848
8.606863914671656,295.0610128108826,42.04191657964266,40.788913262541044
8.427442611337817,295.36623182306425,42.08931922511535,40.789200462195815
8.95949919229259,294.2961577359425,42.12700483601769,40.79106037693319
8.812442715175198,293.81323622055635,42.18413408866575,40.79207783712206
8.005313536913821,293.6422068894326,42.40782669220541,40.826508404219574
8.416760002265601,293.00106651438296,42.44170731678063,40.82777506950283
9.204798060513937,293.5492645622578,42.49635384222884,40.829858840734744
8.403441702809413,294.2636477748204,42.569852890722,40.83409190730102
8.91724298780888,293.8163369820614,42.59649543504954,40.83489040560365
8.617547800171039,293.83942538825613,42.66779503531225,40.83482693898619
9.711241798500843,293.63309244885477,42.71835235687469,40.83533674254983
8.903866772033549,293.84832930186803,42.771675531833814,40.83540628040833
8.870915974824406,293.7658972073205,42.827843961569116,40.83525490613454
9.22411930194789,293.72405617825376,42.90688114973319,40.83617759137799
9.051631368159121,293.51638574160955,42.96746120336877,40.83639401851281
8.940089419561556,293.03157370644544,43.02814749240293,40.83836797335107
8.516979163967711,292.5855698274145,43.244591883404766,40.87090143007478
8.166360797848768,292.1850591461129,43.46970993182765,40.90452139544968
9.801931930150875,292.3024547484833,43.541102447725756,40.91179703600681
8.46713771956065,292.5266796221041,43.77916301589412,40.94057533422872
9.234932043691622,292.3513107632903,44.05810855494907,40.9788518842823
8.873277551700681,291.9962948163436,44.3205881915589,41.00535231502955
8.46484929507546,291.93095000669496,44.66864436868683,41.042085843816935
8.34872388833535,292.5324387732696,45.02073155728435,41.09560903164546
9.275249893508349,291.71339935572496,45.345591066942625,41.14521192412304
8.765407787710355,292.05050250417395,45.77167429015055,41.195182630131896
8.752484511685676,291.6988317527256,46.118825223093616,41.25493088132335
8.841084104660208,291.39085253012223,46.47664525606621,41.325389524894376
8.278994172842697,291.32506165169326,46.82851325341782,41.402784732714615
8.233689698935152,290.8622237460889,47.48349408510208,41.521370738320314
8.802378745048518,291.43972570238657,48.066440628381024,41.609200082446485
8.458663127772809,291.7653121180927,48.67352045063615,41.69424272325557
8.005621635695498,290.79393062785334,49.24614974974553,41.75938357620138
7.366370506341973,291.11918133613693,50.098371599354905,41.87744566862157
7.94448140771129,290.643892359415,50.733020820748045,41.96128989222608
7.401711718619275,290.62823027409564,51.51210923591175,42.057295019168926
7.258284445122442,290.1914539101209,52.21067368757613,42.14237312772981
7.139077612156196,290.46268965205536,53.032070847313555,42.30029800282774
5.233929492366933,289.3975020620079,54.62463370371337,42.45683747621187
3.9695099450983236,288.6478492932857,56.16049482145158,42.77402006787075
5.144222038460796,289.34614350144557,57.430956556204904,43.02318670411746
3.847403017572045,289.1092914825115,58.70929472939873,43.209434587162406
2.546504833251113,288.8131760522292,60.073541197031986,42.902843318954126
3.0162294446244786,289.33933683218083,60.83388698199094,42.931777552622414
2.2955203460889777,288.86469492618005,61.647283640804346,42.67974727294158
1.4028602044436056,288.6096424392546,62.02843782168573,42.68334157183892
2.8885016909846186,288.8988686695783,62.36644621136615,42.95044280734714
1.0536564762887934,288.2143659171959,62.76585341855932,43.1150586207591
3.3405443873556813,287.2439030567968,63.09160609984351,43.672942244465666
1.5853650514069315,287.41960848964527,63.33409768342314,43.63020210816739
3.197247544358234,287.81175237049706,63.53174421180276,43.75510947156686
1.9015514346670983,287.5694451013145,63.72675552984836,43.73318824142297
2.6441676478006997,286.95013785127975,63.91655571924278,43.73389342447594
0.6719410260808729,286.916863713698,64.15972669988031,43.50476907433617
2.576450156746489,286.90344756761556,64.21564192930225,43.49778411249416
0.6780709258557067,286.81071205648317,64.49043679473982,43.43696935349464
3.066733777066034,286.10759878229857,64.82911698984114,43.54051862811359
3.0655650855084033,286.7518328219531,65.19497827346528,43.448719292891674
0.9115250665309773,286.41308661797854,65.68998849101608,43.39833587209789
2.5438614707784026,285.3481451310179,66.56017190658129,43.28906856029835
2.9120110372426353,285.0422292115535,67.35959693670824,43.18507627202982
3.4955255869351873,285.71754261167416,67.86558820017714,43.12990361626633
3.9138771445606935,284.8891392778907,68.71721323186064,43.00783540971829
3.95339004410895,285.1768775048237,69.30344679403122,42.864748185388315
5.700760584998193,283.9798037197433,69.65311279385674,42.976681590815296
4.080348678183917,284.1631314710709,70.14307806218194,42.94084864537097
4.966592150715137,283.4459285712085,70.75069017527075,42.96683817388597
5.58428049622907,283.06572294644803,71.62861356931063,42.82953129186478
5.1916208574689975,282.5626383415329,72.35719989051073,42.77345823217916
2.9332765214368095,283.4758066175071,73.2471705182941,42.72197061821894
4.561341315670276,281.91071508243573,73.86224673655934,42.69530215828665
3.068983125873004,281.5553184981214,75.44229323528688,42.55871701337385
4.47801455495113,281.90093780635283,76.51802109902394,42.35704913379603
2.372402502086743,281.5248033508467,78.02561141950491,42.18483689132022
4.090256815874383,281.65388376357254,79.05526772494355,42.06442792827525
2.5842726186531735,280.6812062220167,81.00502448665739,41.9325244245033
1.5055931879912379,280.4580857262759,82.33837100886612,42.105793547469986
1.0766874226807417,279.93038091467497,83.88305317404293,42.41484930600198
-0.4097450814158208,279.2299059211573,85.34463323484073,42.487991389747535
1.175657135943986,279.9367963658784,86.66953869620876,42.409378981178435
-0.001722983511797338,279.726489812892,87.99488428134225,42.6249334379689
1.0479119179671983,279.08361905515704,88.80629524925828,42.65259530542099
0.3318194391357281,279.20017461357855,89.81784963269484,42.63142632486558
-0.03959193196141797,279.0357008366301,90.5887528811394,42.82814730732188
1.336908213704838,278.5095034474252,90.9426632953733,42.83505563553638
2.258162771825738,278.1938298967692,91.24920775273989,42.7642466699538
2.857442560189014,277.8374189848506,91.51251455479752,42.62605835003406
1.5140734589186806,278.3879183372678,91.88028756072869,42.29476249697201
2.845206503580286,277.73680712228406,92.3491600345616,42.24588591265731
2.3153407077905896,278.2767718960893,92.40234798981898,41.96392660039448
4.048003180489246,277.5596871901937,92.32754767019986,41.838884162019454
5.08818591561419,277.79252834657075,92.6956613755176,41.81938252071876
4.733938497734002,277.441801412808,92.43821567620947,41.60303381599394
6.245659203643825,277.45681122453334,92.55303057580645,41.49174739446421
5.7121397389547255,276.8491341210322,92.39995825430726,41.36740841279919
8.222408888063725,276.14322028915205,91.89636436450601,41.498487828459254
7.833518192393264,276.69977754475786,91.80226129062935,41.187164150720804
7.73573208112812,276.4012856548885,91.76640776588428,41.03296817572553
8.419817576638138,276.2394366924213,91.39193382209783,40.86372126404345
9.833376184239441,274.99286505782743,90.86376298751046,40.83029993514771
9.04339410887549,275.6548096428262,91.19165647287886,40.33465884874157
8.549476929696255,275.23787609007877,91.2772044209056,40.33535649393983
10.957590681083886,274.73931513668526,90.60345443048996,40.385938641090924
10.884377358820466,275.1335116579983,90.64617098241264,40.1352146610792
10.660633621470268,274.6745738460325,90.86760553212238,39.94725246305036
10.796768167982648,274.8461365387049,91.00747558661769,39.79907937193601
11.434331496592414,274.74211555310615,90.95907665347347,39.819559697029675
12.441610299843376,274.6138817498339,90.91238475246166,39.98675607108835
12.216592430864686,274.3429189282166,91.06078331772007,40.01694830158041
13.479020322475428,273.54354801084384,90.6250910762924,40.06957092322174
13.408143723334867,273.7819762361497,90.67262769686481,39.91060589154378
14.862919888070948,273.2362978522694,91.09353829997931,39.955153343623
14.148282601757721,273.4182117448494,91.25831296988055,39.80534873131844
17.416094500411972,272.2987664713049,91.48047115499392,40.15871548232584
17.051244526731793,272.52405944157834,91.29307174570297,39.934875802898816
16.993565926482844,272.9658547959992,90.99174092120316,39.88328111771207
19.855422910686258,271.8538470119374,91.35565245633637,40.0822918220966
20.257601990607057,271.09220504548045,91.74230906318789,40.27087624348249
20.99185472294947,271.1753785476792,92.22086871347804,40.134709421392934
23.15547246679926,270.49600325824497,91.84103284201991,40.37540477584277
24.106400804538723,269.6835987478479,91.88257237721146,40.536151463529926
25.267938056257314,269.781317267537,91.93050245522569,40.530029162067684
26.18936326470881,269.0272776794093,92.03417522786738,40.61120020290896
26.364990504620792,268.36314907504806,92.11286615734136,40.51780211435214
28.00089280258365,266.96680920875826,91.85355326444909,40.56781345665766
28.73819630084388,265.4189670876643,91.75779064830735,40.72212601953946
29.931535028762532,262.9127870231542,91.62023223582027,40.90280537387108
31.570657455260623,261.40190622348575,91.42143512910094,40.845212925432676
32.54971321557617,259.68145305388305,91.24910022361267,40.80211595920284
33.26185691875584,258.05606871154026,91.06437830892966,40.76228172144884
34.145570638978725,256.2965266689298,90.90871756446015,40.5471779652544
34.982643147625936,253.59585830159114,90.58658673116383,40.610476732249815
37.04336932933729,251.61167540933704,89.92785738448002,40.833777542926846
37.424386823371464,249.8257807953488,90.04781759752251,40.690460522047715
39.071437230712064,247.85382860374318,90.1287761490675,40.52820617189105
40.24775624767808,246.0319970601964,89.95094709416989,40.369747858151456
42.15462195097142,244.35946462171603,89.58024938280417,40.50867841580679
43.46409240648116,241.8242572139752,89.40494059763918,40.37645841988713
45.342572389177924,239.47889141376578,89.17595094627153,40.235898344738274
49.09168276219481,237.04886732605473,88.94430124515964,40.23294135887497
51.23697432239407,235.43498692889273,88.94069160117103,40.473318310730775
54.76878261909255,232.9503573675376,88.48297100386782,40.415320467803795
56.644462036848665,230.51439284825165,88.09798856834948,40.41605943526973
60.29558726972679,228.49083389569233,87.20610320726853,40.07072128570089
62.866572532033594,226.47916056259774,86.87852477249866,39.86003436729534
65.67578288658869,224.87703277433016,86.86580217206156,39.93876327718927
67.90252628784927,223.50652028065247,86.52559948056334,40.06479111603086
70.23722377343547,221.99924170644795,86.44017600978768,40.20384734700521
72.361181819308,220.61861226558264,86.17480672437807,40.234537104514004
75.76009152564701,220.3951920615589,85.87407717452353,39.963371259318976
78.52548384131809,219.70238988310808,85.41663772750755,40.03532023978632
81.14923202201552,219.14988980965717,85.33335406981752,39.865737762252714
83.97383904617628,219.54172174954755,85.16506701200504,39.4370402845258
87.16114869700152,218.52440467477328,84.40782451470638,39.53721367491141
89.85695439886399,217.35444757323478,84.32944887071655,39.5255405824562
93.18126195814726,217.46795665719782,84.50564187287753,39.34842392977553
96.7855899442614,216.8336914880083,84.00665930534285,39.357478798565324
99.80074565338204,216.18132104678665,83.99410959440749,39.3618176357587
103.11254326698047,215.72973352117222,83.71814200698114,39.44922182250086
106.36785205281654,215.63353715238827,83.8879658148561,39.38546648997178
110.5521347342959,215.0177353533652,83.49078926873088,39.19523025475834
114.62354015501808,213.54393992203202,83.56234629380265,39.29191975214459
118.22470189101304,212.72538788362252,83.08540085831174,39.18819173858577
121.8864138231877,212.56942812977712,82.81303004114261,38.98954584615299
125.93338551461727,210.8658226364855,82.18506289653418,39.18021911873171
130.2680934633549,211.00897534575262,81.67553145187878,39.02284404537514
133.75641117093105,210.2873193609379,81.390882597548,39.002810248937045
138.1632856102944,209.32095510373367,80.92112976679493,38.81971954757095
141.6836834287474,209.192268776251,80.76406024988405,38.58755827151937
145.53067216817655,208.97712344279827,80.68400727435215,38.48387208553102
149.5304624209466,207.33841769376758,80.13691280702004,38.5561549138536
152.95281143486733,206.30678478737357,79.92950621060562,38.66931541715527
156.5016616056959,205.92335805891977,79.99435441097121,38.54379835204062
160.48747346854543,205.6619461447571,79.49531254867543,38.469202560805684
163.4195904845308,204.99565985589518,78.95807007477966,38.555658500345956
166.0711710858396,205.1270443986087,78.82918522409074,38.194536461127335
169.47846959464002,203.36748214643984,78.25903448410831,38.58743954708425
171.19240007281627,203.30662092275304,78.33440696052561,38.504660231471675
173.63505646440206,203.11002778412055,77.98765885936089,38.39950971674449
175.31075357351145,202.89296977417968,77.92893489108103,38.28909504690988
177.2587596309991,202.2621727883673,77.87477258003032,38.378783024119315
179.616857589772,201.77117252771805,77.44059007877476,38.36771908227928
181.36156920860998,201.65594635743594,77.3922981944771,38.353734085921815
184.09389881791628,201.394325865215,77.15885063815699,38.29522980344933
185.06411559943427,200.35071086739444,77.52605309768873,38.45817224148851
187.22033909063498,200.17895011473814,77.04495715708117,38.47859925961083
189.1908231586446,200.31140433143216,76.65069736647511,38.26392231278174
191.6890896826247,199.5506813261935,76.18913984723194,38.373585343293854
192.86641822053338,199.37490108579263,76.37416635181316,38.26541952027975
195.2535332194961,198.42955521820056,76.1872466680662,38.39272071438721
196.774401572884,198.21062159846866,76.33593869511611,38.28044363908512
198.29391918530047,198.7228778516246,76.25491700482903,38.22997348878747
200.63758169884284,197.98015723165622,76.06463415685198,38.23461111982987
201.08024992195467,198.18011414746363,76.28831162569026,37.984354343950656
204.08995385319736,197.43884190179784,75.94365742912896,38.205013192276866
204.62510983409805,197.2248089720681,76.09256324457976,38.15704160905217
207.3268020985927,196.49949044507784,75.6322138413229,38.2433067672426
208.14884386373257,197.06934763569802,75.97680781272166,38.02773695206133
210.0184453194166,196.46105080701486,75.75755195335553,37.98297139464493
212.0303892272636,195.8810967177543,75.37363563233619,38.13004991179672
214.08736388902628,195.63527031610923,75.08182604880105,38.16336606376166
215.5579539941947,195.8055820285016,75.04237470694875,37.946528902144806
217.04235544871932,195.37722602958735,75.19938814311436,37.88921118252791
220.32703765827821,194.41759568357543,74.6353247226843,38.21994145329471
222.5939795741637,194.63409598991936,74.91918800700215,37.68413430971401
225.59895675270155,194.12794310821891,74.49526127214936,37.72232136355068
