519.5,119.5,16,7
517.3309736985765,117.76057216525078,16.22270497902191,10
517.922620764334,117.96484588086605,16.22434391387481,10
516.4897630948235,118.35715536773205,16.527567835964845,10
517.3609199833116,118.2005909383297,16.524803099782986,10
516.3663782203311,118.09983076155186,16.576598699070328,10
515.8944103759596,117.97111915051937,16.57860826610128,10
515.2536725148384,118.33750952780247,16.548160126840163,10
514.6372392553736,118.4483718201518,16.63363365756492,10
515.4291890155159,118.41882605105639,16.724770806057784,10
513.3314054934768,118.68830505758524,16.833664590400705,10
513.2618599561488,118.49197521060705,16.669133389465962,10
513.1681353473574,118.5259412676096,16.694455082434327,10
512.0931674911753,118.40740352869034,16.606991455122532,10
512.2624305165348,118.20837806165218,16.40503678191964,10
511.68134412427173,118.38736155629158,16.259681070657066,10
512.0361089993827,118.25223186612129,16.06625804517416,10
510.3778065568979,118.29174748808146,16.31120908721772,10
510.8174062450494,118.31186907179654,16.24395652020653,10
509.93924318227096,118.13100524432957,16.475480080188852,10
508.9168729983639,117.96851076371968,16.563430239186506,10
508.40947168282025,119.09727062471211,16.851269648246927,10
507.8895490185961,119.2994326222688,17.149729159167432,10
508.9202062763885,119.31392149906605,17.23347828226975,10
507.25276674475236,119.25006740819663,17.267442581137765,10
508.1985366598636,119.09468689095229,16.859757759994338,10
506.3003669692696,119.18594377022237,17.094952550804486,10
506.0473744001319,119.28760180901736,17.16240128351652,10
505.3004268860815,119.57724366616458,17.290105401277962,10
505.96053531528327,119.53000996541232,17.04751298306763,10
505.5669646429716,118.4489190382883,16.997516568959092,10
504.32675398763587,119.2369285626337,16.96048945433757,10
504.2842262600919,119.13930885028094,16.693277763314995,10
502.8296380855833,118.99799194466323,16.96129004792475,10
503.9692133154322,118.93690424319357,16.794657898773814,10
503.0435984011115,118.94604019261897,16.771141762411283,10
502.970207733967,118.93751910049468,16.695991028233173,10
502.2381210539986,119.0765893580392,16.70428386544198,10
500.8863747997706,119.1985276164487,16.704360026394383,10
501.12453527358014,119.43929449934512,16.72064762598595,10
500.59175275372337,119.7097757877782,16.903906983994005,10
499.8701194610157,119.53210493642837,16.87577485820481,10
498.87784232075023,119.4460302265361,17.38455794999979,10
497.8971579501557,119.72065198142081,17.679048825397615,10
496.89652874628985,120.11440005619079,18.077568614278615,10
495.7273398586739,119.75141930300742,18.72743740208372,10
495.69710360512454,119.61027402896434,19.319792731695976,10
495.1796807392229,121.28726573009044,19.57586324835042,10
494.41376470369136,121.6757845735145,19.918487527131337,10.131798975921175
493.9806492979505,120.9553807200864,20.211178902749566,10
493.3358649467204,121.53702030796558,20.338791652565472,10
493.77535312570194,121.36086301226169,20.02881839976594,10
492.9279648130491,121.35276739485562,19.62561142636247,10
493.54915163661406,120.86745931394398,19.441871583553898,10
493.1763847464641,121.02943372912705,18.769040600593883,10
492.9362262156217,121.06783673726022,18.644134006578014,10
492.44458993347024,120.5306786311055,18.498928997486146,10.012741991652092
493.224842754644,120.74438495002687,18.163152893102524,10
492.878766442425,120.7662831004709,17.74310382686668,10
491.8215763106777,120.64320289902389,17.516563880476575,10
491.84318689830167,121.08746397309005,17.349837112882454,10
491.8573218261527,121.08851939800661,17.593872566952843,10
490.93689732489355,121.21266509208363,17.297186474256385,10
490.90782022308156,121.52439726504963,16.99858431854161,10
490.7474782476303,121.0581305733649,16.943291915560387,10
489.9961307207687,122.13430995855015,16.666310412696404,10
490.1129420298994,122.13035516475793,16.525178236532177,10
489.897775849374,122.2509686726844,16.626922588702335,10
489.15963618746554,121.7590532678878,16.05907325613186,10
489.3293687678831,121.80491493677255,16.161606487640306,10
488.8941385002032,122.0721137378132,15.821322642049157,10
487.9049837543105,122.1774207506096,16.007022084586904,10
487.7594439045489,122.20546808128711,16.003377468705146,10
487.3297404330756,122.22104601410683,15.980739977104378,10
487.62350318807233,122.37317642418202,16.121782246175055,10
486.10537441899965,122.90032544580754,16.289073681720286,10
486.44615387898125,122.92355972935911,16.290972672771687,10
485.821903745103,124.36469371188218,16.300980213248575,10.116467701228885
486.56064629227933,123.84223283186327,16.295199601928093,10.28291671584816
486.09805423677943,124.70487341489617,16.08921832768161,10.667274002312274
485.8276534916699,124.09190531817454,15.891978178572696,10.889557742332983
485.1546177340384,123.52536396769061,15.948290296328869,11.203456378435723
484.6006199148963,124.10336342753499,15.980525331662031,11.728880884421418
481.6503164649931,123.82476271531513,15.6407343013232,11.571899514767038
482.30694283985036,123.95647311371542,15.337836308917622,11.317294003716208
482.3295227919954,123.12296374534522,15.21906206062679,11.077891079079652
483.2729268479267,123.88125887626843,15.262269631938292,11.161634627085816
483.0269356738259,123.8839514948168,15.120101355864715,11.182525348854979
483.6861831483847,123.91180907856678,14.904020418702352,11.225093814944747
482.0564831891647,124.47196931621404,14.96227969497621,11.24323934020718
482.4927005218568,124.66334662506765,15.096326438664793,11.206303122882957
479.7613413750931,125.82359351402036,15.1705073252709,11.187783641547355
479.8571141136431,125.42258101294154,15.144698910863532,11.166571045762648
479.9307848112782,124.31592206846929,15.119639975925233,10.954836291884876
480.9341455590987,123.39573600249119,15.558804138548505,10.400507419812751
479.39081349687916,123.99667412397376,15.407829312639597,10.28605545510688
479.93730763562536,124.02109042636584,15.247182908792968,10
479.60976159319625,123.22330067388248,15.240571764700734,10
485.0014369750797,124.75857041160086,15.777624099993862,10.220997809414303
485.10396462570947,124.5891537860954,16.130318904592226,10.19770986582417
486.40304211723065,124.40706662685908,15.911814991190939,10.113534201796746
488.3446877540715,123.54815844527911,16.088227067576383,10
489.0406156303683,122.79366532794666,15.818232892016763,10
488.93976986967715,123.51646677486133,15.480921577648527,10
488.3828540731305,123.70489644340705,15.4400141484869,10
487.16175237086236,123.72418184101116,15.557132628325226,10
488.2663980277181,124.02265999129995,15.523315958321104,10.045840454259473
489.8221876628434,122.53098387538921,15.83987470572481,10
489.14805749134933,122.58342993899714,16.217659017409595,10
488.84158747096234,121.58984345837962,16.847023781153148,10
488.8216018962049,121.24131918593775,17.081723171038693,10
488.51533559615586,122.79148409575512,16.542182030177592,10.547626074835467
487.5842163319529,123.18835000582096,16.318966094624827,10.946233078975958
488.4730167719378,123.97869066951519,15.764240094492058,11.64221481654417
486.05388879325324,121.55448536413361,16.470557117535,10.875957058014103
486.1129834126491,121.68914017616333,17.097929120846853,10.142819615322548
487.05565133533594,121.68401003524195,17.241239029333713,10
486.4535439414988,121.58936540677678,17.34737640058792,10
485.8502486756125,122.70252314029284,16.823411040369912,10.546153338280988
485.1627989803617,123.20756258759819,16.85949867569119,10.609264417501462
484.90899081964517,123.33461359624015,16.787689721798472,10.61696677228977
482.8800846324036,123.26176981728199,17.415343958006304,10.083059575033356
482.9109050374285,122.11278647079598,17.68545947153253,10
478.2329424086189,125.32233160629403,18.277361902003392,10
476.73332394310813,125.7851022471441,18.843154571473942,10
475.786804242875,126.13919117941987,19.526809053727344,10
476.11570591483957,125.19255664839875,20.02922251811726,10
475.98959178878926,126.07703938975465,20.248916703630258,10
477.58987179743184,125.83444243309017,20.691186342946004,10.313508634913251
477.21563522098546,126.8259089471917,20.855801363476374,10.628321549779656
476.641368719578,125.6071085898099,20.924976623028098,10.632079843965276
474.9507769463126,125.65569324786001,21.006663280444474,10.767740292350386
473.01903326284844,127.14621722059816,21.229542336673358,10.538667883220539
472.90722948945637,128.04344124985346,21.311891941734643,10.527470633425777
473.2687051606309,127.03918512242205,21.539156594697353,10.299138110227672
473.30048421686416,126.91118017688267,21.92360728774421,10.4352919790081
472.52563961413375,126.3616492087798,22.273443907412478,10.47146696185996
472.2972061209273,126.46429551285023,22.61002616511947,10.506384886861174
472.77555827596075,126.15075326827798,22.619192116244903,10.741889062561555
472.7380590649323,125.82878556429586,22.64006264768509,10.78928473473173
471.78384547020653,126.30382397369866,22.706943897691232,10.669805555009976
470.6573113519068,128.044468652061,22.67531793949696,10.687998829968654
471.66919959862315,128.30181845415922,22.367429231022108,10.99060133358316
473.13397010612704,126.99603261399814,22.19459373855158,11.513116045216382
472.3429628685698,126.54255311396254,21.95512162137319,11.875287221133672
473.0039438399741,126.48058708385572,21.82892135916773,12.114212846131839
472.60242477370565,126.29212297751096,21.89753114554754,12.141902216095616
471.484639631443,126.60137426780277,22.05674597276696,11.979185178238513
470.0739935639029,128.22932468629932,22.220819651578857,11.937573529630402
470.2322446041386,127.28133983635688,22.44852544206764,11.960048366005168
470.752972664132,127.26110044900882,22.192996498556397,12.128271874988542
472.0449888996875,126.8712882544026,21.893676342051055,12.33945040286141
470.9069137258753,126.85214227141606,21.665104094460645,12.466878052907461
469.65890459018283,128.3197401804236,21.17722181881802,12.695180398115664
466.7639293377732,129.79889144539027,19.933702169828567,13.311365792758128
468.3237261360832,129.19013489498263,19.16583510519104,13.81453528614771
468.87735001965433,128.12352468433863,18.435003156978446,14.222735418014649
468.4304994744141,128.44242254978053,17.901571760161936,14.451099483845596
468.4484239363823,129.08258410916642,17.215407432287158,14.575884220870652
468.46842846054386,129.20643750333448,16.68198621713023,14.645818780181207
468.5005210999194,128.99311377982843,16.077290045511088,14.758043917794684
468.8049758984494,128.2382614726278,15.637432617177986,14.90936594953144
468.90180198553725,127.6682898116751,15.067798575688885,15.212537485223958
469.5306414995985,129.1729699176782,14.548206128796524,15.619333803598028
469.34661153195094,129.81193946738807,14.26021073286153,15.654648702934669
468.8739749327577,128.86659163361162,13.940072673504275,15.842814224842392
469.19702155081666,128.37042535522806,13.707475097214465,15.763063189194671
468.7046670726811,129.55766525464045,13.224536381785985,16.257028786793242
469.03036410011134,127.94286740302988,13.030812061880397,15.985754977456407
468.85918038295495,128.94945832851215,12.97407683815983,15.520872796711284
468.7772688990339,128.91112385512528,12.61071567724058,15.55396596488144
468.0260698599457,130.25547903212274,12.407371753883432,15.605252044144583
467.79799259529926,129.14215849125412,12.192856965930927,15.452671209683121
468.16571128054915,129.83310090865479,12.215842745016818,15.008020180538209
467.8416031798137,130.64887417846467,12.361325417873683,14.694916939258306
466.9871683906493,132.01371890630494,12.162018574083337,14.632060169048295
467.72350272813304,131.09821412892262,12.019319901290233,14.389217423169072
467.7259863666145,130.83485457926884,11.90024767538945,14.5131280648636
467.14641123821843,131.5341514513523,11.824787136206862,14.40597731099973
466.18134526905504,132.39414057189651,11.812498949525981,14.096238408786107
466.9629441558046,132.01494912247406,11.911240916207813,13.609867708464131
466.81319505406725,132.16311766272395,11.829862816963459,12.979977671383256
466.0107990566802,132.18290612912077,11.708802083847605,12.809623454086621
466.42748272344573,133.98053292871754,11.690079265830843,12.616782984699622
465.2310276783627,133.44756232928162,11.572821518854015,12.29697341300258
465.47837933595906,132.93033370286912,11.58725786068186,11.89254235444151
464.86631158981965,136.54094953823997,11.557052465890957,11.667797824355292
465.4637789590112,136.67323189379056,11.37988563369678,11.517879555488665
465.65433829547925,136.1749911541372,11.178336860796566,11.666355024739854
465.4394473300415,135.945127143549,10.988813896271036,11.78941771359888
464.47595596874726,135.25816988776532,11.155120234887418,11.530336023651042
463.79051461695593,134.23895894211253,11.249350602349406,11.544720792230164
464.19372381675225,134.95131285722488,11.280976309717058,11.141837560317857
463.8791772878291,135.68190064299054,11.430501959001624,10.92155082278616
463.27443507412937,136.0400823869055,11.686024298769839,10.486040725649929
463.3534317546518,137.17771499316385,11.738255730086253,10.282761234721356
463.20456606580365,137.6562897995777,11.732188074617646,10.099460989989062
462.3394236050401,137.16879522695672,12.195262989430777,10
462.66366838566495,138.52845585241448,12.315638894299028,10
462.21649790194533,137.93310415640008,12.406695693494868,10
461.4778821137763,138.61372703209054,12.899869902984923,10
461.2571828824169,139.48631358041894,12.999766772113965,10
460.4760962191558,139.98623490228783,13.010409379832705,10
460.1406030003748,139.6355083276285,13.363103676433996,10
460.21602351486655,139.47681175067555,13.410247581303715,10
460.34535037588734,139.52271253499663,13.554201449222184,10.022532627210103
458.9906435927505,140.7586601068033,14.008806112755448,10
459.403595903195,141.80937257304322,14.443806280837254,10
459.1494047201207,142.43609127297532,14.586098408891592,10
459.4041331452233,144.94297799363267,14.811044394055557,10
459.25851640080356,145.71947869553696,14.889831506213651,10
458.6749461670475,145.04794272675645,14.94963676387935,10
457.8184708769319,145.83885996861517,14.657106577814176,10.253425907517885
457.9148163264795,145.46870154037606,14.760392645338307,10
458.4173877961695,146.57627171173226,14.734552708315888,10
460.7911378930419,148.22924679412972,14.429462506789104,10
462.08899922081196,150.07207147245654,13.7770157797463,10.281675853917658
463.5544868258263,151.36482390025043,13.030800186569365,10.766065312142103
463.76134210874335,151.1894231151687,12.463009945060882,11.050969000320887
463.8051563902441,151.1047100742573,11.907161535572307,11.191999883858086
463.63685466793606,151.33235355235016,11.429980380884176,11.225442792031266
464.03213154641276,152.3400244548653,11.00092664872636,11.100331404252586
463.8742225849213,152.3427137303983,10.676893299603098,10.832584323151584
464.04857015069194,153.19914455493134,10.4082391891704,10.88107509393869
464.8012946102998,152.63438947130174,10.238906226261179,10.724854303212993
464.23652381355646,153.83985304281626,10.045069972076334,10.871425138394393
464.4630714766681,154.1264413303406,10,10.806084726389656
464.15019543096423,154.19269195807914,10,10.855859660239854
463.6966999284923,154.74628835070143,10,10.795674793353092
464.2184984199703,154.45290162127375,10,10.818456228740466
463.56289886665553,155.71761432605626,10.158685841019723,10.594915895698238
463.9297076539141,155.26981480903686,10.08350486289621,10.445296700443244
464.6219613365829,156.2087821391756,10,10.45320209849245
464.0964715319686,156.81554687089115,10.229561383463444,10.326817605955211
463.6286641314418,157.6143333366918,10.06066349301923,10.48263450971161
464.32187374859694,157.83993984224895,10.241895411319687,10.365191654503978
463.90028533212586,157.5180155373573,10.23620256290349,10.329311458268453
463.53749382901015,158.54850545997076,10.045871331635706,10.585436429478307
464.33259977878686,159.48528502618012,10.182667297988006,10.573485802308603
463.97440373577325,159.29120389178723,10.111754207757112,10.613735044284706
463.82427776582347,160.22220277721112,10.417941547915447,10.421203530532244
463.4139137026371,159.90317060528096,10.312994162928076,10.424664970072795
464.25151772412596,160.21778944779356,10.548219769967044,10.294405363412903
463.80016255893344,160.9362970396654,10.346452456385412,10.465766444241398
464.2280610893277,160.8295926179728,10.469234141915756,10.32131153359259
463.89404285593025,162.57559960773818,10.501714030074435,10.355101120040775
464.10308547510283,161.9051488485283,10.42352868930465,10.508896386743938
464.48435394158037,162.86775565081507,10.243733970552524,10.626241213795748
463.49327704930533,163.15212336225048,10.218296745962506,10.693583135342532
463.7532873697715,163.8953002866575,10.169295641287059,10.801232487059517
463.74343139119765,164.45192347257165,10.172623777289987,10.803921917690875
463.7742464943553,163.8271639695893,10.16617408706878,10.929502720797663
463.93649797323866,165.20932926037207,10.240791698531144,10.900218287532272
464.0407443449344,164.91056164311493,10.177713993010022,11.10028483594272
463.9563516378504,166.39102453284434,10.236206585055413,11.06999212456863
463.87941338917403,165.895471321576,10.135105468720656,11.179482371930579
463.7494101202496,167.2679260417663,10.163603125715863,11.102062460205989
463.7363184372431,166.7897566217694,10.025001881457406,11.206457449682517
463.8998803088908,168.0153770363783,10.047254041768467,11.185451529522286
463.768601533724,167.59629409909815,10,11.225449936965333
463.7769861257343,168.74855841337623,10.146853821131117,11.413207036863774
464.22773564729266,168.98660125819418,10.21424449130176,11.435027555266146
463.6286657214916,169.75592616043278,10.353670191521442,11.588971206103622
463.5103422099273,169.40260344726087,10.260691876334086,11.643422668919762
463.6498154405886,170.43130479571832,10.289732121506734,11.659570434727659
463.6617493432714,171.09660799327148,10.28599584451861,11.779360338983489
463.70154373714007,171.60707358374037,10.288882465693074,11.920708406283321
463.51168045521416,171.33882982002953,10.272117680801438,11.832606609707536
463.3988135731428,172.3072930906195,10.361355482205223,11.902477859054907
463.4105201385238,173.06979883328518,10.365657317308242,12.110231333058898
464.0483309689601,172.80093878348794,10.461632350428152,12.166971543022106
463.42854888189953,174.1012091263072,10.392448398519372,12.20855765601333
464.12591880143725,173.79634880480333,10.45414435904261,12.174614236997916
463.54430685106865,175.03075592279913,10.412578144423364,12.235037748198685
464.3208641786591,175.0188532514568,10.57649806756583,12.284364359951468
463.35728446259964,176.04291367697573,10.514300505055918,12.3485837207819
463.42459958913753,176.33403163709283,10.636420060768353,12.216442351395724
463.49515458696334,177.28639268757726,10.713533979620847,12.224975107490152
463.8837037063556,177.74280021136082,10.847805064566732,12.311972841733793
464.31661387657937,177.64107911757316,10.981783200815205,12.33588311233316
464.0953858061694,178.31986548159693,11.187021930236266,12.473148264420173
463.8059924859362,178.64810721891712,11.164166498501903,12.66733596192184
464.3829156728726,179.4710059251708,11.270515499117948,12.707687073698818
463.64741584178853,179.5305477258641,11.378473879585904,12.912547593911441
463.5719919385704,180.88279559938042,11.256488249294684,12.983077453034195
463.4611768035687,180.65869025636573,11.266277308575143,12.949544445711812
463.23166205877646,181.19395076075912,11.124568213164398,13.040853385350303
464.2473285705137,182.56799187676276,11.252775366081575,12.798458866966072
463.5196759644297,183.04234670325388,11.3557487014947,13.025324589540784
463.3991199411444,183.76792957784045,11.256872039569227,13.087284021565793
463.18927349435813,184.09075083888487,11.363529534420096,12.933706601338905
464.2671926563651,185.02567488182257,11.33089854110988,12.98435998602929
464.0650518828965,185.67148639341664,11.295065172676065,12.899300554798254
463.8006359789819,185.84189140064842,11.269817865114486,12.846735324213002
464.17311086905687,187.0980163090882,11.321988179263887,12.91435906919258
464.1234692203783,187.93020026139405,11.4601031650848,12.810263619796324
464.2598359665453,187.97664030879514,11.521999834274517,12.86339410267284
463.10437873665575,188.8612079102765,11.5765511405961,12.93253790857543
464.1462917561922,189.60933474100878,11.641693559698762,12.900725308130795
464.0562793098984,189.65589957060982,11.625613419127138,12.94252010540589
464.19142601232403,190.7483387153549,11.873890079774238,12.909998440519036
463.54859019426544,191.7066635720514,11.79142626362086,13.106619248289913
464.1344934645174,192.39833185222267,11.822848554408218,13.23340343742096
463.57709325435604,192.89595189277418,11.919166051223256,13.430175547136727
463.44597866168897,193.1547144136817,11.955997321909273,13.635628203170997
464.20974256660344,193.7825404420974,11.888034197901872,13.791733377098215
463.9757229022988,194.04197408536513,11.847949115405127,13.878517588403685
464.1258038462289,194.98947056328254,11.969883748207128,13.894937706108575
464.97355422380406,195.53454227471522,11.879048034026704,13.84095880541425
465.60584449928126,196.85573467489942,12.027827125101098,13.69715088454717
465.55618337535174,196.36161882641574,12.076990037823725,13.619967556757155
466.72651205467446,197.8713444631893,12.073209071542749,13.709333145316378
467.83975905762463,198.27264503604977,12.160162541075753,13.824610210140023
468.78888907056916,198.8577161397278,12.180059735073547,13.967063727843447
470.3924851898431,200.11723011041124,12.261218317066987,13.861281226005962
471.00492370861275,199.64079250212504,12.44245716907694,13.915646880562857
471.98086592754277,201.03751913775952,12.562614958008389,14.09576443296335
474.51557414010637,201.42502112023948,12.831853051008562,14.14149747228348
477.3315192551865,202.1768805112374,12.993796076616142,14.21912222189619
