132.5,244.5,131,63
136.22164655810283,239.59539279896262,130.85930679071572,61.99653892600054
139.61724312548674,238.26707939521148,129.25151333322452,61.30342618195863
142.75038921179487,240.7476297596797,130.02243305559725,60.129318241336975
144.1701209586806,240.19278529743627,129.71199249387843,58.990404298697385
148.3224879522689,240.70174934038425,128.87839889137595,58.93313172322701
148.777905798465,240.79758643901647,126.59408419030903,58.526035104268765
154.74342448708074,240.07909112339965,125.96694371706926,57.783349202757066
153.0158201522326,239.21015057848646,125.59338246450908,56.12946255233378
152.52056802341053,240.58726047088135,125.37661204678395,55.94584303876903
154.57252365403434,240.87365555916142,124.3748807896562,57.225697782557965
160.45264022149658,241.52563840033972,125.89409616394806,59.924691828442356
161.1065735477539,239.6395830914351,126.32037706010897,61.31476027668068
168.8803137810965,238.7772726305429,129.4204776938876,62.40737353998345
169.66356434152382,237.369958524636,131.4638853922316,62.647437294857596
170.48859389861727,236.38380576808262,129.65832139570904,63.2358010383644
173.9263822316874,235.42668443355532,129.32087358241301,62.52085397772845
175.91842254321114,234.18746436642658,129.50344611564608,61.23029906537032
178.3905974191694,234.78261827472235,129.0249228751126,61.2501754652781
181.5133038846488,232.619520623255,129.0868486587534,60.77048402275993
182.32865759485748,231.3914504923795,128.91287565720503,60.878003154521316
184.18194025729127,232.16183155983518,127.15835183910477,61.60171970308164
187.40511303251822,231.9806986420188,125.42643900502048,61.87820400916857
189.61411917996224,231.90425583068225,123.62158898926145,61.629106042907765
193.12714073399087,231.8767119673122,123.57878791611633,60.54035560245732
195.651369409795,230.65468560837937,123.01574888421024,59.60689991845224
197.62440622374422,229.49775522318018,121.26432638317334,59.09220891959402
202.20723827645256,229.72004686890736,121.4574765172586,58.45967343750207
205.44719322199626,229.34289501617977,120.47360220203788,57.805597826627306
207.68275178041915,228.42657486211243,119.53308348721546,57.5077428249323
209.87871759148976,228.26502605099896,118.98676152999121,57.04439304134412
212.67486916632635,227.95409334761484,118.79979332981145,56.8095733461264
215.0262077932992,227.64930577922695,118.60767229687403,56.550369181258844
216.89996111171246,226.99011075440492,117.87287718501094,56.23449356966322
220.40201703390414,225.97693531434768,118.32299898702038,55.54987643219961
222.32669127669652,225.6590137443718,117.6774552328046,55.33066990240878
225.06224236514169,225.73206158661083,117.00017439075316,55.31683656705944
227.45710921561204,225.26631754976495,116.83665233303145,54.92830241537129
230.09542956598673,225.3131454655499,117.13899780018977,54.79541813329443
231.71514945099986,225.29627142622311,117.12725611785578,54.92699671612701
234.09092966293105,225.05365085817488,117.32225083162767,54.68537840188323
235.88814227139198,225.8285248193833,116.83204862763002,54.59800731242842
238.14730805885875,225.1651851579119,116.51967541909048,54.28462108456705
239.78917347775615,225.5582582502048,116.1064406159179,54.024640444968014
241.6981359394008,225.05678265508288,115.41576731768964,53.96969168327699
244.93919307131216,225.47813207585844,114.50089329205665,54.1400613985115
246.20046198702337,226.07904178690595,113.27855496930117,54.06552745691573
248.92643459505172,226.18712370484758,112.6431585775548,53.61827157036087
251.47353706406435,226.5719716970593,112.56533919479686,53.13595449314113
253.513402786981,226.5840646180054,111.27130139444085,52.68703039312548
255.33509496291651,227.65561028981512,109.62074493487327,52.514918263220665
259.5540606469064,228.11157390728334,109.36585895416155,52.05100042984409
260.13404210191817,229.04424991716107,107.776493811968,51.945556251771066
262.67126508781314,228.95521616968676,107.29988719564682,51.36515148290661
266.5825039849045,229.86152471208638,107.37090925269078,50.832211312322514
267.2057741902916,229.83714192264483,105.75025221255453,50.61713108985211
270.0077853344348,230.47782389438242,106.3091871157354,50.01986825111328
271.5796802839339,231.7574488924621,106.11412553972005,50.041712043100915
274.6355309809092,232.09899413444674,106.42343082530428,49.76953294037628
277.1272562770768,232.956548282157,106.20351334835605,49.71959269190704
279.5116848862631,233.2591409443079,105.88700340857847,49.620163924593015
280.81607134525075,233.61216525626034,105.22839218608345,49.585395267519324
283.1901265450806,234.71551206268313,104.41104717681992,49.735534635783395
284.8201298026589,235.3050298312916,103.85603152546327,49.59906587484211
288.3037462348252,235.24449575345724,104.08670610894569,49.62954007409989
289.73350569165615,236.76285654676573,103.87811330841248,49.80373262246219
291.0009952190443,236.50410182990674,103.25398167909697,49.58018817691914
293.43974568856714,237.52211522453487,102.32045881126405,49.70023495791435
295.3916408781808,237.72111546050763,101.18432070521487,50.164859727248455
299.2354921161288,238.02475503477044,101.82522960322022,50.56668256560789
300.388312374359,238.53765955507828,103.26395263313134,51.28683340296006
301.6493369205593,238.49984469560118,103.73078441345716,52.0800517254108
303.51100939097086,238.23178963431658,103.54153118367836,52.29228171196696
304.3531647356246,238.9311185350105,103.48005338869606,52.33900924745498
305.56800415026584,240.7498108390884,103.13379435921834,51.555323131349354
307.2516348325076,241.97178774232552,101.74988041065885,51.3583836090091
310.3793343158169,243.8613210270107,100.37142741648287,51.13477582374211
311.7578843077646,243.05955051604587,97.75101247616087,51.6382133481666
314.9873883904805,242.40826585034017,97.27046319210729,52.402955783864144
316.7170278859147,242.61389017847128,97.55393627643411,52.68920682004199
317.8409461520591,243.08029349311724,97.82982358485891,52.8933410276565
317.5356949376637,243.7889025018304,98.32511404999606,52.962415968489786
318.27440492380373,245.68303907868852,98.3350694563247,52.76521322836301
319.9554156641186,245.29383536683548,98.18256354728925,52.70863241564179
320.1487081151254,244.2420562436861,97.30912480730878,52.67254103234761
323.05497177049074,243.95260962259886,95.87050649316008,52.88961661657461
322.25537343341057,244.3933614243822,95.21834012830374,52.20972375700737
325.0014963112056,246.20783316141635,94.11989844604742,51.64480258556665
326.3838777211007,244.99616203987307,93.26700515216663,51.53064540085779
328.69449485973223,247.31853875960536,92.20911654560365,50.92042641573894
331.43738504669466,248.0181163484213,90.7191342826407,50.42954195477418
333.4049636656506,247.9296788012591,89.36113048901893,49.73952030055587
335.15592509270056,248.9931955523655,88.16703105448998,49.13901777940687
337.2743135754572,248.93504660446428,86.78978882942468,48.870490654180784
338.9092383692207,250.67954523352452,85.41258317042548,48.00447065283521
340.7521514015314,250.81133506799574,83.89816599748185,47.61239548440108
342.87986617477094,251.03329697149974,82.33114887890508,47.331533102482894
344.3491465578868,251.49419733888197,81.81017348559811,47.04866042348168
346.40741733675384,250.6969940107415,81.36118845214084,46.85499818919107
347.3940576506543,251.44767650092285,80.86365576726442,46.59831778581658
349.4452934090666,251.6114447628289,80.15627936037933,46.498046888196555
350.25979266040963,251.09850231056598,79.84461252940812,46.809651783452686
350.8333696304697,250.36046819255773,79.39864786884424,47.08000805867662
351.1407230138808,250.69184560512213,78.98094215690502,47.05107299243989
351.07904687689467,250.2274093190076,78.71457986202388,46.848552132051786
351.92198385760025,249.49014017980048,77.98751855463118,46.64169368767246
353.38287595295276,248.49830013632803,77.28866169585059,46.04665272816957
353.83591137790074,247.46904512175996,76.63627977741976,45.68359913197005
354.7747216469944,246.9604769999384,75.76157855552418,45.29080061647313
356.0996801317951,246.3951439172246,75.19153991615357,44.99325199346386
357.10910163708985,245.88258803236067,74.61132557911755,44.765807796814414
357.74257794673053,243.75170449048483,73.49220204542462,44.49729285999729
359.00589325595445,244.22807939402819,72.91764595471722,44.33876421570659
359.98635653729366,243.85459260168335,72.13134645769739,44.20737448910551
360.56497148078915,243.78970598529287,71.4661058554602,43.64501983845216
360.7099720221735,242.01663941972362,69.69564734757408,43.88120047210837
362.1005225337269,242.66386998072213,68.04235060379455,43.933916140348806
363.6150804217328,242.1185508718596,66.95545313146332,43.777624950954056
366.8655437094482,240.74613111433484,66.42116321374726,43.83932919493121
367.02767942051014,240.99850637966625,66.35098862747509,44.0673917841567
367.3932441847443,239.55643416431622,65.8483242239715,43.76200298121422
368.2708863619078,240.21145350191765,64.86748951611739,43.30085878290193
370.21565655126085,239.4381341726943,64.36730551215187,43.144174553927925
370.1369839355376,237.25739995874142,63.872643521422816,42.79624805004048
371.8130068981522,237.4042176536249,63.189931530977574,42.899783919199926
373.1743107297126,237.27764983816843,62.66510614591763,43.12097580420176
373.1150542215952,237.0787451608923,62.42363276750868,42.93703881895598
373.7119118173164,235.3402633698612,61.799564649812055,42.470453483247894
374.8968549674079,235.17618340003014,61.18821743024883,42.53819584230539
375.5972765756993,234.03271971344304,60.626584127873414,42.596224213404405
376.1039359513924,233.96527271641233,60.05531052867471,42.60717203993721
376.2225634579437,233.71213017443597,59.96829854457046,42.5550946995163
376.7131505811686,233.22384784003702,59.91692606022463,42.63240629795972
377.35646770954645,232.4412940880099,59.53142122804097,42.894600374661096
377.8117609491401,231.81516287100024,58.88583664189713,43.37074464938625
378.9576606434519,230.89699373444643,58.33596523465016,43.544699008500054
379.8493510619932,229.75104597838325,57.7837372896803,43.50473922353778
381.08387687530984,229.40634032666594,57.36704309827353,43.482469995470645
381.0183047663702,229.848930988711,56.33751643964973,42.80733333850523
382.5724322995695,228.91842416820614,55.62117621776411,42.365892507926844
383.51820992634725,228.15248428616098,55.33372309891314,41.64549728193536
382.92277882374606,228.82102739989753,54.58949047074154,41.942456416934824
384.00717854850683,227.53302225940467,54.08872521711994,41.53069804786561
384.90493308082773,226.507530530763,53.42604569940657,41.296347871726084
386.9135142150865,225.8424770745275,53.25850830309673,40.872583224100396
386.17921307296297,226.15797680451416,52.36107083438354,41.294649421742676
384.9033879974886,225.97795410587696,51.44494778625082,41.67373456166567
384.9116550298891,225.46012005218014,50.5469870294409,42.02452312766222
385.7537906745917,225.17289160997723,49.69841601354949,42.323977413305585
385.8252295066782,222.03687906151006,49.07067524694034,42.245319774796776
387.24776956895704,223.098266416402,48.20482600312,42.28483659180733
387.6652818609433,223.12302014059762,47.6713556221809,42.39476128638902
386.8438029702683,221.94221116563324,47.07141660825813,42.26632272157778
388.7739251077908,221.46201190937632,46.5305924324716,41.92954916454212
388.8939440554752,221.685567652916,46.130849211141694,41.56379373349728
389.8029650720202,221.03437124597315,45.98212561562798,41.128066825970336
388.3927846888808,221.41255188126064,45.35700722732,40.69611533828184
389.5286665080756,220.17665815879718,45.04676080370542,40.12743957405656
389.23218983916587,219.7712193033878,44.84512492004737,39.8356630662016
389.241859165742,219.15141853696807,44.63799128350805,39.39523496838009
389.647117791437,218.95735334747974,44.26211265154106,39.012557246656314
390.56985454141744,219.00199544314916,44.12197441101778,38.466343908074016
390.13766467757563,218.34122898077376,44.304927434771486,38.54734956060037
389.88477632800164,217.7634378686871,44.467549822739386,38.66272940554702
389.49114842189994,217.95154536816918,44.3934174880654,38.760265146872555
389.1314358435634,217.9622910399719,44.24640574603022,38.75942155815983
388.8815253537145,217.8215149583546,44.25340211167993,38.602497069487434
388.92070329173697,217.0979761226649,44.09945985706064,38.365496405104786
389.29601911993626,217.05641572277517,43.64743307646509,38.209706559637794
388.4773410209975,218.29255542804458,43.0029081803636,37.94213048009259
387.59409832209684,220.01737770760727,42.3625494390659,36.502879302086015
388.0021397781644,221.13146342662483,41.745892671292296,35.17632503343105
389.0653881730421,220.88509762058473,40.96440139377441,34.3962165032612
388.1558113527206,220.84470433271457,40.5428845918362,33.61559657389362
389.9730605693328,218.22093621892986,39.93385021653421,33.97894844095891
390.2342551594876,218.03187954133008,39.260196309108956,34.4670580851733
391.8343799027768,213.72429740152722,38.882643031484434,35.29983224713371
391.6192423302212,213.42234432583913,38.711198558752045,35.847611476140926
391.3948188654965,214.10811065696663,38.56537620576505,36.06168598494457
389.52571587494936,213.776882525508,38.32760285870381,36.04451590222736
391.00157935786353,213.44689944382554,37.930542888877646,36.16458623305369
392.05714396891346,212.8059224883212,38.43136263375776,36.145166185474764
392.1048242158503,211.3812672955926,38.79676970704189,36.271506562081804
391.92037693830076,212.19681882642743,38.848024672831265,36.14634346089189
390.05508595203077,211.986731924047,39.00538949182208,35.944020839547235
390.8073834614064,211.90663585413986,39.047259273905446,35.708985278889635
391.4052385031666,211.37990951263902,38.87337605367392,35.5632691605837
390.0842666080566,211.48202318322868,38.72104193747602,35.56912311358332
389.5774670637224,210.83461230429828,38.56922371256871,35.584274990577086
390.4254824081281,210.6533790196868,38.21465539749077,35.49007747441184
388.7071983311997,210.70324212226598,38.18187249810971,35.32192787141446
388.55996518156115,210.35995562077667,38.10612001376981,35.28451961313971
388.581307505467,209.82725829301265,38.12686723987569,35.01110489767319
388.51296779399416,209.3714039845649,38.058423327698264,34.70051632294884
387.43371899703686,209.31266058452024,37.95979721288788,34.477779482834634
389.04847638583175,209.07518986649987,37.81798661696925,34.43262932560985
388.30951865094374,208.81281931183665,37.66717190886592,34.18900833004358
387.7404092641465,208.6310737431211,37.36096509957473,34.03310715590162
387.17386220608694,208.92644418281597,37.14673877826245,33.69462272954918
386.79300540036877,208.44092454768884,36.81894397543035,33.18510825357997
387.3782592225303,208.79163098551044,36.65728404457776,33.15620266400853
385.60722988512146,209.09111105567683,36.30522894032742,33.081484745984895
386.7780991436704,208.68511213074837,35.83446174528919,32.738049537103095
386.6830856706541,207.66375390320758,35.509623054496146,32.33471582510093
387.1866865035993,207.93798345326573,35.16095943210483,32.251282567174414
385.742608885669,207.22971833102943,34.760832988812005,32.02596150568543
384.8370668729565,207.1536540423538,34.710008697624744,31.898511993322643
385.3632174603062,206.92279528775586,34.63445217471978,31.718028615315298
386.40851387604846,206.96059908934072,34.106315235798135,31.66516693621603
384.73565698342793,206.9674412067778,34.043145449414396,31.525479376356365
386.128362873414,206.44318703362467,34.01084217087655,31.88962960269805
384.60099841016887,206.13095461303203,33.68175008677724,32.088153811063215
384.80620067418556,204.99628773367547,33.517213794570395,32.4231809482248
384.7659891681004,205.01384903040508,33.41387637235157,32.64429723253886
385.50343257918405,204.8672584977426,33.40064492852596,32.943777989138596
383.9681458969747,203.8160533071838,33.64788002275729,32.84698225644087
384.2298348934136,203.58632691158297,33.87334111021313,32.81180936004335
383.40479408228236,204.07035545928707,33.55492617142518,33.17125534977155
383.0458348987735,203.09972054182097,33.52763412927855,33.04526253516762
383.82279493814156,202.95894708225885,33.46855598379287,32.93957592877728
383.1494108608269,202.65085103011063,33.3497716891958,33.09270208101114
382.89025612350514,201.7226857114669,33.330460023359265,33.018377477285966
381.96794133923197,201.9009568379741,33.4408920945377,32.95885408008179
382.2219140739066,201.26269358433643,33.32766628547064,32.914976773041325
381.15533708150383,200.71568424293346,33.07413251469147,32.797170561895825
381.1160707211049,201.11147596459438,33.126152383550675,32.661811905809245
381.8885938879714,200.10567397786068,33.17093907098159,32.66288564589346
379.96359437290477,199.99822981015046,32.89161271125283,32.626799922209
380.52956378092557,199.56150260545766,32.62468010363104,32.33562248802769
379.71890035819956,199.09512658787293,32.751193149224974,32.14717586902239
379.3271708546913,198.86305809964122,32.641053778536815,31.950223782795025
379.4253223075284,198.76510574414135,32.558283557606075,31.92807004178465
378.3638831830764,198.32134515742595,32.85490898840253,31.621905445180637
379.00584618526005,197.54862859690235,32.89754860731853,31.312298850460934
377.03366241579215,197.27956373937258,33.17604476449465,31.038651391047665
376.59160559070153,196.48651120331368,33.29978756411293,30.77084542095199
376.68315064353027,195.87574169720986,32.87612645132289,30.52140414656145
374.8375387454581,195.44549257276842,32.818962910736175,30.230480014043266
375.6673347510357,194.71406011355612,32.77439630069647,30.108049970538545
373.35166952014924,194.37283573903403,32.65043291633896,29.809572146306216
373.7392261143,193.9274360933638,32.80023176350272,29.712037020303534
373.7033201748095,193.4532275251622,32.8645408449583,29.560994985411583
372.04970757958375,193.16961726229053,32.963085882516786,29.320863206696266
371.8785220368237,192.52554658858134,32.98430121132489,28.99756437238247
371.9812023175043,191.832231207054,32.88988997254502,28.509780453048844
371.8030316577826,192.15896640747317,33.020513881543266,28.513079566294394
369.5546590496738,191.36216399180714,32.80961034364105,28.365093182492775
369.30947465705566,190.4861598719298,32.77298567537453,27.990251294073623
368.2259333110814,188.7950229831203,33.031091216406054,27.782947396826913
367.80051710625173,188.99125229720306,33.06090099632748,27.65841888889112
367.37464680084537,188.30609781074094,32.6867466791617,27.438389870100856
365.45730268444663,187.1703138959303,32.54221809791809,27.326588253921372
365.23491399269466,187.65385088571827,32.77674090163958,27.154773928867357
364.8831022358369,186.61561135973656,32.69104388684789,26.974814725520726
363.4146445252152,185.4937963902038,32.541334924164886,26.807452995885047
363.57302778463776,185.4034565212828,32.58141041653302,26.953419484073486
361.5580467936688,184.14187300877452,32.685460495089664,26.52351729903757
361.339435672481,182.91365227197846,32.66266627823859,26.435378313034974
360.5740607033973,181.72545480644646,32.70018098596006,26.533757630543068
359.96725823582403,182.17820479721527,32.71248088933019,26.51900781875947
358.5779284996051,180.36885325564492,32.764328714352956,26.31112870852556
358.3931672410623,179.7592159906881,32.5331826819008,26.389403086804975
357.7183304656134,179.7217206904063,32.30443678585347,26.27225419592967
356.1437525352546,178.70754975583836,32.31670366570566,26.004457540056425
355.4042036223395,177.766245446256,32.285076350964204,25.918739352199047
354.171732948818,176.8803503155403,32.377297694879154,25.897585659162637
352.7465069361329,176.24371996152558,32.725498572025465,25.87795784504396
353.2139922056828,175.3131228111917,32.74355766549402,25.900546384183706
351.5509617839207,174.40827320788287,32.65296964427213,25.857871633167413
350.9002050892118,173.85663464119284,32.745610834631464,25.838011292487433
350.54885204832436,172.39107012403778,32.823359116494785,25.815818631469774
350.1590238086966,171.92509870833766,32.819608682469834,25.859606419744892
348.84589746081383,170.57275855431115,32.783464708847546,25.86364128102054
348.7005387675659,169.2818841798063,32.77331266027147,25.6673713170328
347.1060358403619,169.16541749348517,32.637894963119955,25.81155993011543
347.16051013496366,168.85439943553095,32.35040572688657,25.597666354232317
346.5128579740276,167.10277370960813,32.499533948981465,25.378995170045883
345.7626975945605,166.5894426644539,32.35299303551429,25.579946367677003
345.2171648917779,166.65886648350153,32.16241660014471,25.44584116336442
345.167307323193,165.97681858563112,31.94031910761492,25.327681381064153
344.49078328447797,165.2424061866748,31.534327544618204,25.196795714499252
343.8730157001163,163.90959392845457,31.274050774102104,24.9578165112284
344.0442555674969,163.0227469117013,31.39946112313068,24.897778774219542
344.13064547126913,162.54019159803426,31.490791672155517,24.97263132774685
343.66365227631684,161.42427255690222,31.680307644560514,24.853414503165805
343.18161392559637,161.72686883026668,31.35533507823261,24.448867269103786
343.3450356621288,161.0425589114943,30.64244197691008,23.719002590504772
343.36377614492824,160.17011365932436,30.555657651027836,23.374465146846617
342.7962501670341,158.92799275949793,30.402242080380187,23.201211924679377
343.6463251609763,158.0878565070082,30.278133552533024,23.014989654840434
342.85471393878436,156.89899757694698,30.30775175173106,22.824632334909147
342.52175353266017,156.61078454231847,30.28543799633728,22.72739282103248
341.6819541515717,155.99212792400476,30.240553626151794,22.47917162810973
341.85520829028866,154.43063524352087,30.084249700858372,22.313325755099253
342.27308198219765,153.80613158188146,29.933730187981453,22.156751961701758
342.1644149222237,152.91285496704035,29.527169437648134,21.75367372928681
341.9795145429347,151.71347418412054,29.590702726104816,21.749397508642613
341.78222601064647,151.13278980875745,29.4040136855063,21.440841094192407
342.3413729149002,150.56846417706655,28.90841138910664,21.663314479194426
342.5933483038133,149.31408220632528,28.870778205331767,21.74396805957772
341.72526187015205,148.31128489529883,28.553909614524443,21.877635062650178
342.4085892605872,147.79709027369947,28.27738945432066,21.667420594720703
342.4889632758553,146.75099120841634,28.05228654959067,21.43696710060736
342.336515241288,146.0352957182103,27.75859915887119,21.392510479128887
342.3525146510755,144.7111771668365,27.579524105074675,21.25779718057032
342.1718498776622,143.60543378704233,27.371477421661425,21.04482305224976
342.1955058788009,142.75268975424788,26.937335089489068,21.179913263987302
342.7911599299993,142.1430884092332,26.70134513999671,21.16141000804808
341.6254445195581,140.63765136148692,26.875282131152005,21.189208961633874
341.23978617051324,139.13718798597105,26.847503735037733,21.26235842232137
341.9026313197939,138.7834965127976,26.95503751846955,21.175818348305413
342.28228927970036,138.22966865082068,26.714245470555237,21.081804140847513
341.4092448209542,136.76537412086947,26.87528940799843,21.182648001546482
341.29172619122767,135.54376466343794,27.248787705921792,21.021438863507278
340.06941492039584,134.73641872280044,27.464267343303813,21.109262043801145
340.20236363285005,133.49283114732634,27.63493656926285,21.300031640931564
339.5246325829175,131.6632608579534,27.54684700954393,21.643673867626706
340.2846621189852,131.96501153208428,27.546504319435208,21.8485378047615
338.95442830200574,130.02985735247876,27.87955672550411,22.134631715043707
339.42685841276943,129.6619773889909,27.658094533780996,21.721153651640126
338.1119356625687,128.13472774388254,27.977614650042383,21.69003039279983
337.5287211500752,128.3210297423143,28.169196894729275,21.57997457437071
336.99082292911567,126.2281849208227,28.172738082856533,21.540694353462264
337.44135328527454,126.65396222329122,27.79988538788798,21.622695828389734
336.08806141918876,125.23478858025932,28.459209789310083,21.54920219877361
335.66059472827146,123.12097622343967,28.180705537630253,21.74697023058917
335.5524651847516,123.42335289913089,28.126808449771794,21.644167858439523
334.84340724122256,121.63227484956217,27.900130587974303,21.645516986980653
334.217910798251,120.89401127434573,27.80340094355241,21.71670644610647
333.8694983344441,119.92789151036631,27.80130097206502,21.623532460881712
332.3927877598902,119.34152518949867,27.935838702135932,21.580803014032096
331.68102888302946,118.8217234417291,28.2228650379726,21.367144943409098
329.66421037424317,118.23709142776178,28.576563262362768,21.444837282691697
329.00027289621,117.79333273034455,28.890916427924743,21.597972107736304
326.8189644251936,116.2546286571365,29.34512949651387,21.556185031297794
325.64859997897037,115.55579098812947,30.110021372854703,21.67228540478852
323.8854832692385,115.18613375195515,30.043853287801845,21.426377120274516
322.31470289708506,114.08963299755746,30.37258024609795,21.26837736640512
321.27409975182695,113.98502409966204,30.63335208551102,21.533291403753545
319.94100967135574,112.70129218423172,30.7029205082484,21.348330279246134
318.40471798679283,112.42394449031633,31.38752580043947,20.95817557991108
317.30214379160594,111.60897810687592,32.11576991778007,20.992639587255148
315.53240685556756,110.98698435103155,32.44069257945342,21.01339900198193
314.3089767262666,110.39432958313394,33.08691440078417,21.117418054302412
312.63796445143174,109.35706946081072,33.319563235198146,21.415060538061724
310.56305483763055,109.11720757159006,33.11600941211087,21.57588328429363
312.5025622838077,107.89724154553998,32.89681054644417,21.642544586348
311.01778660389834,107.06893390478936,33.1611147424903,21.72434864768019
308.2937122129095,107.29918990730009,33.02479849761251,21.701727142488966
307.8933018985964,105.94908951839501,33.18769445506569,21.65517375083501
306.10175941348757,106.09970231387572,33.03241592087356,22.032223447024933
305.05604725521704,105.13952200368998,33.28731157854766,21.847270766309997
304.718552541013,103.86287408669769,33.06811802689515,21.78254773470925
303.41655943488126,103.61139748601987,32.81232988803863,21.745744161162555
304.187740938365,102.3657718868044,32.607189576421945,21.332574268513778
302.7259197111067,101.66778413172902,32.079231956170304,21.66797155162138
303.273004996874,100.83280787967554,32.05834565301497,21.5481284185976
301.3549868023003,101.19095789691553,31.710093063585724,21.4237051293416
301.2638917767776,99.92736784160704,31.94187878726839,21.221773806929427
299.92002807244296,99.32804405984912,31.558054157744877,21.2202235545502
300.3799015830437,99.13804775722726,31.470895809181368,20.827206144306235
298.8399732704708,98.13317196147634,31.242689880921425,20.600736422331515
297.9613124544788,97.63882542137338,30.783093759685833,20.448326234867743
298.26384344248453,95.86843862115703,30.729203444097642,20.13593206300737
298.43883543705675,95.79197155310833,30.795719457098883,20.351003560720667
297.52180228433764,94.81473040534101,30.461801038492368,20.210481059273484
297.1737503346216,94.43360130671718,30.513029709519415,20.10334674229232
296.4244862336354,93.69132645278998,30.49162886009264,19.907361372098023
296.16062411570505,92.66908541484229,30.442872945730485,19.881252475093028
294.0251464467774,92.50840000673499,30.105823236741394,20.17020667939774
293.37209694218393,91.10180528367934,30.01874509424826,20.15460951395204
292.10216941400313,91.89025382588677,29.79660650398816,20.205456865801217
290.4237141703212,91.13704038343444,29.748139364932946,20.056646672039193
289.8704637064787,90.23127450540036,29.91268329570031,19.75263744681463
288.447392174896,89.77998122501477,30.139361723016734,19.474074167230896
287.9533730481437,88.03797541156939,30.216464813023308,19.20949055638971
288.1812701845286,88.09583752148622,30.074633208433923,18.857578029151533
286.4814350167201,88.37708373962637,29.981998026854235,18.743060870771934
286.8038344172887,88.17073153718889,29.79933948784398,18.58687261789008
285.68577627167883,88.16211674335543,29.611969546306216,18.559086091888332
285.6788259120892,86.01836311510735,29.601912353606647,18.273531405330296
285.7039040569869,85.98650670800676,29.52330590259257,18.472794450272982
283.8374690474991,85.46762533814699,29.267714903959593,18.68921931128844
283.7211919555439,84.97112256932621,29.01687485249747,18.786654570762277
283.47779854840195,84.5534976714044,28.82562295046512,18.66618948518576
282.1323062338778,84.01062722152854,28.725016888900676,18.80267426282521
282.90562580244637,83.4463640324199,28.69120908206292,18.79755534494569
281.721442821696,82.63413978382039,28.79934164131147,18.963838554173215
280.3821029952033,82.26721911043059,28.593046814621555,19.02421172840261
280.2872652912833,81.6380128847985,28.874810042633847,18.97965448552921
279.33320859615503,81.0114656199388,29.04045531422276,18.77198484555562
278.54717506332076,81.34000135078861,29.016989604966035,18.55907435192124
279.0674180825207,80.34032717630267,29.104826883140234,18.63532544804739
276.73091310571084,79.43169986823588,28.917219199125753,18.510115354899014
276.8823732596185,79.07745740700453,28.643500521813344,18.05262005752072
276.7268040690775,77.83793624663659,28.24370313142999,18.051353368704603
276.9702462843295,78.0951461296375,28.005055878655686,18.1015544551732
275.58748961486697,76.48371651683158,27.853039157766236,17.95397939657481
273.7655827689072,77.30247107913924,27.986596320831367,17.96339357556364
274.76914354592446,75.67247567225904,27.719424827641298,18.0151100248526
273.1510506435405,76.27555883647877,27.770899891366234,17.953429527673826
273.30826452461406,75.14787199550629,27.89639002143668,18.09092501099511
271.4728685541972,75.02401631455945,28.294767754811865,17.752339576090087
271.2551499010441,75.2870767953224,28.196620704810186,17.845423910603763
271.7672206527134,73.31917429084459,28.06981049886923,17.830498357349306
270.6691742621908,73.39797833415884,27.966263339652507,17.826604972254124
269.2231511039176,73.9640767619109,28.278004079874407,17.47036921780515
269.6186804955057,73.54449241827369,28.191582406931502,17.261476891857818
270.4292855449347,71.19178256456922,27.89164778071448,17.302723949883212
269.1188067213329,71.5296165459675,27.77996826094122,17.270071550574666
268.0835569564928,71.72263230485424,27.404589046496,17.33213586109595
267.1325571884582,71.37180669322272,27.461869649459793,17.274939966934955
267.07761551458805,71.2111809766402,27.7972874660893,16.918402486850056
265.85571087110156,69.24367990594035,27.714793461741515,17.070784675094227
265.7306086764142,69.0646013726336,27.461213611824107,16.969997331622046
265.5223815550233,68.2437752506269,27.036100874720827,17.266324105664765
265.5183044849223,68.13761078447824,26.802213084366542,17.3981333095995
266.0547880256425,68.02961698109603,26.558133465542074,17.266081438300343
264.84991407771423,66.99138327449764,26.635000626001244,17.119186167247243
264.3468907094997,66.53221116881974,26.675811711890905,16.845052675508555
266.0211547734872,66.54911551405644,26.571449719703914,16.6415776351473
262.4200799054035,65.599789131423,26.46779520324671,16.473843939156282
263.74680465883336,65.07622428178198,26.098592856344894,16.79965688362035
263.12300305109994,65.63618530555203,25.884253875919377,17.05691255138175
263.5721366903113,64.19661976097618,25.745680756527523,17.04155935899354
262.8777860307856,63.94833728601093,25.755918807298897,17.181738630871127
262.8138827479798,62.843264739764564,25.61710354483132,17.1753681822872
261.60970063144777,63.27570584296371,25.513415003466093,17.305239873079003
262.2734099144842,62.83370992042403,25.390795374237037,17.359275365447644
261.02972182525286,61.4518053301969,25.353116382640515,17.462587357333792
259.7602386030374,62.33742612613588,25.741823332290025,17.397411181791888
260.60692162206146,60.340227315513516,25.775746255652443,17.537741715863156
259.443817559897,60.67446224048615,26.125612059539097,17.48905729396506
258.35330080562454,60.894469646561575,26.12173908538746,17.619557756815738
258.8628981349568,60.33492363355995,26.083685457511322,17.66485553709908
259.4587447733734,59.977621418332404,25.859084456297765,17.596124758661347
257.343993546451,59.96426039937756,25.971778018846152,17.52740102952602
257.5896027919572,58.682401006732576,25.8518747388914,17.53876977056549
257.84145472108906,58.461367479209684,25.62296623404027,17.46727885508745
257.7694540471134,58.059752916695885,25.35333450365483,17.50923131776534
256.49372453344256,58.18746478109882,25.52953675418693,17.228829191545383
257.00765447907594,57.029223207481294,25.278325563157416,17.259724074315105
256.1539877610258,57.56294168812386,25.255469556623073,17.292934443314092
256.32130271066177,56.43505571319213,24.93993866191781,17.471215586597964
256.88731556754107,55.730456772532854,24.84939527752782,17.575315768751164
255.31663919690493,56.723935922423685,24.688891501008385,17.78196479929177
255.0258644228383,55.67641999942321,24.73055236916037,17.678365835508785
255.42287569476673,55.08346204799206,24.621604452702968,17.50072904881878
253.68598228289437,55.33330901157126,24.83984041508902,17.239778918605005
254.56678916626606,54.033166836549725,24.695287667289435,17.22203891943542
253.36106798890106,54.01012846167037,24.650176562851968,17.07481898337927
254.0980917450292,52.641488474071664,24.411765165669856,16.81123373755313
252.56039114191594,53.26284251011721,24.44018861348875,16.733002894580387
253.50893834338282,52.247377395367586,24.137757472922253,16.564739169611855
252.49237308415783,53.14683747064054,24.01966099399677,16.50857836602792
253.22799823186725,52.647632499614126,23.648957773849517,16.533647737154084
251.7049045882212,52.6390134864407,23.724655320769912,16.30305321190238
250.87207672406063,51.20548686428914,23.776837752925612,16.007041976377618
251.81743798350803,51.6597732175866,23.608709018363093,15.782611442119286
250.85313962571297,51.86448692068424,23.491500756536183,15.462288382854972
249.3408614254588,51.301474999346055,23.386506700043782,15.27810485858799
250.51375148227865,51.64027892947596,23.089852734627975,15.167423775691002
249.97956095877308,51.55892195554007,22.994692345443752,14.945422464487628
251.3756587987092,50.18418885503081,22.696583646391222,14.749558284112712
250.35631241424343,49.926478890821514,22.393531992410153,14.571056348498562
249.96605963227864,50.16059610503015,22.29241953342102,14.44488382713427
249.36490448883,49.5860339910216,21.968737784452507,14.416745868147283
250.48161566820653,49.05196400297463,21.718812568491188,14.31338945294485
249.6573901806969,49.01619531887478,21.582890021705705,14.154467280062159
249.122972542382,48.77704743747599,21.490919715335263,14.10839904826135
248.88351111863096,49.221311719798976,21.410657355947272,13.93190494749783
248.48474470558935,48.923215235623815,21.2200425060394,13.786876309116728
248.05871847749242,48.80162098174304,21.031454727286068,13.735700602934795
247.69516318035267,48.42776618215332,20.766930297018003,13.729380332080975
247.51781578509522,48.26999850221853,20.585653326783056,13.643315927126645
248.20458382327118,47.67993686154249,20.373008068073364,13.688160745115091
247.63339861177494,47.34152613477577,20.19698836006918,13.638170849256584
248.37196798760075,46.04039316760052,19.943382761951476,13.142377606208399
248.5792295048163,46.56182112251013,19.69908721043529,12.777407705605489
248.79354346055473,46.39299737350227,19.550115709175735,12.65631175059539
248.3006112118249,46.31519061415795,19.144379120972513,12.402323282875804
248.2574698958863,45.86020418855057,18.914905580908005,12.11103354082121
247.83885798553484,45.85054042160797,18.6896575350032,11.85656150629173
248.27591552026948,45.50851171637289,18.50153548130009,11.660287638914594
248.20901246213307,46.07773830660852,18.2750475535551,11.304352964493436
248.42709800144323,45.38038286074841,18.022809434968238,11.201550681202974
247.8392180304474,45.405547233301384,17.732255299582544,11.385706131806263
247.82094053472824,44.58899759188951,17.54323059710741,11.38903322835072
247.04504264838653,44.61619793058297,17.138787623147756,11.468086843976415
246.9990717150018,44.48688830463279,16.904600947493996,11.468236782493662
246.9668456694037,43.57438784795132,16.838936859104706,11.274964103861365
246.2914357165614,43.36257380774625,16.905464662929273,10.98934507199733
246.6702474605476,43.28782896188909,16.797144611236135,10.900404666012498
246.2666308079495,43.11557683502373,16.788859179593103,10.7555323449885
245.93734171477,43.11678164244316,16.98881848663379,10.618410525812521
245.9233584008962,43.07176228701927,17.12052933809531,10.501602448134717
246.33790810071622,43.43565414933251,17.059397758622808,10.31284200365198
245.37112713420652,42.715797526248764,16.89369149362894,10.297378419527723
245.0766767427962,42.79807977965901,16.972440115328222,10.223223184126269
244.4342697751701,42.76239457422049,17.043268130627993,10.16077134761734
244.29604368497542,42.55824553675302,17.13997629091297,10.271478004524393
244.0581445378397,42.00952580892195,17.06483901875908,10.485901350719981
243.8694482254557,41.30974038362521,16.885146844714214,10.672918700184308
243.16834430399572,40.97653651588161,16.69828353303975,10.631686562643713
243.33712657082745,40.20272706973811,16.63568416642185,10.335183760365897
242.8712602452176,40.90102216380939,16.60687163541347,10.008386438930184
242.84964212977465,40.63934788177721,16.581502964866395,10
242.34029436289507,40.09221246908419,16.761918476481227,10
242.15501805482646,39.78239265154116,16.802013792670706,10
241.83528395428706,39.23048242996447,16.808310137346155,10
242.31192023811,39.75607678364031,16.644621133504906,10
242.05646047923702,39.53033304284327,16.37905443327527,10
241.4587581434107,38.756479264004156,16.215703397187077,10
241.61896714712037,38.91587843070738,15.937271199570775,10
241.3055665925259,38.00358255277388,15.696010647039436,10
241.19410293238658,37.19537200103514,15.622444943684116,10
240.61543547496154,37.44773869286291,15.683250613157597,10
240.88574708839135,37.372645933302465,15.697696296419917,10.035424583814347
240.35808430522974,37.314291164977476,15.801710751292973,10
240.42192472174344,36.91357131372206,15.870031403255638,10
240.53840682585118,36.34944970746456,15.847232859593824,10.03734291058172
240.28021393912567,36.154806812646825,15.698307356132156,10.229224881848264
240.0100510407083,36.03136896251008,15.673756417756456,10.145333576439763
239.83017005170043,35.66548717609522,15.435989818921323,10.171183843986897
239.45825525270178,35.74746628655105,15.505241882719876,10.045760394726253
239.11667220688392,36.144258132902905,15.547697084062477,10
239.2768577767028,35.25994413229637,15.616617320300199,10
238.12182554015897,34.94807311031036,15.799345529731237,10
238.1479957845526,34.84323408338241,15.846007089317197,10
237.9051228113805,34.6477988276165,15.908251871940331,10
237.18736471933929,34.18563806149177,16.083832080947982,10
236.99218350297537,34.91786765190773,16.222722725984678,10
236.1749903842079,34.696228123037145,16.310260070354065,10
235.9375921688177,34.22411937150173,16.5399159337125,10
235.30089449312342,33.65081394347362,16.63519663246742,10
235.29413967280624,33.321982628433034,16.719834090136473,10
234.80984438516327,33.6859647098463,16.87601699301719,10
234.91629818536785,32.918405598727986,16.933394224131916,10
235.19332499831492,32.47041944297962,16.712557235610724,10
234.53187271952518,32.854519731132314,16.971031079536655,10
234.1678330391777,32.182973152725026,17.04590820453288,10
233.15315569701855,32.5998911622446,17.017294987621362,10
232.6519694243985,31.56781671079807,16.979579952180636,10
232.76459441472426,31.147389507619664,16.996051646329004,10
232.96987460444373,31.66617593797855,16.90975254480414,10
232.34581419293178,31.361443436471745,16.929979896110165,10
231.38410502141875,31.586076414911076,16.90935007286125,10
231.70075123494445,31.07583913835697,16.628751173746743,10
229.366664177068,30.409356510965154,16.483936054575338,10
230.387456074534,30.92758282017362,16.25040062714365,10.054739865485045
229.94275763426552,31.1374378626073,15.99942082063077,10.080626892796491
231.11987435262608,30.430910414783284,15.69602370860136,10
232.1392151979655,29.62174809607677,15.6794074189998,10
231.71258835600528,29.118240303127095,15.633363388686867,10
231.00752718640854,28.47322047385387,15.655503120992542,10
230.54312204920225,28.876947766868398,15.800299706840821,10
230.41835800755842,28.57862032088451,15.593544429408805,10
229.921133031985,28.871061748592183,15.668304188809872,10
229.56011596435025,28.899558138800785,16.08650123334873,10
228.19062362919132,27.743377876235172,16.312017399714552,10
228.11774965571968,28.168726038886234,16.624126067649907,10
228.26492362395717,27.123503398848698,16.722166087555745,10
227.33211892770197,27.70115674729459,16.686819683824435,10
227.3846451358446,26.96353913540952,16.644473976447212,10
226.6046164984469,27.610360693885013,16.615421472838438,10
225.91044472130488,27.733282406581566,16.544659893112108,10
225.07481887297325,26.715300996555015,16.233286582145965,10
224.39694119767202,26.97260167147033,16.105638607667593,10
225.13313836969138,25.911308069480583,15.783066141108392,10
224.4713180567378,25.13168724323623,15.653528957300296,10
224.07621843782724,25.434820015681908,15.89487289040341,10
223.4028860525453,25.549592752708122,15.955835551630383,10
223.9625536941948,24.304483433021232,15.72044621025647,10
223.12412950952182,24.80887856031768,15.493153272725266,10
223.78745819483444,25.020747263683006,15.447053176918478,10
222.9659073894698,23.874608953250572,15.497588893520856,10
222.49978083046517,24.061365951551124,15.548755364019609,10
221.99554965799666,22.830711115850136,15.341207496058336,10
222.6396917591137,23.151389588369057,15.167691560502139,10
222.20994684839746,23.43852858687751,15.389228338950602,10
221.690427725036,23.386032775742933,15.677619875277715,10
220.75184746327398,22.421081200940534,15.827195202306708,10
219.80167756409892,22.294252381427214,15.818682781075196,10
219.1086028733394,21.940016046864912,15.963145937656815,10
218.33731072214132,21.166412726743147,15.7911234781206,10
217.56644093741372,21.637089983327314,15.678754642462613,10
217.73217611794055,21.34595297346823,15.716492766296977,10
216.64113192973525,21.611334041459486,15.693616504951246,10
216.97329225085522,21.522216834826395,15.815003276861523,10
217.24658811067363,20.46142963389866,16.05467889740802,10
216.84781497329075,20.651330658001825,16.100337373864413,10
215.48383492788653,19.375179000897333,16.19431480628664,10
215.35928486104356,19.684811242623255,16.096993429991425,10
215.59419912792404,18.632455953164026,15.904999013643016,10
214.85584634992844,18.81713467161171,15.714882851418274,10
214.6428888154471,18.59756747703068,15.75794268385066,10
213.49887938330048,18.59095273562707,15.649322201067513,10
213.90093513751415,18.898825358832255,15.72510298227867,10
213.70979749478394,18.856845867121592,15.783874117825285,10
212.4685997798335,18.759713527048007,15.595999581600648,10
212.59217611632064,18.596675735199824,15.31099512424809,10
212.43876985392845,17.884411972248927,15.233979485885516,10
211.73909722400273,18.409526270115748,15.011688951097359,10
212.0925712806144,17.87272147485055,14.981797150435042,10
211.04583177538333,17.610841732705012,14.945645595253914,10
210.8330366277261,16.705422383034602,14.94532669919834,10
210.8547642760223,17.01193929859437,14.729579930051742,10
210.13970998416573,17.238817494595423,14.598080556878614,10
210.2020672283737,16.317934673512354,14.448230737606803,10
209.4984858142195,16.518307443941012,14.502542294285862,10
210.10825964231194,16.42680759378709,14.529014835969324,10
208.73327161695752,16.341322500491515,14.547006032933645,10
207.9888696759681,16.403860051417723,14.429605285968163,10
208.3525834768235,16.467279728734866,14.310461740444024,10
208.66105484508898,15.325468238675967,14.167188979909028,10
208.0284747141425,15.521786641562358,14.331524647304343,10
207.62378528231463,15.511861661681905,14.4270139717183,10
208.00901319703527,15.49145644926466,14.553832874866739,10
206.9756117044738,15.440981779480353,14.527500026249395,10
206.6596911103033,14.412639294052497,14.549407838278148,10
206.95831342545665,14.513272490585223,14.523582268201732,10
206.0933492780203,13.936871972167864,14.485674588381132,10
205.84739264576487,14.531653251731768,14.423458073553135,10
204.94769539931195,14.515163770178333,14.442825176932601,10
205.20798237064668,14.500540943117812,14.440514097422366,10
204.2619151982911,13.771568925352767,14.368906543596857,10
204.45561011806478,13.705342040630057,14.483900174584713,10
203.1454111477553,14.129720703931525,14.62099528355391,10
203.32279899234672,13.056733981939033,14.67793167461135,10
203.31029461622668,13.040416310774162,14.760122843171253,10
202.73056164443372,13.369608502136543,14.737156254446669,10
201.29389731653995,14.003132264362648,14.886957240327602,10
201.23356446484257,13.014496545540169,14.979335484557485,10
200.53941531226008,13.303905825363472,15.110552281086022,10
200.95713182676548,13.163958589779213,15.1391354273453,10
201.09985901655273,12.260664801346138,15.031318013880087,10
200.18509672768536,12.487446273909882,14.887884146065788,10
199.74565271802228,12.510096022160724,14.880186512563714,10
200.41196911019802,11.046014496358112,14.8254060250415,10
199.62264895632916,11.497642346890643,14.767560160103123,10
199.20935225209735,11.93842259910889,14.80135326129286,10
199.6508068825168,11.18444309500046,14.579131327838951,10
199.84643456665424,10.608708002837375,14.453815821100097,10
198.43467450243529,11.064830997260287,14.601842947600131,10
198.46688415112553,10.455782273085788,14.749270866110514,10
197.23239053354934,11.119206049712375,14.945824820318062,10
197.10488024041607,10.333929755957797,15.095792413883087,10
196.64474504276853,9.958274730714038,15.382986856648234,10
196.74433378111044,9.729770132573321,15.589537124066926,10
196.72755619440795,9.332999059231952,15.69894337282312,10
196.29078695373357,8.868804910453036,15.754235370369113,10
196.32618975695294,9.33395574358292,15.862683163302453,10
196.27361685160807,8.876536020310596,15.871764562888483,10
195.9574870890734,8.390779384644702,15.801644444040752,10
195.146636557189,8.9594325509388,15.825633587071327,10
196.26578803471247,9.154904210241511,15.525861315541812,10
196.20905977189116,8.294802987249568,15.452836544168314,10
196.33112115252513,7.761607551248744,15.242830598675996,10
196.2326798367081,8.540117227705196,14.988288542209272,10
195.37437335435115,7.871374869020656,14.729734590075902,10
194.18401389554043,8.339044922264293,14.627640387809054,10
194.63964511059052,7.520903342636302,14.346081658251327,10
194.72625861675323,7.873079800279811,14.30391430743352,10
194.41817826832357,8.128095501335338,14.306990211202006,10
194.79708980700536,7.191388839157298,14.11466936019112,10
194.050403833981,7.6823733386117965,14.12485136578728,10
193.9657693455078,7.135175698669627,14.078270660044968,10
193.39249282732544,6.901306786807254,14.189216477667307,10
193.56391769315553,6.38568822410889,14.367341918526805,10
192.81386875092923,6.062205591471866,14.356288012360501,10
193.00647539987887,5.4071710493881255,14.353019102612368,10
191.88876268401123,5.927294173510745,14.443781677291987,10
191.4453266092371,6.668638863833621,14.483173172123799,10
191.97388043976875,6.101453342707828,14.582096881223444,10
191.46653935858413,5.673855879576877,14.647730107225646,10
192.29463542827725,5.434664302738383,14.62415520302314,10
191.6080314797831,4.969683938892558,14.593732604939962,10
191.3695464516153,5.8966067370492965,14.69338007688496,10
191.10341455728263,5.448621982010081,14.833278290713542,10
191.43397062437265,6.034388357074931,14.754010367158234,10
191.58198090558673,5.435888045700267,14.527147703156102,10
191.21117546598762,5.696476035984233,14.583708690882448,10
190.74842053146088,5.854270615847781,14.650645123198913,10
190.4638203650237,6.061705463798717,14.660987836310834,10
190.9690846056946,4.911224239738658,14.56222779140094,10
190.08897813925677,5.645084672840312,14.470989804171584,10
190.14207483888958,5.208644890459254,14.266756777830762,10
189.54651638295903,4.976568767102435,14.06244538978802,10
189.45377988807664,3.651697946595169,13.831431907661397,10.11705397698255
190.0090482724207,3.136646648188197,13.675652829402974,10.17021272327922
189.1568085346387,3.1912407108185707,13.513197051823623,10.20262435747797
189.27088933182017,3.023892636664674,13.690482284872367,10.080343823838055
188.74357280271698,3.1185586395419165,13.750044826015605,10.022256984146878
187.59214133130604,2.819237382384017,13.748555723778257,10
188.15569162625656,2.477468640776351,13.767930210552636,10
