254.5,0.5,52,100
253.41669544282485,-0.5440886709780983,51.60852319592378,100.86679028345972
254.97165198858355,-0.592684155362484,51.53032215961271,101.12261111668276
254.26319781494675,0.649060060850374,51.72201685999754,101.58312364365341
254.59534674132559,2.4462425720252767,52.06073690961415,101.5686953640862
254.7698393587162,1.631737925967542,52.71183273714977,103.8730891180814
253.94629747097787,1.109178702389812,54.30606981639872,105.41057879655438
253.41511052183455,2.6848246142195222,55.458702141649596,107.5601292580512
253.33704482332843,2.226292107916379,56.64353257907473,110.12820645289321
251.76102397589858,1.1904846556462942,58.63306578623305,111.40180898160177
250.869592478903,4.138065433513958,59.962618171360376,113.63680298922094
250.66000297730884,4.257683913324911,61.356589833831364,116.17464608865055
249.129982858959,3.7641153291751053,62.93003825458253,119.95194224399545
247.84160105113,1.69624366252593,64.86200704850135,120.23927497090952
248.0387943836284,3.2764189029911037,66.40822137475362,121.58323223686638
246.82256234604603,5.042352163787868,68.28404762633672,122.77741799951357
247.73578579112979,4.86886235082919,69.17347850754678,123.93198793123614
247.23241961187372,5.58297427282676,70.29972742500405,124.07378285555154
246.5787850147463,5.6200811611771115,71.8253206099615,123.91865780012617
245.84426214363643,7.647360414451242,73.58033692083819,123.75742915235782
245.56485437773554,8.644636062577895,74.55177874892179,125.22040787777199
245.53418724589673,10.600307270650184,75.22354331283513,127.01370823430197
244.70641910046618,9.116510450741373,76.22008528664148,126.96331700702365
244.27839987232457,12.034646103093188,77.37870150672059,127.78293330607978
244.07153032227893,10.701196442377508,78.59989286825973,126.60211701128495
245.63237784062053,10.768695840692345,78.94824387497253,126.41227097048198
245.2668383847851,12.936528180946034,79.88644272835484,127.07385589324609
243.81968532241814,14.082004707416466,81.45397556722298,126.93765008800115
242.90779652091987,15.192541568709267,82.72895401307687,127.94476774114797
241.43100683654112,15.397701295235393,84.62381565417326,127.54873619758857
239.2068992577406,14.552910130341402,86.54622867630681,128.06743630233993
235.93271033435232,18.642046359185557,88.44779265360701,127.73457800633375
234.62392226755145,17.82303465334438,90.54769446031207,128.43933453988805
233.2700042873028,19.516691212037415,92.20808154728945,129.0981477881636
232.46445079918954,19.823042875142562,94.08549307607109,129.97829071248736
231.09394997080562,18.759727475095033,95.80521432493332,130.80157213685763
226.1377100771839,22.96455297180131,99.12776882302276,131.31049452296168
222.69197876656318,24.55855137538599,102.71006978120872,130.14837948306527
220.26368950069016,26.500346286167982,105.95351202145088,129.71956237230145
217.98262681947466,29.14052108256965,108.74650691551335,129.35994432399275
216.46945898055986,28.32510583736368,111.31054548159327,130.32405436448022
215.56675954245233,28.981295178182535,113.08991928048027,131.19512781220652
213.96676911352628,29.394682329127576,114.7819802307625,132.11697521251065
213.0816554698009,26.84432223430761,116.22061939894485,134.20851080322785
211.77759063166644,32.006014808760426,117.29889167813431,133.9883847409311
211.1988005294088,29.013679455617336,118.3174141867839,135.7841397176946
209.38520551502174,31.262031935703078,119.6113825415926,136.37162941770987
207.17553777028706,29.900293376799993,120.05514043821219,138.29529171522643
208.2109333372923,31.86442906313576,121.51899009323374,138.6683742739819
206.63550082931476,33.427019149984375,123.24866329762722,138.80611400308618
204.51242504016395,32.44503965769273,125.17330241522023,139.77028738557672
202.54726007453468,32.3178279269429,126.6648334420598,141.073016358551
202.6616228795529,31.380683839232773,128.43012066466497,142.14590816403717
200.81649845755368,32.15790863316323,130.28139336387278,143.4160108737684
200.86211871892158,33.429154496210984,131.85873349242024,144.6196255338576
199.4025022155798,36.76585136843573,133.2005088327067,144.71041769486465
198.04443741319432,35.688485769790475,134.7362728750387,146.55330746387529
194.83879303946281,35.962209377332144,136.49422462070117,146.50747350810744
195.0394892643213,41.945859535451916,137.63767846729462,145.1819721649514
194.66370007946364,42.08977369820329,139.6571279784437,145.65758552131052
193.97756661031988,44.969848969993905,141.26697201235896,145.53178718491313
189.39582512157216,40.638742856618535,142.9785406793991,147.0244890471314
189.4201336390264,40.346568774055896,145.61409651321924,148.79037853591848
189.18276557893074,49.79561045136336,146.86613632908927,146.80463725283676
187.96628366364834,49.358828398799446,148.5462290635199,145.4949371024409
187.12430533795893,50.26061098873379,150.62176972383082,143.99377489574726
186.4164843980374,55.623468535884996,152.41512278054614,142.27443797527297
185.15799622606477,54.59562427685327,153.85749866634626,141.6889872244613
186.28048465846598,59.69476249647492,155.32414380128444,140.24963813049388
186.1706793888608,58.251469377792475,156.99050140508524,139.1853452708739
185.98558947229034,61.58978465285685,158.4668899202864,139.31807093336113
184.30332748235233,59.638462464345764,159.72654119661019,139.00105073671386
183.64849110643337,59.40752903831593,161.04241047479297,139.9840041623743
183.5262233502356,61.070547737057055,162.16818414970606,141.18622127386422
181.36362280564995,58.73903786467004,163.539969845048,142.55968546901667
181.26099817374836,57.352503942926475,164.4804238651111,143.79199815980147
180.24392214571853,57.44958504093317,165.7597440110374,145.23726899010185
180.8169993071917,56.32259069256655,166.05163614347435,146.42018951914864
180.47937897071756,58.238223180129864,167.48152842250553,147.09611620204203
180.6045892612105,56.33039884087458,168.2912539348882,147.9905834401992
179.4747468011057,56.0926443585238,169.64415110199266,148.93769821244356
178.48053647460665,54.841821325678566,171.14948481136435,150.1020848663222
177.82338843825147,53.98063266429914,172.1241104047771,151.77623129517113
176.68415469316977,52.60297013107483,173.67674495579254,152.65951382488421
175.77189867950653,51.135151916384245,175.36471515460585,153.71126105596215
172.79019873316741,51.51032029858524,177.43939501173114,154.58618929381083
171.5643538520485,50.09677002875685,179.20359127087522,155.96139638463796
169.36086243319642,50.517123474406816,180.4813309731271,157.00405285946505
169.0820342691154,48.964589339917566,181.4161914512506,157.51870326650507
165.88130583979444,48.18678264014278,183.12414254588498,158.18826113693706
160.44657694987364,48.88688106171102,184.35952897562893,158.84861569875358
160.978166151505,49.36077224669076,185.21727869297928,159.53449531419145
158.76288262655805,51.12021049182498,186.29338955657863,160.04032804862393
156.25051934650145,51.996875592534465,187.35623137967707,160.18146651232794
153.5520270270991,54.64240872352883,188.2825605771976,160.1501978234288
151.39356477729228,55.51485419152122,188.45448891058194,160.39488358479358
149.3911983632604,58.62749752385304,188.56506552107064,159.70205760967463
143.876648106146,63.82204396364395,188.43602108443275,158.30660276872806
143.21745831388827,70.55465038024694,189.19230806669526,155.66718224814414
137.8071040990806,71.56520356767989,190.43478754581014,153.8639895605074
136.49687684709306,70.92933832377759,190.9181513668018,153.09847692048913
132.55325402358488,75.571109413141,192.27161167064796,150.45579625299277
129.31319405045326,73.58444159472856,193.2417528457015,149.94969120073074
125.93628450847552,78.96396969908383,194.59440787478638,147.02729776133782
125.54864337590054,81.81385612171209,194.6469089586009,145.63799120560157
121.50630309469734,81.74979873582727,195.69559499128317,144.98650482065963
117.74644509072921,84.1197812239812,196.649361559217,143.75821687110042
113.63980359615128,85.47848082179623,197.62632023807012,142.9940177773228
113.43260291074535,90.45989074690571,198.0214265087593,141.27691116105157
111.27457699656253,90.79414765312131,198.31117838366424,140.8261530686397
106.51811712028015,91.70820126677359,199.01217224816747,140.23565212833773
104.60837668249809,92.5456235636737,200.63888097369193,138.96475792773742
99.35816469560314,91.51243392318466,202.244801354037,138.35130689598662
96.51213555576739,94.07149122324948,202.86208632209352,137.15922793848088
95.19970973530671,97.00682500768873,205.2433131417096,135.13446471988314
91.15705782200453,97.64470878305829,207.08659254662206,134.15978222401844
86.18030430736744,100.56688584088876,207.92353863992213,132.8062933389178
85.94453125422609,103.17663031772284,209.5847559049954,131.6330890608478
81.78562822623205,103.73085898418623,211.23207217292807,130.98601709722186
76.54692230631404,101.5728058879042,210.8310031015092,128.55949614592606
76.89011781413024,105.4076895350723,211.29085434680974,125.47546703365774
73.76923822974305,103.00357192563217,210.86898255321228,124.19816338840224
72.48673716402193,106.20983818418904,210.94215886563902,122.0050985112116
70.00529794905869,110.49921649383397,211.93867124293794,121.78033626142857
67.89018096812828,106.12542389278636,211.51168245699603,120.7340171590194
63.02063358369972,110.40164610983754,211.7930755428087,120.87939911041508
57.036964199963066,109.67178461186148,213.74534911710575,120.50444226437196
53.96704655357712,111.32324200772102,215.46225273873506,120.08842360607574
49.324253515039416,113.92703487736796,216.73126681721428,119.61005062770715
50.51847112760325,112.13578479407346,217.07995317411786,118.84360040824878
43.3243662786945,113.27546029919465,218.6678784862542,118.40686369110486
45.26222065447553,111.90097194012752,218.93923680469948,118.18438555045921
41.1784244800227,109.60451334169521,218.22173451096597,118.31609249646934
45.436894195423775,113.7019701783365,217.7130357799319,118.13204880304517
35.258711412778794,112.09900024482621,217.15665873047575,117.37502938051493
42.27878436115249,116.79699679670344,217.10090499986606,116.49664873403589
34.91362796165582,112.4871147750521,216.11103633371047,116.12586464348847
40.443819391226214,115.45004832784633,215.6935119798187,116.08344041662315
35.93133570680121,116.47142054505997,216.11258049155202,115.18410130045605
35.64553994722843,117.85568941978158,216.0191960695164,114.60820004088099
31.304186181387735,113.94340479513187,215.39304759076077,114.59740113374733
34.46964115943078,117.08645963544083,215.70315984002747,114.10318350482616
31.276599217743353,114.44011466729177,216.32208473826438,113.94058979930912
31.028227331477666,116.3247537728889,215.8668267007219,113.91449543935693
23.042097624929823,117.4363849136187,215.19259220207442,113.98028492906128
28.868758012279173,117.77197890625702,215.94183070777123,113.49576396887389
32.48959969373449,119.33615958591074,217.11930628040747,112.56411605713726
24.726133371941785,120.23513638882302,216.29399550053097,111.6454592905499
33.24510748546922,116.94194782212024,217.11755659659622,110.70973740585853
32.898930021849395,117.60929443588145,218.19827604748508,109.62252089020535
34.268357393845065,117.63256159363739,219.23483100198007,108.66656620363787
31.997188408503263,117.72422558858707,219.76924632328013,108.0885038311091
30.678474016980175,117.78327236432075,220.14428139332887,107.50366377056659
32.860319072555086,119.12185831881075,220.83024052076547,106.70985653901579
34.397948517977994,118.67572437406346,222.40087138898338,105.73124501681299
30.48984816732323,119.42099133992077,223.31277902999017,105.30347036530313
31.732576424178518,117.51892058207633,224.6925740574173,104.03422902653034
26.514161049140313,119.11446341574947,224.31158807317973,103.61916650867441
35.42678486573354,119.53364091142177,223.82013598747864,103.28833815345348
34.20180833479907,117.17647113064773,224.54541708947056,102.40110090988682
30.870244567619267,118.85128361887236,223.0551155924581,102.2134935172846
36.53193447972497,120.16573435686917,223.23508888714318,101.41836434296486
34.89521205171992,118.31834960350037,223.36542036844318,100.52323764761508
35.872278430298024,118.23478763112448,221.5041054318956,99.91506484468239
35.96300330839057,119.44240279737463,221.44768047124273,98.74111888260444
38.35114681659566,119.91436964436312,221.8372455246873,97.45541194686912
38.68649887469101,119.32887001638889,220.85076100726673,96.68660378780902
34.881472146780325,119.39132713816082,219.8597345222922,96.03628670031297
40.55889372857632,120.34294747577844,220.9076938260464,94.72338228825751
35.903245607358855,118.85764397877375,221.87319634442127,93.62508106769782
37.935289784318215,118.97864612962027,221.9223053171627,92.83034227179547
36.80914356724081,119.00895620420646,221.37215400856545,92.12681706614651
36.08678265469007,118.56010004672797,220.71922387520135,91.79782061130521
40.728419764489686,118.43514688274269,221.55911383254303,90.93547076995664
35.000994406477815,117.5171981750133,220.88068093345447,90.56054989470495
39.709676812712516,117.17244298949672,220.9126178406506,90.04886407204305
38.86773830454898,117.71816598741987,220.96382183184645,89.6904960195218
39.202831083638486,116.10224360136769,221.08851213388166,89.0133735350801
35.98855527178563,117.31434456827098,220.86398138682932,88.74244685266208
38.95414202228392,115.3730316405312,221.7612962357473,87.97257207871661
37.40229973650963,114.88075844802576,221.41750346659762,87.91980488321448
40.247173244140285,114.10127573884704,222.05683274146693,87.30201010488614
35.82399008955176,116.35332594369082,221.82575211308296,87.14813085227254
40.03340482625053,115.89662834736484,222.6564114702518,86.30030797394063
40.45559322752946,114.6671564974142,223.3819200408095,86.15583260836645
39.06801020156945,115.28128290323905,223.8257896487903,86.0597778920384
40.98199266728483,114.58706173777212,224.42347006876946,85.77568241932235
40.65641376055052,113.70152267284033,224.84523998796527,85.663728227256
39.87313774785534,114.71382725596429,225.52224818200722,85.4335043749958
37.9122607104877,112.58127257039502,226.52433501278497,85.2511983942667
41.47673915694095,111.358246102595,227.12052870505303,85.09664631888037
39.595800668991444,112.45771704240633,227.73030058794973,84.78983409891042
40.97988178645312,110.73485387898009,228.11381596151637,84.55537749195554
40.444174423680224,110.63886522634957,228.58163548986138,84.37934573659534
40.91796155713031,117.11791112301042,229.4134117421415,84.43806436044892
42.23144061093302,111.42663047759439,230.87749662998897,84.16152225772628
41.705428875762635,111.36270603587408,231.16992864010177,83.54142571327232
43.0882477520494,110.65499604673323,231.0645627705391,83.07549016749088
42.89333417689636,110.62704072944483,231.33748660089032,82.67317793600935
43.75362204330423,109.63168943261519,231.45747249641624,82.38825077083379
47.042819434330255,108.46864103654062,231.84822396604267,81.6753720857643
44.95946847800167,110.07474549671991,231.24653188532216,81.08243754322858
48.29486289407535,109.32279593100161,232.34618840000707,80.43141848084807
49.381843784518594,107.46830602403384,230.99808777510736,80.42034581408599
49.197433529290095,108.4415927918289,229.9384708141746,80.03655695027932
48.712731337736614,109.17967905451836,230.00132353817435,79.32108864424166
49.046949449500616,107.45423754433237,230.88886072525273,78.83093949336424
50.33758606166816,107.43803052478029,232.8752535546896,78.21036503902587
48.49344614256303,105.96117052796356,232.6777816686567,78.06440270157412
49.69132756837395,106.76370205164126,234.65315023717037,77.13125119186597
47.488477126770576,107.37334611908048,235.81893670311027,76.61670113748909
49.84387736299553,106.89111556806084,237.0199018060693,76.10080018184252
47.90239230835533,115.91822397395943,237.24968988562557,75.67109127409807
47.92411576432035,111.09452513691575,239.08858423937394,75.00925719006776
46.48195296019196,108.6500543327123,240.57334725035594,74.50828810053763
44.03145611402647,106.8629575373063,242.75549223739517,73.99291116904129
43.47790932017017,106.19123669194268,244.72573618330784,73.30045632008043
44.04620551493889,105.92858329457411,247.04585961599025,72.59931326759617
38.686790333869126,104.79930638057857,249.21742874003164,72.22876915704968
44.91457520401667,104.16604404837047,251.37164503336692,71.8881705657362
51.32870583124115,103.66117752282065,253.78349608360546,71.37704342167592
44.57536807695462,102.64604252519058,255.57535168403643,71.4775522455951
50.77856962215955,102.0418602220432,258.26325553942735,71.13949961556176
43.25893359616961,102.90414237654603,260.91847245377295,71.20646257782684
38.028119892105394,103.07227974529758,263.6720634391719,71.97635313020261
31.802965078827356,103.51693298226283,263.22442384697797,74.01898101296156
28.55706213118941,105.12275341731235,263.5129798109184,75.57425927890986
44.73205918231514,103.60601855566185,264.71321382756344,75.72330121633748
42.02547966998367,103.06777847228254,266.42672208776105,76.24643701416144
50.776709571960936,100.40199892034701,269.46558308458776,76.1645749640103
50.01305624856184,98.97902445624996,270.2541666917589,77.70676693991861
57.10124846349166,97.96025712537619,272.8872171526463,77.30231718661183
52.4858228802114,96.65653842500545,271.4335304316336,78.99970884436473
55.47581448465374,95.63432310016165,268.49753664268604,81.00793514480272
62.141073946161896,94.65513990900905,264.52703263513604,84.04712196835398
67.05367991978443,93.06910328751815,259.9205535217533,86.34956314603961
71.40870202750287,91.15065356880841,255.34572458875658,88.56204468241995
74.52482763546914,87.73946080052457,251.58751102007136,90.29631214266317
80.91301891980652,86.44864395296817,248.4724176664845,91.07697862128427
81.95740748740828,86.72342487068985,245.47084892151688,91.91917522776596
87.07971210354009,86.32972640682011,243.06753493156282,92.9758436484635
92.04483065053742,84.78088380053921,239.89901086552226,94.57352826497885
96.42077955247792,80.55558104086212,236.46542093822816,97.54054508880691
100.28637038707173,72.11135220587752,232.97363059594485,101.24567985228197
106.87384845417577,74.13423731636485,230.64372622717866,102.38537925868768
109.79307064555874,74.57308800658251,230.0520193245763,102.87316855322489
117.19838978534352,70.3926719324286,229.48285328926943,104.0766854473213
117.36372536183988,72.61147151594145,228.6620461387429,104.47549394173357
122.96028936371886,70.77362404094487,226.57307176810264,106.16993836720589
126.01802752007866,68.73755658194774,223.3230479833829,108.48829566202355
133.79473083592126,64.64760848079797,219.8922619342783,111.2031802676434
142.73873856035078,77.1128688805333,214.14739109296318,110.65840356302138
141.2884901162517,73.15153277995813,210.5419904591887,111.85929117249691
148.81545526405236,67.37739468083929,206.62775533112887,114.16736923535862
158.14968879556406,74.48533125417447,200.43381085874267,115.70053287762867
159.29649809920136,68.85052662178288,199.12117276694812,114.82737518989721
162.0387138551651,62.67198931953096,197.37704381773426,116.335069301237
168.46589025720516,72.68792628333362,193.07352471574154,115.91105403146858
167.48594027428894,68.24465606773906,190.77705795183766,115.34722272040918
175.4502014708799,80.63649648770271,188.3665027827768,112.91976975523774
177.82453188606496,79.23188589900082,185.63020562466318,111.19223727816153
179.81433040891628,83.53199495563847,183.35308686856473,109.71267565521217
185.21788323231817,85.3170929609946,181.0354936653034,106.74413071700204
186.1443889518876,84.8520764905384,179.24380432662508,104.25622804809694
191.5210985010682,88.31010716334082,177.52534597502907,101.2175351526569
197.06194334365316,90.37338494113473,174.22474273471386,98.61426307866697
203.80653282243702,91.41313755876955,172.0712437850807,96.49032972582407
209.09643681259868,92.05342559610312,168.36069563904692,95.78076173736143
212.66768251607795,91.39523030905218,165.9533531387962,94.97876389708038
219.91434739044828,94.65792128071595,162.2625489103802,93.69401877931438
223.4221498437298,94.23325847727966,160.8257036740747,92.93127620991741
226.22244704319974,94.28500642552437,159.89554231956848,92.53555864804562
226.90508814312815,94.49311870528993,159.46640631941483,91.47983317251034
228.24612446248352,97.02596098695432,158.4378958688526,91.08782891466251
228.9680646839473,95.69340922037568,158.50162598538856,90.17918052139765
232.61777762079018,95.3466021360006,155.73837297852407,91.59141510965009
237.05158239150413,94.23297773332968,153.23804058248191,92.88944794733673
241.2087984627811,93.34931005621176,150.3489171443042,94.39491640422798
246.5682786003485,92.50128460911199,148.15303006558054,95.48287540761562
247.9408977801765,93.69001598966966,147.49666485388903,95.13621871110597
251.3852853813379,93.1697597532167,146.33061981132573,95.11573131371162
250.21939955314264,95.98616051257507,147.52047078194812,93.97362002631812
252.50935424203942,96.15316914075251,146.8978329800823,93.67306712349485
254.71375880932248,96.26940043550306,146.27274719985573,93.86590697988225
257.8228520845313,94.56516722652928,145.85196970705536,93.53081332206992
268.46389983033725,93.28702582181725,144.98180239232323,94.3015540010237
267.2134443495603,92.9720457249482,144.99296439910432,93.93182598665861
269.5142564450915,93.50574531292341,145.64023633002057,92.97855899896878
272.2806051237857,94.04805336511339,146.40160587860763,92.89241790975223
274.38587985896714,94.08927914643932,146.324752964336,92.90918069231711
278.1192773516193,93.02531993043957,145.63799395162687,93.61435830724662
281.68038952030633,91.91182908537351,145.66638387588006,94.18184130581989
283.44473801184245,89.4094980414205,145.45008651858603,94.95814798601107
290.6599048720745,96.63435870628574,144.4090226269183,95.16789912179573
290.72636511365783,93.9404829718196,143.84170763515132,95.87443530447311
296.52796908433083,92.86797590872708,142.8296194600407,96.65206452007467
304.0468839525828,94.98655974841841,141.0999152194475,97.8890498825316
301.59842908680605,99.24801735953632,140.63317319852894,97.4948206115287
304.3128061672352,96.85211304174251,140.29924192127672,96.26790385191366
298.98941175896425,95.57674756589398,139.77953255361442,95.93778472693532
302.7143158481441,95.9078072715911,139.53150040293417,95.73504606142885
312.6088532655782,103.58319881909463,138.80002177473108,94.46237270763271
312.3566507848981,104.68080738144039,138.376006132816,92.840312058962
313.00160099481235,106.7794279729452,138.02729887638236,91.31396263773216
323.5785743099425,116.20958327567732,136.90909786684955,89.2693353971361
325.50382296130374,116.22956132315792,137.34156860840815,87.00211871257527
328.5221044671008,117.5401211195565,137.6173649298523,84.17486079206034
330.1172301786644,118.7883960596038,137.4124815201071,81.90350196869412
334.5061120452036,120.96825527005501,137.7490871794237,79.82544386616631
334.5192447217818,123.19381676597447,137.1733089631082,78.03086865913271
338.56249434439593,125.98546198044453,136.75780590699728,76.7192199614548
340.37348995799346,127.27809331825299,137.18208314293702,75.10329904075121
341.41147409577496,128.96770560666096,136.24646056000856,74.34683928975619
343.70692602912226,128.94623307337974,135.30190445446817,73.68518515463936
345.42917752015217,129.17953972780052,134.6394468367883,73.33948120882923
346.3661416715757,131.0219219397079,133.99313257908432,73.10296040302593
347.8436829981725,130.54027197995964,132.9070721760662,72.79394267458848
354.75363635840733,132.98577772648167,132.40402565457117,72.99352595006862
357.6611881278217,133.3897796158174,132.67299327510517,73.04153922452446
358.41351126303346,135.35736695117373,132.79057634237395,73.33586341703202
360.69576951924137,135.03010798889466,132.25383225656333,73.50889695824546
363.1858033142164,136.02210946578538,131.3430343237482,73.89621925890438
364.222521361485,137.69091083344873,130.5154384210522,74.66573751433083
367.28790136044506,137.94625955665782,129.900402605261,75.3016286318317
368.0392618690466,139.3335439551605,129.43678688419288,75.79012708030973
370.81272994612254,138.72575683710517,128.96202670965516,76.09205056530654
372.3921298954887,140.63579816033075,128.2568136277106,76.65758040664831
373.690818439014,141.09201790425863,127.48303349500574,77.30027390390765
376.105915651747,140.23526533222744,126.82417428987665,77.68326306724947
375.33421347765653,139.95246519120025,125.84031261251438,78.21015139539564
376.06714411389714,138.65339257950495,125.22764790136972,78.66671627553981
375.6068838110921,144.67571818926314,125.1444138911961,78.52742718523481
381.19773253402184,141.97931823039713,124.94749103487516,78.62863116714531
382.5175714959682,140.39424588341618,124.42844766679916,78.98084873899116
372.25000620518426,139.0908282184912,124.38259794746358,78.82666197792922
372.40613075672604,140.64614638152213,124.28231990382166,78.55957251923797
372.9653488932936,140.39875095339448,124.25014180367545,78.3848583157742
373.7628604853507,140.5365254176054,124.20180610334877,78.27286243155231
375.12600757839874,140.3197768099439,124.18869651236072,78.21191217716401
374.88285879731296,138.79259878281366,124.1388751499145,78.19617078498281
374.7320343832683,138.4540095809661,124.04244091702398,78.26046782623973
370.33598745669485,139.60599569454376,124.07617772213617,78.20487697535087
371.8119552563544,140.42471188845872,124.13069706742773,78.11350264625966
376.1668042460966,147.03799905221334,124.2647166630166,77.8026740539189
372.94994282482617,144.99200925848723,124.30611934946002,77.75180181184231
372.23076538943246,143.37126393978082,124.39665060040491,77.6092673523618
376.4203960086717,148.29796734145089,124.487874095508,77.39078162293525
373.8758632419617,145.61609365377058,124.55355124315518,77.30719756976804
373.8515222208485,145.39978396660382,124.66385860957129,77.12762526700803
375.2834072856751,148.50193895712763,124.79678209106319,76.91957354478
375.50748461681115,147.78023349849335,124.88600055434415,76.80896286514002
375.8103209359959,146.69386720330095,124.9861609934054,76.71068696400869
377.2195109235773,149.3252298128342,125.15673460863569,76.5180301043172
377.13663842803754,146.81890176444813,125.22124838233084,76.44510442160937
378.41181492859425,150.07530979694738,125.40817765737091,76.20373649198685
378.6817429313685,144.35813180064196,125.48583429515976,76.14462038529345
379.43671568341506,147.84690326028237,125.53059917925015,75.88871566867985
381.1929544763134,144.0273763721757,125.57567035482137,75.78822553009833
383.55993348373175,147.84454755930014,125.6663635812871,75.4329726066856
