587.5,88.5,35,62
584.964028021943,90.06547816446528,35.22166700909247,61.79344948428661
584.1668255224283,90.73756922101518,35.41726233671993,61.468703015336594
583.9398655250532,92.48289891628828,35.482230463651405,61.028154203327375
583.6281567354329,92.91774236165706,35.4722802660212,60.4883256454622
583.4268096353418,93.64662069938026,35.29789499127749,60.052272809317856
581.5638247077638,94.21155791412686,35.57526765366903,59.2680871699076
582.1227978228459,94.70505093827116,35.329942184899394,58.837364568426864
581.3430592702257,95.58374742075895,35.15641221673748,58.480120710430626
581.6789354017513,96.94810390211532,34.71368671831738,57.47971165701968
580.8636811432235,97.07622088354938,34.616848457456996,57.28255194699541
580.2468082548028,97.88978041037419,34.4401912210693,56.84480090291305
580.4952624227861,98.71065285440804,33.96540489196586,55.895765043566186
579.5619254448266,98.64053191292196,33.601573143005254,54.98199641609372
579.468141068993,99.08520557353371,33.07835149893562,54.146696135511526
579.0637779316737,99.87068236754685,32.84066375589689,53.656807010146984
579.4198722754406,100.44424412822787,32.40715741947532,53.02226990359896
578.3500068153461,100.97424447670548,32.19451140179828,52.238762905002275
578.4862467585118,101.58303968856842,31.919038644715197,51.78463275978744
578.5230414732881,102.50460464071577,31.473137474048777,51.54686181373704
577.2018593235238,102.93237117235299,31.495474469881938,50.97908915719516
577.1004448412785,103.4003428237451,31.17423430395157,50.32007416003686
576.6661830113261,102.86836879655176,30.871071910580433,49.63138232470644
576.7032863169479,103.81623363079315,30.683242939405332,49.43665108170737
576.2670910906486,104.14783197027049,30.264660563139014,49.230283235379034
575.653996347622,105.1363581863125,30.303074318105494,48.932652824207175
575.8218744203804,105.55889121768118,30.30123811496759,48.699775696749654
574.8199900694362,105.6782434717488,30.206583812705453,48.409909567848516
574.3980372415477,105.93008001326771,30.19302461853364,48.030338145956364
573.9512421168166,106.30945928287122,30.175653418849656,47.484199134923756
573.918633930668,107.12089346892995,30.003560782310274,47.031666174831756
573.1799491857092,106.50770094253289,29.769217911845534,46.57184977441692
573.1959276180593,108.29688390218739,29.363832791825818,46.36451203999868
572.8182501963971,108.45990699772645,29.376866680350496,46.36821525430463
571.7078057217404,108.8787333715055,29.362434823160513,45.805712895225746
573.0957911939158,109.65205373234721,29.19045753306086,45.49652468056138
571.6617382632238,110.28066327136611,29.34677831639627,45.26059626242808
571.1620959253576,110.91177436992609,28.981942627939528,44.61302955999804
571.0600625080231,111.21227568001459,28.726911600365003,44.129522618186286
570.836840142665,112.05142469409216,28.574204302520357,43.592431450573415
570.3960425606776,112.87990908548184,28.29035568845714,43.21407408937915
569.942842373692,113.11150162727631,28.121890959660483,42.712850211838955
568.679153133344,113.24507950167029,28.19830308217155,42.168789462841175
569.097859554351,115.29578820210884,28.098125845874492,42.0242445251904
569.0352088469623,115.4295834899101,28.038672412171522,42.03858833011917
568.4048026693296,115.88151660663073,27.952008523464205,41.7061868140661
567.9509990163824,116.21600647928435,27.81188824451958,41.4371848123845
567.9153717789783,116.54557170383337,27.624327371179454,41.226327485597075
568.074371069728,117.06081740130568,27.47356517740968,41.243385099975576
567.9681195893485,117.68093531957726,27.265225132988448,41.16415952878277
566.1763083360669,118.20880873901888,27.43037916420984,40.94398159477623
566.5712534554101,118.06967324938641,27.422395947522702,41.07079548783568
566.8004894424133,118.32300057285696,27.29644442863831,40.92916400683585
567.1652094079108,119.30463286466635,26.95728149592489,40.517699197386975
565.6826261512703,119.92985047673301,26.837550729466656,40.53714462568131
566.1402290652495,120.80565234467988,26.714436688369375,40.24492139725673
565.8876719853326,121.8775926629805,26.151339411931424,39.781757752080054
565.9276567982074,122.57336047973942,26.144749645510167,39.485619233315944
565.2896958674397,123.059195294294,25.988084598705186,39.53695354002072
565.4138703953868,123.4092633406797,25.689247346497744,39.5209182539624
564.2457444948348,122.98184540679222,25.830785316653824,38.96629321952334
563.4189819052859,124.86400619555252,25.783651697533685,38.88537871025528
564.5105833808798,125.32710681314501,25.433725852631092,38.801398556327186
563.310117548529,125.39940666546968,25.305284109968937,38.59283236134952
563.6147058647033,125.54907201571137,25.517828673794938,38.300850941506624
562.6077442774792,126.66704012256236,25.704728342078397,38.42287709772348
562.3071030253092,127.32740094837064,25.621493760866215,38.36643779187871
561.4364030312412,126.7037342954444,25.802132058862455,38.32639600522476
561.4791592125985,127.00379939991888,25.77518567410873,37.992185481639595
562.1648112232563,127.27359862894613,25.35631506009978,38.00794453939698
560.9267823170251,128.00672572098546,25.528922526569243,37.507189517992316
560.927727601826,129.5345660429917,25.479332073387226,37.52978646187041
560.3945682098157,129.2396082541337,25.398594993073615,37.45907527052056
559.8718614283063,130.04954050917047,25.379086223328777,36.93476272806788
560.0751217663224,129.98731686001818,25.60603930122568,36.67085560571055
560.3718038582804,130.26044582912164,25.585619162376652,36.468958823728855
559.5746520458462,130.5275430078055,25.563808647688134,36.26535915501508
560.4805689075831,130.3753958097033,25.521868093617197,35.96833668196058
560.4323699672634,131.46722966919904,25.16534944150171,36.11751512767245
560.1026509334935,131.95425732133407,24.781866085129565,36.03608008888622
560.8309318271317,131.94820484696044,24.8766554874665,35.743608849307655
560.3540991361252,133.93753756165296,25.042286132369227,35.420224009979954
560.9873987863646,131.963131487917,24.759758563457982,34.8876623705256
561.7036576541141,133.16677869098714,24.561324838083344,35.058726853011414
560.891667322519,131.73498062150713,24.799890781691744,34.51356792796082
560.6207173074388,133.3431819814441,24.988763974741648,34.13570552371491
560.3117446460428,132.77603806435903,25.106369670267718,34.66596739791652
561.1267935701807,133.6634309977125,24.874599291817624,34.50589245821912
561.8262518584795,134.69194027945636,24.562373737139218,33.95019509128752
561.3141896198805,135.4520260288755,24.52078766975118,33.74715296599964
561.2905729901794,134.57319514106513,24.724639986212612,33.790788886556
562.4234998632979,134.2758690099923,24.20046662365786,33.46755572599507
561.835950877407,135.39838327547594,23.94388498900212,33.358936954549264
562.4564710772934,134.34380122127206,23.80142506885112,33.118157663527725
562.5657030507183,135.0883848041002,23.694732206369558,33.135036673828125
562.4315829496234,135.36929731480484,23.64680144789463,32.980993491789604
561.4323886479199,136.2368984840941,23.785926392778,32.86592455317445
561.3748339288676,136.73364006160602,23.882600922641675,32.6665545573303
560.8711300874381,137.04279590925438,23.955756343384934,32.41087683539364
561.199220093164,137.69482652814725,24.194767405351122,32.344264409139015
560.4975021603857,138.8662855050048,24.12023958491826,31.924745903818625
560.3858951658112,138.77676469040898,24.07036231744862,31.638795933688904
561.1204723359538,139.47628656871808,24.07742441259587,31.442506913017382
560.1678190864708,140.0926547840902,24.16267483074376,31.11332939216619
560.6165969025658,140.77155002536222,24.10441315531043,30.776109664627047
560.2398393019679,141.93382395230907,23.98720701632677,30.776177766086136
561.308896997982,142.21917315063462,23.806752418556645,30.574211344990452
560.0492805838634,142.86946281713153,23.736919218198828,30.336546979533516
561.2343784467813,143.1972850403829,23.40567608139806,29.91210182735947
561.4084174490115,143.5681854557148,23.382037215111822,29.487607515250367
561.0501720050439,145.5056832557125,23.214439586811572,29.209022905016276
561.3148924214979,145.34976307914476,22.944767120717216,28.958034955768387
561.1754438890836,146.17497300519372,22.773392430088897,28.5729427957023
561.08047339638,147.65260219252636,22.52398516486869,28.190226134751654
561.2854455520171,148.2329165439117,22.556721540306633,27.801794499718568
560.8786261880358,148.8748111642696,22.57044257036263,27.40785670992284
561.6103943605855,149.4957205965884,22.49141423898879,27.062333213956656
561.9033544824534,149.5201761067836,22.3361105826532,26.69402209166614
561.5370750605467,148.94029465307838,22.083778488661387,26.781968912307512
561.816322806181,148.0073083019448,21.723346400760875,26.817235137409444
561.5392726664808,147.53776793372816,21.264492087456556,26.912698196154086
562.0236299553084,146.2300722279954,20.973814199559605,26.846335972213133
560.9792349923215,145.93786712461775,21.245215710196707,26.824282448633177
560.6796987310817,144.36058118552478,21.375816407553756,27.12634292087435
560.9533334083663,143.66118270764846,21.091738365535825,26.730532952569966
560.5328228264827,142.3522166130116,21.09541911477887,26.20851152856244
560.6824800513546,142.60431325048748,20.996687646144792,25.941534413312016
560.304805274863,141.57200831256807,20.965333493340164,25.751878265514947
560.646103971337,140.7304005980063,20.79542771740434,25.641628795575407
559.2853313918363,139.5253400481211,20.940789795732492,25.609275291692843
559.6200044387715,138.79208396428285,20.798875130294626,25.296156679149295
559.3975415556288,138.37778412219478,20.748941976005874,24.987854269438124
560.2642547479841,137.34189816366234,20.328700687082375,24.597153509272175
560.121129778164,136.88893006091902,19.88571783863658,24.579481709711963
559.9534040201511,136.41092263854657,19.554372551187964,24.705981574140708
559.5988569902601,135.43750557376654,19.50100274330574,24.5676964562642
559.0405580876395,134.80414715913122,19.862863707821717,24.112049575131444
560.0055602129507,134.41600317831924,19.73713616198748,24.005636259022545
559.2293495914475,134.05899037079445,19.45428616571329,23.99184940506654
559.6433188596727,133.08802905513852,18.99348741574482,23.955496022050404
559.1368469924615,132.1549605234788,19.088764238088366,23.832616314053354
558.0952825302505,131.65399479180638,19.354387326023367,23.684356351120986
559.1626529656343,131.1715651896014,18.988245727030254,23.65369031463278
558.318544166509,130.867233225078,18.929702718514942,23.62926333038388
557.3994876452292,130.39419628301926,19.17841916511981,23.44309739592837
556.9288837200953,130.4217664053098,19.24512662151998,23.475344348066923
555.6982639754881,130.18912652149987,19.251354742936563,23.479580370407433
555.8253767151666,130.3408544050958,19.291955473124773,23.128121205333606
554.0250770777436,129.47669065347205,19.66087435475168,22.8707688436977
552.9594763600755,128.60083498838256,19.79626957289422,22.520475168993848
552.6225334975857,127.2750634243515,19.75190424835554,22.32636476312044
551.1133165787671,125.5761356186317,19.791258839471446,22.379382232165025
549.9145096133623,124.82415165833649,19.871058896990334,22.364869732642823
550.0418287173796,123.08093086650818,19.8349374559805,22.16523252944947
549.3373450031719,122.24619611016706,19.829366858540055,22.049288776903424
547.8448282105736,121.60557225626437,19.833317289058193,22.353254735460318
547.0265316805242,120.77490193532134,19.956107939984992,22.342288362881057
545.0501947215514,120.00292021179105,19.999051661931446,22.586259844647742
545.1876048650795,119.06614289252902,19.91490897299395,22.60707300329816
544.3204357639247,117.97799474864688,19.739051705447203,22.57176731848248
542.7968169925188,116.43047854759368,19.695324930937332,22.755886253181636
541.5224674075115,115.27230391861802,19.80595761840809,22.57474295932937
541.2860297948773,114.66880556044663,19.69128238238412,22.50471469131243
539.9438699048102,113.88214028594643,19.596845544018613,22.76799189177155
539.7042770088386,112.15562973818753,19.738197365176674,22.588234819564754
538.4048712647074,111.92735775153304,19.81105031538376,22.448863654152248
536.9422695911209,110.86247507268496,19.76043812796498,22.40228008721158
536.6471021495688,110.17165664012231,19.762660060743997,22.371708872045144
535.4438593425875,110.13427156164644,20.057219119073164,22.535820967492484
535.7973202995533,109.1103362181891,19.89785169809191,22.379635629855777
534.17250066413,108.25332383938729,19.80422472023556,22.47245660728515
533.057730461908,108.13253137138845,19.74836759507743,22.412764025010425
533.4848320651735,107.57432477744338,19.563803201088543,22.23910727519458
532.8088386766244,107.62982728952728,19.59217097012238,22.2280308685042
531.5182824522495,107.65095731633546,19.32831009314291,22.055179481975387
531.2549546900074,108.52618756372203,19.24731158253566,21.666278378223986
530.3459110000726,108.9156814651601,19.490721495059084,21.45668331607432
529.087432644636,108.19449590492334,19.770007069076247,21.423277883393826
529.0911804192433,109.71545936580875,19.615102527809555,21.375705209669885
528.3496965852878,109.79409842502145,19.51051383356839,21.38709765613443
527.986713911962,110.17944126691997,19.432531910303446,21.5200891974503
526.6268471712239,109.70573317606954,19.507297597361497,21.37429968876721
527.0100926902328,110.63851065897882,19.404102782030392,21.314437157259583
525.3768424053294,111.13129349558979,19.483675794845535,21.438684578176748
525.7007793299455,110.23821521478457,19.596166120456264,21.334576747888065
524.8288024603363,111.01517520094586,19.877790114381817,21.453050455184332
524.8261292005386,111.67573882084295,19.595856789693137,21.70025696039288
523.9540857025471,111.96744281537292,19.523669142731904,21.7984764833111
523.986939509128,112.74072275605955,19.44494076825904,21.806749537271095
523.4249500736709,112.98988854154204,19.269071559492048,21.663932999312774
522.6493043527709,113.50424935893751,19.43094261116283,21.954332367672784
522.2169916272188,113.58740749078387,19.464506401023417,22.01176130103779
522.2903724972522,113.68559077002843,19.39186039922946,21.858154850214916
521.8610504206976,113.99358715988517,19.462139486287278,21.836772463548776
521.2921255288669,114.32364952927018,19.308432553983252,21.864843966634368
521.349894389555,114.59124336401679,19.215568456243485,21.73165407198055
520.2328604112151,115.53524649196675,19.509664012257893,21.706020452875705
520.9818913307472,114.32835149764212,19.29927981887703,21.630541900188884
519.8343383275364,115.3163926428791,19.293718539379306,21.59677936050077
520.7916521993922,115.60993478050759,19.100232730062707,21.57093194361171
520.6863664036771,116.60348691002106,19.12637367757687,21.36229128665079
519.9693606178788,116.19777093230812,19.01443614772532,21.407752296718403
520.4321034425477,117.5008787836679,18.82011376170837,21.262445960606513
520.2842609034716,118.07766467710088,18.692324051194955,21.067841680626053
519.9472518604205,118.15141250259143,18.475928972204727,21.005346470123285
519.8484466240667,119.22688018201418,18.465137034762673,20.897328124446133
519.4223994989874,120.17993905544918,18.37120972806709,21.09759966171005
519.8304984378345,120.65366896879132,18.19884840823788,21.044287886764494
519.9470700400543,120.2283726394704,18.334114956644022,20.81223655965806
519.7903485856679,120.98603632524038,18.340200196540316,20.737523292389035
519.6735131201816,122.39270986973175,18.36914869323043,20.63205383936211
519.7327438463013,121.73754427793877,18.330093524786932,20.570729439566406
520.0617196988891,122.9465960497008,18.24832913221446,20.334461309021474
519.8763573750472,122.76867675042439,18.094495414553165,20.146745243916147
520.9376417524434,124.29315255710722,17.945295423684342,19.937843851039997
520.0215004715258,124.45559093316974,18.23790680288719,19.638475577198808
520.5402665030455,124.94192663649295,18.140102165423055,19.431474470082435
520.6082372449075,125.64563457748933,18.01281697392139,19.38830328756782
520.6811654202338,126.10826246144444,18.068064861898055,19.351580158207415
520.988496276032,127.33512817657902,17.874550198775083,19.43093455099733
521.7130673050629,126.8799110726186,17.709147588307072,19.39619418406619
520.4488222417234,127.20457399398111,17.8210250898639,19.33613714493766
521.2318558448841,128.35852387224975,17.797568051999626,19.357494399813973
521.3156006241425,129.0920438199935,17.816609605080785,19.149787041977515
521.2097579769378,129.50298083610218,18.05243517923033,19.034887516138326
521.4671031149797,130.36097588859366,18.213716291963298,19.09126321964229
521.6403382858313,131.16374594496855,18.20321840838428,19.183076827557482
522.2018750327825,131.26187313168697,17.940848978851214,19.188899559762024
522.7063212745339,131.38091365311632,17.69503846317889,19.11452087073845
522.1059951277006,132.03411864615092,17.85179074387566,18.97897153282446
522.8832106305648,132.18283339739014,17.91065505484344,19.137602231275636
523.0435936593236,132.68773893501896,17.77146431053612,19.160789717877137
522.9679137093244,133.06145879716567,17.753597012768292,19.291964240428946
523.4726581349963,133.415778318956,17.605630955194385,19.286964644537353
523.9721194184556,134.08509542915198,17.493671755737974,19.198462984875363
524.5898669793646,134.9052049974795,17.481085846032386,19.076770759955895
524.1419912880991,135.20203052252364,17.473698948648558,19.166975481886006
524.7941220087905,136.08789250696384,17.268617132776853,19.469499111653676
524.6501351163507,136.53000200237426,17.288962784359484,19.444956183893645
524.7566680024782,136.34618365116927,17.23603327964734,19.34594994029871
525.1569680450687,136.52506782977068,17.14842902166454,19.156166277338396
524.8809555324278,137.1206654153619,17.37001379392686,19.138875882729096
525.6481398393448,137.96754040233444,17.292813878403546,19.0825957965175
525.6827227963679,138.16279667684623,17.332644102334093,18.929897077869605
526.438903029379,138.1212040191426,17.304220899800654,18.905305423605604
526.809946082342,138.71415768220263,17.135287812826164,18.962115959614792
527.4671169410952,139.56734838779136,17.024401662679608,18.79473613249037
527.9266859047494,140.25484594907755,16.91141017826142,18.675314044204455
527.3202132581928,140.3184583548823,16.558387077095237,18.670657534451493
527.4675839733429,140.2948105016613,16.521820900663094,18.542538142226356
528.4528892142068,140.2315098239137,16.30355097412616,18.664470372529664
528.1229940145942,140.3375983428461,16.385742324737052,18.959767935933638
528.7437208419545,141.0162178988999,16.576272140933078,19.04356767079564
528.3609675910227,142.06623979782165,16.72141338076517,19.283327330212252
528.9546884196423,141.97487642661608,16.772455748527488,19.27442689800754
529.4034451336992,142.33825291463273,17.060114282198022,19.072752576263504
528.6233699741064,142.74682191954372,17.26521356073441,18.842780577775013
529.944719507123,143.76052359580572,17.092757710262138,18.789846529335787
530.7849800469755,143.84222954413502,16.8039627667645,18.596259134921763
530.2942466854457,143.60968562837832,16.619103801461875,18.586628604342188
530.4355749831714,144.06629422387192,16.443473589291408,18.51780031554233
530.8045737094885,145.01669934105044,16.381697626563405,18.304764620179146
532.206727601174,144.6726605620421,16.353051550117115,18.304616849273515
531.5598734521902,145.62489014003924,16.275385837044645,18.368426683795903
532.1554526346486,145.66484609481478,16.063690036119667,18.4538700691877
532.3941952543273,146.36516552702463,15.927443831891633,18.597872699518952
532.1055524185592,145.8346575061277,16.17028518918643,18.535984321413824
531.8494347506486,145.45220714206565,16.417350487261253,18.614231733516966
533.2284428245653,146.10820393761125,16.184966959285767,18.76007941954825
533.8049088367181,147.208634935039,16.209731282216477,18.78567645102948
533.2588861599908,146.32490743963135,16.48949365618307,18.844721655620376
533.2923185009348,146.78534808150846,16.511757438755225,18.98081323315616
534.3105737827858,147.00383571115185,16.285414545303123,18.864092538154615
535.1146408577349,147.8673205733108,16.160227983371847,18.704849902765005
534.6213755722179,147.67237913514242,16.26332074207777,18.494483071402875
536.0488338902863,148.44614697876722,16.101605171004206,18.47633283165544
535.4531034506392,148.60714152723665,15.983290697820424,18.24283154610315
536.8346387825114,148.03765053614794,15.865216438723843,18.14573824618371
536.379063661023,148.0290259665579,15.847492069846073,18.125427406699863
536.498312825345,147.30682782671943,15.810213165807369,18.162077132955822
536.828496911825,148.47691073366585,15.883228231162974,18.213978274629355
536.796385983856,148.61540956732256,15.904988449693532,18.025848755940824
538.0437188144001,149.5455650261861,15.817414406189474,17.996931437723962
538.1908275735487,149.72632164507885,15.935885202806872,18.096693777483598
538.5070743826084,149.30672240643997,15.871276804738477,17.955954105309157
538.2924356297078,149.5504696819883,15.991419201353457,17.88694683481973
538.1725932309959,149.51015603277338,16.19165116658521,17.634488089653317
538.4070751350647,149.9077898947662,16.119033838101767,17.53901090302496
539.2282601770933,150.53648975836427,15.924614117203813,17.51656934767334
539.5916302371988,150.74720616401052,15.937480913897188,17.511656565687222
539.5355339204897,150.07426451726576,15.914255385565568,17.455391016365198
540.8332768327396,150.0763736061155,15.873785363449391,17.64370193586511
540.0000879584812,150.59446520200297,16.043411684315473,17.643864822009235
539.92486585086,150.5569955833451,16.13888317270639,17.564168063698485
540.9809697935952,150.4831574087357,16.058174434650823,17.677164404029046
