740.5,343.5,108,102
735.3417568688255,341.5454771158202,106.76456155684355,101.50064475593899
734.2753750976935,340.75835608246945,107.01156956016708,101.03749372953129
731.191960229031,338.9345323266416,106.57953140427323,100.60874239169974
727.8024963845091,337.1220913159271,106.26557884429353,100.91180701505746
725.431984253051,335.5846076675931,106.24750934576565,101.02064047879395
721.1406658032664,333.09063627722486,106.32318633017368,101.43192596430336
718.5012292927522,331.6547175273851,106.39818094849221,101.69172675896571
714.8934149868261,330.5169824411371,106.75689742426651,101.86752389870111
710.6964898995661,329.60672469293434,107.54847842611807,101.78817317177139
707.8174036220794,326.611106031027,107.97676597514052,102.06605066282236
704.5325694083886,326.2088612933285,107.46916913991856,101.62486207101216
701.6209596086791,323.9100278337042,107.04665404771764,101.59570699547918
699.1595502698403,323.40757100721567,106.02475198030842,101.36699416358528
695.9057196211755,322.2595863726646,105.23187712193722,101.90474168719639
694.3938355416207,320.39269303790616,103.73090172407072,103.45419813172246
689.2272348414801,317.0318703118462,103.13691615840943,103.71134554078208
688.2149366397755,316.9478018473676,102.72718257524647,104.26381813663417
683.6296608004486,314.17244628257333,102.25117835332631,103.71765026079056
682.9771319890665,313.36353514482687,101.32691902624637,104.09662194271664
680.6966412473704,312.429586324303,100.19175926665758,103.79712613779573
677.0565090485219,311.37916877484844,99.2197520121328,103.10698137449177
675.1375227754199,309.3835852024044,98.43354328773728,102.57366960702629
669.4689721043362,306.12015314968073,98.50620504708021,101.89255212601736
667.1284889967975,304.6798737709342,98.24543504084403,102.98846604136256
662.6161835869108,302.25470123856184,98.1772762378148,102.29367608489758
660.913556120993,301.0142766551088,97.7797297990296,103.27090474647076
658.0200345964882,299.04238493682647,97.88974228468459,103.82177007314164
654.8755874716844,297.3958294254352,98.1831393075773,103.81483679775214
651.7606425027137,295.21356021896406,98.33704095282451,103.79500488369848
648.3596202752461,292.7618907483416,98.41311943104466,103.55799252947222
644.7565320763501,289.38158914334514,98.21281647016357,103.35823616610097
641.9669709695768,287.1310658413322,98.03968372078917,103.08066538807728
638.0369029962015,285.3103884262289,97.88528757830616,102.60608107796403
635.7728002483947,284.27386825128804,98.06537906024796,102.02503984482266
632.3496899819805,283.4140471281015,98.40376182070696,101.6018390831544
629.4786407668105,281.74194995433004,98.68735605106534,101.34670348227203
626.7600022221488,280.1954247355209,99.02213127118685,101.374133497527
623.9457249798002,277.7825720040504,99.28467795101363,101.30177243977707
621.4124193515427,275.67910464760166,99.63871377189022,101.32154523021975
619.3766937686584,274.0190158846262,99.92797127692279,101.41982324674078
616.7171744326465,271.53202965086064,100.32900352881094,101.5883757923969
613.7896079951184,269.1383950127005,100.82832480795028,101.95354929311281
611.121770290075,266.3135472337866,101.13078850996848,102.31374509126655
606.8523127335659,263.41463345050687,101.58869280450507,101.47347680211313
603.4135788827568,261.7912359038168,102.31650182616119,101.0710523825538
601.6683535850453,259.38065975468203,102.63348430863851,100.80174676456369
598.8935049267125,257.84275404351746,102.81696639626995,101.05785913789677
595.8158505910018,255.84475917388562,103.22169571054397,100.86925996801133
593.5639797904611,253.66188227135578,103.30168834159376,100.82660560809295
590.1160132882728,250.6439268363888,103.38110876128404,100.73639924856528
588.4015892935919,248.56888074340026,103.04253955818675,100.62992586371104
584.7790534419814,246.59559970976136,103.27471901516122,100.62954393265204
584.1668013587807,244.67977045207968,102.62393779452347,100.71891815007228
580.1003737023328,242.0652302275083,102.6564341444066,100.66737182538083
577.747881838268,240.22938393330367,102.57262764655358,100.5719991271537
575.3171337656751,237.65415692198445,102.7749641314002,100.58880427741664
572.4873970645205,236.21593937415884,102.7897083962886,100.74603256307037
570.7692110381045,234.24790499391622,102.59814456273753,100.44188077683319
567.804837123855,232.08370289198842,102.23619815448109,100.36998114005158
565.9297178071694,229.37814786689887,102.21193164945527,100.21277520741208
562.0577876452824,227.41412953789808,102.33513357555474,100.15888852366254
560.4343734720496,226.0354556836421,102.00233083185583,99.8020625814329
558.6538464499109,223.71508154982337,101.88707576739918,99.68970854651909
555.7574228055271,221.98781714804628,101.86695670942629,99.4876199470429
554.1360366701495,220.24010575935966,101.86365144264494,99.20154071597798
551.2403525115114,217.28700524095564,102.05284547784694,99.2635678445524
549.1653543417857,216.22112177157555,101.50823217526944,98.85276991438562
547.6527865505718,214.00473638507472,101.18749821652918,98.68689070874956
543.7543513406416,211.4879715264617,101.51412708975872,98.48017556055808
541.9634554591386,208.93707103662214,101.29350205131212,98.4682380034025
540.2958855475524,207.05513033587013,101.18158987253116,98.3247586127465
538.2862155645948,204.39076078402258,100.96957131030914,98.27454378272577
534.8715112729205,201.6374224284582,101.01801122758107,98.37834554726035
533.829716306531,200.25200094361196,100.80320481140689,98.11668300471527
530.4610315883872,197.5802086697119,100.86275976405206,98.00382805742865
529.81060598195,195.45970998090718,100.39297561048672,97.96111018693026
526.1765455398028,193.72104595309418,100.74210016070519,97.71048552382152
523.244810186372,191.08953557009312,100.10001523783659,97.46698315749936
522.3251470946133,188.6053286779338,99.72994935058372,97.42256477705362
520.4073289209196,186.3433079802649,99.79311283954218,97.40348054296638
517.7510479371223,184.21344259249008,99.32351977021045,97.21425339844156
516.1120865264256,181.58937948806138,98.73542501157131,97.05279794607458
513.3661896769615,179.16228224391335,98.59306200655065,96.54857063184988
512.1023562807995,176.887238235722,98.25509721852183,96.41975459168353
509.6448249599152,174.69148896238383,98.3356390434875,96.28610522347338
506.99818647425144,171.82079892487633,98.42359708705007,96.31823770937707
504.8888999363756,169.56761208266903,98.09671661437038,96.24711486516618
502.97832158809075,166.79748392253958,98.03716270913348,96.07821801007108
501.77151213622403,164.17335395948044,97.9216389946875,95.98949187127846
498.97426976546177,161.12919906199903,98.06741281778554,95.90757127759993
495.91004125409523,158.17041126319728,98.32512799634142,95.87745114308673
493.3024577860192,153.85148093609624,98.26558666146687,95.4229274589099
492.27670145980704,151.61121286300522,98.15326045051839,95.51001715962684
490.52035210449884,149.69631477884985,98.00546650251965,95.50508627906366
487.2962416766168,146.31445694624807,98.35074060001358,95.47875954390712
485.54246797748476,142.768520964583,98.36508745773493,95.13239908536227
482.5089702380659,141.86398707057606,99.22168712358433,94.62046701261264
480.7646189116531,137.76233194520665,98.88868515032658,94.43963248033137
479.5107168194613,134.6016175310354,99.29226465285596,94.80881893425374
475.4931198106479,131.9742346074429,100.03433876310359,94.682427860052
472.94838298224556,129.7746897437578,100.35910628511215,94.55381954741372
470.45889279078153,127.73316557585107,100.73304325678535,94.41084134819295
468.8477093249503,125.75600159521213,101.14925832153494,93.93783595452089
466.50668067835636,121.91057226504793,101.37447653009758,93.99684866376894
464.58243123283614,118.30607316697132,101.69351284522553,93.81116111468295
462.72555926051757,115.72840412466203,101.77376098221501,93.6724818843906
460.04290030517967,111.93614536378306,101.80741528433973,93.91366139345325
461.3006305982657,110.63131599571525,101.26990717848389,94.1819834024465
458.256264685582,106.74444680984632,100.48314786157836,94.40958014973371
456.70299910089574,103.64308600941476,99.76964142757257,94.38958065074333
454.0980736256838,101.86180970000224,99.98691196417806,94.47263154532519
452.20504255567005,98.6878052186141,100.33006319455289,93.88389057295132
449.35884336645336,96.54605868383695,100.75444141994063,93.19212338478468
448.67316126245515,92.80848927504515,100.96521724426239,93.60851967917492
446.63363601434435,89.90846183837556,101.09192737602781,93.72858521459297
444.92257102822083,87.1200866960342,100.92727727701632,93.76520059250686
444.0241161541824,84.82923177047286,100.85657776262664,93.7470688489335
443.09105018246737,81.43816542684513,100.35304050706688,93.47969248772706
440.4239285477903,79.14911576318246,100.37071683229868,93.04525671983754
437.79662708755643,77.22847755027585,100.4262121058243,92.71721065495862
438.48149560884735,72.82021575929242,100.61371984092189,93.13139525529706
434.16811306470123,69.7799637140518,101.58506653321805,93.14103514518627
432.77995213015805,68.1756044781145,102.49959703000525,93.10463118435214
430.7726915069385,64.22605606474457,103.08961185058682,93.85220632835272
426.57639973555536,59.18433778908687,104.86563970258771,95.12571207827654
426.2658610456537,57.19861484505684,105.34423399699706,95.35197163744866
425.64440684286495,56.39521656674384,105.19161158268174,95.07125980174067
421.90164076983103,50.94680093544395,105.13321129085287,95.24940496051964
423.83250784567105,50.21224808718884,105.38222972172287,95.54001238890243
421.7025265390314,48.11981655538273,105.3212389658616,95.84169125794983
418.6280981013017,44.71915324800535,106.31426164332294,96.42294751061353
418.9334116843547,42.384696863445306,106.21861997898307,96.56895779102511
415.85617005695195,40.98653178057499,106.81668719909013,95.6796674104248
413.8123699996624,42.22005658754864,108.21728703901104,94.06312070470733
411.11541575850646,40.20998363724363,110.29978986260096,92.58894478219723
410.4703673608297,38.56437839973281,111.45683775103217,91.29609268092493
408.1684419675773,35.84144902936456,111.94812063592563,90.34883542434697
406.1853440222186,33.62953254185442,112.41260158180356,89.2441902537679
406.3990618232599,34.059202129020775,112.9008813165205,87.05558560416205
406.57483940196494,32.59146520275223,112.42946747695485,85.13446632468009
402.2551542572237,32.72292030021281,112.41039240816093,83.71336945564089
404.15422986616,29.60545842488012,112.47144738993443,82.64551496228772
400.39606288896164,29.787448761192934,112.52244120684941,81.95127839380905
400.17853150937907,28.27688925871565,112.43887215010425,81.3523226497707
399.07359859853415,27.939685665482152,112.44281846762838,80.92723406769063
398.61340651572107,26.957517562351946,112.367957176559,80.47145623357629
395.9433629515672,27.43308799906108,112.57613731863017,80.20489306363397
395.0775868936427,27.30282013862432,113.07877588887061,79.68566395344136
394.46083884173294,26.44765340428164,113.57243529988015,79.32475866594692
391.8543117794865,25.230523457083095,113.68079219689487,79.03698005288246
390.7306037323355,25.53907085211121,113.75427812304505,78.68648393450096
388.66879099031814,24.783020187032065,113.8453465964292,78.47464906451734
388.62074551755376,25.29712740832276,113.87681691300497,78.32686043274985
389.0943615817369,25.69201466923539,113.90712503923153,78.14810891974798
387.0043423283626,26.467711379980045,113.96580610503166,77.91672866373261
385.72967947215864,26.000782949115617,113.99728141842233,77.84405881685856
385.4482703521979,25.35305445679267,114.02948951420551,77.75312237365564
385.35064743102214,26.987763316804596,114.05685626684381,77.66785320366536
384.48638451450904,27.518454828927105,114.13533253264741,77.46776379333102
383.1252099140519,29.446099721480863,114.16667101998453,77.38493351521203
383.67148195611594,31.643956550056316,114.21383926953557,77.22684974850301
383.3204072468561,34.792650635892265,114.30791664558997,76.81323919523932
383.5197273805407,34.53833780024427,114.42925817973067,76.3533025615617
383.01922392459466,37.35685809649217,114.81996472951269,74.497488127208
383.1590746302261,41.407218291702236,115.12377556485853,72.70580971371658
385.75415137666323,45.38417458642602,115.13004798674865,71.75785425088644
384.9681413546604,49.52971294168045,115.17635291806808,71.57018730752846
386.8097559561646,53.33943335250228,115.24441189064264,71.08961815565408
389.4681098020653,56.527539287280135,115.12968574333576,70.68273516640843
388.2828030885613,55.87097654074038,115.1273984459328,70.68464502037357
392.1732259776419,58.32437178416101,115.12765866294987,70.69410190139119
397.0938553546758,73.20388989423492,114.63408953748319,70.51629393746896
395.9864986448445,74.94565366005892,114.64431682547759,70.55420071291934
400.3660158099924,79.91132761945084,114.38788507239127,70.74704121729225
402.3874000668783,85.08578121741851,114.44348568017107,70.97536542852241
404.2070996263875,91.8875616231742,114.44903003687594,71.16817703064632
407.8040073586506,100.35438982118043,114.43701636830919,71.18170996568851
409.56362430482426,108.37484637991908,114.4105910563604,71.20726222601886
404.80067856557656,113.96632665449039,114.16079436346912,71.6481420089075
410.76160952086644,121.21918593693812,114.00275310108275,72.0595586826595
414.09082850144057,128.25679295017596,114.07998809067914,72.7430049726511
418.5813230713313,137.96119282089455,113.7223653067935,73.48274763538872
425.376885390636,143.2828248270588,113.1500003956622,75.51518190339473
432.16536959969073,151.04741962005647,112.14184244050446,77.72899806996283
440.45409359118037,156.15657065203413,110.3512043787898,80.71387727279219
448.45082135098545,161.88919621683016,108.29650961662595,83.36161938355656
454.510786920426,167.75251527416913,107.01581378353087,84.60480033778728
463.6411086711162,178.40338904689196,106.71786063554404,86.35116947630162
471.07047977850686,179.56411625549504,105.25203986851673,87.28684282093629
478.6546971823596,184.8635132671326,104.62052751564518,87.95865483861579
483.41653307260594,188.6495465885098,104.01055393156363,88.80894289404249
490.01746160937495,198.55046124618482,103.16592322979075,89.30198014058207
497.6933869260147,207.15886080587862,102.39557264991713,89.64020039985662
503.2990694940015,209.68000474291907,101.48515088857718,90.33353970015315
505.4183701844852,215.19335763442206,101.17261304520748,90.55985229635863
510.65722275550525,218.3783413324288,101.01719832369969,90.71997094084195
518.7992344933813,219.49798775869465,100.93360094963204,90.8200476237564
528.3212907060939,222.4830566617632,100.83889800907016,90.9117074364853
538.3533546930097,220.7120097325711,100.77768446394958,90.95614876419933
545.8205718695159,222.6074286250459,100.70917589981647,90.98708403146526
552.8223978438809,223.57339962838287,100.65297840360104,91.00206838015328
558.7005351842395,230.28475142839793,100.60651397984208,91.01699066513295
565.277858143811,240.905428166587,100.47875500070126,91.08612684329577
573.1464778145677,248.087420474591,100.20150425324319,91.18932057201437
582.0540704207036,250.33145362041319,100.03388297529743,91.22962466077159
590.4384591415011,249.5616981243462,99.25611143122453,91.57298594606502
597.7506419021122,256.9656514223614,98.85241470272683,91.63523659185594
604.7679544967576,260.0752788004866,98.71494622882915,91.67698819089117
613.0309916530664,261.9874966571596,98.07676082459794,92.02224642438351
620.0632529714787,269.2775902828725,97.53149859426732,92.30681957182253
627.4800403898905,274.03701426517347,96.94711218060039,92.57933723069466
637.5948020344539,270.75395890319203,94.02562378832437,94.90223430109307
645.683687853171,277.84959396954366,92.34852544495749,96.29286381133421
