530.5,479.5,22,60
528.3001699435099,471.44673942847885,22.364868643406226,61.566913141333316
529.0684639575403,467.5411897421978,23.199757265583507,63.18458065964741
527.9769133656077,461.6056295067201,23.582609588135718,64.61391245720182
528.4212816749136,455.6551663686935,23.99699835099363,64.874840297281
528.5518441809778,451.2910866368394,24.51102065770522,64.45559890497107
527.6988438067997,446.0955054168929,24.972977459795423,64.1658579101107
527.1559679980071,442.31681924281276,25.28206815819115,63.4714468872993
527.6526538905331,437.5870387050877,25.39545449081501,64.12827835612094
527.9888530415539,431.51955136835585,25.307451120566707,64.25067978739716
527.6986575678332,426.28265044471857,25.089363583854254,64.93703465896374
528.1634922848951,420.358073126594,25.220729186770903,65.26153586045949
528.4505626142479,416.7080760409513,25.581743264107487,64.67228452164349
527.2525009848616,409.6819667899712,25.586398236365813,63.96019027946307
528.6463248484188,405.9497396302723,25.82217990301987,64.24193728913805
528.8021780380604,400.12681123698405,25.51924432952012,63.9588876349797
529.3600283566976,396.6544330283241,25.79111645759592,63.96488615587624
529.4544962722267,389.34956943506336,26.051502254154773,63.65699935924346
529.3418256978059,386.7067438392593,26.42452867747811,63.78861641312573
528.4717043006192,380.9018772594129,26.605881725185565,65.09231929938093
528.3222217552521,376.2161163549129,27.20466321573226,65.05675664335409
528.4895742966379,369.51772759748116,27.593503565051495,64.93951037739487
528.8536985824254,364.571005229402,27.936558122672693,64.51460908999371
528.3721945926426,357.96345536738505,27.889308738918942,64.68907179773107
528.6449651177913,353.7741707000212,28.261494801391557,62.88786017237579
528.1547124193098,350.2025923069275,28.500504648675896,62.162502897589036
528.2150043737637,345.88939332383006,28.63698165499976,62.82383681501684
527.7232654760786,342.5170033930001,28.811253381854172,65.13941030536944
527.3477458965513,338.9661835443834,29.002500916362905,67.72809386017728
527.4279632818544,333.5824884690009,28.95687032423278,71.12577547288686
527.2652442994347,328.0802897047037,28.912747421524216,74.6835725643169
527.7460326121354,321.8247674859697,28.73866885301147,77.42182132459993
526.4702930567654,315.5615604499932,28.80793303607812,79.59476554792008
527.7594323128604,310.91075832163756,28.970642778435234,79.61819731165039
527.4718733471401,304.5146917837777,28.85437699043145,80.51651534678169
527.7507093155991,300.99579852225816,28.342148089175733,80.27656854386254
528.5238421381724,296.7840714882998,27.376274208669948,79.65317717568317
529.1069615128769,290.45013606803553,26.67868979380619,80.19239162888253
529.3270655179895,285.97687760647017,26.143047535133473,80.47296922095863
528.8095415152814,279.7413950256803,25.935331186797583,80.58948224935972
528.9864758885401,273.58886295482404,25.69389964380653,80.73405540138705
529.7395854385122,266.85172717429634,25.551917494736756,79.06846204087265
530.2439648266419,260.82906357754996,25.448221215139483,76.51537290593527
530.1681194364287,255.66005796165885,25.112308033144508,74.71185982283708
529.5406638542386,249.49823022207053,24.64062069631921,72.09155701954302
529.4616489557807,245.3483815100258,24.228263964266272,70.67413808773647
529.5518723782787,240.28850386096812,23.8831566505726,69.55631880852032
530.1487111148385,235.24180824744113,23.72623354718863,68.97483859087214
528.6735494903528,232.10010030621896,23.644184798327036,67.60052341710312
529.2974054760924,227.05260247178612,23.845586195835807,66.3603683672798
529.1416417292668,221.28852190779014,23.81054415137049,65.76677484897051
527.8145204408902,217.5707534841083,23.863855798939678,65.15280264787222
528.2479185431673,211.44351049151095,23.916347693197526,64.7838250023907
527.8088407792256,206.57262417893804,23.85100907997903,64.76433854855702
528.9860892121885,205.25512464570176,23.776728192675787,64.67712386991242
528.4014138649802,197.51856782872102,23.930078377830384,64.38456386648376
530.0958891305967,192.87226415234542,23.90251223838208,64.62723587835357
527.8012485564672,191.86056837476323,24.181531660261715,64.05688291714529
527.4581013703461,189.2579769256853,24.40570839033966,63.88512127336997
528.9729317520072,188.21934806038834,24.478073851153738,63.64378860136077
527.4544846491577,186.83058184341365,24.578515191252006,63.338251710816756
526.5542222478346,185.49194102299646,24.757095327989557,62.9675539967927
528.0303441826193,183.76357436218012,24.816196368088093,62.88185596390269
526.6594632976617,181.66815770576585,24.747277748599096,62.643967371976615
525.7498321646747,181.33478636375375,24.796428692170252,62.44574783580884
527.245261103715,178.80128306389562,24.76760480113458,62.29746865747943
525.888198764143,176.54341432262447,24.664829703819965,62.037970487098164
527.5216897341272,175.95600179179175,24.61730324442712,62.03041308435475
525.3448313480736,173.92653138563134,24.51768663869623,62.05194125324296
526.8630953811818,173.06728362584306,24.381196814820015,62.174475559707645
525.4893631548955,171.46367920007964,24.347272507779433,62.49763976401769
525.1331328059297,170.1700630391478,24.395793968116475,62.71482880814085
527.4790795511018,167.7433434091397,24.39653935182617,62.99738336356724
526.482998203323,166.4508101435025,24.381839883840286,63.31637786000579
526.1375971576749,164.7374627822124,24.40463555500073,63.45357115398189
525.9373959095304,162.4635339242193,24.412397102994213,63.73079755664414
525.6218687231872,161.22874531471035,24.438805388987873,63.990164213909694
525.7804748005755,159.46850038576454,24.52258696880942,64.46847973250688
525.1612537736954,156.66968980102843,24.54012944066044,64.74536735476838
524.5847107673375,154.22665866345335,24.771360659350805,64.86249442636631
525.2689735503243,153.41037048220636,24.9696094616633,65.21292123556135
524.8110625179053,151.64189161133788,25.18036931594159,65.67294750070528
525.1851813668537,151.43187835572357,25.287062734148858,66.11432321291277
524.6217213491752,154.61611298586644,25.075834652440427,65.48353915617928
524.8473637015907,147.26608525648865,25.156667195190906,65.40792837805742
525.5799195193007,146.64560103524536,25.241485536234126,65.59977079152944
526.2066089155908,144.54263387432087,25.315307752450636,65.4143910836848
526.970294879489,142.63113502803827,25.3593184664467,65.19679086060056
527.4547295508304,141.53034543553568,25.312150316619594,64.83775998968231
528.6338874807343,140.39693596666928,25.218395156274802,64.50143070544553
530.5617173819962,138.03886030270746,25.222493015570336,63.796229646894524
531.7644983274839,136.8328292682093,25.119761820700866,63.52261514118381
533.6603748040428,134.92199800631332,25.058162428221614,62.85336713488547
535.1413954911967,133.12666038589657,24.9624702741896,62.43538730446039
536.849989598876,131.00089318012377,24.837854080315367,62.06486666229505
539.054465693727,129.28708034876828,24.758023003436925,61.39074958056024
540.8050723285058,127.69096147764532,24.73436381674973,60.69999815463903
543.1141466487747,125.73143386308259,24.613202519046286,60.00391437619615
545.7244263276674,123.98056096254001,24.603758998358323,59.095914960911685
547.785177320204,122.38871730149572,24.542599801981353,58.45943974828651
550.7624081474676,121.43408915422859,24.34907822237481,57.83503491573032
553.7412978347373,119.2793650915307,24.289990025203473,57.226227711993985
556.3916066744273,120.03191539931227,24.234149548429812,56.81655258299551
558.5974162259458,118.80858224885834,24.061994728382135,56.28817987862382
561.1463023939694,118.19886634052908,24.07916351248255,55.59684235190619
566.6545717378848,117.62649206400309,23.794383896002046,55.029923009641095
568.579544018528,116.17599014053171,23.60175888046143,54.73483186680725
570.671426805601,115.94343271240638,23.661224602854926,54.16947206027713
572.6733574280191,114.39158050038715,23.73114532518155,53.86557751199505
579.0204588533371,113.00333162055293,23.722325317563136,53.44994422918302
580.7183128712112,112.74692072052474,23.81285623826648,53.092150546909075
586.2635753324399,110.62782881559366,23.939673692517992,52.759345701680886
588.5122316114107,108.66684550923662,24.071814793634015,52.53906559121992
589.8443647295785,112.20563803839195,24.256139408128572,52.12972108008943
595.5689014828878,112.13123452445834,24.296624121419615,51.761002435044084
601.6174118528883,111.04558850779023,24.24199801948027,51.61977014968522
602.0456633067095,114.51013436729832,24.24918280591066,51.53745634662362
603.8084741585182,115.02725329027919,24.25679450645272,51.52191206698423
605.6283251113346,115.44358747147754,24.256075612065633,51.528859168798014
608.6221897032627,116.36401665481748,24.260951160722616,51.52664387615379
612.3164624886367,115.87459178669899,24.267211975015098,51.51893726120593
616.1447794334363,115.60813565454589,24.270258928769145,51.51587937408773
619.5884314488425,116.49518579419842,24.27461892612454,51.51071429833491
623.1150594910345,116.72431271251979,24.2796857482346,51.504588424996676
626.149380213017,119.21516962582753,24.28858613242512,51.490507368919545
629.2981001342331,130.13684533999327,24.441529953170352,51.368524730260894
630.7980177956996,135.96114967842456,25.035691631885424,50.89008206902334
635.143095082052,136.82078903499203,25.66788851486895,50.49774067373657
639.7459917902715,135.72933357906652,26.357704954081864,50.05590573979292
644.3177740534209,135.85356882026537,27.106054795458956,49.560410050710146
648.1176668771993,136.36481650855762,27.90083473017728,49.11491928561784
652.625787454036,135.72947173504593,28.67609176070822,48.61319557885701
656.6070291541015,134.78723131353127,29.289186096478023,48.147185613399394
660.6797384162422,135.84484739663492,29.868602968009494,47.70332443031589
665.6542180234867,135.48115562059922,30.308030479900104,47.350635698642435
670.61206006358,135.6639943324155,30.64734842150305,47.07930458967853
674.1278341565118,136.35436711589958,31.43135437763771,46.45800379590761
678.8728617377311,137.23660111267054,32.14593006694467,45.822398540974945
684.4939175458561,137.44906761713827,32.64882978034559,45.37239842615022
688.8110721948836,137.5768990323571,33.22311575816935,44.855046320209404
692.6947569333126,137.2333670101401,33.695867169067775,44.34885935088752
697.1084471924654,138.0096693074678,34.06073594885792,43.93233084895224
701.2112896495761,139.01592277199313,34.57005214089867,43.397340094217924
705.9535103156002,138.85215520463112,34.875326575757185,43.01305230194383
710.4097274837117,137.8372791582836,35.04326600357238,42.825658474839116
715.1189283963527,136.58403279839342,35.136292057623805,42.72565104584623
719.7831860393712,136.49460085484432,35.20302327732402,42.667390579297226
723.6965394420615,134.7290172590464,35.2649110993238,42.61676803891367
729.0098802067613,132.27851167205404,35.396492204201714,42.56633267969529
737.292115639651,133.2485233585478,35.8657795018744,42.297562153425595
741.672586118142,129.16894769309127,36.30677717404276,42.21082954268824
741.9456791548824,125.48762033288888,36.46056086908614,42.215076288849865
746.1090992835376,122.06113519228792,36.52121946736657,42.2159581186663
750.6864107820389,118.6536625380306,36.569201717861354,42.205144493159935
755.7226156065022,116.83022623119312,36.607044449305825,42.1762003324666
760.5464019505415,114.97085918197172,36.63426595830994,42.14885403234984
766.5201719285203,112.53220007610258,36.680269627230345,42.112020575539546
771.7194400082824,109.75597890922988,36.734271958001564,42.10411630589139
777.5472742127989,106.79434303922997,36.76523856636336,42.1126126743397
781.8240440115602,105.04295478476884,36.78395028872618,42.128463104465574
786.2045565424386,102.10314871603963,36.777212946695926,42.13802862632341
792.512535454162,100.13978783812436,36.81597542964548,42.138483950345446
803.0799102110246,98.55983031687134,36.92524447060785,42.161814710930116
807.6620193276412,96.46930495860151,37.07895931995529,42.223734339212946
812.6947098282791,94.21205417280918,37.14765729817165,42.24553771820118
816.7983445981281,95.33913002624132,37.23481086180621,42.248541906570026
818.0529062788814,96.71352552869993,37.432401892007974,42.160620500041475
820.3216015229984,99.8625370434749,37.649374940608695,42.00841856500449
825.5644114204712,98.8684617737067,37.699418750399396,41.976956076968264
831.1388105323948,93.99572187091495,37.70002219128615,41.979926040632826
836.8499833849596,88.30076149308098,37.69663896479405,41.98268363406931
843.0037677367043,84.54810678225678,37.69881795722768,41.98280459059929
849.911743886743,82.84722991070399,37.70587800914006,41.980802668879456
855.4141343095637,81.2915310057978,37.70926633769303,41.975972851891285
860.8159745342625,79.61962814391367,37.72099650230891,41.97043360686378
866.0726424420419,78.56023804822443,37.731811535138746,41.96221036692206
870.0673766332266,76.81216958178811,37.72818585754257,41.95960257361367
876.1469904749329,75.49682130444961,37.73836315765047,41.95902132868434
881.1595559160863,73.39288813843501,37.731729742384516,41.95910014698063
886.566240798725,72.29734261638885,37.73278926024932,41.9502350124078
892.2363190317055,71.19655024758634,37.73093159189546,41.94104461306519
898.4633144086928,69.27930938245765,37.73208095175157,41.93623930070475
903.7232735155015,67.5531402972409,37.73345160989929,41.93127251660947
908.6921810649727,65.7497665014684,37.72590289126701,41.93431827824417
913.8447779814784,64.9855729174632,37.723559781522226,41.9309988746756
917.8526869309231,63.46438466243272,37.71662917358733,41.930934016633536
922.0615509360292,61.75512096145736,37.711168848311615,41.92886505742398
925.4457094354278,59.763575545973,37.707689591366176,41.929268653514164
929.3799888576169,58.30360329363928,37.711993086007844,41.92337063460677
933.9577260364651,57.26276076928875,37.728058034952,41.9177973443796
939.5571478841453,55.54734596977178,37.7370686105269,41.91362270909956
944.3508182264077,53.01892212802073,37.73124323819681,41.91343780745763
950.8309064834558,52.05560198781794,37.72772890214015,41.903677078303595
956.445362768026,48.97818382486922,37.718006930533896,41.89061856396055
962.1000493760281,47.00968052612544,37.71997118553812,41.856389170923805
966.7083571909343,46.30783963469621,37.72474532623342,41.83259526294061
970.2477366961878,43.02854873488435,37.73898863506248,41.81304204898398
973.2121848547486,42.37175517557719,37.742375242592935,41.79329114536626
976.4182597809769,39.98987959170765,37.744119566619375,41.77232332277941
979.7873433580766,37.454780916852805,37.74152808838439,41.75247903506845
