607.5,370.5,20,27
606.8267198198207,370.39304482097185,19.490535558627382,27.545792596444336
607.4829637803813,369.16301810605506,19.522413949533373,27.652344467974096
607.7315621204301,369.9735488066705,19.726823841110047,28.09118883418394
607.873592994158,368.6441752291748,20.103931384196766,27.92480004290167
608.2150200558785,369.45297167626074,20.287797400736054,27.79746691530839
607.0216206355844,367.39442562962995,20.765533378928055,28.293423773737203
606.9267434007463,368.6917154857802,20.781539966357222,28.21410761887082
607.3295843993917,368.63193754815006,20.49245994879911,28.285152793666857
607.6871773698206,368.81994845457825,20.421816165591174,28.337099989494643
608.0200167523785,368.46321896753665,20.244230180588676,28.09954074935206
607.7948367400916,366.9620446875852,20.158434742897562,27.962602791157988
608.3102366790283,367.5065510038704,19.8240455806039,27.783597575789596
607.8475364007398,367.2839636678447,19.913806541195452,27.60366561513147
608.0468051512444,366.2502428624246,19.78743332536941,27.605481319981088
608.1992722232909,365.9997787948466,19.788691430335938,27.55121513684265
608.7346602344716,365.54038084469147,19.658849350769557,27.52187220410692
608.3007701705493,365.50547214773377,19.816741974036468,27.560167037157584
608.6130611375883,365.60993357625694,19.75917431693983,27.502480326799766
608.9094366456507,365.19414894206864,19.685820201945635,27.4645779259792
608.8864161466676,365.02985293862855,19.6405311410393,27.677611986594634
608.4747754203804,363.4165529536048,19.45963144699188,27.797265249870307
608.8880606875117,364.28998382963374,19.573699276090675,27.63588800251219
609.8922101269616,364.231851080534,19.940365588078283,27.504626989161675
609.4692912459625,363.3883130957043,20.219659711370134,27.69746291327368
609.6774588117801,363.0329163609168,20.57744330122034,27.5269421648044
609.9840918601083,364.08872306540917,20.56931038041367,27.320836677992112
609.1636066651073,363.3939658790838,20.621236557120795,27.332984269408104
609.6298186210331,362.47910850517366,20.432992966962434,27.17316714257175
608.8720956969945,362.90543081420935,20.63449054138099,27.0106744543557
609.8257464002079,362.73248929148474,20.579504322408326,26.9314202183871
609.8100946743218,362.3020612278232,20.425865439290103,26.932329021911116
609.6709826596634,361.79464124854957,20.13902098525437,26.87186316094692
609.6562535297378,361.0113993361501,20.090919967690343,26.799445156026284
609.9179198118683,361.0306115044456,20.048463849199663,26.784270874003347
610.6880876507774,360.6064677578944,19.988248591837262,26.746654412599867
609.8165409612998,360.3259418940824,19.778937233319944,26.885575615111634
609.8718211272783,359.7259005843587,19.9106508429991,27.011137885056442
610.973257826195,359.2492220183111,19.711198751775747,27.137917890171806
610.8075117384404,359.92080030135315,19.654830271500323,27.155069732824952
610.6496283901089,359.168279064446,19.709551929463352,26.985337083043028
610.7022409973514,358.3522293890448,19.79325177262782,26.900811458641016
610.7877997799716,358.0843908952522,19.82145410646975,27.019433435430475
612.2793573573944,358.6125663619442,19.901242594278468,26.90902001635177
611.1070581270689,356.7793964789597,20.580434350980624,27.148002347094252
610.9481876581889,357.0757823446599,20.457357485595995,27.281734405118755
610.5866523004024,357.6160448071142,20.421356255024897,27.147147769375696
611.5528337547488,357.52247428319794,20.38429540359845,27.108539428870987
611.5075983382322,356.46479331241267,20.152219039289534,27.17845115987035
611.1044675946954,356.41747882079176,20.295176674282004,26.97049704470051
611.799433559502,356.2746772212159,20.406158722291885,26.74945110730901
610.8152560281682,355.9487446522202,20.520706812455728,26.667146344883005
611.0646693803754,355.3262187189552,20.595724660081213,26.47929396794383
611.0337032055465,355.52481021350445,20.808168006319153,26.283610351566043
611.2377030786096,355.1620361655207,20.807849397516577,26.026803746968216
611.9472512696547,354.73237814897186,20.65249331655845,25.87418251943814
612.0220395423916,354.68329550565704,20.623553271502836,25.987541436077713
612.0206786648255,354.404327152881,20.697346472577088,25.801712787473228
612.099986330642,354.8962960874753,20.657395785602517,25.705343988147
612.5008726533362,354.0563921967379,20.401967241643145,25.720974471076037
612.280720649908,354.56341964600756,20.536773125330647,25.740868590061396
612.0862629265224,354.43212528454643,20.443018682174788,25.85361896972092
612.8480727257271,354.0638778418501,20.291528762491595,25.581783033122584
613.3293646954062,353.36519600876846,20.15504696069912,25.666709641790852
612.6844758707142,352.8879338677151,20.255053673117228,25.734942896828393
613.3014570914727,352.87318109262014,20.324484476343464,25.790209937706063
612.8879535440883,352.68194575211385,20.299447167559354,25.539926769689142
612.4453327340834,352.4031367245168,20.278987984765934,25.341491257950533
612.5252039058923,352.28864522072286,20.376658432400184,25.11878520103569
612.5812475492708,351.99911456603314,20.390541479458122,25.178679265980826
612.6888377829094,351.5791214196571,20.33425713058321,25.195337182916575
612.8016216099551,351.7901217505281,20.108628023513738,25.23619761207305
612.5685396968637,351.9878431969041,20.22342470391978,25.048544185106053
612.6526069012211,351.4218445232576,20.285561828336597,24.985532777668787
612.600938177887,351.3162873787165,20.447378386646466,25.115838106849814
612.2344372328221,350.3169529403312,20.244542888737758,25.365469598633503
612.3568762327471,350.25344088584166,20.16916872671146,25.342161331251635
611.9145746830254,350.28966668492325,20.413927348978145,25.19932082738447
611.56643962937,349.9338023555304,20.502109976220677,25.101117194662404
610.8976674283407,349.9983052518041,20.296665601118676,25.465206740459656
610.6652997878108,349.01053900987057,20.24564922230838,25.441449592483103
610.0410930809826,348.83836602102446,20.5731234288878,25.226326525966762
609.5316146106775,348.85551779176336,20.522135630156185,25.22506530733328
609.1756167841422,349.48104043247906,20.459993488255417,25.38280358093263
608.5357311222823,348.44715551873526,20.506514193994278,25.519439422900803
608.1122321582063,347.89976643595276,20.31241364668985,25.33611519054714
607.159907224856,347.746722211392,20.27790960370735,25.156754414958243
606.1400399085029,348.1584030432929,20.101207850305087,25.100139689385106
604.0441346169869,347.3907667264029,19.867386433367713,25.265133726286955
602.9838340244579,346.54998644904606,19.831024985292814,25.32787099112941
600.9310897033112,346.59553813017067,19.538593019065623,25.450826862545703
598.8230297653067,346.0805298413073,19.552934483209462,25.503737345912064
595.4885221117958,346.3596094221574,19.61538145374455,25.498130526626753
592.5628736702953,344.92144466237266,19.449900344496797,25.709166591072314
589.4712885494038,345.16392140994975,19.42960178668878,25.726497622743054
586.2153048228778,344.31293289167763,19.411212832575192,25.64464032109919
582.5813286963227,343.96358730697784,19.611275395286313,25.244768415433075
576.9063612019905,344.09755883657596,19.478336467324638,25.09000718568936
571.6656098255243,343.08309693295087,19.61005055448565,24.761886296131745
567.2752658332159,344.2177471049788,19.5352669280794,24.643309409412254
562.2554986781548,342.37744535352,19.2236869651304,24.920294338187468
557.012723081917,342.56217059906123,19.425542936658864,24.647586179086613
551.6462003123463,341.80817681454874,19.33117491684011,24.58958580350866
543.7982642348683,341.1694209785945,19.29812613521174,24.71615097750002
538.3007680913225,341.4507675616671,19.706377928528912,24.295392548917903
531.9138329493079,340.99157545382656,19.77228331540227,24.188559469905904
525.9524682595692,339.95365558256464,19.709746009393864,24.25103227479245
520.3462161157016,339.9573843018193,19.765301253855192,24.164424621491847
514.5938057084649,339.66286046923943,19.52443649093606,24.268986839244796
509.16569811819585,339.23474668589216,19.526850897853425,24.32886052934863
503.6646025528527,339.39211757581677,19.36455228244593,24.650489229559977
498.11341488263486,338.8225377188948,19.368949030962717,24.56411426589845
493.1221947191216,337.30583937537097,19.62723297828956,24.25406684398311
488.4771016190546,337.6591318259822,19.73731015437568,24.100324440586306
484.98911953361187,337.6353323053871,19.933369006047343,24.368499186947005
479.440636751875,337.7110900327099,19.630839444704144,24.48376586707284
473.9931184634903,337.6433984649355,19.610769248097064,24.421873572657518
470.9493366334886,337.4850555245881,19.58730662102162,24.595134778483683
467.4994269965984,337.0559795234795,19.417644998805965,24.776275171623517
462.19147777698856,336.49345538265794,19.268723339148686,24.711332932789382
459.5396348971798,336.8429898107934,19.11312670054234,24.646229091929772
456.09929926104894,336.2806370457417,19.14809341729255,24.551762740357475
452.8940319905475,335.4800370744614,19.078102941510803,24.585738895610348
450.10111021531924,335.60389520051797,19.203672749291563,24.659866267612166
446.98505142720285,335.5953335185275,19.12054326665593,24.557696165382705
443.8567214865526,335.2406686954314,19.003276985236667,24.42764501085089
441.34521929745216,335.2862978541125,19.02135945029051,24.376366833072094
439.28874560103696,334.9455832341225,19.12371676667437,24.284918201061814
437.01991335791917,334.5459656018363,19.03917885651723,24.445070020562028
434.3943690906454,334.08846269665474,18.902685088971204,24.407533168304703
432.8152904499012,334.0087818650338,18.765677308508856,24.347227367051744
430.41007230744367,333.7201540231795,18.716130149210162,24.346921672281503
428.8708201835505,334.163662594526,18.652470405068332,24.29180649711393
427.87330591297024,333.75829889809484,18.649043183365734,23.98733849641389
426.4667499551485,332.92582116426377,18.779601330851257,23.59536509101398
426.22730163424205,333.470851457614,18.949018408235784,23.439180780329657
424.9130343004795,332.8080633950408,18.90489725491428,23.16948078815126
424.693803356539,332.76228634138465,18.747436195865525,22.944897015376732
425.129456127613,332.72654894307374,18.507384969093657,22.77258687771618
426.36187552024626,331.7737641973778,18.354506165745484,22.536385529417
428.1378335607128,332.4246253379232,18.456560564777686,22.07332837608032
429.9630560990293,332.01987318226605,18.42034540567086,21.778405588166738
431.79042448301954,332.08685396507184,18.37683686530579,21.612162083614884
434.0338579991027,331.30698984929955,18.039013393167608,21.418880042179726
436.48481701645414,330.91623061253244,17.967718508336436,21.385734092248242
439.85620492315155,331.10228710208156,18.24881125573269,21.383830509035473
445.19972094647574,330.0886259965689,18.137205310768863,21.326422810163898
451.2540339178557,330.09698784844346,17.899388923062695,21.502164173324573
457.63940264110136,329.4968927647889,18.307357645699742,21.42757800110273
466.3119448100521,329.1389609479508,18.121407218931072,21.49430252850531
475.01416004520286,328.81170329606795,18.396422015353178,21.51789813737048
483.66557013126896,327.4850124065463,18.969004293782483,21.607905158647053
494.6638531852986,327.4969246625002,18.85135206511783,21.440889175043328
503.26832854767156,326.75454081978455,18.886608722573968,21.338141863945996
514.667389922401,326.87937911893596,18.623352306122968,21.73939412058555
523.1738696067603,326.6102156810543,18.618325600368244,21.81479586025951
531.354094013655,326.58152064456544,18.441996964801646,21.876627489292375
538.1212253663773,326.8739102136535,18.752157553424304,21.858614791984603
544.9055676296564,326.74316025936895,18.984829342478964,21.725747303722187
551.354885603406,326.2349564867036,18.933217358907775,21.683688891411293
557.5079341577284,326.4257923292936,18.480660670795352,21.94547753957861
563.5795309475259,326.4161001660861,18.062627689955185,22.00581099828708
568.7231257736242,326.67237199222933,17.78200790012419,22.08102546987531
573.6165389302403,325.8148289042941,17.6866517330714,22.191581430482447
579.2741081472184,326.0610014735277,17.42021935380251,22.182682770858825
583.9862811315968,325.9022204844199,17.140733652684993,21.877723229413483
587.5555137655302,326.18121644973303,16.874926637534045,22.021220926148512
591.3056384374012,326.41138204584735,17.072507970824724,21.971468223223475
595.8774841068979,326.4741559589057,16.65017302373811,21.696158571306775
599.1691869683635,326.2578910823125,16.947310532770793,21.636886019510108
603.9319186900168,325.4896631988597,16.80007718437389,21.575606619865972
607.2454246189068,325.74201371033985,16.82021345891817,21.55915701478102
611.3040054626567,326.1042542556146,16.601049627558538,21.566487268855077
613.9796281543199,325.9679858599628,16.571242079925455,21.518044643788222
617.1250262876083,326.04119189278276,16.604799508264446,21.36914259015481
620.2119754114956,326.01470727121614,16.698618621940163,20.984225177957306
622.1426943944405,325.971447049955,16.42539743766654,20.787988517036517
624.1314130635867,326.04232611177997,16.0418991653072,20.714560956991328
624.329842918018,325.8880378249814,15.98711128767098,20.623704364799867
624.7293934399594,325.1427872446288,15.793908385649294,20.66515784083558
624.9191331618798,324.602579331453,15.795853041015285,20.717172888416684
624.3062719668285,325.6866667255717,15.7722785275077,20.469794494527527
623.9714783353133,324.41724933954623,15.817582774810024,20.276892844993277
623.0137372237538,324.1460751292257,15.699231255787577,19.91479388890623
622.5556476240722,323.7968711198368,15.467377313060682,19.76848291497398
621.6520412531363,323.4434400360545,15.218417922440551,19.81587523962787
620.6504632554071,324.02960645161346,14.985259144339306,20.01561510519575
618.5477356045342,322.2502335397647,14.960547057169224,20.357256970763334
616.59150359889,322.7797917642331,14.855842069739367,20.579392190756554
614.1400619801811,322.0169874080612,14.852244517972292,20.667309095353474
611.2285725237803,320.76747328541654,14.765926441333347,20.721372454931128
605.8452899834826,320.40360624293373,14.94013865480192,20.63675602834583
600.926689818212,319.73784293843323,14.818750385184591,20.485658344973245
594.3108684179708,318.5252138762767,14.593513569883338,20.424778125475157
589.0137934764973,318.817539117159,14.69714965125552,20.549920138484428
581.6248233131705,317.54506626557804,14.559608410526348,20.882787031908236
573.5131066603544,316.99952030730253,14.90942645126601,20.978175310859374
566.7348038645118,316.0608930600628,14.77992059275584,20.786863006174915
559.4495526735111,315.473813131311,14.611600991419778,20.706429372124354
552.1686595978477,314.39314010693323,14.583186718552302,20.72252700779393
546.3120491735447,314.34458601363497,14.891697751179324,20.30307523593254
538.9188136327025,314.41647419604953,14.599553644265072,20.527165327611975
533.4347970777901,312.8518547088184,14.756901596314107,20.504052445842593
526.5423483069347,312.75239790645725,14.462032864526137,20.544871569931114
521.7281762000634,312.12796106490913,14.451939807150703,20.34964272731631
516.8753500859182,312.09904159668866,14.421599603800567,20.290117994779045
512.056893925512,311.4226703013871,14.096619796622218,20.50893991582651
507.13686426719397,311.5429879078748,14.101517904151816,20.36210249832564
502.71451462845033,310.6449169248595,14.120753886656182,20.353237006623132
500.0308620015128,310.7176440702179,14.010928727475815,20.32535925542272
495.57821610938197,309.8966687511594,13.891733016315142,20.210617841652258
491.35035684771844,309.7179426524994,14.050920816070345,20.164131298480374
488.6006818391401,309.53121974871465,13.861783303472455,20.053199721864083
486.0055132366157,309.7369464548426,13.660670103400381,20.103691902965203
483.2655086950869,309.83885132386786,13.54767257558758,20.165936705787352
479.155560633818,309.63830785598856,13.460717311101472,20.010135538060794
476.6191035277618,308.6211892345843,13.935733516774642,19.571335061142857
474.03369492253677,308.7501286130941,13.992441687918163,19.805062092592483
471.4465782777278,308.5702884674371,13.991967087979226,19.78766167516437
469.53050994376696,307.3412144832384,13.963410777995579,19.91660103111969
467.47012488507505,307.16297647673844,13.734713141015373,19.72281959973795
465.8135539617637,307.52729914925607,13.747307626264128,19.549608124064576
463.86822813492415,307.418817285402,13.779606857229085,19.406079741520376
461.8173083606827,306.9419309797727,13.605232282939731,19.454130390326952
460.5078664186563,306.56030574255686,13.660286744995407,19.392989678521293
459.0510539345326,305.3760038520692,13.556836889863362,19.470921157250576
458.0465741546331,305.16720922214057,13.560120180131044,19.475577127103115
457.5182162974613,305.7578165103319,13.673002960571894,19.31678081129469
455.50460420130753,304.74968179346035,13.921299588258487,19.302952760449198
454.43310034433824,304.79596640839753,14.056976407726875,19.141645308452677
453.66052831678235,304.48475404160945,14.151754204217411,18.94402069653554
453.00460915625086,303.92644995247184,13.859047885693041,18.87441001704555
452.68352603276816,303.1205356789018,13.539783463827566,18.791951740912985
452.0943115886547,302.89157250299434,13.641098366039177,18.747228249035103
451.0285564932996,303.57667511447397,13.54935912132453,18.910897895422444
450.9386357522078,302.6878528898597,13.48433736159728,18.96827457197635
450.3530272162234,302.6419999991155,13.633309741717344,18.893827071537608
450.14899676411255,302.17338422844836,13.796931714593066,18.871353558112045
450.48113200598624,301.09334384455394,13.622074760480153,19.00060203525144
450.697034222441,300.81136596625487,13.618416511061305,18.929677070280494
449.8649815888109,301.47766487584585,13.746409827447236,19.064549062538013
451.06012844212535,299.8756754093787,13.566298787596885,19.106799613361783
450.9057280314589,300.6606756499109,13.603938916953169,19.16337805933744
451.31571363585624,299.45567761901924,13.5477519975186,19.1599746631893
451.5381723958718,298.8901638167271,13.263943716350411,18.96898650544438
452.119269052767,300.1346428173301,13.111141352763017,18.706569546566328
452.16303392126713,299.1597445435593,13.141148227617819,18.66975246285937
452.43593129461436,298.7301047023181,13.007511970150638,18.6127294047679
452.809501750557,298.98645690954646,12.951976030151101,18.53421231316627
453.2410092362484,298.2985623071059,12.89980649343402,18.44906938246541
453.7038482781122,297.2971109206971,12.71997909196486,18.335204033563656
454.55109709791947,298.11589043873687,12.609240998630344,18.302288580781845
455.4916547245511,296.9100104022545,12.680183464597704,18.29186990847674
456.6409452595263,296.63743551306413,12.739173519677792,18.060303752580957
457.3657771988049,296.44543227860277,12.72236107487459,18.12575593931524
458.6060743327589,296.1223978749406,12.555259820348564,18.193360119373665
459.69704253633233,296.2599752377652,12.474431010552692,18.364155246191032
461.7462099607189,296.03085316600465,12.613037976202207,18.203562748400493
462.7987335940502,295.1236439015793,12.547032943960392,18.359435425543687
464.187161336186,294.95486594512465,12.37767014500675,18.243513538560606
466.65650479715237,294.84886675327556,12.456369659536467,18.138224417585764
468.2157454471498,293.82982705088904,12.350686430449173,18.39037426169755
470.61622647661017,294.0693305953531,12.517446310615354,18.401368374399045
472.70049061391,293.5451655947608,12.83450658658327,18.357020901561707
474.6417592598505,293.8204623531575,12.80541029468705,18.119721855078566
476.84744184013647,293.77961134190747,12.951095362234,18.06096550236301
480.1925928121924,293.0264894308647,12.832376212311585,17.953593692391483
482.1162252732168,293.1739329011311,12.863115364359462,17.893434700762647
484.6314902337851,292.985724463738,12.950294603074035,17.966047952826266
488.04032150378066,292.9901624601506,12.851806448153617,17.714394031290965
491.7388203621998,292.5474090224103,13.020188827750824,17.57390481779001
494.1798888877352,292.4093943931016,13.175459651741116,17.763292466738648
496.64969540280237,291.4301474292528,13.35451374730868,17.6723410037349
500.47966107313255,291.3730909305088,13.096142713197446,17.614154660855633
504.00930694720785,291.12249346906475,13.088112866902268,17.716868631957713
506.69885749283844,291.24418152013556,13.094140750555674,17.99662914556925
509.23710840186425,290.2416231991125,13.157239686288253,18.020171490664115
513.4820257390639,289.88664258616694,13.140257718798095,17.96532722081621
515.6642764390151,290.16066935872425,12.911369760362868,17.94567284514661
518.0629250979562,288.54739323468937,12.727893948981,18.050257300705482
522.3384015268448,288.52278788680434,12.543765241289366,18.105208718651138
524.3415909625398,288.82301115703433,12.340696287349168,18.188092475661293
527.289837903089,288.5304295410983,12.258804781281187,18.13093292883157
529.7677584462538,287.99608231061853,12.364271602056416,18.096465458753183
532.0754307581936,288.05165916295255,12.391385417049754,17.991800020951757
536.0015810712904,288.18671036096737,12.266512273461363,17.846083473563517
537.2784689787521,287.8749823449559,12.19390878176485,17.70945153866745
539.3918361886817,288.4437045090419,12.096879790982799,17.60647371554623
541.6491497891375,288.031783014457,12.238537399183716,17.613642293419204
543.9094698178911,287.0579451222326,12.180549071260259,17.78823009950495
546.6531011068558,287.803706967149,12.08896882823064,17.77209100268202
548.491564693252,286.95038042083223,12.258639803784305,17.903957074632313
550.6520737960677,287.50458429470234,12.278899197487672,18.086558514590436
552.6077757766468,286.92878425940495,12.388143238953958,18.10457718526768
554.2914743062149,286.34199726200126,12.414515920876088,18.118088747785947
556.2796848294715,286.66959196431907,12.25872685525872,18.06276024975125
557.7254872838417,286.50642116966094,12.06357122630362,17.8505766749402
559.3955516241631,285.9666357766101,12.028856983908623,18.011381916150558
560.6664099305001,285.8602329658407,11.957739307315434,18.06838913228047
562.1876591524709,285.56460821134783,11.952528575470929,18.142275092987337
563.4917150137682,284.8166008838388,11.867144342347935,18.168518958858932
564.8521015248286,285.53450545662827,11.811037019232117,18.082870054407078
565.8592993394088,284.8169960011096,11.994899313197845,17.93196231348971
567.734607303587,285.1320875193855,12.0176991887508,17.586873150677228
567.9406700206167,284.5554177313496,12.062250506066578,17.380935239947824
569.3879969502955,284.8806346125407,12.116910525722231,17.389170234050695
571.499704127409,284.0530920621782,12.061301366349877,17.40249129001395
571.8369747721363,284.6913645263966,12.028768679514588,17.391540486371124
573.1655886619008,284.9484689229766,11.983114357703462,17.325794000664395
574.3711491393618,284.10731650362175,12.151993803324569,17.233506439776885
575.8555542438517,284.8150153975791,12.264817877410653,16.950378868804066
577.2048062892719,284.48351620267465,12.369087262217164,16.887565300299954
578.0111203057127,284.35781249241444,12.302399509296283,17.119356428030734
579.6372283363638,283.20916008743734,12.303608330882852,17.19037411144383
580.4590688499802,283.207735482762,12.246868545868011,17.04364390010872
581.8912571834156,283.36011074478773,12.097336105834358,17.0775973064352
583.6753075429689,283.6453923624359,11.861456894754031,16.71867013757555
584.2119172061289,283.01535050073653,11.642111119325861,16.50995891907219
585.3363040076508,282.1987249953515,11.468235759232385,16.712615247148882
586.5171078221518,282.32117223124635,11.338623951229533,16.79436638807582
587.672225704437,282.5389055812554,11.208776637281641,16.88578030996783
588.7340034972085,283.0964222305194,11.16610717730332,16.89378721071953
589.8122483017734,282.32032666787325,11.277098895230495,16.94189994779775
590.9330685942552,282.0052160160649,11.30909536661749,17.012786377261335
592.0426897784052,281.0891435693605,11.359418580592687,16.954660441469414
593.1242724282866,281.2470425298955,11.24681923885311,16.91403108829525
594.1434054113809,281.4687188340299,11.213086801946234,16.83273291742531
595.2179388778478,281.87067399421136,11.08985657517374,16.783079799210917
595.7670304825401,280.7939087028198,11.28412379379823,16.770276468190936
595.9026756493771,280.0257483108842,11.312246396096413,16.66937663095311
595.2504290108923,280.89522951019416,11.438255352425564,16.84073439510633
595.538158005203,279.70593489519547,11.271767898605802,16.850653876797477
594.0226198319339,279.1242815556036,11.253868300624937,16.77722318549017
594.0177149764576,279.5682230598984,11.119755697529651,16.772744252999942
594.3986329116074,279.16171949197826,11.250237539536936,16.71219400005765
595.3282296490114,278.47894569360346,11.482781811921388,16.59513125192056
595.5053275150606,279.1774418659842,11.44148814295422,16.504149987901023
596.6593244699103,278.5763531192647,11.51145968354174,16.821952087949295
596.9141304484336,278.6443611542687,11.293640059621106,17.071098818491745
597.752575782246,277.1300548752833,11.427205429517794,17.243994671140317
598.334510897442,277.39658250942887,11.406047792204497,17.055883194477058
597.7013751087388,278.0925156352311,11.572816567715469,16.825617890252644
598.5434711332433,277.14796214728636,11.748783677413275,16.824784604301243
599.0119245870402,276.5653735668881,11.854972120084955,16.618803522872085
598.5587643590377,276.99890043234683,11.706249593988566,16.422844924782446
599.2186414696023,276.3545678955647,11.666111490336732,16.39478796293868
599.1601543250872,276.62371270853293,11.692111731587023,16.36789963266419
598.9765804502413,276.4978129520029,11.73407832488196,16.19236927764593
599.5085707658986,275.9211055548538,11.658264085416677,16.085320118926013
599.6412580590445,276.3718462460092,11.619837119635985,16.145621549687313
600.380977996924,275.83470070108314,11.462404303927935,16.093744269292596
600.3529056994776,275.13080813233086,11.398655347948175,16.072336267720935
600.0472812760324,275.0416377082527,11.479156721598383,15.947856910188737
600.9330621623247,275.0281175488761,11.376375752694315,15.84654661344062
600.5542574504102,275.09719601106394,11.285186663110863,15.616778080202064
600.1938731177809,274.3075179457678,11.153328050995245,15.76307749864368
598.8612677231979,274.14372948275934,11.108353312359664,15.802387706273107
599.1193528563249,274.0163016228121,10.957031332019216,15.649285961711001
598.0761667084436,273.4793802643341,10.82934594383702,15.715564372407835
598.1271294020551,273.08679622877906,10.95269447869979,15.884222290701157
597.0876956476202,273.4968433528642,10.783029215505367,16.189129115414545
597.5744424993223,272.27041575379894,10.897139557969123,16.07719334941841
596.2037756340121,272.64744709796656,10.964330212646558,16.155281060768083
595.6036367956494,272.17554359378886,10.849058515745119,16.235503729504803
594.5013486128887,271.58549510032066,10.719318627604444,15.982807218401966
593.8918380555306,271.54773806924743,10.668667706149844,15.911356998751042
592.9420182811847,271.27158143220396,10.865496013691672,15.9993462455381
592.7686510275504,271.2451207780675,10.707794683691484,15.78847003221983
591.3600489449669,270.3078942854834,10.561691468182065,15.841806689148466
591.1301493820434,270.076502325349,10.568354179739586,15.923102345810316
590.5514312053267,269.2313503576439,10.432930382835755,15.936899046647065
590.3846628190045,269.80142671783824,10.485249252581488,15.905364347269806
589.4847568906696,270.0253198096461,10.55631922501978,15.793273430377731
589.8014476962802,269.4211403494619,10.520863574815987,15.892613548103327
588.8332573647899,268.2750764790465,10.452301105396055,16.2302789991239
588.8986986665262,268.89249115972916,10.548046835253777,16.095125293123637
588.6745167999328,268.1836498430615,10.673058559382493,15.979522547049125
588.2058121053567,268.5965093377207,10.691240944483631,15.942010015822428
588.2611333315504,267.3529072550554,10.649689238439317,15.8389927761238
588.614628182711,267.73302389452283,10.450953468117087,15.635851329349812
588.1168851573152,267.3178284827197,10.55892832515665,15.554595667627463
588.7386343251527,267.2038873386566,10.656014863634807,15.593971531326602
588.1397231745658,266.7800176854716,10.66049018757473,15.350145705555558
588.8199643863375,267.9008603147822,10.562408868004798,15.344575902561678
588.8131538661693,266.72269234191043,10.577917046575447,15.376920788048292
588.8096172471883,267.49552600250195,10.424987814521149,15.272475776931497
588.885906624506,266.76781855441743,10.404672973636224,15.19839388412193
588.573166783399,265.96430479509985,10.542631782303758,15.32694952756638
588.94779675403,265.7014057109946,10.458574041454277,15.271695511671933
589.6826943558418,266.62464011791025,10.322855719239405,15.05358768455025
590.0462874855399,265.0863702197815,10.424663197540944,15.109718135180927
589.5728765117867,265.8635315456233,10.361236484005968,15.194270252708186
590.0886084619767,264.77614944740714,10.253153912208752,15.315677324811837
590.3359283837525,264.7787139665198,10.10844560676228,15.061094160824556
591.197805827683,265.2404851448155,10.014913754713366,14.939671953368702
591.619107707691,264.0864705978609,10,14.961218236303797
591.5449266352771,264.1616549402395,10,14.953399230229888
591.3706764079352,263.92588665227424,10.092795098085753,15.066248941784316
592.7177319422401,264.69774883896395,10.000897173778405,15.133935782279744
592.4607137546764,263.8572334032458,10.162222437598665,15.050012325179024
593.1600282499098,263.61214100938287,10.010289204043975,14.842985489713072
593.8643547662614,263.845874088755,10,14.778359826078425
593.703872801254,263.61599242311746,10.075064088825457,14.856378861994758
593.8327677094458,263.0828119854963,10,14.85008215209313
594.5262732946394,262.17736367651963,10,14.905828213482092
594.5844281942664,262.7141345141981,10,14.747433544636763
594.7752703012047,263.06134534204944,10,14.739009315444076
595.598423677784,262.89528498108547,10,14.930954635207533
596.1058109582482,262.0134170252569,10,14.956774315709284
596.913438576561,262.5289762178514,10,14.844119339467316
596.9278019716112,261.8563204555012,10,14.848717601609632
597.6934855033724,262.08494884133916,10,14.8214204847418
597.7082132485775,261.8712039559181,10,14.737572498473362
598.4025176552204,261.0560271486872,10,14.714416734501954
598.9895829943089,261.0256487349356,10,14.81185565365844
599.7938820508389,261.5015786358695,10,14.765101979052663
599.8784739387302,260.63726755796836,10,14.781903890065909
600.5012115252284,260.6187102830315,10,14.690080152443155
601.1386294377116,260.95538314782857,10,14.73643821637457
601.6549592626361,260.00775720833684,10,14.664360474043107
602.3849285257129,259.94812718879336,10,14.641153804112278
602.4471728255121,259.6363262796597,10,14.671704010002397
603.0594722678034,260.492436842308,10,14.609255647958095
603.5153210212557,259.58979795886114,10,14.616829314242926
603.7384158422319,259.3361784384941,10,14.818661784542533
604.4666796376077,258.3446446690754,10,14.83088278960455
605.846795981106,258.4854088680098,10,14.842264550369922
605.77232255536,259.03752583518724,10,14.684885088175438
607.0799783666698,258.64043296395107,10,14.7427987340138
607.2292616565792,259.0167284788114,10,14.617311509835233
607.5786758561699,258.026585114086,10,14.594679995877732
607.9506892760364,258.1259971831147,10,14.61414648482304
609.2576078970997,257.82370300319195,10,14.615700586779827
609.2611994494764,257.80593244057604,10,14.46184640351705
609.9555143465368,257.5750180533641,10,14.523984371075224
610.9713611950247,258.38008390997953,10,14.551391329337925
611.7104358424513,258.12961456731375,10,14.619795767032619
611.7063375490798,257.3986540617349,10,14.62758422127511
612.4984222429885,258.1986883315506,10,14.617696793933115
612.6890175717963,257.28053344671787,10,14.534544359619053
613.4839595931662,257.7914274813714,10,14.500518026228214
613.8145649808539,256.5205751620689,10,14.52583663272864
614.597757853855,257.9031691567763,10,14.339287435351844
614.6993391591204,256.86815134924433,10,14.440553142464378
615.8049657422198,256.7611061948979,10,14.330905829849895
616.4141826707018,257.9092039762625,10,14.33630428605683
616.5150027948512,256.1154614439487,10,14.614717333014777
617.441359766115,257.23294732274684,10,14.511258932580999
617.5341266098512,256.893372244483,10,14.50373932220582
618.8977411690248,256.4285491711357,10,14.537107027947927
619.1643369797439,256.90386766370756,10.034223973616463,14.622182642558586
619.2230697575105,256.3054938459134,10,14.689384589517754
619.4544577205841,256.3911518008926,10.063321848358441,14.732410871374773
621.0881688896475,256.27055990250506,10.026289582100699,14.644598963499032
621.0354620370163,256.56115799869593,10,14.44377276218129
621.5375861081375,256.9208018377236,10,14.166841759989172
621.6093407723201,256.4697720080016,10,14.203369617255827
622.759111747433,255.8206696804083,10,14.33806991033612
624.1812922808422,256.9657908364708,10,14.15326487695865
624.2713893654836,256.1542498343814,10,14.21509917472422
625.4776791337026,256.35035351625123,10,14.17634100660786
625.808854490806,255.91960342644134,10,14.383737668695321
626.6837343874467,254.78574776544335,10,14.459168221343171
627.2060827317728,255.1489369290743,10,14.23754986140842
627.6947960260404,255.41800641713286,10,14.04536148877638
628.0183849933637,255.61183972963263,10,14.15242366741151
629.24168115883,254.2929948201709,10,14.295086421057857
629.9697431328786,254.81416869890134,10,14.102733621044022
630.6585858467115,254.67101795244824,10,14.00853488673734
630.700786840458,253.8661917345656,10,14.117955579643722
632.0223798866464,253.9312995666225,10,14.030047400424925
632.3430278713895,253.31968056342663,10,14.168209074724357
633.3106205876065,253.6192559150959,10,14.076234114965693
633.3342219798906,252.77011592443205,10,13.944232004198957
632.4411167114122,252.73301924516505,10,13.733870940831281
631.342694184099,253.19656530836482,10,13.878183390733259
630.8789152710779,252.37273471248204,10,13.82509292024452
629.3778761237008,252.56759857884057,10,13.643749388458025
627.7902817337854,251.55005691133294,10,13.833290054177056
626.0485096781595,251.97542347302917,10,13.582738569979096
621.6615053027017,250.8831143817207,10,13.759325861177565
617.2305518000467,249.95399648355854,10,13.807778794838594
612.9632387965066,249.5924898063558,10,13.530121716199698
606.9784885256631,249.12938026936013,10,13.646474302211104
599.5424643366678,249.05518349539403,10,13.557260087925805
591.1001797526224,247.71233007546888,10,13.578483857402553
580.6887141077859,246.9322567562808,10,13.615687118283905
568.989206394468,246.10391049587778,10,13.646369578779563
558.7623921244485,246.0498245438454,10,13.483832206644998
545.7801895945413,244.9219883952775,10,13.532401728207024
530.7884264796121,244.62276488718192,10,13.562730768209592
515.9982376902444,243.61348593122565,10,13.512182578132329
515.2117759197099,244.0182601423425,10,13.512474119811587
516.1353800524321,245.27569819466942,10.000014897206633,13.512257658331029
516.5603220670564,245.17306669667988,10,13.512392163385256
517.134052595411,244.71497699426405,10,13.512264893736486
517.9070562332017,244.81638067010644,10,13.512215407242175
518.1174531086713,243.62875208593636,10.00010051423585,13.511761611379477
518.7677030196297,242.99657188703378,10.000048275517488,13.511701857474108
518.5072625487192,243.38539538844512,10,13.511453262110729
518.605844235256,242.75034456951605,10.000022813836,13.511395655431494
