613.5,369.5,19,27
613.1585795961993,367.09232448764385,19.113859607144832,26.98592044457314
613.8168290888896,365.5859374323614,18.96331819184015,26.826082126472865
614.5794823786299,364.61497054634344,19.245537962381032,26.656255520624832
614.4834495256615,363.74662540930564,19.486899462536456,26.59917452776329
614.8678235275693,361.5711576459409,19.75648272893892,27.093032217502312
615.768068048412,360.8015855949617,20.29252794895683,26.595548549990603
615.9388252253103,359.566368729517,20.52399733692061,26.327780901103843
615.4911704068958,359.25916082535616,20.629052023226272,26.45206562927502
616.4806146309363,357.77460615717575,20.72715942475444,26.72739072872789
616.871026410031,356.6561910256853,20.663535847777695,26.997598996736546
617.6962912104141,355.71128218971376,20.85850361677784,27.49890715673196
618.1373488086676,355.088954695183,21.037495578931583,28.437234653794818
618.1715892736958,353.8335882224539,21.43554601498521,29.029512832979577
619.1787433017877,352.3399259274696,22.07539416683977,30.100255315404162
619.6993095434843,351.224155136866,22.208752254468383,30.74930359140518
619.5793105406823,350.23801042732276,22.365587326484548,31.35770128971982
620.8491840548296,349.95227683414276,22.17311102534736,31.72974607190972
620.7144357051792,349.0242039254599,22.260155120473726,32.22493641251461
622.0594641222775,347.3162573672891,22.350351696616436,32.571634019899356
622.2587266621631,345.23793575148215,22.547095462403405,32.55266051033279
621.9844452480538,344.24270301527196,22.62580414437984,32.55032014416824
623.7397347269591,342.77104503975147,22.708116164428752,32.71533843247423
623.3999310583104,340.93518446667184,23.140386383934953,31.967126736378873
623.9733898150263,341.2127829703678,23.680546750408798,31.201422932150088
625.6212885773863,339.3009543234251,23.727556280208468,30.279589675040604
626.3540601209186,339.05079541001885,23.875311609281674,29.73664263597788
626.4849642899557,337.52118839327784,23.83228274570424,29.44971938422742
626.8003647307312,336.7564766851884,24.200996384321478,28.56254328830609
627.2398095474002,336.30467798003946,24.627378376502207,27.660410594157455
628.0825137329274,335.5429883956166,24.998782768662075,26.338371071368087
629.6714017498082,335.32920690014373,24.91161390119073,25.339925957035785
630.3956716908453,334.43807542297145,24.79442339198027,25.082515582980758
630.6694772196959,334.15401644539304,24.64801751635458,24.672749722372107
631.2602675370799,332.9978140747203,24.22997846083303,24.29992921538085
631.6767173955221,331.35539676694117,23.854014835133285,24.209086960593048
632.7375910818166,330.9392449271806,23.833828532032918,23.990918022964813
634.3227527902044,330.95107436757525,23.539328374611024,23.3424034450205
634.2557062230533,330.46611691681466,23.531928709988726,23.109366200011603
635.0045761861971,328.50103415103604,23.517806327875093,22.998428845368846
636.2108360041879,327.9085463492263,23.391175602187325,22.98548317289582
637.1773145162579,327.2447911652369,23.455687645620927,22.967817678562206
637.9504100730317,325.54856746343813,23.578392611136746,22.87741262320598
638.6552280645063,325.59957631893633,23.92692818656755,22.45329656764516
638.5060336291996,324.7578762908432,24.307764153886325,22.32677667048504
640.0221752218091,324.03160318358283,24.571588260842553,22.12978269907752
641.1854546358095,322.91692053951556,24.73010514504589,22.073035440291306
642.0065502347804,323.35856990351965,24.85096855640277,22.103856849974534
641.9995320412394,321.91733052143,24.968613745445737,22.231233694979633
643.4795838569933,321.41538989357656,24.591526747925432,21.74613418057545
643.5336864836819,321.24644581625137,24.2975353665041,21.31994741361786
644.0572203148648,320.23555017899344,24.41205804189143,21.072412001274635
645.5580973589053,319.76044645027036,24.789884689970656,20.76062366633182
645.8674403367371,319.5025866582232,24.700821885132633,20.776136303099555
647.299058206705,318.502088446918,25.154466132913555,20.498377060884486
647.7291047055908,317.8375727390409,25.35808859305817,20.305310412216045
649.0204410849669,317.747142538604,25.582246002076346,19.988739177233274
649.1223390196835,317.04023771471685,25.523851684962764,20.02844241784198
649.8700396053017,316.5700428008854,25.62590196216687,19.730778327620094
650.0922281908829,316.6966596284038,25.406474150898134,19.581249229406097
652.0833368207618,315.3924054838707,25.284530729183633,19.60659258812871
652.792129297992,314.6648752392364,25.217617066074688,19.338162481579776
653.6601289941076,315.0713155077639,25.30255089661402,18.879633733283832
654.3801174612087,314.178656367496,25.31847713490493,18.910537097781177
655.2303723619275,313.4980661390347,25.46961351838851,18.712788588181624
656.8889708421685,312.9319840094146,25.484733671782763,18.65631427949736
657.4858974741518,312.36032564459515,25.568676795488656,18.53468538287732
657.6699863260884,312.40378290554645,25.565496865977956,18.268886876289844
658.9790725722072,311.3012949061305,25.543880560416383,18.375770795959063
659.1225719406386,312.14384265373525,25.447838848247212,18.17164306083569
660.2312520877872,311.41758600517113,25.511273889719547,18.240296723564505
661.2191652036734,310.0344201554203,25.35572463357902,17.867659001679424
662.3495381820403,311.0661670981038,25.34330021004829,17.363643280031646
662.9656046984036,309.90501245470705,25.503081187369556,17.177038096152515
663.4938158351815,310.4321827922281,25.369355981074417,17.143038698232928
664.748619098721,309.505290703495,25.32116188380516,17.1492079913226
665.4757998515702,309.3742703472343,25.436720560334948,17.117611875182995
665.3272004968361,309.37972250140893,25.24802810645376,17.192068786776257
666.898740230824,309.32094008008806,24.758654712238936,16.96749238858284
667.4839342464618,308.5572694528555,24.453547070749284,16.707814986317356
667.7845893780258,308.3691679914413,23.987112775719872,16.46082357225457
669.4648633288308,308.4357289000699,23.346981896814903,16.120837010572604
669.7140733126103,307.8500678194045,23.0254150942865,15.671914668882069
670.5669819487622,308.9394929219267,22.517777663024127,15.297928274376881
672.5212168610141,308.0307105514423,22.508206440052486,14.951040939387482
674.4030959200776,307.6582480526501,22.91605438576819,14.449076584173394
674.3457695524745,307.40458090011555,23.20419353254578,14.038639430616758
675.2972621521183,307.7848060968028,23.513407305960275,13.47048834363489
676.2874276580983,308.17629504199743,23.89076472097178,13.193703435442412
677.3686865763744,308.4016290733409,23.977523284031754,13.119874235651398
678.2471581233407,308.693063057858,24.218778460897077,13.06408876945917
679.0562860583616,307.9691085484749,24.19554550764901,12.835785239015912
679.0227015652877,307.31284749418666,24.11936143390913,12.55250790148634
680.6321144334561,306.66210204247307,24.45591175042866,12.424007917271673
681.401660974592,307.3692168291638,24.515527178555658,12.121309363100952
681.5194196077899,307.9856350775268,24.26140029525427,12.275749515850123
683.4799617551898,307.0927244964204,23.874115887158133,12.332825455971305
684.8731983439006,306.0619569882422,23.323222200398078,12.254161049491318
685.1678313665296,306.532328310985,23.18223374779897,12.19230766668192
685.7009339947078,305.0253326979158,22.84903896230975,12.344690387571244
685.8199163488999,305.26008481667304,22.56787092239555,12.30454093692974
686.540815663315,305.45424839697387,22.164449816987585,12.277103628375034
687.6865467736344,305.3558950864977,22.102124301747367,12.07786332940934
688.7711333232044,305.8264735179507,21.945688476777374,11.830709512062175
689.0383340536079,305.8618162313047,21.845879620607654,11.659431859564176
689.6201187726466,305.8552006202873,21.504615086990903,11.577368561340052
690.6084120453937,306.22269454397906,21.624876790932046,11.251317601936028
692.174245315388,306.0196640788016,21.542959625333246,10.941054858565877
691.9416737081084,306.30288376909084,21.063563710158313,10.863020854660096
693.1327415143601,306.14871756729417,20.585725211073612,10.793154425979955
694.0559826722317,306.40893586126464,20.500764353956193,10.66231662486992
695.2706561865394,306.49595414600554,20.477974170052068,10.563655634685636
694.540199373281,306.3673374021403,20.17360123174195,10.581519953538544
695.6248558501742,306.1363143146567,20.111079058976657,10.416084906352989
696.90191519509,306.1192400824271,20.028121734653876,10.229772359879352
698.2888466044355,306.01386232722496,20.17038635927663,10.062468512878965
698.3473014828396,305.9143045321107,20.224324405822813,10
699.344681168441,306.52841959148645,20.357485423795453,10
700.4403011027792,306.108178563416,20.503364180759633,10
701.5997593367705,305.39026952534914,20.524307198403385,10
702.1465921705613,305.57699171453714,20.54339957124999,10
702.3383759396374,305.96061692386866,20.55798521894204,10
703.5579342232663,306.50298211723566,20.595780196484068,10
704.2351051886958,305.80188701301813,20.574616070572155,10
704.4902441169264,306.03785798698664,20.5688958236689,10
705.7876286097255,305.24412516504526,20.579075835568233,10
706.1592960546898,305.6428173854947,20.586277268233466,10
706.8281564500003,305.879631139338,20.59486745077989,10
707.1391065674632,306.00898764282465,20.604163953143647,10
708.6109007109253,305.2879576459527,20.63108924844892,10
709.296961621163,305.65469486266375,20.62493339038356,10
709.5307433846008,305.7916137650609,20.62291250777024,10
710.4548500408995,305.87011402100325,20.61032865836868,10
711.3091927515798,306.1821621283889,20.60436995877165,10
711.6553714627968,305.4990340694785,20.601285416891887,10
713.0371602999388,305.4987767447892,20.598143085396526,10
712.7944463236996,305.44526969242725,20.57532396040982,10
713.6026562697741,305.6323183213535,20.584283273010943,10
715.0313397840338,305.7720725123945,20.627221277221757,10
715.0349247896027,305.8431104903284,20.592299626598546,10
716.4014234526506,305.99741986740264,20.64631440072241,10
717.0549694768767,305.99548533183406,20.652587096456585,10
716.9767056752115,305.8865732960112,20.639733155792957,10
717.9574549539742,305.9273226558871,20.65003683291735,10
718.7474939405192,305.8971056807495,20.666271025087596,10
719.1021777737926,305.8449006098963,20.697413941464767,10
720.1478891858558,305.06449854557286,20.663096658567575,10
721.4081168141473,305.0587796983018,20.77334389755952,10
721.8527148203053,305.55856422751094,20.81806266586029,10
722.2534942305174,304.8870456632867,20.817989205104823,10
722.7811809788044,305.40966097681667,20.83728089732009,10
723.5107471039527,305.775115948607,20.838433476163406,10
723.7869568421944,304.927679341723,20.842998841503462,10
725.6820447962846,305.5081696328416,20.851364002353925,10
726.5735792218305,305.0915147480264,20.93795993950808,10
726.5184729521634,305.51956472962047,20.937610690760344,10
727.6823730323368,304.98382101624156,20.96687215494033,10
728.4010000401728,305.449290644814,20.968075509072747,10
728.5270694198457,305.7800155696168,20.96922251537481,10
729.7895235645332,305.42160106866504,21.030502065508053,10
730.5347519383016,305.9904403802648,21.046688017212734,10
731.3361716181519,305.6158957001462,21.02892916192979,10
731.9476995515807,305.2444315966859,21.075482746365775,10
733.121202002375,306.24800084202434,21.137047657552035,10
733.0798991357195,306.1364585351839,21.130277649083197,10
733.5936832766336,305.47896750687505,21.193943335989832,10
734.9167900125467,306.3021663617983,21.212077751202752,10
735.17202537325,305.5232562017336,21.270846288562357,10
736.0152127998385,305.65469234107877,21.26425573332829,10
736.7311210399296,305.9924999368086,21.219316074664203,10
737.3704009551006,306.2908980739012,21.254353088995206,10
737.0589775977122,305.24357305883314,21.197629903736196,10
737.9364751006076,305.5908113908663,21.158163147686146,10
738.8761904862482,304.992753822793,21.145542459794015,10
739.8345209518878,305.22939710735227,21.126056482929325,10
740.6740096964295,305.4412612360611,21.106327345896826,10
741.9061795757711,305.7500584167137,21.113705421686078,10
742.5481726854399,304.9713862579956,21.109337346383814,10
743.3098615364058,305.2092089545622,21.12372204794014,10
743.6806650693736,305.74644725440885,21.14626840292978,10
744.4190930085356,305.0350186121359,21.161120326424776,10
744.9854004059168,305.10288073538686,21.16334506642179,10
745.6224582218366,305.2734753829136,21.182809847446734,10
746.9104257681199,305.49086046635057,21.181325486157682,10
746.3233631933767,305.3517301273241,21.162355309220516,10
747.7984394985086,305.19142760752584,21.112741858731315,10
749.1768561448733,305.56836714266683,21.11337559748084,10
748.9013172788788,304.46211101530935,21.112522842314014,10
750.9295134002537,305.667835373868,21.144578647202206,10
750.848881233743,305.2915582549467,21.160927801805393,10
752.0388831802408,305.2613896340772,21.158556765178858,10
752.2318344765487,305.3794432193681,21.163534816884493,10
753.0930142749733,305.71696286505903,21.161255595706624,10
753.6865285554978,304.9689780980989,21.16227563580818,10
754.6555578372321,305.2235509068414,21.15305115303558,10
755.5848600559524,305.56086637682165,21.149980077030033,10
755.9115058868093,304.96738781637396,21.143935252932188,10
756.9879891021299,305.1832485557243,21.141095279505357,10
756.8115218816442,305.5350254238292,21.16049178426602,10
758.4320855935011,304.7581217349216,21.159749416094115,10
759.1788695469652,305.0390004575893,21.151305977969496,10
759.1904753384931,305.3420920134231,21.130312075595246,10
760.4383400682691,305.6449649394199,21.121101237488006,10
761.1214333447662,304.97748041755403,21.12479273815885,10
761.4691455383409,305.21530251807417,21.119605813530118,10
762.7451249666883,305.4940647990152,21.116589522753227,10
763.3832672854637,305.87358378476347,21.111570511156003,10
764.1142854104388,305.0890175611421,21.133268272855997,10
763.7249897221338,305.5756868631288,21.117655772016846,10
765.5434649269433,304.8898410112306,21.118846756059277,10
765.8987303910865,305.2816780716821,21.120510687754678,10
766.4102849919033,305.7959636361047,21.046535061083596,10
767.5435311701837,305.5451198727533,21.03634816068435,10
767.9691573305406,305.13637824959005,21.030603819363446,10
769.119263279599,305.5305939526006,20.943621100629016,10
769.6905471579657,305.29427648193086,20.939221917275084,10
769.9842503275034,305.7652686596557,20.924333390451707,10
771.0656651297351,305.39312556988443,20.909296363732008,10
770.8361721031071,305.8216438055679,20.8936821018939,10
771.9508517119235,305.8349255672365,20.883095772444626,10
772.2435085824366,305.6108141443401,20.882938948990596,10
773.4140975349786,305.5994999319955,20.874368551612132,10
773.4402937204237,305.5115307927772,20.8678930882112,10
773.7627358278356,305.1868236423179,20.831554593964622,10
775.1936668563447,305.77395901686396,20.818339892979704,10
776.3243525736907,305.4919231594249,20.819235332601263,10
776.3358452954157,306.6452662408992,20.84444727034984,10
777.6451442199486,305.63873917466844,20.85825446393206,10
778.4391188629825,305.4381928355142,20.861468455490442,10
778.3657943938149,306.8862956673547,20.887415618870826,10
778.873269633627,306.1329473168298,20.903987770891618,10
780.2456432887473,306.19405511251534,20.884484982746077,10
779.9346373604859,306.2875338890299,20.88134884093583,10
781.8074866700564,306.27737583356793,20.87388498017177,10
782.1716267746849,306.32046149807866,20.854403000609096,10
782.3616008401242,306.49742432075436,20.815938492519898,10
783.4209345120988,306.3532148762315,20.766223947414137,10
784.322394348623,306.3499289974279,20.69141780643206,10
785.287075723166,306.1832950487442,20.73812534218956,10
785.0021391616812,306.49219197776983,20.725561069109794,10
787.0498248755475,306.85807747390936,20.660675748249577,10
786.2094506247256,306.7011614218063,20.663246893173486,10
787.2966046037748,306.44054079797934,20.62059367445494,10
786.9352048827266,306.3015060648031,20.422315328675275,10
787.8372711158042,305.9552901312418,20.416973317384507,10
787.789612976127,306.43696968999575,20.19420628065108,10
789.9518300252495,306.4019655212469,20.096075282992242,10
790.6557192136905,307.19176026430796,19.945106855984843,10
790.3289078693157,306.9075967296667,19.650689297771205,10
790.8381126905281,306.991396665544,19.52872653902485,10
792.4731352245029,306.9773681424267,19.31535189839756,10
792.2018821873969,306.9964753668464,18.990482062327356,10
793.7050847280659,306.7581416796602,18.907216553132855,10
794.8106599190502,307.83897213448654,18.758245021338265,10
795.2537030014719,306.8683484028734,18.758300871951995,10
795.9118099474445,307.7902142237581,18.716386482379654,10
796.8585373697997,307.1117428969301,18.702993144894094,10
797.6604012331671,306.9964681248821,18.726870737182477,10
797.5623082061331,307.19654805769096,18.627142856542903,10
798.8522718884238,306.94927277971874,18.585315972994792,10
798.5579849286511,306.9543045172177,18.42586596532855,10
800.0600671057801,307.27160647601704,18.12801808217032,10
800.6414196587318,307.41320100516896,18.13392342987256,10
800.713564074461,307.7275404045067,18.015198360005993,10
801.4661382882055,307.01415941209416,17.922103636778946,10
802.3620370727014,306.87000481874566,17.765825572334226,10
802.3015843134785,307.0748997637711,17.48093974852138,10
802.7785465221409,306.81554368228535,17.529266837048482,10
803.8113340838007,307.1482570776425,17.46577549211027,10
803.5914233941694,306.94121989698033,17.481247593161253,10
805.5336637429659,307.2881976077042,17.479599184310246,10
805.4852461853122,307.24492637158255,17.472329758375583,10
806.908240659691,306.91649482489447,17.356258335863096,10
807.1739418536267,306.95892845929484,17.038615534206702,10
808.2733663498867,307.9760749274574,16.95764068719454,10
808.8164008544886,307.72623848260264,16.936154383488326,10
809.8788280853171,307.4327733153186,16.522580386957443,10
809.9232075578124,307.29230316818575,16.51554075850923,10
810.9522007831745,307.13068311751704,16.414584723319773,10
810.2874268649331,306.84099071563105,16.272857587840782,10
811.4849985202537,308.0764418178878,16.22022378533234,10
812.4264019745916,307.7997653716884,16.150030125481553,10
813.0186376264897,307.8138598194055,16.185053164489236,10
813.3883001755935,307.7201558192901,16.152119937257424,10
814.503664097819,307.59228347145836,16.07010496626532,10
814.9025020597439,307.75268444322865,16.03128426607108,10
815.5676372871502,307.4786162962846,15.98549927058615,10
816.2317928538512,308.84617072247784,15.814877112518282,10
816.7576616364913,308.65780489050667,15.7663930071686,10
817.1715079949365,308.07899789416115,15.716613562659058,10
817.8817737148378,308.0884574269585,15.659730775886802,10
818.733414224935,308.00086022817413,15.598973402047102,10
820.9315245314523,307.9585783434741,15.553679188243512,10
821.376748723415,309.357746596419,15.477503088825937,10
821.6884792109062,308.95320161708514,15.448607982221082,10
822.5610545302426,308.7648832304112,15.398014175861723,10
824.2048357893758,308.9849233580462,15.324599940600248,10
824.8746266103955,308.95161171161453,15.239540026122837,10
825.4989035922891,309.0709838261537,15.167349172877726,10
826.1682860768971,309.0510201109282,15.055101046504051,10
825.5008256546375,308.8471417976252,14.893179506684685,10
826.7242944149132,308.6304110092751,14.826310049869289,10
827.3362589861391,308.55711905189673,14.802675282837054,10
827.7990392212564,308.34963872560184,14.778605441321893,10
828.5395312600451,309.61669185289065,14.71435188685386,10
829.647055548055,309.50933549084584,14.701017111264225,10
830.9007840771492,309.26982209362905,14.605963159765398,10
831.3421031571864,309.1137984720699,14.584654734016437,10
832.5670623996264,309.22516735174577,14.532222935843059,10
833.0509311492104,308.940731155657,14.48391664623901,10
833.4767139735168,309.10265372970025,14.421939329802646,10
834.0966103229589,308.97553015031735,14.390672050153663,10
834.3748536484563,310.0927389887802,14.36817512665576,10
834.7749282339809,309.63861459770123,14.31264252369531,10
835.7168224379162,309.6227494449995,14.293886788706613,10
836.7803585456267,309.560978331574,14.278808601377293,10
837.960708271532,309.62218085766654,14.22216650926205,10
838.2369964429399,309.314230182179,14.137253722783441,10
840.5325497957753,310.4960834765516,13.970114855400267,10
840.5261025030269,310.4747988776944,13.952156215978759,10
840.8578515947042,310.42652699069004,13.939147958962177,10
842.0222105649127,310.35274743751506,13.924567000509333,10
842.524137176405,310.37624383249204,13.881922359449216,10
844.6461619908531,310.3011253727309,13.858885322868723,10
844.6131576744108,310.35165240147035,13.87739860178641,10
844.9890927123072,310.3047321019403,13.882994246170176,10
845.7368922167256,310.20561966576497,13.83951089227886,10
846.7485432345024,310.2224785973958,13.815336363934769,10
847.152207910071,310.17920914196293,13.803424917651718,10
847.8032759726191,310.13707017802517,13.762960335676802,10
848.7249263183446,310.0412513380579,13.739984541991843,10
850.0029520204898,310.1919483905367,13.741209386633194,10
850.5319896120601,310.2242606309883,13.725437765656936,10
851.1387775985819,310.25746841632645,13.717319479991415,10
852.3194576763108,309.93613646828453,13.676880268747452,10
852.6148787651689,310.1711885770492,13.667433299866808,10
853.1543618312393,310.1287393485836,13.66408138166951,10
854.0890567382622,309.9519463693432,13.650290255749294,10
856.0060732729899,311.34635709875147,13.648212380767243,10
857.342923916774,311.3745236424438,13.5812904301284,10
857.4586399729185,311.400003065326,13.517015893327473,10
857.3621984002032,311.356348411151,13.494760364975814,10
857.6848256963729,311.0187706211291,13.472214510486584,10
857.8991421752963,310.85480040402035,13.412393398419058,10
858.3654905359251,310.83709805549006,13.379849718047264,10
859.2096658217146,310.9887657100044,13.348616751677921,10
859.793224838167,310.9976180931262,13.34095866731253,10
860.5988367606694,311.00655734629254,13.311630650554953,10
861.495766461667,310.61912575454335,13.289240841607846,10
862.2228886227668,310.44092986077885,13.264685211500952,10
862.7214124742876,310.2513671973429,13.251716213770415,10
863.4396465310506,310.3532457584224,13.234980551683243,10
864.2310586236814,310.449578330823,13.21879638583837,10
864.6232813329362,310.44316338558565,13.213393986146707,10
865.2804336884888,310.62103894908796,13.20035570685005,10
865.6549735364254,310.3224425073422,13.195588595377092,10
866.5324051738705,310.47123706896673,13.184623593000998,10
867.1138320874192,310.62657316584955,13.182171825459015,10
868.0331700113223,310.56067420353065,13.174103272688859,10
868.4433366358862,310.22045920600067,13.137279754853795,10
869.2284536341573,310.25271726955543,13.097272704188653,10
870.0759024059697,310.4386135469831,13.08201235424379,10
870.5036464381279,310.636990783707,13.06989514478181,10
871.4783408772905,310.6669777817733,13.054636696678287,10
872.3155536843153,310.7080267853744,13.014166322878207,10
873.0859450670451,310.592083800555,12.998656403640513,10
873.5467739800911,310.4649541862018,12.988943384124505,10
874.2866990449313,310.72881143164705,12.981978028652044,10
874.7982010801086,310.5324694700248,13.007741405769135,10
875.5411244980479,310.3599977977283,12.989420648114699,10
876.0359699496582,310.70281033587526,12.987248949510596,10
875.9888691267979,310.56677601111005,13.008627212317107,10
877.0322636240002,310.4933211542375,12.993215733705412,10
877.5349350096403,310.84095937383245,12.992805604408161,10
877.6911660993371,310.7344271503098,12.980289345720367,10
878.3706393981224,310.7957677282102,12.910849421962588,10
878.9286828781173,310.5676101334102,12.89538451988757,10
879.5869789394425,310.49550218504737,12.883020583844559,10
880.3452130691737,311.62651486319373,12.821150035945154,10
880.6001522812129,311.42532947284053,12.812618200001785,10
881.2179179118806,311.25818572563,12.8037579191198,10
881.8361863919965,311.40652563792537,12.797661456286216,10
882.7549346463045,311.53853521865676,12.784984035652487,10
883.1871869192992,311.2443769685633,12.734217656949136,10
884.5647546890539,311.0682664476044,12.76189566648155,10
884.3786353405865,310.74409728866885,12.767872583154212,10
885.0089520531628,310.89390267056297,12.758418614712358,10
885.3626128804157,311.1142332367308,12.752372428079248,10
886.3329494208689,311.03460435938905,12.744795517598186,10
887.377009779538,310.7980910129554,12.743328986508894,10
887.9677668951197,311.0482225306041,12.73896726980314,10
888.2608278728974,310.87345338237355,12.733065834744243,10
888.7832622529356,311.1684272624261,12.728716073767284,10
888.836539329823,311.0740540884144,12.73742865286417,10
889.0872051883026,311.1822299994237,12.738325315154434,10
889.3887771751811,311.1356141343422,12.739265654313444,10
891.0173219735292,311.22418028113316,12.827261678497228,10
891.8668646275627,311.4269681125588,12.874618807602186,10
892.4176012142232,311.81237475571106,12.919218141185937,10
892.7503771195671,311.50772227343987,12.951817442100701,10
892.8449411087506,311.30469892916153,12.998702578186114,10
893.639837447341,311.60731287297676,13.000812514645167,10
894.0377689418397,311.17377753552864,12.996201483064358,10
893.9935891710414,311.13075929132174,13.055946010033319,10
893.9909422939377,311.06482411173056,13.12163184597821,10
894.897170262997,310.9550487845845,13.148555456886278,10
896.039904739216,310.8049011826224,13.191181702125695,10
896.753587531687,310.5534582733817,13.229938506023402,10
897.8308925140577,310.3710159510083,13.257390213492783,10
898.2243858078123,310.4416521191306,13.403373136538926,10
898.841192799149,310.56646993753384,13.435840963863079,10
899.4929961854502,310.71233607825707,13.578158592543703,10
899.9876486780782,310.96176931259106,13.67041088115244,10
900.4428451998571,311.20680740472744,13.792555059503398,10
899.9285639621835,311.1100752055354,13.928612485144981,10
900.3219872881916,311.0579092018015,14.11849349759941,10
900.5697935186905,311.1573790423281,14.26601336558879,10
901.2292590573276,310.7886585704691,14.430869705726547,10
901.814605934845,310.9262666515715,14.546392686531622,10
902.1349616313755,311.1419290713675,14.720763664705478,10
903.3481661683358,310.937832917989,14.828672799479357,10
903.3566226843233,310.9338541174948,15.021352482410105,10
904.0688160749224,310.5939155067026,15.118789822686976,10
904.2571491174849,310.4596654320776,15.22710119150913,10
904.8763560177526,310.73924566755886,15.340620393445484,10
905.6228297063334,310.8835273082077,15.439449744914093,10
905.1129019886401,311.2173022622883,15.599750233878089,10
906.6940404395018,310.69235074470635,15.752027785050812,10
905.8214777217252,310.4988882089674,16.0794665197832,10
906.2245031742087,311.63638682613964,16.205031980725572,10
906.6419097139774,311.23330412755604,16.400707153828154,10
907.0072016457286,310.9177590752661,16.536025654579518,10
906.7771860126841,311.3141623879492,16.62266472615919,10
907.134114582319,310.9360676253855,16.853475999097952,10
908.014665305241,311.0000333781063,16.977145304253234,10
908.9009951950495,311.13854496131535,17.135532248955716,10
909.2380868836035,311.42997683535214,17.16564563955949,10
909.8122675151498,311.8012344385206,17.212913615549283,10
910.3300722782191,311.8232403504371,17.277672350747945,10
910.6623736332948,311.69845023329253,17.414515661199548,10
910.7269202536988,311.6779747712135,17.37348828304725,10
911.445613820188,311.7912508654117,17.526946734938402,10
911.7593207108148,311.777664462541,17.591551462595838,10
913.0879031273519,311.8086467948451,17.713660139500867,10
912.9810578506534,311.44162171750213,17.931799625493277,10
913.3027582670875,311.8367671635642,17.999542405486846,10
912.9505233306993,311.48077398209716,18.04808056706626,10
913.8772004043792,311.95545240907813,18.144623232145438,10
914.3323149540895,311.4557068613067,18.17801940404521,10
915.3989680468331,311.8954881396785,18.298246581900145,10
915.0636530900537,312.0504742678895,18.428717925646392,10
916.2528113006541,311.1764139351144,18.553670938420815,10
915.8124583674219,311.2481043529406,18.71271112447687,10
916.2735701858438,312.06497355221654,18.833527286369442,10
917.0929146609847,311.74238203882123,18.97990553674835,10
916.9191972446328,311.48697726844694,19.094988291491216,10
917.6274052810467,312.5525625240698,19.192262332684805,10
918.6152958383717,312.08157591937925,19.28754592865168,10
917.6223832369453,311.5250217807188,19.306362660015484,10
919.3731246145535,311.63214174329187,19.329923153929577,10
919.769203395755,311.7869208496704,19.435354798222086,10
921.3171360221062,311.86979268907453,19.577715482409317,10
920.4584054394521,311.8144295219972,19.68898227077182,10
920.8282585049878,311.3482605521276,19.758262863123566,10
920.7368076260807,311.62135201736237,19.85188191455797,10
921.0749466188722,310.9672713880136,19.958569112233004,10
922.1577867790334,310.99091702184523,20.043378026834922,10
923.1173751103074,310.8786317058548,20.144903964765955,10
922.9627851356777,310.4603250869259,20.231365600689035,10
923.3032424307056,310.82344945750083,20.313726157117493,10
923.9398422863717,311.0962481149181,20.40005641786177,10
923.8391109983503,310.6559617467865,20.49711429857253,10
923.9913230842925,311.65324764928664,20.575576238424386,10
924.4452457436096,311.52594555399264,20.651703826856618,10
926.1573242363613,311.4436855041131,20.66190066978326,10
926.6831421349982,311.3449534722313,20.74670026202838,10
927.401990632351,311.66946613273467,20.759131345783256,10
927.2608667716015,311.27107971391524,20.835695910434357,10
927.7025265326193,311.57937314591254,20.862054787961558,10
928.3474250099854,311.0402741082653,20.963859514938797,10
928.3619293117031,311.25746485075797,21.00119136542626,10
929.24276135849,311.61579137525405,21.07415382729506,10
929.0918802009413,311.07980727634276,21.161247242618007,10
929.7810213112557,311.3382928617939,21.266537862679872,10
930.8662543309067,311.3621033918753,21.34431610896117,10
930.7692421173742,311.37972736216034,21.43306987461266,10
931.019844085765,311.31021024889196,21.53230751288125,10
931.933987389079,311.3075101035356,21.588434267802707,10
932.9018701913383,311.2803144710779,21.659236141464234,10
933.1236323780053,311.2552539794415,21.701239879587938,10
933.6171869793675,311.2081234953075,21.873060859320603,10
933.9641953170444,311.63155149432714,21.900750276324334,10
934.2664698361816,311.12154506656225,21.932135531319993,10
935.1935426080441,311.5436544022232,21.989767245514216,10
935.2155122372317,311.2561351856857,22.040833402519123,10
935.2246356683571,311.69033228370245,22.05534008233393,10
935.5009453134078,311.3559893271595,22.096646983562586,10
935.8584110632745,312.4268729588657,22.109414346381673,10
936.7846848008573,312.05071460219915,22.21463972220634,10
937.1214713486567,311.87831725689466,22.24005184560949,10
937.2739165690393,312.19686084004934,22.279471539493443,10
937.9124486753691,311.27106898042257,22.331427588598388,10
937.6526427421086,311.64964624258573,22.387630657140207,10
939.1612852949129,311.945796330896,22.39574547485607,10
938.8346551455862,312.2487719556957,22.445102241481116,10
939.2627680598291,311.5934930345684,22.50523398984251,10
940.0502341269298,311.70422614130075,22.55358905656875,10
939.9341319372651,311.8938093832403,22.576526803103032,10
940.5855890904987,312.10791443797643,22.609420535347123,10
942.0103583599059,311.1073920628696,22.649810337444677,10
942.0640670818585,311.1920855915814,22.693648471342126,10
942.9510119099418,311.1801764634147,22.741516847020634,10
943.5157364082022,311.5375549760356,22.767431291013622,10
943.7982294213176,311.083151068975,22.810077186550973,10
944.4469685358231,311.48830076723243,22.835007395268825,10
944.7037099447608,311.952760842134,22.85822589899516,10
945.0412254688803,311.50108438401367,22.892905567957445,10
945.5380252258592,310.9220073786273,22.949817414168212,10
945.207888310304,311.49399989514495,22.906988000973804,10
945.5740226965337,312.0932931867137,22.749461664923565,10
945.8395752213034,311.30000966458465,22.779818064053494,10
947.1974559246759,311.35439434691216,22.771196626180725,10
947.2312459942403,311.37672530158306,22.811209606196236,10
947.2508365778116,311.5947263543203,22.875658072837933,10
948.895762666844,310.85556033297325,22.94643879119655,10
949.9057670006101,310.8896820922091,22.963137286521313,10
950.5579252300589,311.05311817719485,22.877002199312592,10
950.4854008077965,311.1343985204294,22.855588160484015,10
950.477633677152,311.23299732847954,22.810363149346905,10
951.2289254201308,311.27473918764736,22.812108987157707,10
951.5118694027128,311.439081665565,22.808196083887214,10
952.0915068212129,311.4693247493997,22.812127704978867,10
953.2300074485853,311.71596063344623,22.715855362587547,10
953.5511008930908,311.68207235305454,22.82351880631326,10
954.0112402004643,311.37070695727016,22.85474597178659,10
954.9350147775756,312.0859479722276,22.866650972532213,10
955.0313415288787,312.11304209238733,22.875223749065615,10
955.8729440007448,312.6674721003219,22.746188102551464,10
955.5403026770125,312.1674875677272,22.826103368443373,10
956.1938710268792,312.8059711516544,22.888428920373475,10
956.4528925184443,312.91599122292246,22.919236533194255,10
957.5134689988598,313.55374459034647,22.88011744496757,10
957.7494009893655,312.750959789817,22.96711209699733,10
958.366044267594,313.1155649483844,22.93281517028596,10
958.7195730978551,313.62481183416094,22.970172852571597,10
960.2145515648534,313.35997582084383,22.987651240382686,10
960.3476788575053,314.44766069061006,23.012223899599153,10
960.7091153090523,314.58849554366316,22.93294931460508,10
961.6203426915885,313.68686955279554,22.923451359530368,10
962.1159717929373,313.8549319267913,22.767820474261196,10
963.0349545683913,314.0044862986251,22.740278893575912,10
963.5414465593507,313.97943810603465,22.775318135534075,10
963.4921595993986,314.2823896505579,22.673873083279734,10
964.7856067577098,314.04939595839824,22.717925164438675,10
964.5452550301699,313.81001115820254,22.79949568232567,10
965.4498453111423,314.14342049739207,22.760700147312427,10
966.0804221509077,314.49913058659877,22.97743302536089,10
966.4336350790217,315.06458113572444,23.086127270107994,10
966.8588339978841,314.55830566069926,23.227989888468382,10
968.0901007140607,313.9895741142973,23.353030222823364,10
967.9822492032883,315.038074413751,23.504074796267915,10
968.6991466049192,313.88126520297374,23.490792669245412,10
968.469969003593,314.81602321050013,23.498296342061195,10
968.9776799286828,314.6337920226797,23.483325341414538,10
969.8458842454022,314.5318151213869,23.476461347563216,10
970.9093538820734,314.4895532936498,23.44705315446671,10
971.0786838842554,314.43784111595596,23.455224114191218,10
972.0786623806986,314.31878373629297,23.399655391682895,10
972.3332750232356,314.15076810723986,23.436295821158787,10
972.6163013562649,314.06568033850635,23.421669148542875,10
972.8665765554247,313.9176818416163,23.30709762776772,10
973.5449161156648,314.4843842670962,23.160697614381164,10
975.2330750189071,314.66321448839153,23.042133656926097,10
975.5938487408471,313.91373674428905,22.87672568219294,10
976.1510205259403,314.15706285691704,22.66990628049782,10
977.3080845798684,313.9244391605898,22.70020933452223,10
978.4112017129578,314.6325515792414,22.771506930602342,10
978.4916010893222,313.8136117742106,22.812488586494243,10
979.5944686968803,313.994887380366,22.780253193994618,10
980.2052211312946,313.8653377578303,22.817415913400104,10
980.6292052265184,313.740213213925,22.826817741911537,10
982.6179863040654,313.4778304085776,22.83474185581464,10
983.1620937924783,313.67659629738773,22.95976642957934,10
983.2318990105395,313.42335422194446,22.76466160302904,10
984.0405932355403,314.1448797718331,22.735235422810398,10
985.3861185069019,313.8116989568516,22.69064445955488,10
986.3895611696445,314.0137160853192,22.694884937063584,10
986.6832842540898,313.00092397487606,22.89607521417201,10
986.6968862687066,313.61548529422726,22.711409198992726,10
987.7643373499332,314.2653874591633,22.864378158899832,10
989.365968845083,314.9130859807774,22.934627532033915,10
989.6582064925983,314.4047431186482,22.66001660901846,10
991.4649898554724,314.5046139792248,22.550974829483007,10
992.5797006881021,314.85342599308933,22.683488541344467,10
993.3355755556704,315.14910597956623,22.744020524462076,10
993.7342890811368,314.9572454825684,22.699945579146657,10
