515.5,266.5,10,10
514.843857228756,266.4744085475757,10,10.148644605288018
514.7418973185298,266.5092164054513,10.242390595341204,10
514.7656162740946,266.75267757338935,10.329214560556526,10.002846944080693
514.7691809001325,267.1037025652552,10.284731282490728,10.07547417735562
514.5396788788265,267.51182253573074,10.35857368684297,10.148873852417145
514.968027647934,267.8199966659081,10.381970080779581,10.02216874859097
514.3031517750474,268.28532942702964,10.196864295959136,10.171829068251611
515.2511588173904,268.7284792809299,10.2568045245511,10.210113808788556
514.7174142920325,269.00470773130655,10.47224803922586,10
515.0780105293558,268.56384009867907,10.70147826879898,10
514.4983661849882,269.5779851153493,10.913429270518664,10
514.4592969034286,269.25781134516,10.943032054519435,10
514.6682587539322,269.6745281930874,10.75651121260403,10.049955479083474
514.039671281622,269.9964158013463,10.864669776914202,10
514.8160593518797,270.08527494966984,10.814768368416349,10
514.191165050347,270.09083624742925,10.967421546867794,10
514.0691968515536,270.83529820106924,10.989264585818873,10
513.9231733227963,270.68287794850767,10.95189149400694,10
514.7181421174979,270.7076541632414,10.857567956422487,10
514.0803336977527,271.7118707150221,11.152174001273458,10
514.1912806461994,271.35865975916386,11.401143804293094,10
515.1753282051127,271.383498089388,11.423476180515456,10
515.5352455974639,271.60137142427266,11.166218321567506,10
515.3062728097971,271.684529164806,11.195123315913403,10
515.3076079651394,271.86322818137705,11.268700153444602,10
515.6602714844662,272.19394635975164,11.283666934695152,10.11876972750224
515.669311017869,272.31212304346263,11.270707031432764,10
516.3644152150615,273.39898012392223,11.430004943695808,10
515.7190175496822,273.175716875121,11.467290633760827,10
516.1433131742068,273.04164099507034,11.584265006564555,10
516.6681934823199,272.95453953556716,11.779302335360901,10
516.2725654715993,274.19360828213394,11.944124865095336,10
516.8134813806175,274.2231681924911,11.803118509400122,10.062628745913276
516.4053649914564,274.37295703785077,11.703043540358205,10.101776115418373
516.5679273029817,274.325390515849,11.657982188830216,10
516.7749141604556,274.370257185025,11.646360240707018,10.015253262225793
517.0733741815089,275.00504734553397,11.687103920638783,10
517.4426743532487,274.79036260582507,11.8049741024241,10
516.819616884947,275.81318891979754,12.031374921977218,10
516.955815459666,275.40948216058314,11.973733248060084,10
517.244872041873,276.35984335280955,11.961764669255569,10
517.7652384220188,276.4145974906135,11.952578144048669,10.099216044326932
517.4231447109886,276.6282614114003,11.894574728248969,10.119056225147558
518.0729626864845,276.2873834017664,11.914676926900032,10
517.8126218689226,277.29864212311804,11.78452441886203,10
518.1931340478083,277.2042027954012,11.906758463438361,10
518.3193709029626,277.36742162145674,11.803412921950983,10
517.8750052748167,277.24279538728297,12.022326194138753,10
518.1929809875359,278.2421937379986,12.128078696217173,10
518.7408626542002,278.2065875204162,12.209726323086096,10.08199204879379
518.975975695245,277.93640498050826,12.259366647914057,10.019818423737535
518.6305400204895,278.5479936962947,12.481785454404655,10
519.2170445931173,279.06051746662706,12.567345907347033,10
518.860259117819,278.8168688332662,12.498616206870171,10
518.697137972123,279.7588851368055,12.377964836047926,10
519.6194607862328,279.8049059541836,12.307639929454478,10.01340960637931
519.7169338091131,279.96578530393117,12.2344694512255,10.18108261593536
519.8666479982355,279.6067749997601,12.58314383329568,10
518.8226572001532,280.49798072781414,12.502854603120536,10
518.898604156255,280.31979024317116,12.412034575284935,10
519.3179360396415,281.10630136635154,12.444447332769645,10
519.8504585449814,281.05774222966284,12.616553229606373,10
519.609399478049,280.8740061586723,12.629756079791255,10
520.3892095401079,282.11167050059885,12.67394721971144,10
520.2851516299066,281.7995427614078,12.788022460020139,10
519.9018676961854,282.17331895884126,12.6871777007192,10
520.0899058439946,282.05867178644985,12.533643840031555,10
520.4592795361082,282.0651404078494,12.418970140020118,10.087220658845627
521.0497314630968,282.89054910000414,12.67845639605871,10
520.6684776144795,283.82983783539385,12.838914682950286,10
521.0556032862434,283.5728854602203,12.738386083410512,10
521.0782711555747,284.18634677585214,12.86782324807097,10
520.8300235718729,284.1306909235922,12.932609394144775,10.004384287301104
521.5668944330333,284.53796153794974,13.192477228975589,10
521.5267741389158,284.28198392100023,13.35998926171009,10.025232794371549
521.2634150965221,284.85421777796,13.43952287322141,10
522.193178991064,285.6892480952665,13.588482308716502,10
522.5503734362654,285.6072027711198,13.707946365071841,10
521.9690332478331,286.0015009371564,13.848037058403836,10
522.0666093545882,286.08659331779927,13.794030998105166,10
522.3082951061526,286.354241210036,13.746209618429535,10
522.8410452866018,286.98251976352185,13.675337686944076,10
522.8291457186028,287.5217689452693,13.585766434195705,10
522.8536107010559,287.34176470618695,13.485451141115766,10
523.0801252183176,287.13380489032716,13.437705378858837,10
523.5316316179709,287.133477097438,13.358446711346328,10.09986650372798
523.0081904755284,287.9136296538636,13.432685263206714,10
523.8341353444739,288.7825115947053,13.515105079415651,10
523.6172082133268,288.64767801616233,13.362004926865461,10.002985426338682
523.6802722871885,289.1927982894704,13.30520952034291,10
523.7872165120583,288.97025256138295,13.3860640422619,10
524.0875813106596,289.9989456413314,13.525342143595157,10
524.6435823887267,290.64400308113545,13.566100373928123,10
524.2913792605201,290.37977145891637,13.62965370217971,10
524.1972556853864,290.193747359328,13.578998805170578,10
525.3409114199424,290.0327196293803,13.5311070347738,10.076464370765825
524.7750328628209,290.53756460081786,13.76323056261001,10
524.9840490246421,290.5333947776677,13.935278261779562,10.028345513185558
525.4873111559345,290.8314938126132,14.184600499591351,10
525.3491395958142,291.4605359845968,14.193356613740061,10.0194690951731
526.422149987403,292.41541081866717,14.179476467006527,10.129152210159202
526.6064012246469,291.9966800356475,14.287254920176775,10.224969572535606
527.2190814939047,292.0033986419286,14.314232314247787,10.28858437205946
527.3728190287869,292.2529064056075,14.32372991742264,10.38614333000347
527.4110744672375,293.1770290883708,14.313612482973548,10.375660558700044
528.367333111078,293.4009314677998,14.219736023425146,10.43641562287809
528.8800298701512,293.92869743346546,14.15758461886901,10.304210124251764
530.0789243538657,293.6776119432244,14.16144107342198,10.194291590001509
529.6704659511441,294.6434289749917,14.086076227368075,10.052484515640824
530.4416297155682,294.38676273357123,14.121788344668559,10
530.6888052366456,295.34117326010585,14.041541704579096,10.043766909081342
531.5087264085884,295.6392811788246,14.036477025831761,10
531.7110703485503,295.1715205679223,14.091418830594716,10.037584400820673
532.4189651398111,296.1114483727142,14.028068055560524,10
533.425458040807,296.436121548526,13.969764722936485,10
534.2286304687667,296.9301098836586,13.984115457990093,10
534.0727907264071,296.54582398664206,14.045498856636396,10
534.6500121444224,296.77346166502684,14.07605858598971,10
534.4184135122406,297.21657213103026,14.297147877850586,10
535.2406961989943,297.4115397585556,14.366147019456891,10
535.6245661507035,297.6954255189495,14.506026890380252,10.070649537866984
536.4704265757308,298.3013889444992,14.879975815334877,10
535.7569274564019,298.688335911378,14.995667815818365,10.181584257618123
536.9930573993809,298.46118294764545,14.995568030797042,10.331172346319033
536.9856721204333,299.2751988102458,15.051553773768223,10.301226859025782
537.701848001629,299.227830602211,15.217441194802895,10.370266176050498
537.6590887559531,299.4313208968159,15.400544149810463,10.52546872854899
538.4484687739135,299.6867205039491,15.41453871632179,10.507841832025898
538.4704603708409,300.0929029815498,15.532731639768038,10.554780172436875
539.0973729301592,300.78761117328514,15.326945599844056,10.900438309077284
539.4983413822572,300.5186942766574,15.041032033488966,10.943990393138545
539.5937377303927,301.3902650003143,15.036330238712079,10.888722905366027
540.329309597336,301.865835306309,14.971640829547766,10.814189115390516
540.3429490688644,302.6276816426418,14.778475946296787,10.731640789915811
541.2316706138201,303.3319369708231,14.851501849572298,10.626142981453583
541.3589043591687,303.2419216293508,14.877763742105262,10.579686400360915
542.0478917540531,303.6445679518154,14.814332080350036,10.43008049153871
541.8490098549373,304.4370244207428,14.940374813537332,10.363311445972158
542.0943212242466,304.6577156452072,14.937330317935846,10.401011819842964
542.7010345663263,305.22502740870374,14.916998244944644,10.33477305942857
542.4271854726749,305.2309114758788,14.942247296467022,10.34635721651344
543.5676576604104,305.6001596261549,14.9170244900572,10.326537363829575
543.1544203476118,306.198688688636,14.977559105106748,10.219898054480153
543.9840965225143,305.9232765318664,14.990313140532948,10.439079084652182
544.1863002646501,305.89864976752744,15.299857839984636,10.781488730531017
544.1745938003636,306.57851973668187,15.534402520094968,10.97498897223769
545.054209370551,306.1490568208993,15.529606442128516,11.322579728901198
544.3275468907414,306.6045543959762,15.560721066016466,11.419000111813308
544.5303830142317,307.3930060002499,15.697101266831723,11.580006577910323
544.5308753518618,307.13656286379944,15.83592488872856,11.77990892070039
544.847169577209,307.8373277458019,15.872192522381157,11.784088542567382
544.5365338634476,308.06361799733264,16.094390647157958,11.74363505748062
544.3524270885938,308.4911274607759,16.24106474419374,11.900991366151757
544.7663229581726,308.7266803047188,16.371928243187647,12.031370871041673
545.08141244108,309.64446010638216,16.01709108616871,12.096027727942841
544.7515179649471,310.25251896718027,15.755995488816879,11.83610279780858
544.8573160124525,310.81369138689337,15.76259015322619,11.614464309185738
545.5967281577811,311.3684489725214,15.86215467272701,11.435520395997843
545.4282520248045,311.0903586921647,15.842674947818232,11.457412550339141
545.2797630920272,312.17212782734464,15.753687346873527,11.494570986751073
545.2390611231742,312.91190993049906,15.97047244674607,11.245351671990393
545.3274960698434,313.00468241022946,16.207390305797674,11.110166069677982
545.7832625958332,313.4568768399849,16.18875098541215,11.126413208416253
546.2859365023612,313.2373443432952,16.215078511101176,11.230764832187623
545.7949979619846,314.24472623612405,16.11641398113674,11.433250201574516
546.0592820997502,314.52356777928054,15.972177468395905,11.429834581329818
545.8549690699273,314.854481887035,16.052565696449435,11.433049421832195
546.8898183491754,315.4326710019018,16.204075948759403,11.37127234642595
546.701806985155,315.5232073733441,16.4803555266256,11.41376255939753
546.7623588962773,315.92925274881526,16.865979280636886,11.750699513647884
546.9675118471704,315.57878261648756,17.13606868400742,11.97369045703326
546.7376173911877,316.2041704288722,17.378883114032455,12.110790389209768
547.9075472068835,316.7600353530252,17.593449675878276,12.266498475779295
546.6446330601244,316.6731751668111,17.971622720754443,12.395063367703395
546.9155303601619,317.12944240670606,17.907689256877276,12.589250169918895
547.1103826980561,318.0150960252867,17.752112221813135,12.653858498248272
547.6833484721242,318.1614614611963,17.628350144464008,12.805208038816914
548.4504463592409,317.662211912857,17.64570773879904,12.953450632867218
547.6506417171297,318.68533824988765,17.554785649997477,13.033458716252166
547.9078144326949,319.3976654785703,17.508655803622116,13.221020612303347
547.6166804894582,320.0529961853533,17.53604354788348,13.007620865988866
548.6714200991547,319.63058232735443,17.48167692881697,13.058096646600031
549.1397903398079,321.01626146036125,17.589454203019155,12.945579990541239
548.996687025425,322.1523853815032,17.521715934133297,12.820012264910659
549.3555782576649,321.62035136105914,17.38456812322174,12.811181083424954
549.347386005802,322.2694499219844,17.48132621217156,12.711386962405946
549.8904178228505,323.3167553796554,17.371027329508948,12.632751283956761
550.7439992610033,323.9548308599846,17.52808781421879,12.361085215189691
550.8711018610754,324.01726866530845,17.599653886256963,12.270126483987328
550.9349244709206,325.0329333318391,17.68273962157137,12.234161936120454
552.233897177417,325.0889417797802,17.717180416158882,12.200261799896145
551.970362447549,325.6029159962036,17.524634058825114,12.100198362986703
552.9296114455277,325.3020561889066,17.719716289765703,12.414522679099672
553.4862517451033,326.25447302468757,17.468238864633374,12.681217346923798
553.751287005421,326.48919399564824,17.618398663498077,12.787849349571005
553.9761313472349,326.9421221531558,17.641102777340297,12.874385276510658
555.3599945520592,327.72448414269974,17.59624194920402,13.04908874474193
555.4713427010515,328.190297892772,17.6961000011188,13.135098735823593
555.9061874800692,328.169622984359,17.65722933460872,13.223937875371465
557.212934161972,328.72892190463324,17.63041709835127,13.37308755622345
556.9191051250704,328.71821343182864,17.635162369458314,13.490550130022667
558.4419182049731,329.6242688793083,17.67702867562567,13.566770767541716
558.8960607592535,330.8186229663165,17.4701406880177,13.297727500980743
559.2841828195432,330.6131977034497,17.26701614818407,13.212963408651419
559.9478726934449,331.9791057059485,17.39466171566526,12.993636960920117
559.5819851553975,331.9494081674931,17.389888427597597,13.242453184938858
560.7061436455925,331.64618074451573,17.622733280017002,13.008231246378317
561.2083972778755,333.40536937180957,17.710423076036058,12.838616265579088
562.5715338325684,333.93982243298325,17.542159829549995,12.590707142972281
562.6904725923207,333.6914445621553,17.506601857579454,12.523106676780527
563.7671071847674,334.87439233537606,17.620775614351693,12.465005701261884
564.397911051215,334.7530097666948,17.5976483301793,12.319770320540938
564.9691319040219,336.0401120153193,17.560606233177634,12.255878618930847
565.7429595631684,336.68210758696154,17.616894620443475,12.011951572097262
566.1104231075784,336.34456190624957,17.602747725429104,12.122722607669736
567.2989661511643,337.4669620525046,17.476207139966142,12.097117681065505
568.349638329033,336.3526563819955,17.3500350654941,12.424981007633626
569.3080214648999,336.77617471867177,17.238523253141484,12.706084306967838
570.6046598130505,337.2565434792065,17.469687989793037,12.825343729372047
570.5712694128981,338.04667951058195,17.588165511562277,13.023043172739964
572.1487399426725,337.858488135104,17.68103982257312,12.845311879983381
572.3981313818049,338.9228289525928,17.33021149767408,12.952582383906504
573.1291109843346,338.92090720637685,17.200060859661896,13.045216412265159
574.6487418489138,339.30934473347475,17.14549075037636,13.080202694300631
575.0019519968466,339.874117726514,17.04703872528937,13.193252380829563
576.2216883099665,340.25888078854433,16.811718683125672,13.315787311475482
576.7048406956892,341.50489618170593,16.625444162229513,13.235141346090385
577.0426610832853,341.1913321025749,16.55634484182918,13.004693134113111
578.6737651989584,342.0042732406733,16.756238308404825,12.870881652021895
579.3106250761292,343.3204210301297,16.875166893334853,12.746111993977056
579.9653042852228,342.8851490446686,16.703417003284866,12.691627581167417
581.2944355113378,343.85468837589696,16.775832632567266,12.67193137167547
581.2324055493359,344.48204371127935,16.58720459332391,12.505329717329147
582.275423756647,345.1381860327127,16.5902542344572,12.284007365226252
582.8484524860196,345.7752521725636,16.753288701333187,12.229130056074958
583.9059714760558,346.3367436389178,16.593188179299045,12.151929808646422
585.3191345700116,346.87088319832964,16.609701947670963,12.0670233185116
585.7953460752866,346.36162729888497,16.697028440256684,12.061976500762746
587.0313508015737,347.5802629731707,16.88886166575263,11.999407844223153
588.347918823034,347.0045773305606,16.892447233854888,11.962764622149585
588.7808704466506,347.8866853899222,16.86269993764482,12.125978894738113
589.771521912957,349.0741108931837,17.000786062191388,11.950593878281634
590.7503639029883,348.9712593318156,16.814696010465937,12.109146117194198
591.3214770210503,349.50200463825803,16.802068391895467,11.965630632006254
592.7433600153074,350.68201360945903,16.5996300229339,11.991978341688704
592.9078433067249,350.97039476989625,16.595156639685932,11.966510347596483
594.8527263883544,351.42824548247467,16.401782535753007,12.024161175876667
595.0081529999453,351.8167372209837,16.460740221603956,12.072833516844039
596.7601054368453,352.28458991310157,16.5188837830154,12.016089457300179
597.5725637164675,352.971755785923,16.553945375092407,12.044358476885591
598.1938234277862,353.4002051243737,16.605717210313042,12.139232132175627
600.3569300370028,354.08357206131575,16.406491925992334,12.230715759931897
600.6055992501038,354.44400982822435,16.119174339958697,12.400090610922227
601.1724782479931,354.2770334421536,16.085256627573646,12.55526460057683
603.112006865233,354.7108510536384,16.106830344021706,12.642394816640774
604.4787211131478,355.36410338170174,15.950000015611469,12.73533140273209
605.9566988574027,355.38318013293843,15.725211128282751,12.948701096955965
606.3442774279034,356.0910430822866,15.618521687762652,12.927266837587569
607.978735834635,356.00484576427067,15.511789827989103,13.085441825414755
608.2982634801663,356.01892243973737,15.391340424816482,13.373729623000788
609.6699723158638,356.7137159632891,15.449557303515949,13.343252931274586
610.2080794480948,357.01040464645615,15.872701097029701,13.589771051772063
610.2435699062385,356.284697856548,16.407868542902214,14.078669337036608
611.8722860416021,357.07175326623843,16.535029043704963,14.302022649964705
612.2140486553405,356.93675053277013,16.6049074202588,14.51609973387872
613.4232628031307,357.2252086546153,16.71442678893925,14.58314849606301
614.5901653875327,357.3951922880113,16.610974498705986,14.734825492538617
615.0051631434466,357.80776396623065,16.87268740858539,14.69228665165231
616.9103947770005,359.20452437466315,16.966191283582496,14.62843063733863
617.3722757457068,358.3257164346602,17.255949515428014,14.761845815631032
617.7222753935475,359.1544857197812,17.20569169056032,14.983889888897895
619.8858349102354,358.6786644047078,17.23811407335282,14.911692449273888
620.7098222609495,359.64840383653456,16.939397437148187,14.969754417186198
621.4799737563261,359.1925513332937,16.80239127466518,15.09807223952483
623.1245849270119,359.4058504376938,16.519660832783842,15.506294599286187
623.5203326650869,359.2298004970414,16.337431220529115,15.572158730869383
624.6391666119597,358.98071704787463,16.14840167059471,15.877826393930631
625.4511754625116,359.92308691074084,16.301716036980466,16.225978227799075
625.7873246710183,359.7956866535159,16.662893138193883,16.275988671596053
626.1117917521656,360.78539368916756,17.06411246978046,16.36234117324483
627.4255846986097,360.84044697904176,17.41951684178477,16.268549683035236
628.0301078020043,362.8346541861795,18.031497079430597,15.901492948126815
627.964164415865,363.30162444592605,18.27649382776255,16.026122813612893
627.1498518159764,363.7797010612908,18.77242418710851,15.988655495969448
625.2036979078221,363.6152223707108,19.08566525002973,15.78199308180693
624.7044107965967,364.1404724688505,19.6820381179769,15.361266025481157
631.2279787848629,363.8404135848059,19.86883749758462,15.293714556910365
633.5299492684131,364.3740924587542,20.030944485043428,15.421923224800446
634.3083726565537,364.9645735643595,20.11123655229865,15.263871250902213
635.5726294083581,364.6502146338902,20.22996344900406,15.301749785459121
635.4520972267028,364.1411436735744,20.321994847012384,15.388630285840762
635.7454444197873,365.1794010689694,20.51533136704368,15.546675984705285
636.802465245661,365.72662472396183,20.901633991724648,15.433278152774543
637.7095162601277,366.12512246681456,21.168813624778494,15.29338382139646
638.6975258300359,366.51964310176834,21.07652000891052,15.363563771505351
639.3131598745787,366.74427029886124,21.135188700754824,15.324819768316505
640.2445257651664,366.7075275679296,21.268610870270596,15.22024949673747
640.34671481095,366.7959243463357,21.539410543595878,15.033796128070936
640.1037198476164,367.9100195200904,21.655977140432842,15.189159523923978
641.965252660009,367.6472559681307,21.81412398856339,15.270643527963143
642.0235366934724,368.41248522848014,21.88459744270903,15.241359337975554
642.2354623085789,368.23699721401,22.009204252256506,15.173922353696101
643.9204602863227,368.49764808678106,22.008782843582793,15.207787091079398
644.1943172626903,368.96489215424623,22.117667279996382,15.192411578886903
644.0998961335473,368.2530763506787,22.121334953893626,15.190305447412605
646.4266719726767,369.31512922771134,22.16068393328881,15.237369212771826
647.1724798279702,369.84901472353596,22.174879794776736,15.275052546798522
646.8141515157313,369.6986114907194,22.176371638637573,15.27970403654062
646.7806701859749,369.7379945315496,22.17938704522114,15.279133608735952
646.9480006026569,369.84378174686606,22.18057943088946,15.2778034015785
646.7969679614407,369.8032002009628,22.17994610110876,15.277482823805904
646.4673354602967,370.62256799618456,22.177987870650664,15.278548616380982
633.4913781339462,376.59207173110576,22.387793224645556,15.33929509856494
633.7865493014792,377.5513504480952,22.49213873290219,15.452491443043664
634.2396775223397,378.2949823152553,22.492185518129297,15.404772386457811
634.5299489660807,378.88689001897274,21.969297030071942,15.639772353397394
635.1913080091605,379.00358076980444,21.6610362889213,15.869910275933998
635.5620029364421,379.46024070653715,21.64026658969229,15.938983965262315
637.5892571516127,379.1857084562935,21.59216160554872,15.735224040052225
638.8535889473247,380.14863634336393,21.094599002512684,15.734995378300038
639.6061614215884,380.75820880206584,20.894680022346478,15.498114323982964
640.5390839314482,381.4975158177499,20.66865736648013,15.437953389958224
640.7383730133541,382.7133850581031,20.19185931952441,15.27923732250569
642.2086645138472,382.98910977523775,20.413830105769634,15.26825807113201
643.6627966155085,383.79958989687816,20.550609847759656,14.990271298539046
645.9414488237101,382.9686450763075,20.816149459829365,14.839156565176232
647.6391927566085,383.4094393992379,21.20196046984112,14.770724345268416
648.8984858136687,383.6883102776916,21.030057857918113,15.423947864125454
648.4050528577905,383.58242011327644,21.09627501603152,15.343666744858487
650.4485899525715,383.69903696815464,21.305891290489278,15.338873856272972
649.8315968243255,384.165012583526,21.70323659296363,15.464766072261824
651.1704233042968,384.2728915018085,21.790971883371757,15.236847200606082
651.5809692898022,384.53288071146227,21.73638646505739,15.09933992549788
651.2343416676662,384.8190939828512,22.002857849599636,14.73564522774136
652.4158116816792,385.5393131055041,22.05955001799987,14.52237971478867
653.2767187156848,386.33336289670706,22.38153940343427,14.051453446477343
655.3801352128423,386.8538704049874,22.279813716553345,13.938088821972215
654.860515614954,386.53548873933465,21.90260765705024,14.020551427817654
656.331785131431,387.1594056228947,21.154553573208233,14.026600903304573
657.9576405245605,387.74692434398855,21.53125384156057,13.864793904117711
658.0179269641695,388.3505610744475,21.316796360153283,13.494024246929772
659.1153574571418,388.74178502945614,21.16077495283724,13.420343095354522
659.731401151123,389.0665109423736,20.926291100527166,13.479841133430238
661.267052073502,389.64480430032006,20.487118448121564,13.455471109508114
662.0215606937412,390.1301253640705,20.414686157136522,13.36381885732385
662.7208734729523,390.81738463812144,20.151337631566392,13.284381090204944
664.0193808701562,390.7297995354394,20.2992671711889,13.08196466260213
665.4355750113114,390.77362514273057,20.317130801949183,13.032607338674834
665.5470813966282,392.1666717237118,20.19691059236974,12.98612914024381
