610.5,270.5,15,12
609.4887784264171,269.3310820655421,14.753532977564417,11.958138665279648
608.9222004016742,270.0740976090023,14.74676318953324,12.11683004005965
608.9925155370853,270.05414335310456,14.798948624844996,12.273721898496152
608.4108491136899,269.9488633455389,14.828798777009993,12.270202384580564
608.6493235321318,269.8502990225901,14.82157700926562,12.303752967228556
607.6432271254257,269.8843579862263,14.803874517044203,12.33097152188492
607.0681040084836,269.89046669922544,14.809149499440661,12.347918417607293
607.3682006841357,270.0324444757387,14.801547255028314,12.336327063742212
607.6799288037931,270.1953937035276,14.695644583599638,12.335844755873374
606.3156011190362,270.5350982522338,14.732064721714163,12.238163461214427
606.3939112581279,270.52306277061354,14.72356171757647,12.306723096621994
606.6775869618701,271.1610270201952,14.735344595542024,12.193093515229087
606.2739019768758,271.3214955728132,14.693722575441363,12.219525753035398
605.4720551441579,271.52102090088175,14.802742631143516,12.344473417001037
605.8508685266538,271.41951922341974,14.926284291234847,12.444591510747099
605.1748640516969,271.49044658300244,14.963137735014636,12.445326450080454
605.1033092962894,271.6153981409586,14.996021963220347,12.45391929082744
604.3324499763138,271.36196907673883,14.9088148028479,12.445945816693541
604.6238847140045,271.6028582121078,14.945957849210412,12.476410280387922
604.0663898842572,272.0075541197507,14.874716849219956,12.540215663016212
604.0319715594427,271.6630577338183,14.941191483424777,12.606610859693372
603.1235081686166,271.7670516442195,14.898739331170372,12.660416801336307
603.0694256486105,272.0334709485265,14.955812890182486,12.635608070861874
602.9505170751726,272.45575404230124,14.96528993283591,12.49912366517649
603.7399224721271,271.9534515153433,14.920849918918082,12.499499292708329
602.5772251402349,272.1232332491134,14.817616614868122,12.534588657914714
602.8901414356012,272.4440486117969,14.912498414413324,12.515334314898606
602.2655964857445,273.03543637303017,14.943548443864582,12.402405780156405
602.4879680532076,272.77513077478346,14.981997871995183,12.534260194833339
601.8597873527854,273.039271167853,15.047373474003994,12.599256982279872
601.9465187771093,273.63344359287515,15.027649258154163,12.51244328019235
601.9520918911901,273.5932771506897,14.89358882003087,12.478930831106274
601.2273670173398,274.29063012410734,14.893331655690549,12.388198201417294
601.0903226644216,274.3047341761243,15.037998710163613,12.386850107262095
600.6175274754668,274.45436365180865,15.104432140937329,12.423026963598467
600.7616584877312,274.216794759509,14.970397119863657,12.40485545898066
600.0748047953008,274.8571558663657,14.982546782632973,12.316627756871583
599.9556839033401,274.810546393121,15.089047221625716,12.282517338942021
599.7617221590517,275.7308187511351,15.115689762278645,12.217208395046729
599.407765849901,275.90148073680655,15.163425388163652,12.202613214702296
600.0845452299172,275.0053505837597,14.976387700518883,12.289758798544096
599.4881387690733,275.6446624832094,14.891433679228836,12.274728554141472
599.3672875161919,276.41533449145123,14.863451572240532,12.210541176756902
599.2571121519783,276.32924927031354,14.755716431117134,12.284572176528883
598.9505772398657,276.13075140620015,14.778648952466959,12.424953666731867
598.5005583905206,275.984303129995,14.751384111808386,12.561012785565577
598.6639110110266,276.5172421396993,14.84424141919553,12.481481189782954
597.7034624906825,277.1176945237427,14.869919610701626,12.492070152241077
597.6839356412094,276.8531306560878,14.831732857477489,12.649402978312146
598.0595350104526,276.94531171290885,14.694960314612505,12.821443768465299
598.5585226560328,277.374393719873,14.61529626174092,12.964664489644445
598.1813400613073,277.39429798423856,14.536283017010541,12.874027481682884
597.9079874594917,278.0527348757713,14.789912986944032,12.78628754299298
598.0585682655047,278.1327765184004,14.816513382631124,12.942363982923998
598.113347206298,277.5065600742325,14.946901866401092,13.089608263090312
597.6428476232876,277.98805554159196,15.098520482037351,12.882763282503415
597.1497648198862,278.4168296256688,15.277864623348108,12.834737445110653
597.4969419747106,278.7377085041318,15.39489338226068,13.047221178548824
597.3525145778846,278.9866814408042,15.457078864389334,13.066115286283054
597.1487397381027,278.7134758122125,15.599674066404475,13.142882861225042
596.9272756818972,279.53886273994164,15.810741570953024,13.10249692710012
597.0602878894872,279.0781991989594,15.880449228364856,13.246781739357834
596.3550465092793,279.78321719884485,15.92277019125703,13.483359933503237
596.2916830046129,279.8496881161233,16.349525465112563,13.34653063628394
596.0303239387409,279.95572541375657,16.73063135022378,13.302810388365506
595.5193452116008,280.4422968511903,16.777302141925553,13.41208488238697
595.7222656318789,280.59540677848054,16.95635506443453,13.409165259501588
595.3556299588868,281.1586484853692,16.96100534480232,13.449250840246382
594.5266254020623,281.4191007613914,17.046241359505483,13.294810843465541
594.4656303657983,281.731174646811,17.250414755833976,13.232895686189886
594.2349775118021,282.38261281738426,17.41319429595695,13.166329946277703
593.7162969741614,282.65792904413894,17.611600624515287,13.041483570744646
593.1274623235977,283.015113776375,17.743992926169195,12.897513211821268
593.1733003403806,283.50016137408016,17.86157752023074,12.82651492259617
592.7837595161462,283.26724699571764,18.104611054399683,12.887583258998808
592.6036843488481,283.8180421866337,18.26829474935782,12.806315438430754
591.906230504608,283.7473976490696,18.40180507608293,12.779388046655187
591.3467119127787,283.84555310928556,18.521556740618266,12.886100702959792
590.7800026003359,284.69277168587195,18.70558173547598,12.762786672955926
590.7997737929073,284.77647941019995,18.950105938019693,12.778771452919479
590.5243910469853,285.2437246151377,19.221793393316982,12.744202579489674
589.3523263978991,285.5759648018568,19.475937082435014,12.692091504986333
588.7414901864853,286.10415654399077,19.62280543765089,12.673661397488498
588.2785348590503,286.31582263019635,19.88405784409644,12.607748239054285
588.8135611763986,285.6995482918472,19.9269641174807,12.536093167049724
587.3942132706758,286.39444878554457,20.18418729365716,12.469844549726322
587.8958659998872,286.1047226476909,20.220580436003523,12.572451382184948
586.7267073729096,287.1928531908854,20.38895197310076,12.495993505100678
586.715894262213,286.7972799586176,20.427414560178757,12.526214497853594
585.9959306395264,286.8200063609711,20.442119408701412,12.719062299754977
584.2928048585901,287.2807746878954,20.759492815819364,12.690831245595913
583.7007076824179,287.3031186568103,20.562418309254184,12.745455188533516
583.6703581537228,287.40765132007624,20.467392334553278,12.798925165832703
582.6276604709527,287.84634326219987,20.77513042966179,12.799754985217708
582.2881330274457,288.4532672047814,20.94439900886417,12.850163100573472
581.7901095771783,288.8509098865264,21.243729243177224,12.92427573493967
580.4388677310732,288.72366500467353,21.718989062249086,12.889695011622987
580.3689256879809,289.13187882142057,22.0219520376845,13.027369775093911
579.1616217641623,289.37229214079866,22.167415588675524,13.11963553736539
578.9134829772521,289.59649102449,22.335007998044283,12.987840774915133
577.9814658251395,290.18131110256564,22.638006907601145,12.949058682461668
577.5446828625619,289.85140838050245,22.920181567363954,13.016024170304517
576.020468874357,290.3371357943604,22.921536894771688,13.045360057806171
576.0364470955072,291.0359161115805,23.105748394160724,13.167301467090063
574.6145035941478,290.7240748148224,23.359935413282727,13.210927870115531
575.1203408314763,291.5753931134051,23.224857627850064,13.118397264313687
573.4170258287869,291.68860232284237,23.365219379902364,13.075789928875157
573.5686337608375,292.1206945962665,23.29386349781481,13.1004783630983
572.970329245202,291.9965019522899,23.331145498903904,12.954740901484508
572.4406479182791,293.0983258594704,23.04214022329127,12.911903319285994
572.9709000085046,292.8876848640067,22.85666536832543,12.862839842884373
572.4428177586651,293.4284960388337,22.272432200119546,12.97917739313263
570.6505057118802,293.3687925937161,22.218836698733938,12.989255000130441
571.9206152397074,294.1226262859299,21.74141709681485,13.110904184077391
570.8338487148436,294.1212066151729,21.57477642522905,13.105025368404295
570.1820434405491,293.97511564259884,21.315490841348634,13.068457984700764
569.6621432707745,294.3624014332013,21.36934303550844,13.046715597564774
569.4827503222361,295.01479252567265,21.32182808982307,12.971605606149327
568.2481584020691,295.07346955840256,21.59254348342576,12.874245769767715
567.9508006764152,295.47093228451223,21.3999247906181,12.90736950044026
566.0126226540957,295.9824085956885,21.64866752921158,13.007490217549936
565.2487118020223,296.86996593165367,21.953110932691406,13.017947955249484
564.742281579005,297.11558810050013,21.908685116214002,12.89385550378132
563.6355356464234,297.5419201042973,22.286930656837924,12.805192448430788
561.5658117929257,297.558812125984,23.160496825442227,12.801587337530407
559.9044519836422,297.4379795541453,23.79291073417039,13.03147981508139
558.9971150804154,297.94796628448097,24.521829430836924,13.050422107774546
557.6374884805822,297.9041109121763,25.321447811472538,13.278424006768489
556.3336868585466,297.233215227906,25.68012393914985,13.375044066791682
554.4172630832055,297.87131933510227,26.141633837625562,13.567843463673816
553.7935033372744,297.73140826536735,26.46797373687842,13.567632223350529
551.4314939147397,298.220600650104,27.110595048530953,13.576384354302192
552.3894927052095,297.7977396946641,27.007091149499026,13.626879154796097
550.1987011510597,298.7712742412951,27.34175157408283,13.629517688830585
551.2831497185421,298.91598362838585,27.41696526179576,13.659917023922956
549.2398106512346,299.5332710563589,27.27027356914008,13.804747070435015
548.2456088341639,299.3853038384122,26.973607022388396,13.726225935153773
547.177522058938,299.56153344763464,27.129297994562695,13.618621524562622
545.0018509673321,299.08579002840185,27.75188589577694,13.660483011599208
543.0150327593105,300.347807603105,27.797675164832143,13.547618344828333
542.3038220668508,300.9130413762378,27.29778715110049,13.289736750844732
541.9907481568194,300.3902989574802,27.12447378523107,13.226857602344676
541.3252055887272,301.30073727659226,26.931823517400858,13.29121305507054
541.3379418611432,301.16350471922703,26.495759161627227,13.170656343772212
541.0558447006576,302.2664889264275,26.299465985745407,12.98375330946772
540.5231572726258,302.11297842525016,26.217658138790874,12.913360681336847
539.7429508053921,303.4213243266124,26.691213158333802,12.726571193752129
537.6819090874887,302.93863860542297,27.29583219480259,12.839511100410183
536.9071928588527,302.9279899873956,27.551401951612437,12.998325863210598
535.7115935534619,304.6892826915948,28.00252790671629,12.970373175759528
534.6963347720091,304.74396738343125,28.903205572466145,12.842805097052857
533.8053355067992,305.64277014354917,29.32439263094664,12.719666663609024
530.8939634145752,305.411649003032,30.10425818761771,12.82225407103386
530.710296091231,306.6241463289199,30.74942528278845,12.81444138794699
528.2793843415284,306.65306714508756,31.258513262784568,13.074622543182606
528.1570367271541,307.0986399634543,31.597161601810782,13.009344022900406
526.4023026285992,307.1927706273671,32.01759190371807,13.100703133888924
525.8439432023763,308.0191800005857,31.810647283034434,13.016248173195379
525.0604698875601,308.9766410713468,31.711110510414784,12.959751410472709
523.3065666743288,309.51397808605793,31.674720569613562,12.830389225399337
522.9378229068222,310.47049550505983,31.768146598832004,12.647973698728277
522.1038297199862,311.27313720998194,31.8891201665657,12.46548689590161
520.8129035909077,310.7781645326513,32.666306620813195,12.038145973745515
520.9687460570718,310.9799410712301,33.01131174957723,11.905990844853074
519.7099216660845,311.4026477641767,33.501144712765495,11.812002367597707
517.6494196466829,311.86200197014637,33.04084563190922,12.130621769760655
516.9408086975327,312.9491058627794,32.877099269444514,12.168200254636163
516.4575728772693,312.41698835624345,32.39364942120936,12.156551044723713
514.1374192038148,313.86240877582026,31.252932312094135,12.192933649555123
514.6613919149412,313.93790235782654,30.50084941554281,12.350664541029198
513.0902426943848,314.26614332355194,30.31723108953549,12.468325768967937
513.1099278471431,314.2217832566652,30.28091374859249,12.338202144635202
511.72777614319614,315.4929593208016,30.578415513114816,12.303971030003694
510.59737228385575,315.51706646113496,30.693499173644316,12.290643020098557
509.2596136475461,316.15172496287636,30.58543065944426,12.301389168928939
507.7007136835524,316.9074787663058,30.66295477528251,12.322958921269528
506.0397401369503,316.86596510318026,30.7660357586387,12.150639263849495
504.68619931703597,317.62004174125065,31.131640004363362,11.835526239440533
503.6529491883697,317.36476643516727,31.59711921028901,11.817761963129957
501.48498152133794,317.8823981837835,31.593334295176483,11.996331559540796
501.0638007360701,318.6468372601242,32.08726895745755,11.76764469008534
498.7182179815504,318.90596140894615,32.66301603235391,11.840003618336382
498.9711035031537,319.6411726510083,33.150697716942,11.814973385226848
495.68343296150863,319.81141669977524,33.25503192996231,11.924477646377419
496.37518882550694,320.6234179009117,32.61902664165152,12.216647629320239
494.0093431100309,320.856014150534,32.51224475259626,12.4209396261923
495.3880941692704,321.2585389451046,31.831196319877826,12.326325129500331
493.4364821377733,321.89571747782577,31.32817276705781,12.256985749948129
492.810233746659,322.66035304217763,30.750257280647766,12.186586701093741
493.3803658367126,323.0894182257356,30.102221280710623,12.13801007638654
491.4994919389004,323.64758831996375,30.41047762697896,12.035009407430936
489.9718995199806,324.7280257595309,30.67775081129995,11.955818164008257
489.0103621208676,325.08455264451675,30.845792235693136,11.817135791531928
489.75906478380716,326.1271901446831,31.236238744111226,11.545065198891209
488.3952628256978,326.9603400638451,31.231594354055538,11.129542605135075
486.15356810322726,327.8283130576409,30.70335231019652,11.013956038319755
484.5410018990417,328.98110484808086,31.10910801149064,10.721186740810877
483.95550700150426,329.7747117035851,30.843611919991755,10.699591306398347
482.06997744992594,330.16402845240043,31.002389700669156,10.46811414269106
480.3663554191994,330.84641073607486,31.437223560095898,10.516975650133219
480.41676584043347,331.52880203734776,31.933962765731025,10.581900455538758
479.4741798209769,332.47966566198215,32.03831765357466,10.6385132550599
476.39733927221766,333.0683208289877,32.39649036638845,10.69901627458736
473.8427352264539,333.77803538172265,32.90435339566005,10.643590827412114
474.8370296323508,333.99060679348815,33.46456767491552,10.483046552293445
469.699531912646,336.02953489411584,33.60114110199595,10.286908509759984
467.51379631001004,335.8195180017989,33.77752964277816,10.298815820967125
464.28791123747163,336.11793058132844,34.010087732648685,10.478215453911588
462.20438704533547,336.6090961571018,34.31955187886862,10.779632213818054
461.10289721349386,337.3862662930928,34.29857734180729,11.14211044140129
459.50641600511676,338.14597834097145,33.82690219294863,11.571060736246089
458.4510317480318,338.68691642097883,32.3596925729633,11.880343395429964
458.69097515830356,338.8972547015059,31.709451952361405,12.177692161104565
457.83293259938813,339.4333820413648,30.890171965516952,12.564333164675416
458.1111204964479,339.68530465311096,29.972433356494246,12.750600412763603
457.630166210487,340.56905891978164,29.653011700564143,12.962805080945063
456.87201785740916,341.28189273236165,29.76957879723029,13.016546435200919
454.17802590198033,342.1275544597812,29.76304385585414,13.113767635207969
452.6113471773456,342.81958633050795,29.67793335430267,13.071733465287704
452.53888529788355,343.6628893943831,30.061731146320213,12.945414693913964
449.7305383104316,344.07202618234885,30.37739496222747,12.67052894823993
450.7427497187805,345.00896875368755,30.39514290854545,12.560891103803229
450.84339219654703,346.1415009017045,30.411384210050517,12.63156594351154
446.73027359308367,347.01724794785935,30.928669943741177,12.72663471359801
444.73979486221185,348.000917372425,31.71057411797868,12.637429399851811
443.58708985318435,347.58415048759286,32.32945604937139,12.712775160254065
442.3245061747174,349.2612764347694,32.90559968270309,12.675820962968285
439.522162610326,350.1509892927986,33.96980524410299,12.422685902045966
438.4803828437932,351.4609213101602,34.66838409861018,12.47908400759679
437.7552441354515,353.10316254772897,35.31236939865162,12.3713779416084
435.9257818585398,353.19055709216883,35.57036760092788,12.635078379238958
432.82959007037545,353.8891185745831,35.43019063801089,12.736103140469357
431.7191367511577,354.2309203333423,35.30420468115527,12.866844803939344
431.5819203186572,355.49047053253605,35.04408282623136,13.070908248706669
428.7340431575486,355.8544539744544,34.78838537003665,13.12792517863268
427.7532351028034,357.2239701273481,34.98790853156714,13.203846915280005
427.0352299365285,358.1464428621631,34.80295314489405,13.29466790416131
426.5996418304245,358.9891706758107,34.56236659503229,13.286521789958103
426.23786759389736,360.00872178165463,34.180061987336956,13.312046987251613
424.1249407386586,360.01390687450044,34.11730619311484,13.241089212862295
419.7541398319337,361.5046245057395,33.78924877347135,13.305211210897461
404.2127650785784,370.35372280949025,32.58319899429335,14.114140457888169
405.7596451767411,370.93121890157033,31.229627635019256,15.101006136200564
406.2751842157909,373.88356492582545,30.446494120546962,15.335119477094587
405.9276360719682,373.3297890391202,29.53887694250165,15.982068132562295
406.2944887734136,373.13554645346653,28.955831130570452,16.54604429415072
405.0045617138557,373.4433876832527,28.136212536215826,16.963047710471127
405.7697006209631,374.75949895303273,28.444051248604765,17.0095032066471
405.06153899135916,375.21844920085914,28.231510219482537,17.28978958538387
403.2627708959177,377.3229852959667,28.55040494803942,17.28283483825355
402.8272050357061,380.94822278184506,28.66074441306099,17.264889983531685
403.8298924759545,381.7809124813339,29.269274008729894,17.150392924031475
402.624480344039,381.6593691337643,29.561841226815083,17.05135730281027
402.49401191282345,385.8255127108711,29.708772225579686,17.651228618750423
403.06353016245447,390.5701585434009,30.416403612098005,18.17400093379348
402.75202858825475,391.56227432397566,31.274806289835276,18.490121469201483
402.3005070066722,392.5246601090206,31.687818061618145,18.91237076359829
401.5689210746868,393.691291550564,32.115510379995754,19.07254087916875
400.028995409325,394.90279812442526,32.43230018728185,19.27239936879061
400.67052075096115,395.90731337512545,33.1157696942484,19.387031815998633
398.8470042852814,397.1178013948685,32.959880853604794,19.51509037200207
398.9717190713972,398.6407440084488,32.94200538725103,19.582877639729798
397.3105660837467,399.3795426801959,32.8166540158265,19.605197326569982
396.5205340351282,399.8007766197037,32.81950756752369,19.75308821744802
396.41888887852,401.04869790424175,32.77208116468895,19.716155398356747
395.302730303699,401.5113403683329,32.060453860137905,20.09634832776403
396.11352918353305,402.61412809196173,32.392353033453176,19.972513259839907
395.89317979648445,404.22274725967515,32.63451790001773,20.04807916559355
394.5148716019742,405.1790788978854,33.07556727243666,20.196924306302538
394.5517294953261,406.88263483256407,33.14714674806961,20.12030254924987
392.7430734315287,407.22099900127233,32.894029121407186,20.224573335883484
392.7038426956619,409.2808890748416,32.69601286882708,20.020927784615964
391.5690394082826,410.18716751211446,32.63460695617419,19.93352900543004
391.56838261140143,411.06414748988027,32.51276647598289,20.246882959429072
391.0071027290421,411.9680419529291,32.38761052910787,20.267380323500085
390.18320883939856,412.8833941502333,32.33508104479172,20.58285846597057
389.9918880307324,413.8767397755085,32.913613833817834,20.635198721004983
389.68346644097835,414.86000815901025,33.627437875645406,20.845138909415233
388.99999852761863,416.40838463400775,33.61050751145454,21.052066856179245
388.3932390062972,417.67850002523716,33.821264355649234,21.19822885783912
389.0037489571515,418.43782576086426,34.78927271703265,21.44809154292652
387.4069870722354,419.3922500266579,35.06046205426299,21.73271205888554
386.9820505402614,419.64619926507936,35.76575283173384,21.90973884020226
385.31171434641163,421.14557215753786,35.543460064785535,21.758484319628604
384.7594835169133,422.5155532539905,35.45909659331966,21.736300809432024
385.3126690468713,424.0208911402453,35.93148007766167,21.752542971340183
383.97567951286294,425.53178536979954,36.49819915689359,21.760917085092338
383.8386114761849,426.43127679104003,37.60000896348417,21.748024378185733
382.38097463468,427.292992924316,37.69022847779272,21.921560476349324
381.5155817772933,428.1532139126623,38.1032503871768,21.93403330506904
380.06934852376327,429.68909178311793,38.292024696437124,21.705736693491357
380.724003962209,430.7378531561248,38.480451704067164,21.59430460757281
378.9466070497996,431.7065326526146,38.87960778779707,21.34632053829923
380.00215793086335,433.58730297792385,39.422101950047,21.51285710859743
378.3781642953921,435.244342063615,39.35156819819294,21.374400685185662
376.5416994836185,436.2029652355173,39.15943701546564,21.579491921108357
377.2403146447952,437.5523284515485,39.29045500320138,21.752930453721902
376.8215663821537,438.929076629224,39.60001197045521,21.840723857052993
375.2626373677225,439.8665561830644,39.68108129730653,21.85961471828247
374.66181044182645,441.5094603712722,39.94035412473795,21.613488491753944
373.8615079341954,442.3602851762341,39.69168426626656,21.62467395530136
372.93046635881154,444.0815965946217,39.828229878505795,21.57790177694273
374.1937332975841,445.61393725456185,39.95998018827755,21.54223957441783
371.2258608254178,446.91589419646243,39.90885102906411,21.55003910004057
372.02905093128936,448.2031352552407,39.85647357916173,21.582818878617438
371.3313843382851,449.8710018360405,39.72274854716794,21.64618935852785
369.9726555858517,450.87209722798474,39.58063602563694,21.815542888070077
370.8745358831146,452.71189160411717,39.737611944249004,21.637389892488663
369.08621142655426,453.73978250572156,39.69858612325409,22.039501460861892
369.70809547522185,455.30881328490165,39.51911212572663,21.993076321797957
368.1295375920982,456.26804140863294,40.04978617482623,22.086553401056563
367.2546936076462,457.08022036549653,39.91114320729828,21.967469544717726
367.32383619431624,459.26402223251705,40.1158658965261,21.800527469917423
367.18087122701036,460.6080663514588,40.437888958120254,21.81757886902735
366.0010658921041,461.7873775034627,40.485668868884275,22.020931090471123
365.3480639453536,463.37152153700123,40.27126246308423,22.33196164216852
364.8328709301121,464.82531445834854,39.8511708934696,22.674592521962317
365.1699378814826,464.53675914992897,40.07368110617657,22.79326951071912
363.2448901010298,466.0620652342526,39.513026754820146,23.268699326630017
364.03647788705604,467.64087989754285,39.929144629308524,23.208458029148062
361.8691256083808,469.1368169216461,40.216810154676665,23.15491510810824
363.04789859923096,470.2869631013908,40.65927676147721,23.11763634992193
362.40111425412647,471.97730976755145,40.512948748919776,23.086447011588632
361.71503220852134,472.7838992686772,40.483451563312805,23.221774674566976
361.4027654883433,474.72401034827783,40.67113099880896,23.256967325546416
359.8731085220482,476.12512746195034,40.89978935660052,22.94284006422002
360.57759073370437,477.11610312481605,40.88522505306972,23.25707828507368
358.88294674928727,478.7513364713359,41.21702839513391,23.34033654854649
360.16361968521,480.1647358467267,41.88668533090558,23.593351516560617
358.9045891663885,481.48471892936175,42.29453428091729,23.78156280337791
358.06510136126616,483.06696012719624,42.38906787169944,23.68863316115744
358.29277110342804,484.2486966087548,42.71108334304891,23.71032875043899
357.2767616062695,484.95194025131525,43.06630995417206,23.84327089151139
356.6762306292738,486.7904237545928,43.79867537352982,23.894918930503735
355.29879758739696,488.13761597656634,43.979336535561,24.33477535226402
355.1999418953605,489.10795742502273,43.887285243871794,24.50865472837671
354.90477736226285,490.51382693028546,44.00273790625854,25.04030975891275
355.46990377027066,491.8332961307746,44.1287894735208,25.102429268853648
354.85736013637074,493.08685137509264,44.30087438383768,25.270640120778417
354.56954452942495,494.5025756418464,45.02611663867913,25.48878360539836
354.30255542394735,495.81082742982585,45.72797885673055,25.419384626531162
352.9004149122776,496.91454616521503,46.302544055942874,25.299121332922564
352.82953006682635,497.5655097667861,46.6839209170696,25.60321124251245
352.3106860378056,499.2711799805725,47.08869180935487,25.614716178556527
350.9980001000379,501.08828652963984,47.09102610821479,25.97143244557993
351.00023693192725,500.76922406243335,47.88046080205635,26.13649856022206
350.71439035082716,503.3601157023508,48.50538835517102,26.071542768332773
349.92747137365933,503.58195849022104,49.2169339601681,26.410585089759508
348.7550518017314,503.88274895058663,50.58963040764344,26.569738965552325
347.44836092706396,506.7141113251379,51.51959781695909,25.95423873808677
346.26257302813457,506.9457537874282,52.29446233685608,26.50296152682402
345.11823234789495,509.15109755908964,52.83374022062027,26.18913486912133
