361.5,305.5,65,38
369.02824051625464,303.5998550677835,65.41287359700728,37.97576188553594
375.0637915048017,305.24691778843226,66.25897743046006,38.22793971648566
383.41101242554316,308.69704200269666,67.60637137388927,37.6138984870536
390.95377423666343,308.23255845162544,67.77798695758138,37.40304584794689
402.0626374349355,311.834458563943,67.86132028393757,36.304971865377276
409.56333586446175,311.63831533674283,66.2340155269359,36.4348145686809
418.1333541508381,311.4376298497291,65.75468261324082,36.91268408841465
425.17977005188993,313.3714747075978,65.64423740018742,36.838834304165154
434.10995596665157,314.63109236582636,65.64289915525886,36.3834286481238
442.08637688888234,317.48803960017295,64.03878262970596,35.316841098528485
451.64013759479747,317.8393629166424,63.76211372642068,35.11376158685684
463.52861032637696,320.91481569127876,65.0945718734912,34.40427659269897
471.6318487039194,322.78109103965494,64.66120073974422,33.898935225551696
482.9839906507846,325.7231159725236,66.97515682098933,33.557305747082395
491.58750780956524,325.69965419803077,67.71162302222696,34.62991031489744
501.4940905334236,327.2438782834245,68.32294182743992,35.44667716905803
509.6009719990405,327.90114052959495,68.55125081087895,36.42839586748255
518.5225053477196,329.19109167911665,69.86106192113779,37.31052183343856
528.0330292495368,330.09665901082104,70.55651535346547,38.07243003959768
537.3193852104157,330.72085640529286,71.58578173370951,38.57009919833165
543.7994061766881,332.67716216824476,72.00436853193887,38.413996022800156
556.0475824637447,333.3549314422727,73.08983358477863,38.64532397273773
564.9740751095728,335.6134385702725,73.87605613308823,38.68281363443222
574.7291496483189,336.60759323389453,74.7467855040824,38.542320178426806
584.6623434433825,337.40453433401694,75.46782696058597,38.88557915822048
595.0201533738746,339.04039369779474,76.52959281127177,39.146474661774555
605.0426208669373,341.08828272219176,77.15454536787087,39.0062074677015
615.0705715914211,341.98205146508997,78.18445362654516,39.09357652182206
626.3444833178867,342.98174185964115,79.64726173489319,39.32285178626286
635.6433277274397,344.60523720763206,80.03261277174414,39.989767426111726
646.2602020317457,345.48620054392137,81.25270251152074,40.44464025113747
657.0849118083803,348.2721190420686,82.03059008715793,40.56136803221729
667.4870293335886,349.57699015139343,83.15651937389958,40.711130608642115
676.6223788748881,350.4035128744107,82.93599691178377,40.84837253805762
689.01491059164,352.31258877002057,83.87912294666364,41.29972481711994
700.8648942849659,354.1651025451448,85.11331769990475,41.51916864519787
711.8987053682141,355.98208423096577,86.71713947261713,42.06625843517697
722.7009781344991,356.5359832856835,88.3896248848713,42.31251584961393
730.2101156911864,357.3374178400453,88.28153367805197,42.25513187978346
735.4570447148993,358.55274490515836,87.90827633100454,42.68863518783553
739.377827977153,359.3173760714403,87.98156576352861,42.66674153908664
740.0687018018215,358.9608058915157,87.59934521093987,42.61527005868781
740.886478145247,358.79361254622137,87.58081074689767,43.21677317669801
739.3420869256211,359.64668524687147,86.7529827067948,43.337946205344736
738.1061862970149,358.166740632564,86.16606599792719,43.630933130263955
733.9840504772,358.5680369231958,85.35352821220309,43.25405447555414
729.3066236277477,358.1702835613466,85.0156729419913,43.086501714293824
721.8820459037856,357.01959239857865,85.50495461824818,42.857248444508116
709.1519186812192,355.6824078297968,85.75995546230673,42.625309169519966
696.0448521532102,355.5605987729936,84.0368669912253,41.678073806601944
675.2758258528626,352.8267723433646,83.33431519128561,41.425642475491244
659.7865380863868,350.9918387750861,81.66414041906133,41.21913059898676
637.3571445385018,347.8390415467345,79.70621608905023,41.193659877772426
613.4219084088002,344.67781503890075,78.74431377569942,40.43432959876223
598.3408071087897,345.1299039319906,76.85975963133575,39.669046519546974
577.8529840503905,344.1858581181316,75.91570131087816,38.75951856604252
558.8372220228044,342.66639103091984,74.92748049300346,37.89058197096528
546.3244233343796,340.54414844297776,73.88438852353961,37.919782799315314
533.3562191277158,340.2598317853336,73.41392132651563,37.18729881361644
521.7732685570498,339.9811478696242,72.62087814716887,36.492820331558654
511.2750438629712,338.94369728815394,72.24354251640531,35.884827741447374
503.3820797554219,338.0057925624179,72.10507993865728,35.72003617782849
495.45732321757896,336.3737590923471,72.21771271191392,36.10533729651314
488.06434556586396,335.74170381083303,73.16925544057584,36.014207752958626
487.1103860405562,335.4239599320388,72.6944237416034,35.88271611420382
484.56954041181774,333.6735392744192,72.64665180327947,35.916353097091374
485.3097951198027,333.0362080983307,72.47466902247959,35.94988605092247
484.8987841254283,331.45702639662983,73.37145376537065,36.10710552198165
488.94809601818656,330.4986952548632,73.68579861541319,36.05585978072706
496.1714535479278,329.2342066219079,73.92884853243217,35.89889892674929
502.3696157557478,327.7386835472903,73.37341881588887,35.626118944163835
504.9481763648076,326.1891595177103,72.45758816707476,35.93340798919419
516.5319940114592,325.45403854357636,72.27693903404972,36.19564427072928
518.1431856246603,325.37686931143384,71.75687399917585,35.618023988104255
523.9098632785727,323.008909337079,70.35786851434918,34.86020671604978
533.7363640388389,323.41639269029895,68.48960553446608,34.14967366534873
543.9730396151378,321.52470558446976,66.87435145828442,33.23158131664328
550.5856408390141,320.50429028757844,66.53120524679879,33.53563305510217
558.2083096443233,319.79828878991947,64.96416754005,33.740385336118024
563.4850067491403,319.3613840653067,64.11857324191519,33.553184066997964
568.795204245404,318.5127385576138,63.65081859210023,33.16557732580728
572.430395839252,316.2122623583517,61.82681220494114,33.94371263715786
571.2003419233681,315.63739325365015,62.195343937313375,33.6785902403675
569.2904854805245,314.54058154833467,62.09190580676524,33.47497539645138
568.2316454028684,312.6135269125471,60.77910595872044,33.454492602215296
564.0059607752856,312.02894941905583,60.922423150897686,32.86424352597307
566.5247291246933,310.44275567317067,61.037985988978164,32.32417383772015
567.259783001457,309.3628283599479,59.85560943590725,31.56712210735419
568.0339343209293,308.48235003895684,59.373295814449236,31.347977044738798
567.1090056779603,306.8226761232567,58.78730462588472,31.629863595316376
570.4246090214626,304.47842222056966,56.93696551547927,31.604623899317136
566.9245611032418,303.4307679165754,55.70263866820504,32.5235423362546
561.5272242066251,300.94452413828276,56.058132087292876,32.692959824480525
559.5537737749928,300.06716397585785,57.1409467994344,32.67409447218343
561.2068815911056,299.49287736826864,57.549974268328995,32.267359464591195
561.7007062609237,297.75218173426833,57.1186862463273,32.04625730340785
565.1219087072917,296.8233485033913,55.91478061353994,31.59317304227682
567.1232876166902,295.58278635553967,56.65162679101984,30.491717963666655
573.1874177701653,295.25666132617687,56.835351499938774,29.99753502659614
575.7480616522561,293.5553029237366,55.53727469042337,29.635741915171113
581.6191785567905,292.4464860355234,55.196527278143975,29.385081547920723
586.8197954462495,291.34841734563133,54.46507518410163,28.313939779603075
592.1226544347758,291.061807625353,52.263162939776,28.159240118444536
599.071434004557,290.0619393916874,50.73766457597049,27.887002260595768
601.1476859472864,289.1124843095099,50.04677625295056,27.638728291421057
606.7362598962537,286.4528425081085,49.69017259787473,25.797130851743386
601.6895365232701,288.02881579893847,48.33272689541682,25.378303042590247
602.1478765114234,285.99101390774115,49.40799552369399,24.27889232913521
604.7922903555099,283.03638056619667,50.01959326963362,23.20894100609022
606.9616155984503,285.2333702279601,50.282508621612706,23.326158772712276
607.9157706819669,283.0179794628057,48.750959742030396,24.140127597027387
613.2705582500291,281.562602671558,48.20807447864752,24.5273320996278
613.8123692836532,280.9520681244012,48.30199783967555,25.296737193191774
617.6934365624668,279.2231661651175,48.15614479144784,26.221507263950294
621.2930360154887,279.1843504922076,47.95666312096907,27.305569950941393
624.9750863055513,277.3058205119351,47.731792315319225,27.524864170138134
628.3665248643541,277.54342241574415,47.96949310527573,27.869110860147348
629.2382638691984,276.5750641266627,47.78466022479098,28.07409161277159
626.9761358327279,274.97843333941523,47.6888634832483,28.157951961222864
623.6042625016893,273.33820589491427,46.94361316275112,28.190897609120626
619.5761887948169,273.07340870708754,45.973359056720454,27.98374954788826
612.8032950393332,272.21372402446457,45.907766944274755,27.322013728579158
605.9164122849377,270.7559676719311,46.29922063208178,26.955382125555843
600.266758688118,269.8418292396648,45.489870942481566,26.6749374954138
595.684919963611,269.0801442107313,44.18944850746229,26.157938757885887
588.7993266970966,268.1705593351228,43.2486904604129,25.818229467431124
582.1585198792556,265.3389164532225,41.67337908541393,24.887317004302943
573.129702203204,264.4313011756798,42.02906627162338,23.694424399979845
564.1408415509483,265.1903500616135,41.063140191491435,23.505950208091328
555.7188965365648,262.26005982699434,40.020761604535736,23.322050353538252
547.6558060831458,263.2324804222204,38.73051489906901,22.71092865504464
540.0460346781543,261.1808880815292,37.674480163885946,22.4354540880751
533.8677906853746,259.8025515003769,36.62902303530941,22.574384711927472
533.0535544865356,258.3827849006861,36.32322481264149,22.536109102028757
532.397913541337,256.9258892323591,35.141647101064315,23.1786320709153
531.5338487968198,254.7387844556541,35.131615979899514,23.186980208462348
530.758615672887,253.07518393600805,35.509547165928936,23.63095485310113
529.3418659776182,252.32336107282117,35.64090455626808,23.52677971098275
529.4504676391816,252.11376569567227,35.697579747907994,23.458622862436293
528.6310052744784,253.95086842702608,35.328447836689435,23.48830605443753
532.3925904733378,252.02927793459597,35.58861836990944,23.23937735912199
531.8910990939104,251.7873032756859,35.41494297523034,23.261664950705764
533.655726672605,251.9466600170564,34.325056542664086,24.029696849320096
537.6576980631253,251.38436555611224,33.27703636523073,23.855562431173887
538.4492019704576,250.3475592959087,33.339941913069126,23.614570192364653
539.355891607765,250.2856267229943,32.816304750614094,22.965504656488008
540.6146688142138,249.79814438853631,32.226875003930445,22.257950008730703
542.647015403006,250.1603982925349,32.92904421877171,21.80995536000861
543.8271087886126,248.46210283674418,33.46913649266352,21.457546437529334
542.816046484601,249.37113442078783,34.3429473399292,21.131525214899504
543.0496130017158,249.28203452549627,34.48793040410344,21.07946965501207
540.7549399763504,247.18965730108334,34.44182609167492,21.050907186418524
542.0562297995888,248.44207388754106,34.45986812641176,21.03680167654324
543.3748232783541,247.8010361492214,34.45444701131863,21.02257864930679
545.3237410750984,246.355585198506,34.45362055212292,21.02090004155182
547.1380275294417,245.67956187787576,34.46469250465739,21.016472640873545
549.0814533951308,243.73764079141372,34.46361323993887,21.016329055969823
546.4023785497029,242.73578987441428,34.45820130054564,21.014546547393632
544.6248908446829,242.67949507929134,34.45735362289329,21.01396336064245
545.2859277607201,242.53813150081908,34.457290903985786,21.013866776150948
546.4642224666256,242.75874678240376,34.45721761499265,21.013866748488805
548.8293975487829,241.71796459081827,34.45712925335145,21.013865751563323
549.6688171826657,239.24952778464868,34.45672042362743,21.014200190776297
548.0301803067102,239.64674655432597,34.45662586842483,21.014226524331253
547.7823471791467,238.42397288666064,34.456551799293294,21.014230570477366
551.9563452506675,238.47601313449087,34.4565580900285,21.014138990498726
550.0260165654302,240.91293161657526,34.45642473098053,21.01417478328796
548.2387207149885,241.70681600564208,34.45623835187706,21.014215210209535
549.0949167883082,243.63964995505185,34.456384685996504,21.013893504703614
547.2265489532223,242.36367472829247,34.45631229456854,21.0138427203531
548.6346890412698,241.41844483069346,34.45616967073477,21.01378456549318
548.3333435252879,241.30342263799412,34.45608226794522,21.013770102033952
550.4019610829262,239.6723008495065,34.455887290913346,21.013794488411648
551.6665362431207,239.49411558233822,34.455731053928766,21.013856026070783
548.9563348972382,240.39357023400098,34.45524913647133,21.014042114972508
546.5693379490453,242.276330265175,34.4550812172137,21.013904342510923
544.3045123816047,243.84000055102086,34.455250941114755,21.013740294027784
542.1816910445233,246.00084223449448,34.4560897097905,21.013391765947745
541.9622276669834,247.14959633787205,34.45807180134585,21.012363976444174
542.5398774908284,248.9378458307352,34.45973240260278,21.012536352641114
547.4369831894164,253.74524050971274,34.27194629076612,21.068629219722638
549.7903540452129,255.70303219363316,34.27182527238008,21.05032726019177
549.3071468022903,256.05998429846284,34.21732937595437,21.069210778842088
549.3811396101603,256.2234429750547,34.19637846907203,21.073749580243167
544.7009833175885,254.26933702812872,34.07917011152777,21.123251423512265
543.624540602751,255.1275014867374,34.02542841069416,21.146251963577924
542.964279769838,254.9672613424612,33.98777980560051,21.168377447614517
542.4239832376334,254.5058760771628,33.93174710325548,21.176548678780417
541.9514073008132,255.8194137248865,33.845305415723296,21.212773420717106
542.1695477040788,255.57941332591028,33.88617200957132,21.181691092601376
542.2059042502839,256.0124417225336,33.8599796979332,21.18935381277101
542.2008684152137,254.44121270360594,34.297591998175676,21.04108828838574
541.7743230657029,255.17623894357786,34.37324107637061,21.05202204596789
541.3450414084799,255.95961510403262,34.37511499729617,21.082223593924333
537.5426027023452,254.73086583939966,34.03833725056897,21.206919827505452
536.8639546565253,254.77203146806292,33.93037104839315,21.267028650821608
540.6578240763445,255.3781285140507,34.107963000228175,21.206980659843985
542.1411226191797,255.14393625166156,34.23614397547095,21.198596482353675
541.9398911353845,255.22047230097462,34.258249796798005,21.196047763172615
541.3102205975339,255.52142672364337,34.27529668018518,21.202200529487452
541.0193503948592,255.85856162834372,34.277927237988926,21.22150759243558
540.424681363829,256.2748457014367,34.28633420874081,21.236183887758934
539.7736898404356,256.71938642107324,34.2529752059289,21.270537778876655
539.8060991471336,256.5746131178496,34.14851085735841,21.35934887592834
539.8698365375674,256.1177671842495,34.08228357801313,21.41504576946914
539.4771719849889,256.1392917001541,34.068844997279975,21.44196285271729
538.7936432596009,256.1877728441995,34.054127545712234,21.46221696542859
538.0861445811643,256.30642645219325,34.02738176713315,21.477464344911578
538.2272682401572,256.0652705835736,33.98853043332023,21.503423311822434
538.1710741763435,256.0270693307025,33.95794112953097,21.51846826724164
538.0770431805915,255.9830344918804,33.93478440632093,21.53210222652821
538.2652063223082,256.4961455409434,33.912658247628094,21.542653810042808
538.6394227910985,256.00253439121246,33.87145659323543,21.56508236780167
538.868594237181,256.051677324346,33.864198076451935,21.536236806767622
538.9555511707497,256.09093876360924,33.86834958380822,21.536889556962795
539.0217092180087,256.13864832206235,33.87733181315982,21.558613176968375
540.3713165723847,256.59600238670885,33.924931116935426,21.529203359385725
541.5496341643632,256.54099395739155,33.9992377531229,21.51808486397826
538.8681928822679,256.57313486625105,33.93822495827438,21.538415482851825
539.8990384264245,256.1411697145119,33.9680820743832,21.539089689490343
540.6841453470398,256.65610079939677,34.067288713880465,21.508374577253747
541.380077218428,256.38983934843236,34.158662952900414,21.49612616551532
538.8064842689963,256.1058420930112,34.12049271162701,21.52570470793952
539.3553916162912,256.7039572015728,34.136128544228455,21.5225508629629
540.2235080027491,256.68048394309335,34.221135838794716,21.52825513061185
540.1818283614573,256.9027395848416,34.35715654774365,21.507730371458827
539.8141247026738,257.1276552176397,34.524389741546756,21.506482976988764
539.9873372379573,256.9603764122899,34.64009301217755,21.5479766192683
539.9289594973078,256.7221721687972,34.701263109107785,21.572714668202497
539.3516002459752,257.3356341802915,34.705026173159,21.60627271804408
538.9690509972118,257.95770605739716,34.69485635441688,21.64477943456643
539.2032774734649,257.8915707655022,34.64876611691649,21.694125235126588
538.9654225123446,258.6461848280973,34.622486316905274,21.71247152991158
538.0932670856573,256.2687867454609,34.643753132461015,21.697829905267472
536.9850692950968,257.0858853228743,34.57861094235696,21.722705268789365
536.5073190184039,257.6399564812561,34.42365979743963,21.7919610376199
536.5931048499917,257.24243071018907,34.304353383456586,21.847934117630096
536.0455670634407,257.30690227624444,34.15146767382866,21.933697868353747
539.387841291036,257.20805946996074,34.16603497181187,21.9436174057869
539.2954844880031,257.2502940034402,34.13308691398775,21.96623263547162
539.0603797093509,257.60544951564157,34.10934783285293,21.978031346081018
539.7887924357051,257.0306321436478,34.1078411887002,21.952369664249222
539.0907318763981,257.4860819061927,34.14534726653505,21.92977592243123
540.0568135883607,257.81834871722583,34.196637712429485,21.906983099315127
536.1493106832257,256.1532891096305,33.96142875524341,21.942223593268494
535.2649867898919,256.3807495084804,33.80884562970252,21.980920598427186
539.7331281743817,256.9618153870924,34.06181285309348,21.820697143510298
536.6505529390727,257.2552372314575,33.883814138530745,21.854590590190384
535.9724116819256,256.18332721702683,33.60632773669498,21.878375209124304
540.961535181932,256.734193863104,34.05790365843484,21.594887268284488
539.0713484620983,257.0785884283755,33.85839748041154,21.658563385849472
539.9903970070251,257.4718618630272,34.21843147499991,21.43853255830175
540.5599906818313,257.37542221043697,34.38998507311092,21.404320983207462
541.3068520207552,257.33962780893796,34.57582925546219,21.370274381618618
538.430111927689,258.0238548677174,34.44246957495631,21.480630216795735
537.8148583971613,258.5149336862889,34.360627554972375,21.59958089225946
538.4540683348836,258.7060529009254,34.29864835717065,21.711183723658117
537.0201159165367,257.1911368341798,34.40543907338099,21.70903581946001
537.6904439123318,258.058858458911,34.34587334134258,21.74683635490211
537.2964969307271,258.5628355115197,34.29106020702176,21.83959478745024
538.2846977527812,258.90945984725556,34.2457609579713,21.90656676283676
534.676528510189,258.91896324986584,33.980501065928024,22.12759614717234
534.7688989875677,258.81934603227074,33.86025256033475,22.217363940221194
535.2861458396187,258.7939128484772,33.77736554711648,22.28397814553053
535.81471059873,258.45978685506554,33.7339689390502,22.309066212905048
535.7858349196788,258.486827260763,33.69579105448193,22.3565421273101
535.6905057560225,259.0227383061898,33.66750068971128,22.388011071155017
535.8565050339934,259.00790880425063,33.681723133725725,22.387001436386743
535.7925499145758,258.7983469798504,33.6785635186589,22.40026662809871
535.340743180281,258.84003378624544,33.6099549570856,22.38638425271062
535.61244318384,259.09769644477916,33.596726105897226,22.391318017960533
535.45919473775,259.3711171778514,33.57656039803696,22.400115341946748
534.1405255089468,257.3975768653401,33.61887307782657,22.362583502064478
533.3134695507828,257.6829979244292,33.64661659071971,22.338718665456824
533.8263239385703,257.9030988183793,33.65837589089694,22.297226681376202
533.4703610856103,258.40676945998285,33.74720721691496,22.25004589201982
535.1985516951939,257.9136960154954,33.75988784924915,22.237165886425245
535.1211434081897,258.21239905325456,33.78783319503961,22.21242448900373
534.9592028350469,258.83794491276586,33.80713171569779,22.174556227317513
535.0794471004964,259.0011312360495,33.80799528099871,22.145433851593843
531.2727749131762,257.61146164781854,33.85424437594551,22.114881088892506
532.5067900858901,258.10572263824986,33.78859235121181,22.1367206602683
533.6428996880593,258.4730169245668,33.716985215049654,22.11517845957126
530.0908859453604,257.88198119367684,33.62743064249447,22.166058786898322
530.1703588258536,258.6085725089173,33.245958077895565,22.264680102912543
531.2974974856032,259.0270995074531,32.93819476882539,22.411744150217213
530.9398292053394,257.01871165575056,32.91714872570788,22.366723188430697
531.0946774221991,257.9892594188362,32.79381300880823,22.404488278943457
531.3286087028554,258.3644249386571,32.521685723241006,22.5305357159213
531.5816293498342,258.6205948459283,32.459326682644246,22.645542774662314
531.9533120847815,258.19551669591436,32.57620202981965,22.66307082456807
532.0950188460916,257.43332499369916,32.8082931058169,22.635949020983016
531.4195916370674,258.6168103726388,32.92470219038463,22.587941790783297
530.7739385955181,259.5868192796449,32.875487891555586,22.640491515986096
530.9452622791651,259.80425011618826,32.90975046569636,22.687260794065544
531.0936788619523,260.1176816683602,32.902076359646635,22.70587677278288
531.1962056543971,260.48914008566413,32.89481111759062,22.740521125919102
