721.5,230.5,27,11
721.1866845787162,229.33298271060113,27.02407416689516,11.073692934510632
721.7259484069191,229.96251911917543,27.184803488524157,10.959170321639085
721.8133052522797,229.44638620742006,27.275005234309234,10.954081795059768
721.7203941423512,230.83321313000977,27.042318984107805,10.779026906942134
723.8311007365887,230.4806812097035,26.944266429482965,10.828144552429059
725.6169054183274,230.7914133961331,26.883960490840735,10.81689429375903
725.6618303424835,231.5048352280457,27.21682097182271,10.631315688451298
727.592685497436,231.48657005788024,27.429059998923318,10.381386672235795
726.3523113296033,231.42406631756438,27.16800087380404,10.512799544597925
727.0643863624388,232.1500070952106,26.564972083557834,10.4509853282489
728.133212631441,232.9799148300839,26.48647882442299,10.520649767445473
728.9443610521845,233.0195229009445,26.60819338506622,10.59281556537388
728.6308166101936,232.7275109933902,26.067373362111354,10.806591718415074
728.4548039050345,232.4590606578683,25.33734844894324,10.982496500748866
728.2318100268044,233.25979920112636,25.190025849263296,11.14643675165037
728.7259657298453,232.63188576298435,24.85573135516504,11.407793508458045
729.2508518497758,232.55280703457169,24.46315945176018,11.687504661975382
729.6611915522257,231.99530777082816,24.375954957119735,12.023186585325004
728.8731013284806,232.34861935181135,24.63999887373366,11.827613468848895
729.1519009256024,232.5477404648522,24.690646840401875,12.144577150588837
731.2344201898723,232.06302808030276,24.68720270273125,12.52126305288171
730.9020629422156,232.05839458385594,24.71640204463648,12.795081417111295
729.8295816715486,232.9045618974087,25.11326060972077,12.86698192889888
730.3213145187362,232.59889836226913,25.547073681977615,12.962033354875686
730.7949905393316,233.07920322921495,26.127037734231543,12.983767831131875
731.8838608364998,232.95506668837604,26.2648145654324,13.157250539365158
731.5268907579533,232.97567125728747,26.297483407904423,13.14921002662884
731.8397486032791,233.01182407389786,26.373055463682288,13.189924686822678
731.5726193712414,233.292808720175,26.401167794811393,13.27616365480457
730.7355825048917,234.851284553968,26.592002949668395,13.413359993657812
729.6258290511241,234.71879806750235,26.477946767832687,13.697211284958495
731.4722361632948,234.13068088120198,26.801788942264512,13.802127269573994
733.6890717826682,234.1946239682977,27.166670693477542,13.77161844779907
733.050479235622,234.54777282877296,27.551001991087876,13.712427553153926
732.9021748266757,235.5354228106366,27.710763983499803,13.721610593043035
732.3897895875865,235.75393109869967,27.604759963692533,13.70992456639538
734.9914496042061,235.56388509111932,27.23498180057052,13.944264390012489
734.433553544683,235.7722344641811,27.383244145904335,13.874543235403504
735.7720761699403,236.12798090574398,27.477749550754922,13.759824036302582
734.3676095345569,236.53001217631427,27.85179660440435,13.718397858668318
737.312407498663,237.24502896076586,27.8303118097677,13.778381465439558
737.7676585460121,237.05005746704316,27.67585463932867,13.73315141821702
738.3710863641256,237.51517291789193,27.91931877009977,13.5471835098552
739.0026946365897,238.08161838819709,28.45106105505154,13.21438192852833
739.8745959306211,237.90788620054508,28.730067018777024,13.028452324759744
741.0604060420701,238.47705092770897,28.521694858012715,12.989200929628428
741.822880229691,238.9772844984244,28.926137747686507,12.834486444657404
742.7655847478032,239.6114425755103,29.404732608175166,12.726605013385988
744.3524342739828,240.20027573819797,29.533560029815202,12.844525512427762
745.281985262259,239.66329015261957,29.739333655984876,12.870098904119875
745.1816654085128,240.8329876668394,30.311407903033757,12.60601720537685
745.1968536574468,240.67126277082573,31.351028358176368,12.322579597253867
747.1698099007704,240.88186017171574,31.554165153603286,12.32449754552727
746.8766918889166,241.28152277469707,32.28325117399663,12.166988478785836
746.6740315528056,241.60861187964107,33.031103050442404,12.255942919749973
746.4716555717353,241.9834764395143,33.287521135257876,12.257064596703058
746.1268743764014,242.16701755835834,33.33620246437191,12.20518450578357
745.0881359000861,242.56320488553683,33.52860623203544,12.266749563474125
748.2845225010977,242.39345968159984,33.610226874616544,12.372997012564033
749.0899369866813,242.30165173853558,33.72908022976613,12.46036787806456
748.6325587557214,242.68136532406368,34.19509185821649,12.656763651649527
747.4677153703907,243.166562244242,34.96073427253188,12.62219623207687
750.2728376918695,243.82893003876487,35.041701806850725,12.687436548449515
749.2534566966676,244.0276991156699,35.70784893672009,12.615434794719196
751.5269323206365,244.27403849096186,36.112129645264034,12.433421055541215
750.301168722387,244.5750598027167,36.242462193020515,12.647520573850525
752.5668673278735,244.67683065100192,36.669677424063934,12.666735978339034
754.0392443812665,244.69433891658215,36.85879368051361,12.614084669826381
752.376183175245,244.87638409122502,37.07889158884855,12.76758800235293
756.8139244577588,245.3742561351179,36.92071611458037,12.924385909615669
755.5223628874157,245.84551181044296,37.43049836247472,12.886579248945132
755.4290254755757,246.1480128864047,38.178834846825964,12.844637440287148
757.4196127915227,246.30763774267538,38.46054435494674,12.906671487816594
758.4236466636794,246.56720019450907,38.73688303420195,13.029379293461679
758.988758938771,247.07411635971724,39.39196493772365,13.068765566179472
757.4716272290209,247.7438930488751,40.27246100988812,13.286219619847735
757.803325592827,248.08821012253776,40.62731987366836,13.413330528197918
759.0193934363124,248.4342327030949,40.88066501975112,13.523384416174991
758.7063182908541,248.45547996374933,41.33733318383574,13.541648567520745
760.4490817095945,248.84682654045923,41.93862313407483,13.701719279094949
761.3133439263432,248.98192157104225,42.1037029791416,13.76880099770452
761.4141809006296,249.29800952548115,42.30126028562335,13.942849017755098
762.2021773789835,249.69584249791936,42.802038588223525,14.041194629980925
762.9766697429303,249.79154215903034,43.102225379609294,14.177958484533907
762.6856309552077,250.53852687665804,43.388239710711886,14.329829694114924
764.8767083252881,250.00096679554153,43.26152186782892,14.653618169374397
769.8833510714941,249.42302620299841,43.409508424367004,15.07584050426762
772.9351376464642,248.95242150957014,43.921229254071584,15.647589874635116
783.389000576949,243.08061304286085,43.99211820023089,16.600655622445785
785.6456143539018,241.4332568020434,43.30695246540178,17.784510855774446
787.0352399557058,240.5452337462637,43.05475914791747,18.829099555090924
784.0036728659345,240.2028266969427,43.55097113965486,19.303781934024464
783.892794101214,241.75828550361297,44.34662477915361,19.366748235631455
783.0028843227726,240.71691823208383,44.833141561607235,19.41590676703205
781.5535173790554,240.08369141556645,45.34381464085972,19.775276113853884
779.6522151837685,239.6037888427514,45.51704858046025,20.050016586060174
778.3197019236679,241.13960096979758,45.277087527037544,20.24766561306521
777.3886588096352,240.80710526621297,45.79173196261502,20.507166025781054
776.7555896068625,240.79301143178915,46.34863648811723,20.638645571242744
777.1797141055728,240.05006547046938,48.39272385925753,21.00436856955063
773.1174208716881,239.5706791667596,48.856171315644005,20.948078248770457
771.6573405025374,239.26745375955608,49.33694449405445,20.94956188626329
769.9562944212377,238.64066920642964,48.9274641049266,20.910923155411346
767.5319529179825,238.28270431758543,48.42918942787369,20.939736608198164
766.0653214346734,238.50114486454555,47.91761291695291,20.96256098627041
764.5002277997731,238.90219048210756,48.137663248658434,21.40556607702076
761.8867273921796,238.50718226021337,47.75350378552497,21.363218796100544
760.179868116787,238.5658587565861,47.79843957759748,21.19093083604589
758.6150850356819,237.9669685129317,47.87117223417734,21.158477534864392
757.9675051134807,237.7092323811832,47.405222011212174,20.625194987074433
756.9608872994942,237.56259779424005,46.897900474039204,20.28753951887473
754.3111895054894,238.0486371869951,47.1972755580509,19.848086468170692
753.5361947037431,238.51310409587967,46.92196029570634,19.589111480281286
751.2965088243784,238.70320126634937,46.92494026213848,19.041655821969584
750.534750160469,238.42251722314495,46.45310734829635,18.702411315681303
749.3918886840098,239.2814999894173,46.0578903884186,18.352396699426833
746.8211535441543,239.49771656277855,45.79093867487401,18.38951845382739
745.6973351286777,239.66947390891667,45.33221182784889,18.48382723595838
744.9126901728035,240.06970144845744,45.20553644952747,18.50224764849595
742.4684069888582,240.7082150945042,44.7450360831041,18.350855145869282
742.1962391618176,240.20588990985408,44.36609346503327,18.73366879327236
739.8734154417143,239.75946351831917,43.918570262387284,18.98405240863285
738.6518616958846,239.14587644460738,44.06369935286256,19.184565994494825
738.2188718043402,239.06056103584277,43.46369896379401,19.650441982617345
737.4825368565766,239.02647582188948,43.006156123191346,19.952635981538332
735.121717220292,238.54444370182443,43.13095930567278,19.963368393551015
733.9014477395159,239.176834343627,42.95910822587376,19.889747788809437
732.6693570154436,239.13792851817792,42.36533274004324,19.88929705845195
730.703256686167,240.29125270205475,41.85424173447258,19.600255902764957
728.5177541675747,240.5846147457272,41.61478601344817,19.2350631022557
726.6110697930001,241.01005583401786,41.59172278246426,18.691530190296106
721.9021304167434,241.19807909274442,42.79598039545144,18.311649923278647
717.6065837644535,241.86470939229224,43.337079231342045,18.35911077403499
716.5033431898393,242.80879072932294,44.565095300309395,18.405432820203714
713.7085181719376,243.34776937238922,45.804163690147185,18.286812947382142
711.5493440611124,243.6979611955045,46.83431439440251,18.292455676445368
709.9173827010086,244.2336695416568,47.634648638429,18.50478534587319
705.7241285835033,247.0715353284337,48.13752373669038,19.150613678325254
704.0199181722948,247.01039749301228,48.63731180382804,19.80902287692384
700.0240607511918,246.184533318341,49.049406284705725,20.615445604642368
698.8991078143924,245.5000342165977,49.8772048193992,20.9095474725272
695.7092970427337,245.40909103101666,51.359664402114724,20.877791797833748
691.9085760404954,244.8706856757583,52.250678168676316,21.106531231208933
690.0082122593006,244.7081801190621,52.64019209466765,21.508572437079135
688.2348805426205,243.70056983175178,52.33024046149953,22.409199148212522
685.0717790597163,246.0703741743678,52.72543079684531,22.769573678312472
683.4042678323771,244.90526027416473,53.18817360751132,23.13653450999152
681.8195855552419,244.36962645559947,53.59332674553709,23.534824163170462
678.4192503377138,244.83927333195913,54.02573870433585,23.834171791714883
676.1650012850462,244.02505986602202,54.243802926004165,23.99510292452448
672.869647929401,244.66042434656808,54.42212178939423,24.011757162170436
670.221054381076,245.32884797152968,54.78553727578415,24.313092552322935
668.6169315247344,245.92373202622977,54.94883488742373,24.165219594061043
666.1673914938168,245.72393210229384,54.971369996866244,24.13703935017038
664.7773913380443,247.21475090054207,55.04528152705463,24.0581326954464
661.6777305405918,247.8243896755873,54.94356151887118,23.752055821797118
660.3587606804514,248.39962559755827,54.54847335180759,23.310773094809953
658.9564000537001,249.2960803453901,54.03173316617754,23.07830056318135
657.3925802557507,249.53626250340338,53.432106212012314,22.944267158075885
654.5652375200335,249.72601261811903,53.31006019235762,22.88077469179192
652.7502039648799,251.64067642526018,53.164468456763366,23.139910860773817
648.692066035404,251.89068509746673,53.5834620014148,22.809480919896554
646.4819824784579,252.58587597018217,53.067770388805556,22.679516278233038
643.0736997699471,254.0927637382258,53.42418270295218,22.662663950382466
639.8205300857131,254.77764262107416,53.87230311542651,22.42010035086922
636.1395303182776,254.76623861060145,54.58643544753897,22.353186207839435
633.7032687388061,254.96238989305658,55.08624122595822,22.323730494278056
630.2581838482512,255.7607937109556,55.52042355360732,22.306090105298562
626.6262737845359,256.0177857193203,55.76337824066922,22.69026988404037
623.757934908074,256.1158131584961,56.137542928254746,22.957911753707005
620.7112017426684,256.2311865323238,56.48590494616923,23.212345294604848
617.9385719856041,257.61962286257614,56.77546864044318,23.81670966412949
614.6722121865298,257.8512128082656,57.01549033209765,24.412544689170502
611.8088314627933,258.12191357144513,56.82638254357824,24.93429106530014
608.6900261497518,258.46176541930123,57.48096294581475,25.1616699868708
605.5106159257399,258.8623886949836,57.84745665738849,25.613319625195707
601.3245641706176,259.039198100588,58.44949152215585,25.952828684546606
597.0113137695354,259.56061662092145,58.873136260477494,26.405666611645557
594.3377822529817,260.25031536033583,58.96963042685495,26.59105818959468
590.6064906528101,260.83510221888713,59.00187190661717,26.954156400897897
585.9528122903786,261.40657930952426,59.7236087050276,27.295066765445753
584.4830280624662,261.6829705188091,59.548961548440815,27.800221015272072
580.3271035823393,262.5101192890828,59.66315769192218,28.20349059432306
576.2330608263128,263.84129962551856,60.07664937386658,28.608792637363365
572.2114564422313,264.13960842832506,60.548068400513415,28.639865227787727
569.7276722399874,265.5387105130393,60.74908817142558,29.0897174701024
565.105141738683,265.9280762264578,60.88440987044575,29.25570464258487
560.7526143271532,266.6301124950013,61.1819882683343,29.210118042616404
557.901030195055,267.1501586037589,61.15392579675206,29.257224440175364
554.0511658286206,268.18454491498557,61.36674704747357,29.715371421069772
549.1603670380995,268.8330924427151,62.03103791922628,29.878881152483547
545.5921024446098,269.34794171664106,62.45063862414981,29.937695263704548
541.1230076883837,269.97432212410735,62.85456738678526,30.16108841853668
536.9621759535873,270.49521300736296,62.99628967900984,30.5059271735708
533.3432876527226,271.0700148706143,63.447292122261686,30.835459675629686
528.4462653831073,271.4993588626082,63.7011774360282,31.148296573958454
525.1970521426674,272.2010353815146,63.9962738769301,31.430663383824726
520.4181695289566,272.7173884067409,64.35010824955431,31.814568289564093
515.5140888233278,273.8481266898841,64.74761177812141,32.13357587511797
511.0640836287774,274.8673082902157,65.30884367143369,32.23172161610516
506.1414287016318,274.73211063365704,65.64754265536348,32.54204970546499
501.45637460409483,275.49727868304933,66.50474286856488,32.70291410144656
496.4933473806369,275.91511535186436,67.01112434947726,32.92043218723268
492.95787027251407,276.99668026656286,67.49217711842687,32.98897011487
487.51565215483606,278.3885880119594,67.60904858022332,33.21519180783845
482.5074132222479,279.2968386543033,67.983654993068,33.459297479632546
478.1624873477157,279.8896314057124,68.5132398659118,33.59339099864978
473.66312951343593,279.8023085851167,68.5822928300035,33.73427704960285
469.0623178195514,280.05130506164267,68.65388272473055,34.25151558668608
463.8959340009063,281.3387284625705,68.95554055214531,34.56912817737808
458.731084566397,282.24785266831543,69.13188382271426,34.88109755649185
454.35912179344604,281.92732650667546,69.29077404451947,34.98161741002225
447.5174051133158,283.52164987148626,69.7668871914621,35.26459600846468
442.2603251112389,284.8416616453681,70.66794809741037,35.40774578337857
435.42227877249775,284.0889756033935,71.51447668034916,35.669832330561675
429.8700133885055,285.6099089545426,71.8379462758482,36.44246858274656
424.7076802774689,286.0123488234216,72.1757369638639,37.14696203300739
418.7812318758731,285.85204443094693,72.36649578182599,37.5812548835967
411.9570444722061,287.07211460312885,73.61019415178207,37.86803490552006
404.92949287705295,287.2090682391147,74.51177198961034,38.141090848422635
398.6307285787502,288.03446012158344,75.76799294614008,38.36132084405183
391.9024882087497,289.3969302157477,76.78382465354848,38.254534943061564
386.02225186124133,290.772403519891,77.4677840581599,38.47731007740503
380.971247016138,291.2255087426896,78.06806473683086,38.65165971996544
375.89946200286295,291.29676487622265,77.40159333576867,39.31505541760576
371.1429023372638,292.77515317040326,77.56711173007727,39.703938800481765
366.7981915341434,292.2372861913593,77.265741061843,39.83380855797756
358.55604715142056,292.93252653610256,78.25235774629499,40.107683146506226
350.4159335076771,293.8797861342449,79.39263046682645,40.33097253062015
345.16933188005515,292.98201577590913,79.3847579774414,40.20146835307322
339.0052009112262,292.4705829912943,79.72244889306553,40.07775501433627
332.329635130826,293.9835841277376,79.78704423713016,39.968339378946624
325.0211907030835,294.5696835780416,80.4225564446659,39.77329115697331
319.01023597070827,294.67207965219205,80.72021320861077,39.6282078051139
311.34250792371137,295.2168746106194,80.80244874443801,39.75965229587483
304.21994889415663,293.86485597648283,81.30593434199963,39.39211964456184
298.2918730358866,297.4561999793777,81.35314803211139,39.29033087735855
290.885877941628,295.9427316830883,81.62397763713263,39.316111139828635
283.6972920967063,292.5198684052277,81.48851791065526,39.39061748833541
277.50577351350734,296.71535773572214,81.41710828445056,39.4828446226347
271.99378056533743,295.29289158201766,81.4673669545331,39.64195444316622
267.85530436976387,298.76869674414377,80.89578094693755,39.83617856486735
265.54568022466356,300.3568219903946,80.21927098976263,39.86577986565487
255.93677690832868,296.9348405505063,79.91912184240311,40.00252600577702
249.06727766704756,293.3050396737138,80.13981454646193,40.660716416741124
246.6263033125054,295.09512616016406,79.511972835014,40.98748891083585
236.22367215893937,291.2239073633883,80.30074802056407,41.11100617815437
230.61497218878114,289.0305924454497,79.7826390421183,41.605103665398815
220.58496756662896,286.03204062821914,80.99614407499689,41.623369332941074
212.63260548051827,283.7489740333246,81.81902677840725,41.61370734908505
205.60171465938498,281.3876154185415,82.58609158565187,41.31040023706803
199.14389966532895,278.6303000385535,82.92266483395679,41.43659992480883
193.36653857387796,275.43159915062387,83.05874401911704,41.86049143531784
187.0534108416329,272.3809360916351,82.7613191781262,42.30108146931105
180.14750157045899,268.49199745036964,83.28802343214396,42.4411380311693
172.8763374621165,265.12101070670093,83.64392739345784,42.73040041316001
173.15847081684117,267.1408398905745,83.896703630824,42.92001059628564
165.4618034428143,263.0917029361429,85.32378986660964,42.640079205771436
158.36099714486548,258.4123283099173,86.60054150822266,42.76513724270755
147.35642404603246,245.52608499506852,86.24922933186524,44.35265873873809
143.1125532861521,240.4169125443383,86.7146520115991,45.53968211462481
138.13006323584193,235.05417681493316,87.81307880563985,46.41499488202886
131.2846724904553,224.49803574999913,87.63014680306597,47.353149433161555
127.00459608113536,219.0688289960949,87.85125028241139,48.20249635924394
120.9148158000539,212.55627900453052,88.26432658401525,48.80733972768763
115.00057035582245,202.01820252992326,89.23825566675306,49.71947595326937
110.91830219408642,195.9962631386789,89.51485921282031,50.09338231601929
106.74488985637565,183.63611978079877,89.88133291701993,51.30618841044168
105.65049271478533,175.30164739470567,90.94926388175728,52.054203273875416
99.95567675951578,162.73050617600182,91.6147937720327,53.453476144022396
97.82447059622399,150.0898341626131,91.16139341551082,54.981453700462936
94.07190994995699,136.41394284336965,90.80683834696082,56.90001452193318
91.88055343649471,124.48505332577383,90.54952671186757,58.891845833736184
90.47937872545494,111.11948963167228,90.12534200575803,60.47549130360433
89.40012050150054,96.7902269359945,89.12828699294296,62.43250531190323
88.8562444760359,81.38074160467886,88.04653773924578,64.5641018595443
91.28012257002996,68.16989765024442,86.22514349354891,66.62266873569831
90.86843434231831,52.333715164507495,84.62004981423709,69.0323174138372
91.89908211546226,36.21904885011699,83.13777154948147,70.95500560292095
92.86379455238996,21.393367897591155,81.87717152713898,72.40799562076559
94.1387547280594,8.543659215262075,81.38199971095636,72.85709255085344
97.2220369007057,-1.961733560425941,80.26866422079681,70.65201773540818
100.852237612847,-5.1421953208728155,81.1996108723809,66.4109181316071
111.56282694853884,-11.106172444875327,82.7715829120568,63.48951763565461
108.91699639658141,-8.979774225571557,82.77227273682738,63.4812094363354
105.97420428185514,-3.6411712368510116,82.7718835127582,63.48130677310329
102.08116375680282,-2.212261124237717,82.77125191637845,63.48113110582958
98.22373003898169,-4.458168805334907,82.77024372641037,63.48109180036039
94.84266488441118,-3.3324800058879767,82.7697812430404,63.48091869212815
90.65398418361715,-4.100235839533667,82.76898312161819,63.48040388160581
86.13684316354767,-5.885240246151525,82.76826245332211,63.479601661592625
79.66795053419648,-7.281067734176247,82.76777714317684,63.479052734443826
73.32208516191506,-7.945379324822614,82.76741880692914,63.478591757792834
70.90548458467636,-7.121252545064337,82.76716344514065,63.47835584315848
68.77419647554369,-4.7535196176271945,82.7670681927639,63.47830210910329
67.59677438677161,-5.898512573151443,82.76701201020063,63.4782658853709
67.36436635277249,-6.335372383163119,82.76696728127047,63.478250554374966
68.64085433760516,-2.551004880840228,82.76689591747062,63.47822683055194
72.12669718289987,-0.9640448269105235,82.76658759962287,63.47805283170132
72.69974449254974,0.20353081891976288,82.7662533973077,63.47807467007615
70.2959725370431,4.114928498794686,82.76561411511422,63.478106172661505
63.71715365079318,4.519092433971963,82.7635696137493,63.476529434318365
62.20433462495864,5.957938940426278,82.76249620149015,63.47187924329389
64.19996428366062,7.677593700221326,82.75932453819995,63.470711784937315
67.95862092172729,6.880796879549319,82.75907964814452,63.47066652933919
70.15561206987485,3.0090579070441947,82.75903732377323,63.47065950044197
69.5712071580385,2.403961795282548,82.75899767921472,63.4706576130949
66.41108901713174,0.5462755320607684,82.75885851852334,63.470640887829475
59.322406609608336,-0.316821911131143,82.75865012952963,63.470629352361186
50.56878080245873,-1.4366549951744432,82.75852221196848,63.47044309201151
53.73227965443719,-3.029510241198256,82.75911688090585,63.46966805511321
59.84748594570068,-6.46087778833903,82.7589308151025,63.46929069974876
63.99878481451705,-5.179928395186554,82.75873557380766,63.46928728392721
62.921515998108255,-1.0307200041161408,82.7585502776244,63.4693390915691
59.328085044584036,5.724720111270546,82.75394299216795,63.47359557954572
61.85221757862512,6.367023053489099,82.75865739338509,63.466713841951574
70.29675143439755,1.0456328467850824,82.7625721647504,63.46355252104564
75.79121709413135,-2.447910173798089,82.76370928095174,63.46241167164802
76.7990281789508,-1.0687722419971593,82.76368707736204,63.46243587404042
79.91842551647878,-0.9374769843962127,82.76393182338764,63.46250869344661
86.38930559893589,-3.4712328463363598,82.76408621688402,63.462583722228025
93.4658314044144,-2.6987633442732815,82.76403734487965,63.462662794998536
94.78325680236573,-2.5257553914925666,82.76367942312251,63.462907794702915
88.24407480264557,-1.8134967922845036,82.76317646394467,63.463185985462204
86.23899322419385,-3.83565628207597,82.7621949827866,63.46374085066525
90.73753251553208,1.0203513849173298,82.76123399196804,63.46446832215961
97.84685255040864,3.421525220182126,82.75734993417778,63.46786911430702
101.79533832657195,1.5823347350053787,82.75592910969542,63.46867640378283
