542.5,114.5,13,16
541.4427170902212,113.0718389937338,12.678285688217603,15.720993719685705
541.2618954611673,113.5401858057297,12.513061377832337,15.431177861349415
541.4753040686304,113.56006099805715,12.326319661725616,15.336510927220523
541.2209317089674,114.15560985179027,12.247435897279319,15.231784403149678
541.770892736064,114.03231921122638,12.159677482154944,15.253401318914346
541.79933404311,114.63217831425051,12.14592728124141,15.246796082264584
541.8716227864206,114.41794565141052,12.118250737839837,15.225947797152411
541.804172070584,114.34591576367599,12.099174760508035,15.191065786332247
541.6681572531675,115.45061066918467,12.064759333180541,15.292060725681104
541.4306724420882,114.74502939093244,12.094134614776227,15.30703800329304
541.0376446262559,115.1168278147304,12.087051146366145,15.323643086696876
540.7631977687978,115.70452244814312,12.043772357810798,15.387101433206091
541.2302182162039,115.37829005056103,11.977326539559666,15.683562467078767
541.2429029146625,115.72823875756053,11.945232431134794,15.725735131929557
541.2908240644572,115.14876495265801,11.836886460085644,15.820287671658617
541.180794971144,115.88426476835454,11.89178147244044,15.795956903562056
540.9926241308362,115.6011870797141,11.93968400677571,15.887536463257945
540.7683879377446,115.4653110731916,12.041215786126534,16.06635978360448
540.9566893183696,116.21213214258273,12.14106892196919,16.08274243081769
540.079488522143,115.9004276396434,12.138918533450099,16.09209002150089
540.1226887290411,116.89791968252271,12.22772549613414,16.091773823429953
540.1726266829962,116.94107790555302,12.30174022359498,15.95742460184806
540.2202642470058,117.10169715219781,12.368799135383153,15.940923289029882
540.3399033812715,116.4131575161456,12.386434051971449,15.88156948427579
540.4534210615063,116.71712558975504,12.391942130174884,15.934801614320541
540.4392464069437,117.21559693960079,12.447913718079871,16.02655694414719
540.0311258263424,117.48930145610605,12.472539333532787,15.969831287925768
540.4873925039349,117.6616747102337,12.388771549465247,16.07171650927328
539.9763205939639,117.10786970147367,12.374567026511599,15.966129653128467
539.8080175581435,117.10214976699652,12.428398828571407,16.06126717638967
539.9684960226764,117.83094403345432,12.436159459081974,16.06588393426844
540.0912609551193,117.75116166988312,12.486141912807268,16.11043141868117
540.1776485324225,117.90767494759234,12.593377458426662,16.07132623376902
540.2710870714191,118.10254343184354,12.556460644997106,16.110472788015556
539.4538520166336,118.63179878193664,12.612337619687906,15.96963060923363
539.4962612370424,118.21018695215766,12.590645750346706,15.784847715141698
539.8553468713463,118.30049629133698,12.66181599108111,15.817174915288742
539.8376970188092,119.19085047060156,12.678285571866489,15.82226939794613
539.7357526149179,119.10137613362609,12.702378712119875,15.893417342324287
539.6307526305919,119.3050663904448,12.711520415610401,15.935444972445662
539.3945166055362,119.9087114985839,12.75973542569827,15.993087388613738
539.1226003164185,119.69143136878262,12.805584280054735,15.927239654422813
538.7084170132695,119.57628793313764,12.840757248028062,15.803380015350132
539.1837825805928,120.50502643349336,12.811678609242346,15.896040749051846
538.6021238789164,120.70089635224254,12.93730286970445,15.863277096875297
539.0038244101222,120.0452993239207,12.832424196227812,15.878082765838919
539.2728904516295,120.63748318940983,12.829512318997054,15.772600113290808
538.6007732080693,120.21971363446383,12.78827379319318,15.680551833236862
538.8284531138975,120.95870104202734,12.78446136579899,15.668112778035656
538.9448135294818,120.77036982074394,12.782433457699277,15.719668480604605
539.1287240741897,120.58351726483684,12.759619460044114,15.830332155746603
538.4188749165235,121.65479338646537,12.791103664048526,15.971100101011878
538.4033279628892,120.94078025398962,12.801391014749539,15.942414239231498
538.3386519992125,121.50177559150005,12.810592942245822,15.863670191064598
538.3081061227255,122.1885957285364,12.835060889458727,15.82939861797303
538.2158145512387,121.84655791302443,12.845367784811422,15.910691403499841
538.0963469289677,121.81578863200384,12.933193825657375,15.946976312014685
538.4736067232942,122.51102116106614,12.928794042340382,16.021886915740083
538.7043427359737,122.23875366613667,12.927742655304257,15.9983016048292
537.950608214157,122.233947445842,13.06506017916227,15.77080733474616
538.5500680770785,122.74130015042816,13.089968173007604,15.903528292379878
537.8296055447681,123.03481600758263,13.022058398761242,15.870420602176008
538.026450518897,123.49971451483104,13.011800809006669,16.06551248462133
538.1217292711452,122.93838626886333,13.028540182609813,16.16187701011846
538.1767451482633,122.51048837973981,13.070066335835737,16.372801434262406
537.6775673260981,122.97581486617617,13.191908260607306,16.321761920499963
538.0607626711178,123.56297769352305,13.101015519691433,16.377256755689622
537.3990052119874,123.04216110554023,13.098768523699,16.461989990687712
537.6467283385861,123.93214250950125,13.079818519938918,16.539671621509264
537.8846170160389,123.67076740154519,12.990855461278874,16.68644354638667
538.0904184243666,123.60796290680322,12.950896724308613,16.824312423402016
537.3013936331362,123.73368430605363,13.055943634574064,16.8182257227186
537.7873703732483,123.22745766737356,13.041240093791512,16.833339811026185
537.3373148088866,124.18388650581815,13.092130946636074,16.717359756741367
537.3961295666556,123.77358228633689,13.112442910780942,16.718521989611048
537.9514318836398,124.0973530945031,13.012745926806385,16.779476407423978
537.9134447658193,125.01088910101801,13.080447128090771,16.789937033897633
537.2982962874333,124.5443731708309,13.144463934449272,16.831132072238937
537.7037135753372,125.1362849398597,13.077736068598702,16.873961514032104
536.9652322379873,124.70048671362983,13.206599869206494,16.86950385834899
537.1970786799506,124.46555822321939,13.098711339232363,16.89536971453989
537.6065394845269,125.54448819826777,12.926282211311296,16.91984371067116
536.9162538706262,124.65263605003243,13.050812508364654,16.7921338607185
537.3452133388666,124.77610217390601,12.949257500201796,16.668402804396674
537.1086383950012,125.63012766153932,12.977555661639183,16.529215459424854
536.8507212780893,125.30379708462308,13.033441981577798,16.468467845080287
537.5207016952647,125.00992802208448,13.00060290091957,16.511121016849387
537.3052065576666,125.87936755954452,12.967847969521394,16.634297362804865
537.0877715256331,125.92916151160452,12.96681597451008,16.94883743438713
537.4616951132065,125.60776459004177,12.94315521980422,16.987902267884337
537.989891271069,125.25729313119463,12.79087095156429,17.05873980933503
537.3322315329716,126.14766658621603,12.711745962121991,16.982273275726563
537.0109479037282,125.65447377073735,12.923843022216072,16.867412668929106
538.0081483926033,126.27502195418317,12.995363351075977,16.88519655964397
537.5285177445642,126.75324657681301,13.077112728609432,16.69761176722318
537.5206364259307,126.62021435627494,13.087600915469883,16.753473052424102
537.1019764423364,126.59471244659301,12.993772413210205,16.8613967706258
537.5788409141014,126.16103082077899,12.965803977263842,16.782402593226276
537.5429192837632,125.83662656333493,13.01823033758862,16.977145457412874
536.9273279084525,126.38247329983858,13.243441179640726,16.982529592514084
536.9270326167538,127.3659157435959,13.564530140122937,16.827613866033058
536.6726511687679,127.2049961154252,13.832286602131106,16.622919101473745
536.4404791546916,126.98944736327675,13.942773619680544,16.506036833679723
536.9847426131898,127.73239924828019,13.998625364793591,16.37532810914405
536.6029855615794,127.44803267574144,13.982032446682425,16.43538603659307
536.1621052553049,127.21095481939841,13.931219740749984,16.474613123457054
536.580411580487,128.30138598967037,13.957275902660982,16.62931658834834
535.9605210958076,127.51651331392387,13.925965530047195,16.761857698088715
536.3504094481361,127.63588970113919,13.777838736793832,16.79303495853393
536.7239297940909,127.85900723590461,13.687174704754689,16.769432523642834
536.2476300649388,128.2897782352357,13.661279042056504,16.642034258958933
536.7092702735358,127.77103131060873,13.457995613635834,16.56627856788388
536.7397454921808,127.58453098831953,13.407118269111994,16.467553688990446
536.7366059551141,128.4487235836862,13.3939146691682,16.400680396297886
537.2671256295279,127.90567958901177,13.315247604276202,16.500092050311963
537.4839259907023,127.98635238996047,13.206191311706231,16.278422472434276
537.1838078852379,128.73126742129887,13.345240845417644,16.286503863004583
536.9857062165297,128.6030228877136,13.426913571795929,16.15147380089881
536.6325094918268,128.70221987902687,13.483380299151936,16.108270330810228
537.1996601700561,128.72635505142208,13.494195748723792,15.984044863310539
537.0543467674464,128.90634994853053,13.519352645228768,15.768452551369581
537.2843794751967,129.5645686247688,13.569366851996895,15.702476419634312
536.7910366055944,129.44743562051133,13.657680119868843,15.624834272469549
537.216493778055,129.47840124948388,13.670329610568723,15.633027558727758
536.8111418169825,129.52473979665058,13.680103628729512,15.656693977525467
536.891656381644,130.12027902403497,13.685500457682343,15.685421001806409
536.8934960381642,129.84430342922303,13.654841487751721,15.658144743920495
536.8808127814467,129.88809814256027,13.682481376588122,15.622047911428538
537.3811429912187,130.37383533061632,13.682703344205592,15.917552395217864
537.4159517959088,130.62202115976575,13.708724062125782,16.032018971343593
537.4428586386591,130.08532730669035,13.746129317538724,16.049561059246418
537.1021713884279,130.65000327941908,13.80830168100778,16.149618570041998
536.8784738251024,131.26988341740508,13.739399646079505,16.39834124618789
537.4923555299695,130.75073383777396,13.735209086572834,16.49252423027543
537.1726411588595,131.54229647834143,13.782824204887676,16.7243880391063
537.3144600886301,131.05745240805263,13.727287628658264,16.748256920994056
537.6387108352087,131.80083497986192,13.661560953444631,16.630137087777356
537.9783325044729,131.70668284855154,13.624737608793705,16.49354942554003
537.6768686710906,132.37282190671186,13.776684493049572,16.370054339729357
537.582890441318,132.01595667882532,13.830889560230274,16.39442739556192
537.5134407851594,131.82225674947466,13.853443817145948,16.452878965107306
537.9666741341883,132.21243356361683,13.805813948750433,16.31440686233945
538.0487632890234,132.4306797438218,13.785426524886265,16.366717829013133
538.0637842473208,132.69798180646725,13.806564248286833,16.319495460027905
538.1268628408371,133.17119730745517,13.787828727637907,16.390330493132033
537.2377591069791,132.89444078583793,13.873918146685986,16.39633595227149
537.7684051036158,133.07702894400288,13.787443369808832,16.42901354686461
537.801898058709,133.11821189269872,13.83427964412578,16.285768873459055
538.0247552388508,133.34662579581982,13.773323070831179,16.28675286984253
538.3060858420918,133.8499856816477,13.78806540972884,16.244698451484936
537.7177457341369,134.4287049528551,13.797988638066865,16.263713976300355
538.1634929065618,134.09160064624922,13.799071106914987,16.330142490597026
537.7166670343347,133.97779570767804,13.829472178551821,16.207581397776323
538.3396796696642,133.9398617712526,13.759204673662964,16.36316216816637
538.0070100534989,134.27064178396716,13.803865063925693,16.40546552507669
538.6642151183977,134.96268454865177,13.887623974808172,16.594933915499652
537.8221846467085,135.29034530947897,13.967213473102918,16.524452035893137
537.9224321090155,134.63329797640498,13.931337740969813,16.6702246157069
538.159242583026,135.13045323381476,13.887932986148154,16.76922123837663
538.3607929070545,134.9376930491202,13.843549958463818,16.73831930027443
538.6159971561632,135.95337961411747,13.790356828994199,16.84602669472454
537.8990204762441,136.17549695926786,13.770217328610496,16.802351727800943
538.2209304039558,135.5968502119809,13.68764941153025,16.723893235871305
538.5251068839026,136.0363795291555,13.685131531783318,16.543930089116632
538.4574092977198,135.98005634568827,13.70846958454101,16.535892644446143
538.413517168892,136.14850609154698,13.7279886052824,16.553275084844323
538.9521500540787,136.86360094654475,13.678350541436634,16.64705764772171
538.5444761045458,136.74172326826786,13.602033995102474,16.514706771870724
538.5775580109674,137.26472772262943,13.650435897452853,16.57872767977513
538.6344570580866,136.91037197736057,13.673557063239542,16.670414808225612
539.088682357587,137.10335785848636,13.571563268514266,16.637929434895714
539.0559632371343,137.0193317633537,13.595265413276003,16.787770876950496
538.672899692488,137.74525661693175,13.580287461064373,16.802833677805292
539.0907886616511,137.3060185020787,13.478898708643761,16.994937508181227
538.5196369565965,137.3435377866214,13.546158559678577,16.944826059751612
538.8875951736421,137.32921413038576,13.511446425514105,16.959599582763392
538.3672292745845,137.71063794546765,13.505419214268208,16.77720189137376
538.869480844537,138.19797483054379,13.435582231132031,16.824197985875998
538.8172723674276,138.17378141475055,13.473417794552635,17.08111165230806
538.3173591928507,138.34217344851058,13.473528815489676,16.956663514062534
538.6823260008405,138.442434195886,13.41394342653447,16.93654617575817
538.8267072438017,138.68723987879858,13.489171694500946,16.988464882622033
538.1954424052797,139.10284709932367,13.542096750611543,16.931855775376963
538.4293332596868,138.64030913297333,13.544938624398718,16.941333971242145
538.6154042527348,139.51325650769815,13.603412182621845,16.993179800443926
538.8157983669969,139.57947848914225,13.624755909721554,17.005489204264514
537.9164750674568,139.76934360549825,13.744699677533356,16.882162834982513
537.9503212204726,140.07249612712033,13.758040377812186,17.040005967454768
538.5765049183047,139.97601576519742,13.74550323765635,17.083100378558328
538.2297353625066,140.27803844811757,13.733170290384045,17.242342139736017
537.7833764560002,140.75049657148764,13.824360782058381,17.326850917982146
538.1123429968619,140.19659122074157,13.83249661188739,17.31345223646344
537.6356150735794,141.07246983264352,13.890813896726648,17.17672768554163
538.0199009880032,140.95520653205133,13.86333922011222,17.041299283464426
538.3660282142732,141.05616432627204,13.852518385640913,16.844615062912798
538.3559324507779,141.9048995382883,13.854893141809786,16.891318165644165
537.814154559002,141.2979817225737,13.845325131759662,16.81150185863499
537.752345798488,141.33157531242813,13.794684361066189,16.721084286440284
537.5675443405004,141.39362472355944,13.72229165631393,16.81718650945239
538.2180891892408,141.58141952212628,13.690946593461376,16.874736653739447
537.8809485062931,142.14879677678147,13.729292772017029,16.855747000767558
537.3937987837977,141.6908469264691,13.76753333810916,16.959712111052625
537.9101220214002,142.59460903762704,13.83339951244032,17.054013078327237
537.787859249087,142.1704616943547,13.876580656422533,17.10209079204396
537.6025064310614,142.9573417091283,13.994340928951843,17.257190306297147
537.1114139548382,142.3271483086498,13.860565879452977,17.28919440061194
536.9489784704632,143.1983456279554,14.017810377875637,17.32176266406985
537.2842807214554,142.64179075633598,13.933660565394003,17.374320167890687
537.5703675929514,143.32642951992554,13.958346396719822,17.25735387041737
536.9579099774231,143.16343012154005,13.955249185187522,17.060171347951627
537.7310849998163,143.5729097581823,14.058002424283282,16.992641692072052
537.4968502623223,143.075508078705,14.037377224684269,16.96400290186434
537.1472656566979,143.7860941367553,14.098543444256533,16.84036191369341
536.8187145233144,143.51111472033247,14.07375075300441,16.794462351439464
537.3520306742283,144.35068977321572,14.0922399635894,16.74878099281194
537.0943571463524,144.1709358928975,14.074297408001685,16.79441716116513
536.8341407043748,144.113606111683,14.06198624193091,16.820880654591978
537.4290238505567,144.0289420605163,14.003008633458515,16.868903417886976
537.0747429484734,144.22775329874378,14.065845485404168,16.760739424889604
536.748627114652,144.5711698456078,14.072501391252104,16.74319210539251
537.3722859653059,144.87734000097615,14.046686232439997,16.65890483992865
537.474992573266,144.7665481053987,14.060363701768086,16.737563309027728
537.1929891400241,144.39954122283913,14.045962028956577,16.703475024319314
536.8009364719616,145.22062670208015,14.124104230316068,16.649385783328395
537.4586310627006,145.37723668277994,14.103065315294613,16.63518924154741
537.1423006312064,145.7474932767248,14.145248473281407,16.56974383605975
537.3562008330337,145.8659132961655,14.145740999752881,16.483962754159062
537.5466891848894,146.16003773007415,14.145518737064384,16.521251281819055
536.874113919126,146.58188057179245,14.137028593046434,16.655440175427856
537.5198628350879,146.69246076330117,14.07935882890212,16.78722059021625
537.2300996654644,146.0367927557946,14.13447855622951,16.94956239784718
536.8657484740944,146.80742324118904,14.224684599648452,17.022664382151664
537.0384072555199,147.2804268195393,14.136549545504494,16.94583367284267
536.6634951157155,147.2433978322784,14.154557414095093,17.09052813586177
536.8937848500173,146.80653765443793,14.028511934921045,17.146853698509076
537.5672056174611,146.9651693983963,14.015279981026833,17.389727363264118
536.7785666009438,147.01099956487462,14.037991988327615,17.34751278236192
536.8844819915225,147.13072552445735,14.035610006661141,17.340467941343448
537.0124584720726,147.58593107147732,14.034754971223995,17.226652301519508
537.1424696674557,148.2016202687293,14.045054843698647,17.312799532244394
537.2778808439372,147.96866940024952,14.030961378293668,17.387180202776708
537.520820348731,148.00675450093223,14.05047617182555,17.381124353220365
536.7489734508774,148.4393326107029,14.134787075877833,17.278681744804967
536.99141504369,148.93990709095908,14.081538316369413,17.33359452898251
537.3046419034733,148.47006421228394,14.033682023217327,17.3998819823472
537.6859616037003,149.33304090283437,14.05140832825353,17.479171974163553
536.990348634109,149.4134243768391,14.082151813136385,17.506816381172705
537.2390533171271,149.6499832121595,14.140710672102394,17.522668990225522
537.494537139905,150.12515354914368,14.144205735973319,17.698562490031883
537.2484573795292,150.2953830395681,14.18916951817087,17.62693425559532
537.0184739831476,149.55210587651172,14.152372127889706,17.687622216275322
536.7439019269768,149.90033409584865,14.190074711434114,17.746263584055136
537.5007325050103,150.36772544774811,14.176038522942228,17.842684150214744
537.1737988290425,150.28109760744402,14.216020949035585,17.778125389499635
536.929736444133,150.41080981628753,14.233930785697563,17.760913908094757
536.7602977500247,150.64850041189382,14.256277439613562,17.716203067672225
537.5516725210233,151.13249352875397,14.258184255381487,17.52216913926884
537.3012397673202,151.9267806795943,14.333138723673752,17.305291190546864
537.5886177556107,151.27922384922934,14.238982716718366,17.354809872944266
536.9080912147584,151.8844383365301,14.235216748587572,17.2383808802229
537.2158062727509,151.65928199379664,14.140257311408904,17.247475249134794
537.4011072646988,152.54875683266422,14.175191204264223,17.15888456779094
537.5316653498438,152.74222194833993,14.14951949031308,17.17385769752162
536.8321307444088,153.06825339568417,14.169554897243255,17.120314724135923
537.078461628173,152.47621975167343,14.080448671945259,17.288919375209773
537.2653933751466,153.1605144017393,14.083478757958062,17.43419220810413
537.3882653367561,153.08638943374996,14.07178074259392,17.61217174321596
536.981978164397,153.82474584085088,14.174931843312846,17.595460636091182
536.707129485152,153.77368205482063,14.212899722966867,17.671247106997
537.670725795932,153.75529541224512,14.094021782460018,17.980447593419072
537.4668488810956,154.2867779467374,14.184567441241727,18.109118729154044
536.7525234407236,154.4432269094004,14.152465357966076,18.00414059516887
537.6051694496612,154.32478818192612,14.156915886172477,18.055817612214007
537.0184922109327,155.03295580273934,14.168148829282053,18.002619258137916
537.4148804396318,154.97397485370902,14.143514893265003,17.863502955619886
537.2500394618424,155.6913674045106,14.265783428762767,17.868260028356026
537.0797254045417,155.5422559825172,14.355520513529337,17.9120208984373
537.3541067498984,156.23424490957004,14.402839079682561,17.831448925259615
536.805523476441,156.07666809449532,14.34403469554433,17.75804366101321
537.7865532465698,156.4433922295849,14.271790605001112,17.87879521755144
537.5707832446957,156.1475737068187,14.305141511106513,17.88037930078071
536.8690279144083,156.64389857484773,14.347701224873358,17.825432160910204
537.1561067979244,156.1701778601277,14.261551718568175,17.754522750735443
536.8686408843726,156.46954875018753,14.292458839784924,17.778046488327362
536.5133836402478,157.00255557874348,14.353232036034806,17.8260144357916
536.7511823674948,157.25100104341539,14.309640881036218,17.71252922167489
537.502772038202,157.23609171946936,14.318699565287279,17.753791156701134
537.1933385968372,157.64535971115396,14.445082951351056,17.53770774949234
536.8439935335998,158.36418451721912,14.647657572130337,17.506816564981975
537.1683463837084,158.4602056521681,14.593692441504707,17.420927194647337
537.0340351267515,158.1745551954128,14.528685436671118,17.599181222429085
536.8945567104892,159.17127143168966,14.60594837671686,17.581544138097122
537.3159852986664,158.88053324245465,14.499432796012123,17.415139282874954
537.367453387748,159.2049894509216,14.492145785744311,17.29382113426303
537.3453850312965,159.68259583481168,14.516642246653195,17.140898984902535
536.9119453734049,159.7019222937036,14.586620515206612,17.178889027428657
537.0737440630577,159.18051482935456,14.46274807834672,17.31771690607031
537.2187550380847,159.98967504803284,14.485114935827728,17.18595776708411
537.3775304711237,159.87208932701716,14.428653782131175,17.154073101594427
536.9492219575483,160.3428285569385,14.48279648934723,17.073168469972067
537.5186454419783,159.6260860775966,14.29398533095796,17.144012332540814
537.1988783049386,160.341446693796,14.319367948409564,17.08132367479564
537.9711598850912,160.06940156670282,14.347137170306592,17.086251948829815
537.7008296920824,159.97812522961647,14.446885488434045,17.02156473528817
537.4531052537695,160.93255362021543,14.633331339766396,16.951500039737837
537.271563888843,161.15269642142718,14.693996910538818,16.938469710179618
537.0492080641768,160.44503904735924,14.746343372464707,16.93911780563603
537.2128405740788,161.44324201631179,14.789690616340236,17.14285830442224
537.4368315091207,160.67331719137053,14.759343799652775,17.335409570592
537.6446813482145,161.08891424292023,14.83060322123466,17.350655782739153
537.4717591861499,161.22380726617348,14.761396800353296,17.33151832417479
537.6441892107057,161.81530968134703,14.818172934503824,17.64562314539327
537.4485963889921,161.1723880225361,14.838696007931313,17.76392555515529
537.0664934638799,161.91176712977972,14.916122597520374,17.86200166169013
537.2121840419113,162.31959953138815,14.863597384541192,17.873772709570353
537.4190238201124,161.73678886056297,14.824074392612971,18.054605871823142
537.5674642632608,162.4574889238367,14.87401201303403,18.122882201727084
536.7883125271412,162.3100725227131,14.877461807523558,18.09008135486347
537.0335742926757,162.40257395143055,14.904489638969228,17.994609069723786
537.4379093011584,162.6576612508638,14.841453760588003,17.96765022012103
537.7641634807392,163.20444707367048,14.878285217996659,18.084053340285248
537.0738959412173,162.91897370769004,14.978840948857542,18.040744524722623
537.3957851887615,163.85679086228953,14.98796553375596,18.317571505883187
537.2837049876459,163.41108053004865,14.93617490811673,18.384623633892605
537.1624950044396,163.26879779573136,14.905376302389563,18.382588035937832
537.0799631527415,164.4837431450484,14.89602706981375,18.473692954216556
537.0496462113236,163.58617100233303,14.911384936652388,18.515639688873705
537.0942688680707,164.09731207737676,14.86242757230319,18.66391479929958
537.0512402117699,164.67926302746415,14.866616310881515,18.735654378616996
537.5321077760409,163.89408661727802,14.773263219025473,18.841086439788153
537.9026690701153,164.24449990883008,14.780151504671277,18.720904464228013
538.0130271108911,164.1879449843097,14.842441316350024,18.77307457287921
537.6534293439267,164.937808781175,14.873922750394843,18.66818090153474
537.853480477961,165.24633532331092,14.850937043262046,18.674742962946212
538.0812588727462,164.82977605289835,14.82792528976935,18.700124868563208
538.4547381010958,165.6966747136621,14.88489961905788,18.65610408683823
537.8706936484114,165.87573211740215,14.94992732523856,18.545505538909197
538.2632857762952,166.10890378307505,14.925283972085369,18.564007100780497
537.6754324833724,166.7132095246101,14.966297412179182,18.46273559592843
538.1431305585447,166.37696054296077,14.849648603467376,18.432776727295035
537.5649026585788,166.34109912788637,14.84627705182913,18.38066909743189
537.9773409145797,166.38811259503456,14.815555958700086,18.49918633613776
538.4927757202983,166.9266552938707,14.842663546817455,18.558717168476424
538.0156739656478,167.75261148560625,14.962398452984276,18.573861703149607
538.6544537431528,167.7032208850422,14.98905599811766,18.67877969838654
537.7623547944273,167.27353535936282,14.974621750640544,18.71554394775866
538.0358672218296,168.18121044247934,14.941838531635494,18.887793988854416
538.3680620284215,168.46893730418395,14.87317880593725,18.975073999099187
538.6618575208216,169.08664073419445,14.935638640057066,19.10467525484666
538.6044762076883,168.61125838367317,14.944203395055833,19.11506170719766
538.7688002043418,169.45975828569772,14.942419942325754,19.061673095851788
538.2552997814701,170.26953258241835,15.119183060904216,19.113244311561232
538.4818594544239,169.61719516098816,15.063268292919346,19.1213337137859
538.7256164458242,170.3034627730424,15.086263920294645,19.220618486511214
539.0176012757889,170.30369413836246,15.118053513867174,19.110438796573483
538.3678109102034,170.58558579078692,15.220068331837762,18.965204403534457
538.8477746924542,171.01390428158868,15.203156759977578,19.002356057661707
539.2950928587695,170.5546137894431,15.148206821084829,18.994805257036937
538.7631702107473,171.62460369226005,15.262016306658733,18.924612476854715
539.313601323819,171.9425588953877,15.313804556017413,18.990338802224024
538.8632909674104,172.58183681540248,15.42995816773741,18.967340260854698
538.5089479310336,172.6128996381791,15.580520115487145,19.009272046522483
538.7861448785771,172.25850265798388,15.543213322336495,19.059758812203164
539.0263992596532,173.2785454121248,15.582195755862973,19.045103029568264
539.4199680481559,173.5804401751117,15.56798617835429,18.910767374844603
539.3617907835011,173.8308293554866,15.735627263490471,18.875423297112956
538.9902272566663,173.87509495087048,15.731285786028042,18.752549612483303
539.8124518156784,174.10332397663234,15.696266504277238,18.706039492726063
539.3145322754986,175.14368272548572,15.868071549431097,18.465503107308752
539.9292764558653,175.29856588201017,15.813606386825205,18.440289249208277
539.6558729764378,174.92847617810875,15.761888536796665,18.516664483541536
539.4253047492986,176.07999105001593,15.878593352357527,18.53073907932678
540.3157256364719,176.31953503942987,15.78398557535572,18.781672994477034
539.851516898188,176.43382228592407,15.824352793763916,18.76276117734622
540.5560658169453,176.93593203563316,15.852565651897576,18.806759928202677
540.1678794436793,176.87663536009734,15.922157309123524,18.953846212413502
539.7748197868353,177.06730451293024,15.950918965855916,19.104535866571332
540.1251580092041,177.1084937141998,15.792928029846339,19.411680314545684
540.4686158053064,177.35528204614937,15.840797517597931,19.410182640390715
540.8357399780872,177.87113794090013,15.845424620739932,19.439609242383963
540.2049382288765,177.84060674595926,15.911184303357896,19.40324801919423
541.049170347024,178.1244972910349,15.770010511437079,19.681734212005743
541.076202532699,179.38195384582437,15.913865940964662,19.50727878026799
541.0241504488987,179.45135325534505,15.88924714284783,19.79131674177475
541.468960391182,179.27295194821983,15.986637320021945,19.777653153527716
541.0874099650161,179.6272032037494,16.046694413484715,19.629704312398076
540.7741885419958,179.9129852414244,16.079325151485307,19.665026683524047
541.5071654353109,180.43818286961485,16.160245291971723,19.584285569999736
541.4505687586884,180.5362021171178,16.16663951209477,19.466672504755273
541.8802399486103,180.6738196242788,16.007941386935343,19.335526220649303
541.8314680972346,181.6666265027275,15.970250033405533,19.4374044528876
541.8692584459366,182.24617828017367,16.002894361238354,19.330819384971885
542.0211689896546,181.90671038942676,15.921071533227394,19.403274091178865
542.1840143982284,181.84888820584987,15.86137887095833,19.56177887689075
542.49123049956,182.14736142918682,15.79641011920403,19.599863772723285
542.8022661025582,182.88611966423608,15.778602814918127,19.61820537585931
542.2882049699658,182.93939978288333,15.828407998174491,19.773929655853035
542.4734111349683,183.92172275974096,15.872159138437754,19.566839902165224
542.9027930081394,184.20162203136707,15.828149997388948,19.42855753895144
542.7711071507673,184.3885854090163,15.905617358275911,19.61893233404136
543.1115040601841,184.52126066041322,15.95097178716136,19.35578547550078
542.8448503264794,185.33678453568444,16.124860862389127,19.319845518766307
543.0445222175131,186.14994110837245,16.12384916950764,19.25391664691935
543.0465696720817,185.7207561583438,16.150888370314537,19.382240393908134
542.6686579735178,186.23141864675387,16.260580788381002,19.253898794067823
543.0994192350971,186.94825624911658,16.356726152433424,19.102146764200473
542.8031289231415,187.09815823632016,16.38480292779201,19.14155732336074
543.553076186055,187.4808628761101,16.42258962392689,19.180800377040434
543.535438992691,187.27309500971282,16.376838879608187,19.245707197386146
543.6495231025018,188.40553551205343,16.38299529406158,19.223275953141936
544.0043758312179,187.80979716998974,16.214090229257238,19.263736282708482
543.3729357527819,188.70692557427532,16.19097764454422,19.123516353676784
544.6386780887635,189.5515880460187,15.99477458306993,19.346260015612955
543.8782083075166,189.74512126911316,15.950298882387848,19.32664419412847
543.9688683394935,190.28093047216723,16.018139719146042,19.155867381762672
544.364938450595,189.98682169538844,15.893252097136202,19.165699164999342
544.8241648949312,190.31835826854353,15.912572316946115,19.098867731259336
544.0221007043034,191.25939906553572,16.190274549786995,18.934916248969344
544.8505937288854,191.5199618501261,15.996311447934477,19.249951697206455
544.5989254802413,192.35205186853415,16.115007966813906,19.392422775807866
545.0799941908722,191.7146666029816,15.9326824642876,19.618204964627836
544.4521376837583,192.7513966043822,16.09101460197428,19.661703818409237
544.8695375138487,193.0170851290656,16.209733034425554,19.88681378095194
544.9221781853327,193.10358120682494,16.303633963415116,19.921853816232936
545.0289240223436,193.75944842565187,16.39949289917255,19.893545544159828
545.2995590948706,193.83800129060114,16.424010903952336,20.218152513197776
545.083827286459,195.0114870124383,16.654588897082125,20.15890556445757
545.1270596589951,194.28852611606376,16.664968981628817,20.41250414935136
545.8254983273126,195.5337810005715,16.706812824955826,20.394996575694154
545.8841533629986,195.0103025799292,16.663094224302228,20.271532174264838
545.968269636252,195.90908466999122,16.719119430094892,20.163359011100972
546.3590169303261,196.07209171249718,16.581702977437168,20.120169710606312
546.4691963758704,196.34867904337827,16.513822796165524,20.083773935162363
546.7724985388604,196.89629509828876,16.456605865567386,20.09317432217517
545.9764294156956,197.79603655653085,16.564052849651716,19.94827605191594
546.4484265573699,198.01081846696803,16.432504266471835,20.023525902153665
547.0031979635237,197.2974262085688,16.41696751571807,20.04110808168713
546.73858750088,198.35407835397947,16.47905217715814,20.164609706698307
547.561199044331,198.7430150556001,16.505649969238704,20.391649395116577
546.9825244626431,199.07222798612838,16.5559687409213,20.43730870528271
547.6440731723013,199.42510019428784,16.531738070414697,20.432652598251828
547.592691886583,199.50941214431492,16.55291311117889,20.456025764337813
547.3387341663087,199.90029281817314,16.6603484601557,20.417935058997344
547.1910919873734,200.67433662585765,16.72589282421563,20.44739940457342
547.3080145021895,200.76435494454222,16.82743299794503,20.471707233532946
547.509335638782,201.19403486572966,16.861329540258314,20.573479261904655
548.4257485431682,201.2146370948313,16.749287441965734,20.70860985535714
548.3003032762936,201.8382149834797,16.857911284983828,20.68313483844395
548.3810074781611,201.70735397693358,16.95148982306318,20.67988035007137
548.4487894411878,202.0590418405439,17.115332872517385,20.634791432772
547.5243454274654,202.7074093447059,17.237904447935993,20.49764166195106
547.8990579094885,203.433280837752,17.2942100651732,20.414564490258556
548.3322843930972,203.53227572834263,17.305975271936582,20.37396083321137
549.1529760442012,203.7186650529493,17.110476316690615,20.547589108722583
549.0872336113747,204.4498029930295,16.912452341305876,20.410727766945673
549.0811149550772,204.24590326177434,16.784377667693054,20.37305323067094
549.6501343507039,204.75079491789253,16.7286806666389,20.407079332344473
549.3710717969443,204.5967146164619,16.744555319732196,20.455653183744772
549.2914204062428,204.73258630662514,16.827176107233417,20.465060353068445
549.0081121254715,205.5473746098136,16.99148310203982,20.29918904797629
549.165635276301,205.3010813469941,16.922304559370016,20.446429510239867
549.8221140369388,206.12587378197068,16.926494054619766,20.295425811322442
550.0206574935612,206.69530236667532,16.914198247360574,20.62293755556367
549.8641754446278,206.00671881644251,16.87956108051222,20.822590341377776
549.6759549099415,206.8506435732331,16.973098329608654,20.89612018894927
550.0073449640611,207.7687818438057,17.099809934416612,20.966240871276685
549.2510859533386,208.3764251588146,17.24637665619417,20.889389962656246
549.8751306024711,208.0537582861121,17.33943394625444,20.927536913780276
550.0748701566921,208.71597298265115,17.42224084402483,21.0352415529516
550.208310806244,208.3498273027329,17.521394767928328,21.174668995437337
550.541646700626,209.59646988346566,17.591134312248418,21.17151545056425
550.4470085834123,209.46385265515255,17.65966460467922,21.285227360183846
550.5749730183188,209.5591107563457,17.637481071398692,21.520864281176348
550.8232557585234,210.03199433118573,17.61250268267402,21.69519011951049
550.807581553538,210.13870982778275,17.57248245794403,21.801710302959826
551.0574144425948,209.28510614862114,17.440822730416933,21.979176850888706
551.4901185807162,210.04517555947885,17.356393610668384,21.976172457197585
550.9413915194551,210.21321741074553,17.359021630933793,21.876702058087158
551.6552852977005,210.38756993265986,17.225780917018128,21.968921807740337
551.9242695426937,211.49388387328105,17.222411254393748,22.03439608599806
551.9492302367709,211.37646944256886,17.21044439784942,22.032608335941717
552.1599564093532,211.65507539508084,17.11633590401274,22.191252386995362
552.3389963686434,212.35411334397753,17.259506788902794,21.910340028134783
552.2593422374363,212.92570588770494,17.247672607302544,21.88065255554049
552.4979293018292,212.51313706204672,17.17865126739418,21.82710604376339
552.6464628306433,213.50059596781165,17.3575984364411,21.648252728273864
553.0306705171398,213.84331163473868,17.597727270067335,21.80036941192164
553.1010565560699,214.0369309633047,17.64586131048085,21.875386024078573
553.2754959937137,214.49246141624047,17.78306159159217,21.845450747155265
552.7609710545115,214.17363653281325,17.897311660540456,21.85715011794876
552.7997054657228,214.87962943271626,18.071239881584454,21.741900200901856
553.2454760234374,214.75927778751068,18.04473936645506,21.88350463754609
553.9512768908754,215.0864556687857,18.07383196370194,22.02740777563846
553.57324307941,216.00578261940456,18.20295885939885,22.038930089572553
553.9254351393326,215.4479685284006,18.259064799406154,22.100186199360603
553.4554861168182,216.2769662570043,18.353343285147012,21.903685784000434
554.6124180149893,216.2407693571894,18.27353071637443,21.89455973403184
555.0745381238844,216.53913778293725,18.422366746753106,21.79959379613708
554.4231872118304,217.35638460499987,18.360607387313067,21.85432713698951
555.0153490248412,217.14126334731267,18.289182587890817,21.813115747258315
555.2326131172418,217.881853586976,18.241504253505667,21.75793562460585
555.8385639150846,217.89092858178486,18.047161709333675,21.941904374473886
555.4215782392172,218.39232284349418,18.144707065241924,21.958158223758772
556.2907768331665,219.14651177047594,18.147868905968704,21.894290472067315
556.2031832710753,219.23160222851754,18.132949116703664,21.92232490649282
556.3269506769639,219.51233135184088,18.089914398982835,21.772937440838614
556.2674125580692,220.08484476907864,18.161407522416226,21.49084638784198
556.3963548769791,219.83213869905177,18.22473887180184,21.3228310653179
556.0917800828038,220.3810514466567,18.45321919416715,21.247394982034326
556.472860514732,220.72371556789142,18.446609370483102,21.37651104307748
556.0081394078859,221.74415839036442,18.616285720756974,21.53569530245887
556.1792293136035,221.64363999055777,18.642311367247434,21.875459677612675
556.3889221203608,221.97632886050044,18.70129808916675,22.224923971113597
556.3269679945948,222.330227499415,18.86751709639859,22.26245571569202
557.0342428987934,222.4081535250774,18.806367160781395,22.3225587876725
556.8452532782248,223.1210988363188,18.92125528477471,22.125558941823954
557.0798660892617,222.90419279799102,18.86132274803782,22.191334569524003
557.4289828782137,223.99189585654725,18.755028917467392,22.178769772449364
557.4512490571792,223.9882768577108,18.658168792521714,22.22963134047506
557.4967198352654,224.29426761049038,18.564130352698584,22.169999402329204
557.67959164935,225.02064117701482,18.449198748407596,22.149244204056608
558.0382975867814,224.9850698818741,18.339141931737828,22.233481097536256
558.0649146772014,224.81672624337247,18.369635580056293,22.354615731598
558.452675553142,225.67216322428436,18.324521423809635,22.231486005766683
558.5241233099509,226.3308792460367,18.25759714850669,22.237680361302253
558.7565359224184,226.14603893510838,18.182458299428163,22.16194715526276
559.0008209609153,226.56547774916248,18.113855367161996,21.95783014536434
558.8661287670013,226.7955494408161,18.14636034663039,21.989398736201096
559.2552140161107,227.88165719041208,18.173766590107096,21.837722282342984
559.2681625696298,228.14133798087357,18.170374058619565,21.908109024383748
559.4743833219192,228.99803970038624,18.204967270646947,22.23562417399672
559.413410518869,228.90028418442594,18.16820454277817,22.622559411816535
559.7692680173918,229.76580901084625,18.40117089214883,22.524409043338707
559.4873022836414,230.29064593229154,18.60469155013297,22.55803388361467
559.9207423627288,230.66832992066514,18.623259013303503,22.723875421008536
559.5307298510714,230.78057570454246,18.804327094059982,22.7427434487911
559.5401258667379,231.75182224335353,18.97733491199883,22.557251175116377
559.9913247154229,231.93506462620587,18.959882905260557,22.387132808938297
560.3169558726829,231.92005477994758,18.74303524571087,22.60016757976108
560.5187405856047,232.41399293807933,18.697227649958762,22.525025354779466
560.9653607302446,233.33279674949182,18.65999195643545,22.496781097127837
560.7653899829622,233.90276961858137,18.563706723037683,22.450839393944758
560.9882820654267,234.34168262118314,18.59944189957764,22.635379993546238
560.9814024463673,234.68472059643315,18.607529099629385,22.568529783478922
561.1474563371229,235.3803340198482,18.529354151789683,22.622138718699972
561.5621634053107,235.41616602335986,18.415603269674993,22.635015838762293
561.7690192747856,235.62930746817264,18.408324964019545,22.856610880731566
562.8346730150058,235.82763608676842,18.214578399526168,23.117765464047075
562.766903671057,236.77112733103746,18.26352813100805,23.316591729476244
562.4078824658036,237.74173119099706,18.31396388973195,23.219813502507506
562.8421513917601,237.7542599037399,18.235605767280592,23.592118130416146
562.9886930008618,237.92107576099446,18.33926328365451,23.613083775802743
563.1965939931936,238.5026220531544,18.466568331766556,23.632744754410115
563.0419659969289,239.1594833887793,18.532315702245825,23.51406230914297
563.1996256074351,240.42390307417452,18.57362817745761,23.56801235943407
563.6420411947762,240.29941824018437,18.74267495249011,23.64688725424103
563.334445815538,240.38551020212054,18.76730598997336,23.731438327402763
563.8590943180876,241.51680507652426,18.817525853465526,23.65600215639991
563.8965071816215,241.77214629228968,18.95196868144286,23.70883252699312
564.8495638833831,242.1518159859398,18.798326724910453,23.716282516428507
565.2125162438351,242.81846505576817,18.67710766818356,23.801545716150137
565.0105735700652,243.80936790114342,18.82724582071806,23.888185707925295
565.4429503242385,243.51864851384784,18.745973671853086,24.344198055986595
565.7889516358279,244.4238490985522,18.662445482096537,24.492788771763045
565.2046750995635,244.4432258153536,18.539480581679047,24.800636407133815
565.8986697566952,245.25140239876646,18.447787863942693,25.035691841115298
566.394336490679,244.82486821431635,18.31121140691186,25.126085282304004
566.3854614599904,245.86088604969038,18.467499545762568,24.916020393835947
566.3159651294814,246.56375623152792,18.69378200206033,24.71561385908697
566.3604460430536,247.7792493034652,18.989576650602782,24.381216326815128
566.4556526820428,248.5009804139085,19.26861289273553,24.072208475473545
565.6344669779759,248.77864939539933,19.432639502781264,23.932144476896973
565.8900238193115,249.17120945434425,19.56753294071935,23.956204976339578
565.7048762424398,249.7876595633953,19.795572594503707,23.782587537931093
565.7496128803776,249.7676232278338,19.918321224217202,23.97358313333419
566.7192918463916,251.0793682431199,20.08244506175117,24.065684771844715
566.6772073882956,251.09474939641245,20.267310429904903,24.20618313508706
566.4056076776379,252.08046691748052,20.278468420747068,24.383385626138775
566.3693715692015,252.48649083402742,20.340413559557604,24.50584832208626
567.0653723740102,252.9673247510507,20.28424681074185,24.518956398417192
567.7110491165938,253.3667799285833,20.196738707311376,24.77112281318079
568.1457088787877,254.03696556005175,20.090469381478737,24.838103878544345
567.6829414793598,254.52172989011484,20.188671445272846,25.008771899440823
568.5601405112834,254.4277400209873,20.117093820764268,25.37039995038377
567.9761974397893,255.67375987642035,20.267033601256987,25.193020550262936
568.9123566480288,256.40288221910527,20.152101988405047,25.239020073229014
568.8334470462568,256.8217099131605,20.240511381942575,25.286600173533287
569.0907871728557,257.78703651721617,20.18979395189708,25.14313931008743
569.6407083066539,258.3127438020069,20.09049945098631,25.423755275250265
569.3027581899357,258.7307498244787,20.288085880749886,25.471511609994828
570.2473741558028,259.5354653139553,20.299962094729317,25.627782997870636
569.8061213723971,259.7782572620457,20.402480087917272,25.687332692388065
569.4229937347723,260.7266912760171,20.60506454912968,25.54200306032689
570.3935044843973,261.24998298807117,20.789968829221987,25.53588856741692
569.9351613536189,262.2691412572329,21.03370410773141,25.272097433069966
570.8892061616051,262.68869544458397,21.019172517119088,25.28650438534455
570.9759571397663,263.77112557041977,21.180746594865827,25.055943483457746
570.302805187092,264.684991360504,21.27615547686854,24.854820751861126
571.4485590608336,264.6774426899115,21.231380202758544,25.110024481972534
571.3532836762517,266.15720973247284,21.34322153347931,25.455649250380826
570.9740161251254,266.88696655871354,21.295498612946744,25.42594290323543
572.16884994205,267.0580050659792,21.128200888384182,25.651215918649477
572.7193753128497,267.9180657470754,20.963054649653287,25.816135435706606
572.5983278104028,268.70106805393317,20.880492184559238,25.96622257404335
572.6337547465722,269.1700237209337,20.93779871439906,26.11047969993453
573.2110962048076,269.42286145006045,20.87086229889718,26.39119174482824
573.4194546324356,270.04159236506774,20.995556783877937,26.285568832545934
573.9553213310876,271.3391265901658,21.01134434356711,26.248988274500654
574.7286024743595,272.3955978061981,20.947790441727925,26.28704848792853
574.940235056492,272.48762476724266,21.048624448624466,26.542894785279923
575.2035822085061,273.2415467043337,21.062574730682513,26.57433931270162
574.6125784570813,273.79176135107633,21.28791540633027,26.610567257222886
574.8678593302272,274.52882711414713,21.301643029621523,26.53475282969879
575.2912695741895,276.31033238610576,21.475181938631536,26.660773648315114
575.4560339398829,276.2595582059103,21.522517878951916,26.70824164534306
575.8543240191385,276.86450199693087,21.66168576111673,26.54863320377438
575.6447289699524,278.0939231418421,21.89028133534378,26.43913564432914
575.6573167992848,279.2813817357908,22.140307056932077,26.20919531075608
576.2703067369974,280.53983683609596,22.207686341929858,26.461525966316334
576.5943865691759,281.1430408546527,22.291982825243963,26.56461325905965
577.4605776109586,281.8260072679525,22.3430564711629,26.607854397914203
577.4006743187365,282.236049542705,22.35585136487139,26.74594163328696
577.1995426512774,283.0797453458698,22.253377322622672,26.77364709669771
578.6893285084003,284.7947018029502,22.15864395104358,26.76335970324307
578.9524927655799,284.82204627771625,22.018569806896878,27.225120443576117
578.8955806616841,286.2678425025442,22.155880066397014,27.246720742943623
579.2875533174655,286.8028209835916,22.321439666733724,27.494192965762494
579.9420921101441,287.69242798620473,22.302788216439623,27.446004298709102
579.9325271834462,288.48732417612206,22.293544854488015,27.51282991795136
580.4271689268043,289.006942631614,22.274138730023132,27.64878035628694
581.2765538185728,290.23056821873166,22.221966212683306,27.6203822265615
581.4681945137436,290.2570942455821,22.298713411113663,27.905620923840914
581.6077706783811,291.8777849688552,22.44089692802413,27.976057600158434
581.9298875379268,292.71242359616116,22.730425640077478,28.079489595996712
582.0465396088924,293.67521797413883,22.898505047121333,28.063764073607707
583.2318117015201,294.37459230608766,23.049905146305104,27.96965391469196
582.9132036693466,295.99938680438333,23.246893553095543,28.160533706247634
583.881198125614,296.0390629751239,23.240834016209256,28.356591301671457
584.0479542626776,297.0695638296888,23.44839989235414,28.543343212689358
584.1726393510196,298.2646712676172,23.530274214161707,28.503091286585313
584.9114699977331,298.4117629717175,23.532041331264693,28.604664689288228
584.853382337157,299.6030918877987,23.635348963284365,28.822819053857454
585.8567689596618,300.2381968408955,23.594667708745355,28.75118643247673
586.5222006551363,301.4019043796072,23.46135234960343,28.698345873257118
587.2118602757542,302.2449660188837,23.376127074851546,28.811776108231
587.7228191273102,303.05824478105524,23.292581983739296,28.99525881940736
588.5119030914692,303.7570148911201,23.17912250287769,29.12695038600556
588.9225590779199,305.30446826134306,23.21086058309573,29.095901916204724
588.4087021350618,305.7018338550831,23.46576365204722,29.417729161303612
589.6427706390707,306.9782598077962,23.261794191255472,29.21609190317064
589.8422609995339,307.68370309834717,23.196464208329868,29.12437150554034
590.7896381643661,308.7006466140815,23.149060476047005,29.1734980086176
591.3925076604379,310.0516595160898,23.19943823175958,29.244984329616294
592.0272135406912,311.15644016431617,23.156242549057755,29.48035835497132
591.6537059928887,312.3577218285536,23.5654359524343,29.522170541480556
592.5547521369591,313.1420159851555,23.666767927293847,29.518869341466516
592.8080662204383,314.08262254651174,23.83166792090767,29.60937357638959
593.0382891541329,315.3587887196268,23.996312890996826,29.713465514140832
592.9979748765305,316.1716720498497,24.07844450293191,29.75452593632898
593.8204684833485,317.30179393759187,24.355892096119813,29.85685888394337
594.6390074948251,318.0565858460974,24.511066852173442,29.942427087386747
595.2235982855884,319.48568239798465,24.64272088008284,30.004885419464244
595.1574516384222,321.03622335344875,24.8295651723282,29.98199884201687
595.326234374279,322.392215304285,24.999103859015996,29.996112524115148
596.1403792432473,323.4813314177754,25.00487092764388,30.00198092503353
596.1802532193291,324.7211469909564,25.03893311984514,30.054886523742823
596.6450728267366,325.4688351899833,25.095585909615203,30.45600511031592
597.0920910073702,326.96730500146464,25.152646142681835,30.735765745608212
597.4128942924256,328.29420712364697,25.138666170452346,30.902740586402814
598.2452976872133,329.05224719527837,25.153592061197504,30.95881687243076
598.9909127252328,330.7198658770505,25.209256773900833,31.057392365560737
599.1595708149611,331.71997047307326,25.221839439401446,31.260569957115067
600.1405210306966,332.78379003704356,25.19429438608139,31.747872902996487
599.7622558664696,333.99037981444656,25.38142440401915,32.067295229217784
600.8541808473873,335.0589493103484,25.481396978652025,32.17040467911021
600.2950929590534,337.0818954503843,25.847148932440135,32.10087534268774
601.1688625616329,338.9586614688071,26.095914477723625,32.19379506518046
600.9180190068809,340.10076902486935,26.38630921607386,32.49877973447382
601.7662545285889,342.33628273379304,26.589919449551402,32.40746394458667
601.4721870642352,343.57037509047206,26.64175818942738,32.590616139569086
602.9885190829892,345.5614443795923,26.575047263568013,32.75967880949757
602.8231173817501,346.8778976832128,26.743599238276662,33.079489506486354
603.7502173421111,348.3221225303592,26.73693480854425,33.332042705641385
603.4167346814672,349.9968868636171,26.865055842436504,33.423957482423965
604.712960638206,351.42849484788803,26.82146781674574,33.34076103559532
604.4500906050049,352.18274513472704,26.96030215337735,33.38645515071431
605.575840900293,353.48639766540316,26.646986062541863,33.77703007135663
606.5525725838387,355.7009634539277,26.390457633881173,34.08732939869594
606.7289765690979,356.08732524917974,26.474658282671175,34.4761345147425
607.9967631307246,358.18106339940164,26.68913475048219,34.511951041904865
607.7740948025843,359.7004342572895,26.780820181196002,34.613914434771765
607.9152529142666,361.06066866789394,27.18863770827,35.14063704270111
607.9007676963433,361.88162527784795,27.479045500588718,35.34259434338481
608.3827111456607,363.3348774528692,27.876894422724238,35.3917860992993
608.7945147679022,364.104494368399,28.38364866372247,35.47514698240445
608.5715711527656,365.4069028735365,29.07264428575735,35.39358317456778
609.2728752356952,366.49170550278035,29.534948391397897,35.069389216739296
608.8103216282653,367.00265294476833,29.972798244845585,34.74360619065439
609.6893225492107,368.0036501315193,30.231171944641893,34.71500323084109
608.9296020956958,369.05101201726416,30.733138796381457,34.65958395420916
609.7640764160648,369.5047719691165,30.967887050289228,34.7117206466883
608.4166512969016,371.1183068508774,30.764455475947727,34.85657766768186
611.0641153207023,369.7558984118634,30.97431678076326,34.82542216030336
609.7186041419793,371.3301893619981,30.866980459391527,35.02015657663854
611.2972001602305,371.7600718069385,31.019152264899414,35.25829052766193
611.6969949642028,371.62473329308665,31.505232818202295,35.30135932167548
611.9534033733304,371.3367013885973,32.06095097023052,35.58548044481163
612.8105118639794,371.2855862727413,32.48341173093684,35.77044573071861
611.9029009346326,371.3635581942072,32.83700825202978,35.8837404491786
612.4847173799612,372.2499933210766,33.2321752242343,35.86682565312722
612.4876349609656,372.3897948938788,33.57058230718444,35.97919317178564
612.4690905678302,372.23967283089223,33.81762934874615,36.16496739703146
613.4738334270611,372.7434108700025,34.18179298903368,36.28895854197833
613.0660175110745,372.9119908254253,34.4141555229304,36.59553827184547
612.9218374733961,372.59473711269584,34.50585718070457,36.86841174087206
612.9596744430886,372.558340872897,34.86791826243385,37.19443324249568
613.3591829004788,372.37853314854823,35.07951264335364,37.3353443483512
613.3279819005407,372.896679171784,35.294887788476295,37.4426482357939
613.157054445514,371.88950554191473,35.41848585245945,37.38676453468642
613.280544050125,372.3631262741071,35.52307742828325,37.60007032677145
612.9760894529956,372.31429381639435,35.76213166567653,37.73183529044089
613.4233639272052,372.8687000345521,36.00938180955015,37.855160653388424
613.0483812946825,371.7160078768392,36.121250205603765,37.857991315097166
612.8452225153751,371.49373702222636,36.48834349721256,37.990285390388806
613.6405239860292,369.76654823505106,36.88280720820231,38.11568967143496
611.8992431373977,367.4653913908993,37.244994225900065,38.00748356908913
611.9415169117863,365.821591226414,37.45911974063934,38.031081098071915
612.0341311322255,363.5737236349321,37.88951715806774,38.067620667174666
612.533609492651,362.2580172822511,38.26698212720407,38.17960345043279
611.4098638907192,360.1359821814326,38.7880407691932,38.171857856171314
611.6592082277493,357.714956774488,39.1456404089987,38.21647100221385
611.5607677785363,355.9114976146752,39.61482205744177,38.45487192300519
610.9698934335715,353.9387801952584,39.853017359252576,38.63178902921857
610.5550434599702,351.93762656865465,40.20584614380236,38.77654089302173
610.294084023475,350.52767641405876,40.69717663393773,38.828232936909025
609.9924483857126,348.43530974041147,40.91198074661499,39.10141409342294
610.2791873202939,346.0244685073896,41.318312161662675,39.13996877473762
609.9339125688917,343.9217478469527,41.753260914020515,39.33166431085196
609.034797145843,341.5943081590823,41.999663733346615,39.57931855460423
608.9474987057359,340.0614905514589,42.286850844562025,39.63436750810168
609.4677263206789,338.41534564442884,42.42769041352688,39.81793129753413
608.627706706537,337.22880546244676,42.71413644971046,39.847717040984385
609.3909785870046,335.0691352145252,42.81108719465748,39.8873124348988
609.2478886465262,333.0960535621872,43.067078641788065,39.90981140813871
608.3172534324191,332.14074012894804,43.254261664797696,39.941584476704406
608.5426730529205,330.65345111068984,43.576557489827266,40.03123905512149
608.1337845676384,328.93369076654955,43.855163420333426,40.065953367898516
608.2021892827166,327.3448819214838,44.1086486612356,40.06181503843766
607.5777797351353,325.65422849085763,44.24665580762182,40.170724381532075
607.7790353065819,324.5070615869265,44.47763761135333,40.13920078850014
607.5529516884678,322.5820351956633,44.62042693887508,40.27332167863149
607.053072315164,320.8192494346565,44.91699661048961,40.27365635562869
606.9392953493312,319.9461539235909,45.21181360892361,40.07178781889148
606.7203755907856,318.5288380070856,45.211354602588884,40.03663291255266
606.3432083202594,316.5281384542947,45.536611250145874,40.08334728378996
606.4263564764813,314.6281696795897,45.936975699535225,39.96141650892026
606.5500436709193,312.94831805847065,46.32233280794688,39.87963458460865
606.0190079179142,312.39482883504337,46.521061432754436,39.77122974021874
605.5809413810895,309.8187859397295,46.731795670267886,39.8431682644585
605.2952492433019,308.5406674650213,46.86847152938121,39.84619781641403
604.9341023605057,307.7205427599803,47.11044320220209,39.92070354172734
605.4870199359109,306.42445417719506,47.21106542787167,39.53149547627971
605.5851457634187,304.81543392094375,47.54202186268449,39.2436182012304
605.4874819970564,303.3390611693537,47.683263298824286,39.16853572627633
605.2171924273974,301.1034134757574,47.843011345546344,39.21309475864105
604.189910126264,299.7944059594829,47.82040033059531,39.06500056305593
604.7572716452431,298.1689232600243,48.34548723965078,38.9168020005626
604.6449315296873,296.17640924849815,48.532716978380435,38.97345692524149
604.5947215542809,294.5000617041105,48.71812342218466,38.92446796822513
603.6958795861754,292.6119188216035,48.77483984626487,39.01875881823056
603.8142715627968,291.0043535364068,48.93470927699232,39.11702136951995
603.2815686858127,289.4364784535412,49.01060419674346,39.01193706068757
603.5960974301059,287.90412022486043,49.14274928193322,38.94464329656787
602.8252551117997,285.3549804991157,49.06667945916465,38.99108244272891
602.8618109314152,284.31726863579354,49.24037690017663,38.96626045518566
602.9931309942818,282.50865935013553,49.370352658985794,38.82338962907126
602.8794328622705,280.72597481582136,49.50628932834171,38.74659542102725
602.7370523810578,277.9241503068053,49.52154210776457,38.8052996758757
602.4900178522976,276.4322824158172,49.68937053632734,38.901943344357
602.767331897738,274.7965086165533,49.80251271197919,39.164797009398
602.4353326209789,272.93745716228483,49.80760736868885,39.06785599169585
602.5796538379192,271.4786995349593,50.05499075697098,39.27565373421627
602.383763876079,268.57766330142914,50.11406250070052,39.438537911634135
602.7591300874951,267.65922193048334,50.18158174727533,39.51135455340521
601.9805983485614,265.9290997011076,50.12310507831495,39.50804033829814
602.4927637416879,263.1445470594052,50.356522657464325,39.64642576925535
602.0828655164602,262.09954842828665,50.27549551477994,39.6822626749709
601.6013993446179,260.2133522642904,50.278352182023276,39.816243719470364
602.276527051068,257.88556868508346,50.03777277257933,39.718372405136435
602.3581373217529,256.16371903891843,49.91127837442055,39.71622966980226
601.9361463138889,253.88767808334651,49.88625190864606,40.05135925703254
602.0512174513744,252.51099260567085,49.820697727432616,40.22614005773603
602.2303447582801,250.12998518568588,49.7756793501934,40.24373675347985
601.3577189417188,248.3701044329885,49.793021775972186,40.3277632716157
601.73168964127,247.06245713263974,49.84098990083369,40.26813349868654
602.0950244370313,245.18511581607558,49.886233122497806,40.31036467383759
601.485151939696,243.99772780020174,50.04423557299398,40.37531218576408
601.5800802815825,243.54159731693207,50.14622215451624,40.328797095536935
601.8977295730158,242.42893740487338,50.256423897806116,40.24858613314003
602.1639142504755,242.31570602441488,50.44313737522312,40.119680786499735
602.4899304955858,242.91745085800005,50.632976802250425,40.02871550955002
602.2414147996324,242.19681208460165,50.57679555148762,39.94257146268076
601.9661573625075,242.4904579737649,50.444105059602535,39.85503807692665
602.6221095091378,242.06047088265865,50.762540508048886,39.893035359038464
602.8083257705924,242.1808015220522,50.773599769473826,39.96291144831049
603.1183538952387,242.16560882647576,50.876203108041445,40.00243537144627
603.4220453969889,241.5989803759216,50.822020766676985,40.08530798948878
603.6591374539948,242.35013294350472,50.90462563362591,40.18079631421481
603.0372533077542,242.07191996606542,50.79575162836259,40.043321862732824
604.0151006709606,242.6624117291305,51.152037864703146,40.24681189884323
603.3865060537069,242.22709943918497,50.91030713537394,40.20209396898774
604.3166186480204,242.60767705031475,51.235079982177595,40.20573011616638
604.0599385773922,242.62002885648397,51.02470800959567,40.146530233707765
604.2393934482945,243.33197852293864,51.00889908380259,40.165903610644946
604.8356033533023,243.08898433886304,51.17409700964982,40.2630678139287
605.0407331214599,243.2905654030418,51.12121652239737,40.224687065270906
604.4316732230009,243.70164556566095,50.9208888248085,40.24303961177485
605.4152548626552,243.76357783486526,51.20415064582657,40.31775806532394
605.3014742337963,243.33410263210547,51.057656011315295,40.22930086757965
605.7090473522061,243.43931889603007,51.195744327832664,40.22607669003121
605.9002942940004,243.0393000646235,51.17437528760297,40.22165251602949
606.0785186712629,243.6113041598364,51.035873107169934,40.19373223911686
606.0474570182676,243.73473257390378,51.04546540548341,40.15401099891275
606.1333361078846,243.75215749983388,51.063886842462146,40.243092771047884
606.5908195119082,243.54887657279835,51.2049973955217,40.255989669026135
606.8293979807895,242.99481522365392,51.07096907933736,40.34239946810695
606.9109076962508,243.30795781933136,51.02707843444237,40.33565878282499
607.1954335407015,243.40006348500467,51.055075445396504,40.30376011765615
606.7313163867916,242.35684323053616,50.88973177222124,40.40171207163866
606.7163238773404,242.85358990503596,51.00405106028968,40.415768962202065
607.4612858623589,242.62647704714973,51.248357370175114,40.403836079313045
607.529659372833,242.22573488580295,51.17098103087053,40.357407077173704
607.5224077893599,242.81441091268795,51.12005135872087,40.33105778810557
607.7349739433287,242.21493279229261,51.065636159033126,40.38591681991947
607.9715976620932,242.41488214897964,51.11615976909609,40.16488635560418
607.9073721574189,242.01353348086823,51.13977222835402,40.191362178078805
608.3200333914516,241.96623305845233,51.25474092659417,40.07192167063855
607.933371958468,241.68440812844744,51.01622690615548,40.05859845001325
607.9314682162086,241.86002489517,51.007724581458945,40.031652480130546
608.1500862263823,241.83076404970902,51.12726192565529,39.92028676243838
608.4527093067765,241.6166452706112,51.10897190824621,39.937075245888806
607.6647738446213,241.16900800331018,50.93043530749402,40.039123419216125
608.075763788925,240.76488528740515,50.98951989346938,40.01642997535102
608.4965045442724,241.16011304398376,50.994125004059,39.95257963911947
609.1398045939488,240.41874794313688,51.103532800175714,39.92202265419056
608.7753371340985,240.563750119017,50.842489704453655,39.842947323669634
609.0515063718216,241.1083373319683,50.75844698200973,39.898654146241135
609.4355416446932,240.46186629402266,50.748171650919346,40.01726348420977
608.6989052224765,240.6219082902663,50.626067765387674,40.063685502016426
609.1884118747163,239.81956963767212,50.7377066883099,40.1290721406246
609.1305777158403,240.45977480082286,50.64817165170308,40.09664443551604
610.5826273086634,239.78860309664384,50.681399612586986,40.09029030072987
609.0747946378938,239.52179839627763,50.75963719495577,40.07051337085775
610.3462287477757,239.26602697179456,50.84061622136184,40.06946616912655
609.4129668501483,239.2709105402686,50.6265659809721,39.930032167306464
608.8663964042628,239.69857060481306,50.49466154937146,39.9181247355328
609.4865111483819,238.9265681165302,50.692607500967846,39.9879388809141
608.9761081028832,239.125864618727,50.58457099972571,39.95630369002183
609.4572257873059,239.16221387912248,50.828277427183124,39.92507777931711
608.9827331711548,239.03549421033003,50.7173299507452,39.83024783313052
609.4874198584704,238.82725102310073,50.897628569369445,39.722286289650874
609.0209781919677,238.49516532050458,50.591705654663755,39.776851250007496
609.0403546712295,238.38042670774718,50.600448139514164,39.82056002025535
609.6379087412539,238.65324295575576,50.69130925681997,39.72990917912062
609.3038265055957,237.6833003046184,50.512799881891524,39.77602760135994
609.3640115569802,238.29523126789906,50.517245518813645,39.79138116800085
609.6121101295693,237.63416318960822,50.40869597261753,39.852990429059446
609.5586570646266,237.97833418443224,50.34512192569652,39.7759863991778
609.6252236026501,238.13532874188786,50.33743271053801,39.675937696072644
609.6769708065665,238.33187600692742,50.22520168856728,39.61883577048762
609.2573926488878,237.76031540076886,50.33907962639152,39.66104524631641
609.4613792302519,237.65779552810707,50.32561604737516,39.5841436075629
609.7285479298652,237.2452506855348,50.25778608299355,39.63776530898476
609.253515885839,237.28418785380816,50.22155101390331,39.50867961159607
610.514049619231,237.37366149367102,50.3842816218416,39.425204548476486
609.2037765726215,237.16737894576403,50.427301145694074,39.49682434085034
609.2991593634025,237.3328606841984,50.35285422957683,39.3972108239511
609.9428165453136,236.77253490719565,50.57443311717393,39.48229080279185
608.8279065787318,236.64252909429956,50.37138027812064,39.43516335974206
609.1707513634816,236.79120498832648,50.52027011678979,39.41359356078582
609.0158750719271,236.2375963063871,50.26782722002895,39.46146687139617
609.1958994679233,236.21708358440966,50.258137063223856,39.51075693707079
609.2859522120742,235.99737491439683,50.181510967748444,39.50017241147107
609.3508236812124,235.50799422565876,50.12209040894178,39.501405157260024
609.2048132171769,235.79112786468525,50.025303474015736,39.447457622840304
608.9183783225578,234.813848991297,49.980607810201384,39.40099136181962
608.9613407606518,235.25672719596807,50.02413461121682,39.44196469118974
608.2287612793663,235.08351220231035,49.89855623095324,39.23042033997368
607.9348156700905,235.19620449534128,49.76715039807509,39.14307421035181
607.9686545080276,234.66181743596172,49.94056188741152,39.197383473916815
608.3694509201453,234.51086595377456,49.91838115395461,39.16508966213951
607.3518473377869,233.95840461173245,49.940248083914774,39.18208345504179
607.2508789806902,234.4178043473186,49.837906364785454,39.135736064119264
606.782631142868,234.63427309871057,49.66081573385787,39.10881410646511
606.5755832427425,234.16628584979617,49.932172104038976,39.122748857055726
606.834074989732,234.05396550603945,50.01318556020939,39.057069952808575
606.7517140141521,233.91700563736322,49.983239918724706,38.97303900275255
605.525926884927,233.86696475563411,50.10542913498409,38.99124691717643
605.8029556851105,233.0891989886227,50.22806026533378,38.94322181820366
605.8672061934803,233.223433502661,50.31049648037341,38.75860830733565
604.4237273463433,232.97160223594602,50.364741285929824,38.79475999152818
604.8720514293672,232.56771065712357,50.48457952620825,38.763544116198844
603.7584347902911,232.93030092126926,50.45402176203255,38.70870960955966
604.3450148240793,232.16754589369395,50.596664387823125,38.722364300864484
603.6421547731735,232.04494369471436,50.65248090610821,38.51331863135118
603.6838399912743,231.78608978797521,50.585102746276974,38.409160695470355
602.7198939660914,231.73730526254323,50.716042310604664,38.274682486526714
602.4563588442367,231.6041765331666,50.86174537754292,38.22681592732611
602.4082549212129,231.87262389444268,50.86619360894413,38.1565561041518
601.3131807677794,231.353460434927,50.99905183860164,37.912682329099
600.8413390330396,231.63337013462274,51.03774165478376,37.92300740421389
600.7074473089723,230.85166803779302,51.142255463903126,37.92578580632361
599.7878546405423,231.2885031291586,51.08278836641432,37.7963702722779
599.8223950308164,231.15207589067182,51.19456908875176,37.68104085747828
600.0962840704581,230.82031803850415,51.07745373086384,37.61537634502436
598.2514598192863,230.30260795489397,51.2394080078962,37.25843916284897
598.1500140528126,230.79142607204065,51.449984258729785,37.06653090630829
598.4021119603599,230.16632346010087,51.354542464564446,36.896822838256696
596.4451831765701,230.21279643184715,51.55612238131094,36.602499607257045
597.008511845276,229.45536423524229,51.647043812629434,36.406563829568384
595.2275720910707,229.39538081043392,51.844434242518204,36.13674896569938
594.8686281232917,229.8314656315409,51.90120778341127,35.89094027633955
594.3323216595268,229.1730854222351,51.84777274207693,35.767577375325374
593.2154315339209,228.8242400047978,51.99111844204962,35.51577480199684
592.5703817168783,229.09696597462016,52.14622249641527,35.31920124598852
592.2903283676678,229.12773723791628,52.22024240904277,35.00370550093622
591.7148571965947,228.54596269647263,52.36931018511075,34.84880890129789
590.6906737652685,228.70348315701648,52.41877746871516,34.66574397372427
590.0323004976283,228.69592777133442,52.45886308480621,34.490055970726765
589.6702065587236,228.42072338602884,52.399232896495185,34.45473716889685
589.0024658742992,228.4105292114501,52.454530473229894,34.15363874694761
587.8478945369311,228.3113580883594,52.36826380233917,33.86228952703591
587.203300387869,228.38675290971295,52.47650849217945,33.55632257421968
586.2697979235166,227.64814421776796,52.70568066007328,33.28558797370412
585.5932722732045,227.61232554154515,52.88370888177896,32.88660680994303
584.1001049703634,227.47815739641055,52.900281400593116,32.53551357149897
583.2251844016222,227.39301649622067,53.16921474026209,32.170650923598416
582.3393146840937,228.16325799381443,53.179992285098535,31.853345003796942
582.5940657695865,227.13183932025282,53.37854572953793,31.691093277739014
580.6658130659797,228.02704351723082,53.362021904726376,31.245901873300213
580.0770657190413,227.00625679983108,53.39299228849106,31.010812719980184
579.6898098755642,226.82443600091466,53.87307306390443,30.66486507487788
578.3773596919875,227.72094915666773,54.1685016045045,30.39913244547011
578.1583451887889,227.29597846827792,54.34266481219002,29.96335204338009
576.4419711117791,227.335051484595,54.5282253517685,29.777103063272413
575.8826060761554,226.98870190910705,54.77295958246637,29.28219969425931
575.0264362855269,227.35095273911136,54.93886917200142,28.958370559418157
574.0005167059525,227.42996164697308,55.00686691193034,28.612981981465744
572.4988552120104,228.14838849734826,55.1931611389044,28.238582504348162
570.9743060850625,227.35882142938334,55.08855927950371,27.521530669971614
570.5164598214989,227.68499384926244,55.30721279849043,27.24339681372822
569.0829589482402,227.95380699347666,55.33194703173268,26.84696014519858
568.0056898613366,228.94143293497635,55.4140565022317,26.499279844993403
566.9710537763141,227.91299317090704,55.637582035886055,25.771760102120638
565.6912921231584,228.53321886631088,55.71272104387266,25.534032881997803
564.4058341073553,228.40587405010766,56.09740450864547,25.330444305433208
563.7139924621613,228.9009671410124,56.271172399482225,25.371439697491535
561.3042985568336,227.937880925063,56.15478636065019,25.32419246310001
561.1795907872089,228.11774947158443,56.2292285759583,25.751286212552127
559.1847942144494,229.0947700118958,56.28551407377222,26.187169181306828
558.1725069902285,228.0334528574742,56.41902387835429,26.67934740017662
555.656305281543,227.52748797216736,56.201666667978586,27.406039560450182
554.0737886974945,227.7412320385305,55.84298267108249,27.925134937169062
553.6283568014024,227.4829163998665,55.11364463717094,28.57193730486153
551.1728169653094,227.49882141735688,54.74750119915808,29.05872081960917
550.1437178848967,227.0878954714059,54.44342638215456,29.773095806522868
549.2051466554226,227.5407604046453,54.0383396559983,30.392743213603566
547.8169213040201,227.35563654034695,53.967715850136216,31.19708313604225
546.980210420265,227.26621206165305,53.89911915641884,31.99741714792296
545.3069592725581,226.8474276607839,53.6687822432301,32.798393246348645
543.6582526596169,227.31141505202072,53.399716501445695,33.56876460187552
541.7171719581893,226.76581732933417,53.38920631921785,34.3715824642217
540.7517858428782,227.7623014687631,52.98621280467708,35.31516933253491
539.3774943784122,227.8663590756298,53.087834998288216,36.29977226703301
537.9528836854654,226.9990436298112,53.41208275327646,37.343538893705116
535.6213558214514,227.35385612391693,53.44520417039148,38.2954740832967
534.910668312852,227.58866030127464,53.25615276165641,39.13243149014746
532.126288383516,228.46379324537457,53.31683833672854,40.25203602621818
531.08733134115,228.28311171198334,53.12037650593311,41.03158179387311
529.9538032405937,229.19218779179988,52.96948970625234,41.764604751732705
528.3472408173374,228.9460371288318,52.5713283894349,42.3080742623963
527.304185311606,229.29278144239473,52.19704716418796,42.77610885819371
525.484984967366,230.39856894209197,51.81485277896799,43.58409514954019
524.7538646494339,230.7707676529524,51.361279372741016,44.027950892110724
523.1667644863842,231.05617769191244,50.96004453724972,44.34611662685468
520.9197013321084,232.2536806098631,50.67767300492001,44.98523087380857
519.9695106639059,232.7595830086667,50.09822574520981,45.35684034469503
518.4057936073114,233.5306760088322,49.654265414887135,45.70246135596833
517.5451098805956,234.68054668727441,49.169875488786495,46.616569543609025
515.9636151977028,235.70788676843418,48.73922810339735,47.25612542140487
514.9027933820072,235.88416757466493,48.16248601930407,47.34506575420058
514.2196181971199,236.30417620655166,47.39619888831578,47.85971436586197
513.0758728142645,237.26387365436295,46.75987321153676,48.03711121447156
512.0008932862328,237.76008280417528,46.05722787840952,48.247813980940364
511.31734017867973,238.55980386926115,45.334814354364674,48.50173762969165
510.95408285825334,239.897295540001,44.52260898350628,48.675588802829864
509.08473453624293,240.69932240570836,44.21282368630401,48.714468797725864
507.26878252477974,241.06868669751108,43.83946581118964,48.53537627054363
507.5647092531872,242.8914107700801,42.9847647818097,48.33986952211883
506.08644519455896,243.91842957372234,42.39596881192308,48.14015089123668
505.2144253172847,244.90324596593047,41.81119906673113,48.39444584310273
504.53356175815514,245.64805821398375,41.01666998610711,48.30890519499576
503.6629077697269,247.97082528534122,40.25991439866296,48.426567043796894
503.0354111772897,248.62575167382596,39.519166931453086,48.665886906674224
503.12032784900833,250.43713013037961,38.82654780520177,48.79897315610354
501.0306723504035,250.89021504374693,38.24174537620294,49.27872695340759
499.99199005442506,251.67635379291244,37.73747282407112,49.98253721600187
499.30390119184574,252.49920377149797,37.29657982664983,50.38466736365871
498.4448215447929,253.6842672157681,36.67630442455796,51.05574969600467
497.606784483728,255.4225443299726,36.1800214643208,52.00824114478074
496.89556389111783,256.4266876843452,35.95845091362504,52.33188912651103
496.4158844407276,257.64494397079574,35.56459376235007,52.95301233775908
495.27711113186274,258.2680446467522,34.75236863249071,53.70950630788294
494.44394430876525,259.72791416207957,34.213359747481455,54.26693989037213
492.9489365074526,262.3398867593275,33.88441134559026,54.54676170942605
492.1401660771357,263.01094103918206,33.40879515323023,54.945731168859055
490.6323742744928,265.37567476297573,33.288169032182395,55.040797660633345
490.090222428854,266.0793884620886,33.08044024322014,55.31663344504759
488.37721332337685,267.9274564734252,33.096197776836746,55.189226584590585
489.31540339783203,269.5050762150786,32.40815996076634,55.25943117972933
487.0240920487446,271.5422926611508,32.44484178293419,55.3409989017512
487.6698575464618,273.520985053158,31.975825857938126,55.090598399276665
487.47511857639796,275.23033255495824,31.854782684193275,54.90480043890436
487.05513891874847,276.98463574662253,31.54550853906592,54.852084949511834
485.9017772427873,279.4710417624521,31.03773203594681,55.10347078238519
485.20928560632916,281.5953153317411,30.908517124849716,54.49064985726241
484.72230193510285,283.6141744838545,30.6860888316975,54.292829185634446
483.4362557143893,285.82002701744744,30.430108725211987,53.859255412699056
483.0189156463963,288.6857962654381,30.459333176536166,53.19869508139059
482.3827896832548,290.6220460659378,30.39110429837566,52.71190285877864
481.43240678282723,292.9558161121691,30.24562929265133,52.2522823639418
480.7807070036323,294.2259319200376,30.07202980662277,51.5882873061653
479.8705774592909,296.38818611952286,29.760028095897624,51.4292213739306
479.4250645927832,299.6606718747492,29.71119300814283,50.45928066715844
478.12991990776004,302.7175414674293,29.69204109782416,49.645961289232226
478.4615881916757,301.3144665807964,29.17869845627954,50.203490552396765
477.0419383170727,304.54933878152116,28.955255495371986,49.97693119428219
476.24582363338754,307.73110324309295,28.90519748919948,49.23502101884981
475.6841284091047,311.82017774186477,28.931473851614086,48.27871621762569
475.4812375110906,310.4977953740187,28.694964220983596,48.406798328500955
474.6397725624833,314.82099859186945,28.817993476756854,47.69825047434241
473.80391726425665,314.5330474381459,28.444941223402477,48.04621147734424
473.2832558237061,319.6163718223746,28.48959516968143,47.31126913741463
473.18430156599777,319.690667873368,28.402350176911806,47.12706278333745
472.5658894035569,319.30008157651923,28.06947795619255,47.52752045389159
472.0852340661894,324.65327488492636,28.180442840541467,46.79952262339322
471.71983414315883,324.98134844527704,27.90831574091621,47.0720999108417
471.0493697908572,331.5855399140989,28.080691689209978,46.20091618431851
470.75186425515193,333.77483255592136,28.194616715116894,45.36766762400128
470.5484564495952,336.04970199621187,28.260084512624054,44.64755578046852
469.2677641965061,343.48887867806906,28.683000753268807,42.666564172125305
469.09948131121894,346.22756878576683,29.2819257555536,40.61401820813355
468.0620527208253,348.9568964373593,29.75813450742396,38.67544657079635
468.29970761607404,352.53750350096476,29.86033400094592,36.864689635052706
466.89079833857943,356.3583328206399,29.95049309205274,35.40226645407656
466.89561096327054,359.6425321590998,29.86556601667025,33.899287927913505
467.06345378565715,362.91994402040183,29.607633438913687,32.337221525713474
467.0411187487883,364.58002735114,29.273452665168772,31.569423981973955
466.6298625605701,367.9956307458852,28.916617049661827,30.56212075312202
466.4166441542608,371.30569037080403,28.624656662172868,29.675985973651812
466.64118445914335,372.75951588080784,28.248983225564402,29.28497132525672
466.1454039067659,376.7710661830177,27.807245623310894,28.323137143108717
465.7955338784305,379.1912843842975,27.777227119324294,27.910876666757694
465.98565971322284,381.350055828965,27.657834939180525,27.688447054857868
466.53769467005566,383.86365519172494,27.157930639166153,27.226949337181075
466.01720023450014,385.9901143968269,26.74079379978985,27.12397904709426
466.6849090440806,388.20715298520304,26.51044331453233,26.744459670635017
466.7115537351137,391.1436676110554,26.321422786726654,26.397235415420795
466.70722702365634,393.32502648636176,26.22981236819108,26.194329161542626
466.69186269712714,396.2972817550942,26.227510887555134,25.943187535820947
466.297491244555,399.24517476655154,26.06861480420457,25.673515404507796
466.35189224898846,400.41885997948515,25.939719754796748,25.925901696322548
466.9672056692481,403.6479593332827,25.906158386880406,25.938120011432513
466.6184077376594,405.314796314196,25.9388873853765,25.860836144363027
466.24680091350115,407.71450997031087,25.744730793004706,26.293381526530162
466.8960121858346,410.97831671112897,25.994410269555196,25.87663983673366
466.75882282933765,413.03860861641806,26.25863517671204,26.02696009033383
467.03115209531626,415.46877785921936,26.308215343237276,25.69229070263173
467.03636592716816,418.5179875995563,26.066475672821507,26.197130785403814
466.47937168763906,420.987594650363,26.189099911233395,25.880171055433504
466.651172053215,422.9613740232962,26.157525203946243,26.04738319884943
466.83791679126534,425.6609324033045,26.07289673434385,26.359037522664536
467.65627219667067,429.10977068194796,26.179975834803322,26.2259798389738
467.5734484780295,430.5717506164288,26.220181899691198,26.138776676249954
467.9599896927856,433.35766813920213,26.236573778669765,26.698776614528946
467.50162348524606,435.59828684147476,26.293329127231885,26.8704098650435
467.289190990687,438.5241815795404,26.28830798387127,27.279678719448086
467.6489261124165,441.38287006483796,26.367179610720235,27.116233461957204
468.19607500689375,445.06441382574087,26.452271536960478,27.217485196438023
468.2225203682774,446.9256631284884,26.462808821259365,27.072902259430514
468.05677247732837,450.5288445630052,26.771314665121814,26.890269191574962
468.9685802314653,452.3818469023636,27.113374320117053,27.245162340006534
468.18120327748494,455.7165443193782,27.14754473675242,27.14890621981396
468.92969605642634,459.5930061968257,27.303448788206435,26.998175343642203
468.89062326433816,461.97815995022097,27.101765615335133,26.759234661955333
469.4768284120674,465.98762529062896,27.13920992269037,26.874462115599805
469.08243727764983,469.4033256255678,27.030967142792754,26.84862537241895
469.0537990483705,473.0109846051608,27.1321728615756,26.153271154535492
469.0140914374661,476.57572061258224,27.144582948265338,25.344289499952485
469.1194758960559,480.1385454124987,27.24693424721694,24.70965676489631
468.99920951612194,483.3719244993832,27.355385915680884,24.632575162019542
469.23352888905333,486.0420154361882,27.543673801745584,24.494898400103967
469.5162874049405,490.0324389355006,27.584461296300276,24.155281030995717
469.7979087129442,492.81684947236363,27.685609959513457,24.07700284591099
470.1914769243036,497.3515452423885,27.709254360025536,23.86589720979194
469.61307665620365,500.05666655701356,27.461046460976064,23.70132776016828
470.6620971616101,501.8048865213307,27.366112521085945,24.332385981405835
470.1719286285888,505.6226896662778,27.27337751128483,25.023651563459964
471.447292812111,508.10167414162896,27.05396394641017,25.940952025751923
470.78968225911706,511.5944215762028,27.276237807753894,26.177916949695017
471.24394400547015,513.3383064283306,27.44911995469618,25.876595342668402
