550.5,337.5,12,21
549.1215456086294,337.5119244997607,12.037594922801599,20.864217292287684
549.4045305191988,338.1577315547346,12.183215153313704,20.897308663869183
549.4260452656995,338.4277597964178,12.495058244655429,20.622424334214042
549.6763719454226,338.97715435290627,12.72715381089517,20.64590509008776
549.4454380183229,338.9284996330841,12.768201697109383,20.7595113355461
549.0902030161994,339.0147987533389,12.991971106931079,20.695150659600262
548.850774747289,339.3108238630609,13.053639477179821,20.901811382424675
549.0914747536899,339.56407754843246,12.947843050813315,20.963184165337438
549.381902035578,338.74366293334515,12.926626033576397,20.89317436238525
549.9435642392302,339.2562313972316,12.751018935270153,20.777824851070505
549.9628596438757,339.69857438773556,12.898297924043383,20.59782634622065
550.1631006673804,340.2155299936441,12.938090503050665,20.398336530659098
549.458892778742,341.7683242589165,13.227413815880404,19.86979606339257
549.4118908449383,342.1193519035887,13.475705960517937,19.624654066456074
549.5160188714341,342.6484201021625,13.531500242218222,19.620121437657136
549.492103504948,342.64549841543476,13.720319950953858,19.362707635428713
549.6869498854302,342.9459399279386,13.762032257433155,19.409948530384852
549.6883327389164,343.3976225258271,13.645766223588808,19.03084689537981
549.9598740617023,343.6881429900985,13.46703693676278,18.913709572774856
550.17172128258,344.10305827456386,13.343290740294254,18.773152718863415
551.1901139394142,344.23053179817083,13.280407294492267,18.912397652011414
551.0035716570533,345.1922406356168,13.458617855684697,18.617499750602704
551.2349882952848,345.11332344097843,13.463683693115211,18.64408508461316
551.6211115555672,345.59801764834714,13.574866878647114,18.54687510520133
550.8803652920346,346.519804770697,13.72287749786746,18.346931603528304
551.3506851189692,346.4332797068965,13.872945742138471,18.4234585505254
551.4384455784834,346.20065217765244,13.98581608540271,18.36181093338487
551.6832288693035,347.17800990563,13.958985812337296,18.312037155476936
551.0246519741064,347.8034516036921,13.902480826448162,18.050756325118023
551.8888898728917,347.8906369214156,13.659822699699749,17.8071783268405
551.410824624501,347.46017074682084,13.481951703027413,17.879917569378733
551.9884025993512,348.46680992063324,13.495176729050133,18.14276918276766
551.9299407431024,347.555470538001,13.706193183156316,18.434642360263584
552.5755778267177,348.60460685662395,13.8686464996752,18.392141789133998
551.8137057656709,348.18570813580436,13.844005359279425,18.332843371722433
552.4581931274874,348.4893727742314,13.808886460116758,18.30634282116004
552.1581916189731,349.1540952470244,13.747872536074905,18.215322415140154
551.9002167962143,348.59688813283213,13.558843298326076,18.272367411346817
552.5531270698569,349.50164688119224,13.363793572612169,18.296223103599146
552.7219803816819,349.1764992332867,13.441422633977044,18.062743999652827
552.9434299813871,349.9237106554533,13.552885254787546,17.907016681442666
552.5708482179268,349.63603718442243,13.546274232223915,17.96736256492587
553.0130044085075,349.2848776004397,13.718550500812258,18.11429971957049
553.1416725304628,349.41431087364964,13.567217153925782,18.26657978412588
553.5657679999874,349.4865873016781,13.541832036772231,18.610532261730846
553.0113424053594,349.8421741422208,13.62617105428285,18.903370807703972
552.8325702194941,349.60782103883514,13.551662485883401,19.160469722180817
552.9968334459072,348.8978264416954,13.543957675932699,19.231097615991843
553.4169384865953,349.17505281695924,13.421151781282186,19.20822501559157
553.1373786492825,348.9408743024064,13.329519626760465,19.307072377538997
552.7365053892224,348.65605769603496,13.33453324435364,19.331110600028516
553.1358187472493,349.3259885593519,13.45905176288474,19.522956279438578
553.1227733695629,348.295176778415,13.610509012317095,19.64971913498316
553.0227053148504,349.18208350814007,13.671682376075571,19.657426638248168
552.8394036719128,349.0600113548379,13.759961415544254,19.634564845628333
552.6873174396952,349.1361320484626,13.792053786357293,19.555708473508993
552.6269418571223,349.6208452125452,13.746811097099375,19.39674909051523
552.7981272433478,349.4205821116128,13.743193399055947,19.497951614363245
552.7246408758582,350.2558963269214,13.58484995404455,19.168542728156762
552.9778441658558,350.56477637706416,13.624197747122988,18.920483268311283
552.7210682097781,350.61605371532283,13.794959800698795,18.61318961722275
552.7138969679208,350.56082268753676,13.640435992771078,18.660073387517976
552.4023190504835,350.73030538902526,13.705350341096318,18.598586768863708
552.9196600032493,350.9098855531459,13.665874851217877,18.434849268819953
553.0887666299518,350.68281569950904,13.64619269379448,18.442481015535638
553.1296432229171,351.8415812822966,13.733887168310108,18.530623830673484
552.7627327191346,351.2784117625244,13.642680054403694,18.684650062181074
552.1977258846655,350.9143058362179,13.56115636219694,18.723529668013562
552.5618618284195,351.79015210101136,13.450631364279968,18.636777734053513
552.4628272790205,350.98768095866865,13.535064856014232,18.68533128296785
552.8010574450977,351.5225141030652,13.573134574614478,18.851929222995544
551.9169111228802,351.1178115853285,13.63689769520008,18.862452787311742
551.90521696326,350.78084056635095,13.640193581121808,18.983165195273543
551.9697168587121,351.5687892766297,13.479908373882818,19.180847968235597
551.8174020839319,351.8079539641777,13.60045216690278,19.28739572650901
551.8944492001629,351.82415279649024,13.570469430353002,19.204077016640262
551.7914886538448,351.9527421550089,13.496657759222089,19.11855995967816
551.4541022414062,351.8587389849623,13.430527266170788,19.083317877625454
551.8742268299233,352.8310472204352,13.418785929770062,19.1952578699212
551.3261252201129,352.7546664261209,13.466090452491494,19.23911084999407
551.2318675429909,352.06657281386805,13.546495624748085,19.251410287634464
551.353241720673,352.97808892941634,13.54717509733809,19.357637595188447
551.2317681522348,352.9065904961977,13.37200298248643,19.35282239316333
551.7381670655577,353.68512882125685,13.194659977427424,19.186803353556854
551.7155959674784,353.6928771838922,13.16100896081462,19.18578911900447
551.5779901501079,354.0657776889224,13.170062044577955,19.21187827236567
551.1389927386745,353.1580889861361,13.275583412969281,19.309125327825374
550.6103036275324,353.6396328394829,13.242740707061312,19.237365121475165
550.8704849437383,354.3372741446939,13.282286405089852,19.327171813116138
550.2556774949476,354.3520917499449,13.266972465849001,19.30127482595625
550.4266041805882,354.27785507655005,13.302779279666343,19.286210864172308
550.5390778294114,354.4697079147129,13.402499882820685,19.42164084181924
550.1480296967527,354.24177070777955,13.475412872438536,19.42216616797083
550.5613070364959,355.07948258591244,13.311343315632765,19.654142304511964
549.9350145763717,355.2932382496596,13.140511502139443,19.754797390324864
549.9896280884484,354.2874685261852,13.087589800781986,19.91067461059671
550.0900990456362,354.8431996990337,13.192510551583,20.071706342582228
549.6797681825722,355.22886207152925,13.284782716534634,19.770430591417025
549.6276367934922,354.96109365880733,13.43123395656437,19.876928057768186
549.9055559984304,355.50375896349294,13.56251187158972,20.022653423357248
549.4850110379482,355.36189806165737,13.573334959248847,20.031897804791036
549.7045163637222,356.40254916411504,13.576846475860204,20.033467275366952
549.7115556189597,356.80167855056965,13.671148305424976,19.925760260270245
548.8007089475561,355.99736400548426,13.604063200127278,20.06077775719456
549.265024481589,356.0772602076771,13.441154883679047,20.191871546322744
549.0797059521053,356.7325742762255,13.434535340597387,20.28005582244173
549.1836880337147,356.90409813925623,13.401154135600013,20.279964073104757
548.952627234637,357.17455605272846,13.39458048062167,20.359261635556948
548.8618823606574,356.7305017016778,13.465954655770807,20.148597573452403
548.4106587127505,357.28200440665904,13.564944810661856,20.143174265311817
548.1727840981528,357.43053571748544,13.625901382959075,19.98212643300188
548.3561581837037,358.4112711900711,13.750760132814857,19.944313024337262
547.8623274895168,357.711313851298,13.860579452516317,19.848379403810704
548.277668732525,358.1404300790205,13.766757718605833,20.082833720712117
547.6842999382005,358.12408078053454,13.778239531802935,19.996243299470294
548.0088679176047,358.24133115650216,13.621547402769508,19.86217125543277
548.0650278491217,359.0317462622065,13.518482232789076,19.771666137293295
547.7915761509602,358.7688430294322,13.514604557926097,19.50892753076324
548.0248207880934,358.98523233203866,13.517126858643177,19.683593509920005
547.8881269424038,358.84150318557016,13.490587076954142,19.535226574165936
548.315076897726,359.1788904516857,13.334266371345908,19.71940963060757
548.46893892293,358.3607583406101,13.390153542251547,20.04044622500445
548.147833529509,359.5349981611772,13.377038916343245,20.181527903221415
547.622921992542,358.74316304326175,13.524140346829126,20.250885037283908
547.5420596630028,359.66318128603984,13.557862794456145,20.42837708566325
547.4028529376664,359.8765334711222,13.568109434854879,20.51484009678518
547.227909857761,358.9936582863772,13.661403887197682,20.573119095578107
547.5144311938556,360.1429180462916,13.490408282889153,20.68260147546862
547.6240477803968,360.29336949196727,13.559685402574978,20.589410995997646
547.4168561705119,359.9243921310525,13.496652315610785,20.74237837546962
547.5880505967377,360.6015417322316,13.457426574368965,20.62079215719639
547.2720473287982,360.72016732169607,13.535294807445162,20.678938349321253
547.1037036984952,360.59681470585645,13.513987839449651,20.6832897095358
547.0844617662756,360.7181147559633,13.25042534530354,20.60594874707173
547.3704908900703,360.3279407181091,13.247602660992339,20.657427503817992
547.6200741440827,360.86541604029446,13.345258116754565,20.717345362064123
546.9440589694127,360.92754228598835,13.389842939971555,20.652276598626297
546.9021872592754,361.05130742099055,13.76782778862141,20.50516976895906
546.6135989610464,361.84755456820136,13.821879869069061,20.52149829710823
546.3012275192907,361.6073518140648,13.786973738107411,20.60266012275839
547.1507112790586,361.75851941211334,13.867887815137067,20.4552444466818
546.9460751505895,362.01529945765515,13.689664029823408,20.474533429008304
546.6250731204601,362.30274972542657,13.63627405092829,20.40705903615797
546.6073099174293,362.3930130183736,13.684678326409507,20.499781569784055
547.208277023696,361.80623595695545,13.655037180854684,20.704027197098867
546.8231862705973,362.24441051966824,13.547241733068766,20.961360203440513
546.5827625655606,362.1156394690875,13.586766607865743,20.793869986963667
547.2603859037202,362.226493575394,13.644140833607846,20.655893291546327
546.96333527137,362.5458356517865,13.60771567485404,20.740222718606788
546.6853287251224,363.4290928861892,13.769680553390542,20.807763077491423
546.3279675945848,363.03739180528646,13.848875203686836,20.73647993274789
547.2336833308929,363.80310849793284,13.79311153674248,20.77842594484744
547.0482191328529,363.6369097806827,13.654444598292613,20.849289046118706
546.879889728205,363.82261601124276,13.687380489554839,20.723636891714428
546.6501703428127,364.1171336391278,13.707383927325921,20.780189020645174
546.5998186469418,363.8725524695419,13.767206069014065,20.6614615287508
547.9683527194159,364.68559555120606,13.866988328805398,20.70580089967081
547.1773761152267,364.9196192128367,13.983110257429075,20.57997188605041
547.370670102377,365.3064313121529,14.22311879353887,20.51815642851085
547.3244405638233,364.88030737365,14.12272036675515,20.325927558003745
548.0528601505298,365.2586051510858,14.049117124738666,20.535373448864274
547.6440135886866,364.9076027966495,13.99387030415781,20.58016131079399
547.4232671853624,365.5828541583602,13.894028302933405,20.718901737129965
547.9785769372686,365.34430551711284,13.823412575671203,20.7745937936324
547.9277345009675,365.4382297216476,13.695158568664231,20.76672627352573
547.9994332167088,366.15848367379147,13.766189591819314,20.526007654897757
548.3474510836227,367.1191781659709,13.819652284905821,20.368054034308408
548.5984351143682,367.3390276668893,13.922330608130737,20.140455404189964
548.692132938415,366.9937864586402,14.188110623985025,19.99034656883807
548.6204436059326,367.2836873663406,14.195248031759373,20.036028325920345
548.664221644453,368.22670826632447,14.140856657074321,20.177863856732657
548.8251142946144,367.72312385363216,14.078572307326443,20.247789220508366
549.1861115641068,367.7048266741916,13.9711092853703,20.473265453473918
549.5648648851982,367.8408073489242,13.988462429221222,20.501328822054873
549.3539301991337,368.12278959655805,13.938944832260567,20.669655965638373
550.4941604269843,369.4548938722711,14.039032138476644,20.446136739544944
549.956522756048,368.49424364615743,13.963811831965241,20.602419563102536
550.5254699940893,369.2531511225008,14.06634830700081,20.555529345485063
551.0052268663862,369.3945459768854,14.043601484880929,20.661936688240992
550.9528064536954,370.2954854616849,14.020752784777613,20.73455727804443
552.3317791832202,370.18794689442774,13.926993088133486,20.8085420078356
551.5238228577895,370.2671350359838,14.062444856808106,20.65884523854299
551.723276993276,369.91970089705785,13.813754759696284,20.88096389571882
552.3553796094567,370.20066244137195,13.969317383932891,20.748120846353427
552.4932488627751,370.41378314996575,13.770639509703951,21.07260308915808
552.8112280867642,370.66205447281266,13.876313404064042,21.2750491195354
552.9147256573646,370.7196669757654,13.822166655588433,21.210077091388648
553.4841435627968,370.3634739915441,14.027100633466059,21.174578130651074
553.9783213072352,370.6810552738604,14.120845774395704,21.27615776448564
553.7120303916341,371.18228346216495,14.095466260879029,21.328914124006317
553.4775882820445,370.4677369213963,14.120378369310032,21.195826209602558
553.543315131241,370.8825379774788,13.911406662267614,21.31337081117117
554.6805282030457,370.18202744082254,13.77863787110573,21.301497516312043
554.4680811258041,371.51294156642666,13.759627387298421,21.048523749661904
554.4995776585539,370.95674512406043,13.908202066411508,20.764216490580274
554.8406877097466,371.4334846630885,13.940779103193929,20.74262652928809
555.0150698906284,371.69870010031116,13.914353650341184,20.906724174950156
555.5528772973895,371.8441523479975,13.933745302730813,20.82664814778091
555.4140601876481,372.55220619780704,13.959630334505707,20.68430183980157
555.4579906001368,373.29643635478294,13.847726040769867,20.466030572709528
556.2117392140394,372.51944711513755,13.998383419783703,20.4990558735946
556.3537450502685,373.3084024392935,13.748957849096197,20.545749092813523
556.2960760262484,372.972663620754,13.900145118186964,20.466044948600473
556.5779271668147,373.5445481711787,13.822273144061171,20.71112534459259
557.0572360081222,373.16523803263766,13.81247575439574,20.84209577798182
557.3950875818183,373.75333636998994,13.763620231782443,20.927833145254226
556.7653087116075,373.3935123476246,13.81269275224852,20.742673026341954
556.6312316471908,374.3046208891549,13.816609507014519,20.64937699907521
556.4975617694053,374.33828666712566,13.86062433787841,20.752055160478953
557.3422473999841,374.746296127203,13.821934333968644,20.886220883592834
556.7620393751255,375.2127396683083,13.615836177753124,20.795692748182482
556.5385067828728,374.6348744453469,13.569621696549934,20.883078958685005
557.4670254914034,375.7740976117107,13.768225930642325,20.83560420074072
557.2869773808179,376.2536025648152,13.851199386033846,20.82471697471894
556.8670643295602,376.18315627618017,14.002354018860839,20.73254889401098
557.3468788040119,376.27938442442553,14.059598787265537,20.825793186938697
556.8012062868663,376.8933920418627,14.099081462509737,20.756441820968504
557.1839043148603,375.9644852779927,14.2482003057756,20.96646825459223
557.1983606044914,377.31056663752827,14.306280966333336,20.967517091002044
556.8846052143771,376.50110441653555,14.405958880847038,21.128994600194744
556.6556604708711,377.7543684368624,14.473416874338243,20.96233963502625
556.268430570046,377.3544034325603,14.506332727338016,21.077083853568645
556.6844120117013,377.16242190790933,14.233393879958184,21.286740316485783
556.4254772194314,377.28292083525463,14.226215804623997,21.310737798327715
555.9989762701346,377.9309646427708,14.344777138108462,21.203032093619484
555.9396306721491,378.02293503096234,14.39063621163433,21.186934510052247
555.7453209933427,378.5839577524473,14.50812882211552,21.05403231945506
556.5016689980314,377.98784695680285,14.65588660912492,21.190370860778977
556.2103132428143,378.7907910667333,14.61487824851491,21.36098083942734
555.5230263559206,379.0353156719254,14.725543993699869,21.182503716807926
555.4462327721034,379.55300794110417,14.820469029905533,21.104393615401065
555.1349270626538,379.09943026491084,14.98099022477706,21.186555357405616
554.615252083681,379.1217663474134,14.915176370085344,21.341332731584977
554.8525032650525,379.70809083883466,14.831712782786436,21.415615301629444
555.055493463677,381.0235036375983,14.771572660825067,21.356979035156876
555.078235711957,379.63293997670354,14.732792140806781,21.641228209821158
554.8881314201835,380.93138076656953,14.604761812725013,21.900704442970643
554.0937466435332,380.8721832086746,14.460703941022501,21.752443070580412
554.5199713252373,380.05192046855836,14.509822930790577,22.068363324296115
554.0705280285947,380.0534944411241,14.473647115628312,22.080895137206745
553.6613036808627,380.3035906924453,14.370423586094013,22.126282068005498
553.691528751617,381.63115464858134,14.566793527249814,22.284790697100036
553.702687926171,381.5836660514642,14.711287553329718,22.08370107071275
552.5472958240325,382.45894278872004,14.72962895899212,22.06774384864248
553.4648160400125,382.6548405442689,14.8611389964308,21.90349158727114
553.0557605353707,383.24381312679265,14.857377592555759,21.683200838784686
552.4123559122885,383.0964827661426,14.957266553495309,21.50200790832277
551.9723757934253,383.6318102636026,15.202543480236255,21.635761439823415
551.7363660162695,384.18532054411685,15.297103597892864,21.85335838386847
551.7412713027019,384.4911540626918,15.497109749089955,22.030332263066093
550.8663145926079,384.778605544514,15.498888079403844,22.164282842226346
550.5922165162063,385.6304776060087,15.732910444374511,22.02685866171138
550.6623760476161,386.24405663646087,15.708901389425213,22.04319487303902
549.8286536633152,385.40050686978884,15.465710329055241,22.307011544673564
550.1048140109742,386.50858843771334,15.382441859088392,22.56624075043833
549.6744170746261,385.8284314810315,15.537991250221092,22.642940624380962
549.9850217377732,386.979864400811,15.715126118815903,22.604577310151534
548.6592956136595,387.1733101722256,15.758416917610882,22.755911239295635
548.6243968565101,387.37098196605655,15.855383147282542,22.827503196839817
548.385776341766,387.4137109629036,15.903656909495705,22.810342529710525
547.8288069804128,387.61673761580045,15.824988348610006,23.030621328122955
547.3568695438412,387.26314113673556,15.729035755742274,23.27752006938143
547.8471443749025,387.421312088011,15.46188329849534,23.757088644468816
547.4628355636194,388.3092747258551,15.497428520968715,23.828223810751403
546.9909579484273,388.6495602873104,15.42787904096462,23.872669877820428
546.0648330729139,387.95428855833615,15.2482915670312,23.532545625464635
547.1583846438235,389.6354839553858,15.220246042399406,23.58292081113226
546.263137037965,389.4499423681631,15.217930337215794,23.767294477277808
545.5964848283783,390.085465840896,15.324765358844445,23.771370651166194
545.7429047494674,390.1908065720567,15.367218392433063,23.65674532235345
545.7562070425291,390.59463121045053,15.555650392236394,23.512775645327828
544.1998367417706,390.9047139848092,15.547353272119562,23.937900924361706
544.6966851696637,391.1157342821799,15.689832764065855,24.19495464419535
543.7712606051024,390.91644604580836,15.600980693656993,24.599930188248205
543.5873805907836,391.8285875422428,15.851978821810068,24.43441799501614
542.8501435336893,392.3718176789864,16.288730467622372,23.84994982796656
543.0254512592487,393.3151301149386,16.189118639512422,23.699560217025702
542.971593764456,393.30567958636425,16.1576184726619,23.77873776387924
543.1012216029254,393.27967974014507,16.21608332814023,23.513557240005206
542.5673403436643,393.08877144104196,16.22520715476023,23.6051373055233
541.8547537552827,393.70269866161686,16.23029609347118,23.767528421204815
541.480237600826,393.5867544624034,16.049599715575155,23.41393726211753
541.5103614427434,394.2063762555052,16.119113250765,23.443694444575552
541.0474229997302,393.9905430293366,16.29481925027474,23.913360813734396
540.7603504102506,394.3251154898206,16.11405741724812,24.259751008962063
540.759039031411,393.59022976238043,16.240285858373174,24.757272657915067
539.6552007706839,393.5372933544761,16.463932729139202,25.095155897860913
540.0435007952451,393.3977321431365,16.676160325795642,25.289962670374955
539.6753946966144,394.4427565105394,16.70519363235185,25.63825531473477
538.5575313966015,394.2065720667789,16.650634168229768,25.782468476061418
539.0095457362333,395.06444037796774,16.662021372030186,26.064821405609408
538.4774672646769,395.2536743326952,16.38516047285032,26.3289486084783
537.6353777258189,395.9240618572076,16.141784227919235,26.696116522099928
537.2088854299004,395.6901350256935,16.081271192974885,26.71786515196896
537.9482135553158,395.844101560572,16.11455780560844,26.92184168628445
537.1254095747569,396.3227064118984,16.246991828928778,27.096299716824074
536.8050862208423,397.1819862056751,16.2987922704882,27.03042958621039
536.951722417267,397.42826647636866,16.334874700274536,27.020132848305394
536.0676611443062,397.6168025879472,16.266549172808915,27.36368739659836
536.1086830741464,397.1864893461063,16.409909739583956,27.28713801033834
536.4409700188221,397.1673397508809,16.415369424336934,27.560038772945227
535.7134465851291,397.305883918403,16.43511176920845,27.65189472520099
535.9343396465863,397.61468170791545,16.44243606485236,27.732674967289757
536.0436319046851,398.45661066441016,16.464961396677126,27.446231142549543
536.1156007879022,398.6441436986725,16.49823995147281,27.11399582437103
535.868597134243,398.9826687242696,16.569470976957525,26.959135926775627
535.5504699686431,399.61478508962205,16.68301367352127,26.895036758158795
535.8548173073289,399.904618045816,16.681792011935205,27.02786384818554
535.8537774538503,400.95358864098796,16.87091578806328,26.913173275822558
535.8541356961978,400.97254622143714,16.98962658200609,26.982022476186607
535.837658301863,401.4163585660354,16.96645302524566,27.234866026774334
535.1048371777956,400.61339909726235,16.955275281315252,27.089635190722696
535.2001298066506,402.08827600338145,16.64667360926095,27.221573597265
535.0299097864871,401.8229517148321,16.614303047399666,26.886914485650614
535.5695944462112,402.81367062875495,16.643722814293263,26.766906468328926
535.9978304142062,402.72991125566546,16.677318336456164,26.582751879670916
535.6075360532184,403.13260341764556,16.734174467756585,26.5790977116555
536.0832866404756,403.9025185519252,16.68059211362308,26.649835608875414
535.6031735926504,404.4189614101708,16.78226396523217,26.76692972217233
536.0059630538852,405.2205470131493,16.887534494781207,26.89567232122325
535.6627336441636,404.7276123196573,17.16026594133976,26.65822074720887
535.4231979624788,405.61574712005955,17.129016522047937,26.894875579158807
535.5942940127874,406.52280454866394,17.181603269125073,26.88753509977287
535.8701093013561,405.9870770037242,17.167771037076633,26.421537253479855
535.6869233196277,406.19989533662596,17.213524132659266,26.230634780166973
535.5828776573378,406.43018611823834,17.283685913386197,26.239211598165888
535.369527370482,407.28947857029584,17.575169908256694,26.135955363598892
535.9789144002142,408.1737118669136,17.6604220948631,26.03155913817649
535.4756060135669,408.6918342910471,17.70360554286706,25.64841883359547
535.7338357683706,409.19187412077423,17.725909973593986,25.388116679538953
536.1007010790751,409.9687549062543,17.828479904076406,25.41558145745583
535.1225826998523,409.9901066085998,17.747205552216208,25.151968159252093
535.7996129173908,409.5758313321741,17.544275793408595,24.920535816252308
536.0860961527889,409.98446078825475,17.447027105586894,24.999378736480764
536.5019620644052,411.5249225480378,17.489165774335653,24.74832305672797
535.995997121167,412.3033714298403,17.34262503016626,24.59720894638219
535.988415591097,411.6958421310651,17.131173108416597,24.61873173918415
536.1972232340895,413.203071831654,17.087221694911833,24.250133725259197
536.7273745102314,412.96541165851573,16.88993330421495,24.302911410107228
536.6154703282742,413.3076249496711,16.767498376035917,24.29309705189843
536.8835715034681,414.50666073972525,16.715096228256282,24.61771891508856
536.6693609560512,414.37026229783544,16.63226795966783,24.87426590749761
537.5126331348649,414.20908143933667,16.61825282262123,24.94156373308426
537.323677891549,415.14120230548156,16.787319467104417,24.978809589676978
536.4633418144381,414.403161686309,16.767343590091514,25.054663281330257
536.8909180102171,415.00347881278697,16.79175578183506,25.12482675786645
537.0369613807599,414.8672148069698,16.863302226374547,25.17383925894166
537.4938038990377,416.1635812484915,17.052622122222346,25.446709346021592
536.613358694274,416.50512015355406,16.951849190227755,25.393342806228844
537.0897714531311,415.7478781911135,16.6585411395353,25.326378533745153
538.008420587187,417.0135097884974,16.505807461877797,25.342937337573467
538.111548368674,416.39265196116395,16.37049474037385,25.276767226211035
538.3003609033251,417.16828176002673,16.124406318749195,25.22310877995182
538.2584452657545,417.80545444943516,16.315160086275128,25.43298736296511
538.8446659821918,418.05846852062035,16.547130803783507,25.057887975401297
538.6271834399838,419.2222378461219,16.42604135567177,25.138112805538256
538.9529344817793,419.3506498811795,16.378252724896758,25.160921363387104
538.2959506888545,420.78873948424217,16.542025785027576,25.195767681401254
538.561852275499,421.2440028632335,16.446686057163816,24.937945043100896
539.2367165054407,421.0245177154911,16.28490522816253,24.83305949265752
539.7371976716742,421.4242965626802,16.285354929730268,24.878789359695936
539.4669978436763,422.4366344510453,16.33796623633621,24.87039757191843
539.3426851336183,423.10030021050113,16.352132092362467,24.649743108365506
539.4705151597122,423.47842920315964,16.354889288900345,24.494523817430263
539.8784757984216,423.5329932369096,16.357759937388586,24.430090035770142
540.5598338768873,423.95786300089617,16.472932245384946,24.292992283405
540.4984312561917,424.2335205222491,16.63070235371248,24.3702733081278
540.3969212831763,426.0637112975224,16.608997485447475,24.088936767194255
540.9376481637414,425.0831117753173,16.825842083234406,24.168193897045935
541.5836005927314,426.6057814264819,16.79201389304014,23.821226720342416
542.0834886443187,426.8341954219013,16.746842355962862,23.7415875610714
541.5158287684351,427.1315526337326,16.837609185481178,23.850249728614394
542.3835991916499,427.6236538151586,16.699986015023484,23.651719493962933
542.3155053386985,428.6599744949413,16.77523709487951,23.44184046636007
542.735233467838,428.5936680478507,16.71678329851054,23.46006536404648
542.7071083286198,430.30056497172023,16.884997348230566,23.521526290401095
542.5800801739235,429.22557169488636,16.746409639688462,24.051693083746272
543.3400089870385,430.77413628909596,16.511929039062856,24.40192894087452
543.3222155924357,430.0342450857445,16.228697169678092,24.888863249299504
544.5992492438869,430.88858046055253,15.99313348501596,25.110777288005803
544.1687358654941,431.8724012765593,15.562414459903135,25.174245942704985
545.4771606189171,431.41024224344903,15.3585378801507,25.48081825182249
544.80437623975,431.3750088906465,15.505538651996295,25.127597141761335
545.2488191591318,432.51052070934264,15.810382809913982,24.8897916497396
545.1853638337054,432.7612297005136,15.97261494229262,24.914904767670794
546.0238611973392,433.0163585498615,16.088166964140125,25.027691678998547
546.4526110610905,433.75705032842933,16.244529608082402,24.767954907598906
546.0885378948417,435.41455552198113,16.30381347853599,24.442986253283337
546.9899865735939,434.5256202472766,16.611596701170868,24.743617193927825
546.7013517453311,436.28099403752464,16.515310208690686,24.71048449303983
547.6607793704003,436.47661497747396,16.63550935232056,24.877123372380467
548.0137234356432,436.92937143811395,16.761818470770404,24.705256963131955
548.4125033181318,436.62381634837004,16.865955983815837,24.765052848281627
548.6621154790647,436.82201508042937,17.060299891625313,24.40313094911964
548.8512239519972,437.89567930288683,16.972262436803405,24.62307273545157
549.0478152825916,437.6234135445727,16.98572251061902,24.995773642639094
549.164703712433,438.5671671709122,16.90865624582881,25.391505277746923
549.758607751994,437.7833003156736,16.864900076153507,25.80571530467609
550.320119395034,438.4835268933209,17.05165512278374,25.635899818944836
550.3538770630769,439.57983617392006,16.969140655026077,25.509266698954452
551.2443575857809,439.5027148179439,17.181050298056288,25.45964802532282
551.227359529723,439.86470243061945,17.08678116342328,25.453236667540807
551.6046458265404,439.9722220933359,17.38143318488541,25.5083815907937
551.9955995895359,440.1880175824009,17.550735144425335,25.404579889502028
552.1236769242454,440.8763472063069,17.519298628483128,25.323946633129864
552.2836180098617,440.93945186757895,17.480754523113177,25.316193227228794
552.6211069567834,441.21373749117396,17.482260737240995,25.31389306577794
553.2378699947734,441.98712492118256,17.459989734808246,25.2525097033728
553.1610986338012,442.31927781097744,17.455115097758167,24.88401566632714
553.9726637925779,443.1405449008891,17.53224065102379,25.073139373008974
553.7609324251357,443.46674606114505,17.707978897530662,25.199211264189948
553.9935557435615,444.4418640832681,18.099332902883464,25.105813446262076
554.3462699461869,446.1935798522126,18.343075146684164,24.93761559672756
554.6730440849805,445.3836189717716,18.159435195961258,24.914789955418406
556.187781055977,446.4245357893357,17.87035775360205,25.178561693672833
555.5713955258936,445.52985578093234,17.689271353746705,25.46502409027841
556.2327721783081,446.5521821181439,17.815548448240513,25.32326567435452
556.140921919653,446.909180384417,17.58663879232512,25.429319619789812
557.3420420394636,447.6498753589739,17.31793822937025,25.549912621840292
557.9399564750355,448.1527097034485,17.09871781340761,25.404471458125318
557.7538273557723,447.94478947610406,17.11122232402122,25.520419308463097
558.775088688235,447.7337616657475,16.946811617599487,25.507775006376185
558.4017353271275,448.7953750383442,16.932701765717738,25.481829240339295
559.6092326066719,449.42562523128265,16.975890256784737,25.745239496132633
559.193829732037,450.2406864874475,16.92836273550454,25.818257361801322
558.773605831279,449.85149339872686,16.788165774504392,26.124157907538272
559.7284249231953,449.75656618954713,16.62443287078514,26.17887789715818
560.2097273687001,450.5228864895672,16.31459843942752,26.462600512564414
560.8460341343811,450.4807498819222,15.956582061729268,26.742394248064766
560.9399045947408,451.90508137508016,15.755810469495088,27.165756608504836
559.9153972492713,451.181904611795,15.945028874804866,27.31874465655944
561.136932036798,451.9412081026515,15.907658552833764,27.10564962629301
560.0269827636719,452.4978627377833,15.962813914042666,27.092844158328887
559.8800996384724,451.69101976016015,15.913275977382266,27.295825858471204
560.5089564376902,453.5063409908092,15.719326116625059,27.602795453905287
560.4016751067207,452.2542111657856,15.687140807983138,27.601941263849266
561.010289110272,453.5402898852495,15.748858485313665,27.599047283173512
561.3340216037858,454.05193641824087,15.48263845573291,27.60516207603925
560.008270686921,454.59821643004364,15.719141519702436,27.174576005680763
560.2005393602317,455.344175238811,15.680047690050776,27.08474226189493
559.2856546888761,456.38451413373093,16.300195484109377,26.76943996701194
559.7644384060214,456.10477194912204,16.707286167112933,26.80658028343816
558.7119538840418,456.80619449217113,16.79409462948348,26.66286603287314
558.5338479662029,457.1468408504563,16.859330030215126,26.662629398551566
559.3091892062329,457.64575253436755,17.077715195228144,26.544715546109888
558.3665224145326,458.8831806114367,17.206802331065493,26.653584844394537
558.2688289405367,459.5614726200926,17.400724298868663,26.616224350222772
558.499483323861,459.9720200243764,17.446534234154715,27.270588640471143
558.6994208771159,459.9440342743892,17.577576295308607,27.527695865228416
558.5248610680617,460.5645243101062,17.694178000433002,27.63680236358047
558.0091118230175,460.75859664155973,17.628351999974264,28.0878075930036
558.1064280500026,460.61422203810315,17.644944891734973,28.203410656361147
557.7798804132213,459.9350397282156,17.80879758178423,28.27056426711069
557.630938853008,461.14108241694646,17.987658362628313,28.07739649791
557.0536690924497,461.90029133658254,18.284428930898564,27.983329635581885
555.9566116702142,461.9750656978882,18.539621727754298,27.98029619297882
556.3526089149383,461.82209325639974,18.49961350348871,28.012953153811882
555.2080793854196,462.4086906626786,18.565680857585313,27.83018941158182
556.3967898902525,464.1193960752504,18.605806120197258,27.84577504639921
555.0356975456067,464.54621784248957,18.571879664469513,27.945373635047858
555.8206485958854,464.1188616468705,18.85050046544709,27.875007157419972
554.8112708829688,465.46172911710335,18.952605357604185,27.622359327473788
554.3606562853913,465.0245856546613,19.224159224027478,27.686013844692685
553.5923067570387,465.50574779871346,19.078870756700155,27.632511377801002
553.3390407589013,466.7285894655945,19.154834355929864,27.55594363508819
552.580665787783,465.7281203822652,19.174684931787677,27.426672117374757
552.7206460479413,467.23795467102525,18.820826863451234,27.23978485470461
551.7844408981257,468.3047086549468,18.945718266025676,26.90065039912949
551.7289461011839,467.2931710288302,18.88844567624316,26.96047596798259
551.805068312296,468.3436833529049,19.070284721740745,26.97027471270127
550.58240341539,469.2758994925389,19.082496649036813,26.550913296203312
550.7105508320521,468.216534115993,18.930201802957036,26.80233400214549
550.13966973178,469.13489635441636,18.981333829818084,26.76872155532806
549.2339403814871,470.4403533868584,18.95563599620903,26.72225560865371
548.9098933001864,471.0387627487579,19.09530247927182,26.42419887254092
548.78087561481,471.53349218463046,19.311911195119272,26.51151960475401
548.6113505846527,471.9602661308201,19.453498741391236,26.448473545336732
547.7147742785928,472.6581508794747,19.385002317103613,26.24261231409505
547.6851685787444,473.4243795001904,19.606301410610655,25.921862545464823
547.2253099538245,473.7045514881239,19.840948026562383,26.16661263287987
546.112596200141,475.88174869657416,19.96411065279537,26.360488918341336
546.0163275785452,475.4782570431199,19.507914458925598,26.85296748262744
545.3404103486864,476.5551678802232,19.360067684283436,26.737135901652106
544.7422387102298,477.9341150297165,19.074472956702884,27.28012203479441
544.6657579963447,475.9469061354828,18.844810086138903,27.524645185200324
544.7568196361501,477.9821337870218,18.683057207970283,27.931657895885756
543.5468748465489,478.1240276811675,18.307274608904308,28.017145021859047
543.8022828112718,479.25792889199613,18.13885994555654,28.313166538571508
542.8285156701735,480.42871068126124,18.052566684494405,28.434716267994204
542.2282284673134,480.6596515617694,18.178287193119743,28.536800065983556
542.422531531043,481.75146045649603,18.326633620840223,28.509061297221272
541.3596281041933,483.7826460449879,18.454202864676276,28.731915034788226
541.3776601810097,482.68196109977083,18.880038349219646,28.799848960638048
540.5980161680654,485.10890109625495,18.849842279534617,28.998368126147575
539.7926979285855,484.9789618533798,19.108443593661413,29.198882751260975
540.8710045396307,486.5407384955347,19.16696570749335,29.286067649019103
540.6850043259507,488.5219640657773,19.364192262954788,29.692534927418134
539.5149292906518,488.9455722749633,19.258953062769965,30.086935711804934
540.0449916048128,490.9678111272424,19.0476944799229,30.428212592512914
539.4457350128598,491.5872432348039,19.141125509555025,30.43577960888853
539.7264866261238,492.5827084306218,19.264645173594744,30.642378533201324
539.5307403398821,494.3955918147206,19.371868085366913,30.914848516560053
539.9760470518736,494.879774159519,19.4929204824594,30.798530018655526
539.6447204438259,496.84407831142346,19.456488105331115,30.8949542351409
539.8880499585897,496.92160474602906,19.58377676533676,31.0535577258406
539.7286840087964,499.85992001613033,19.597896207171125,30.955721951110487
539.255939407209,500.5249928300426,19.724321091212126,31.194966977849795
539.7134404065168,501.3802893696941,19.61314095434049,31.81411227707165
539.6515541272107,503.7303161884072,19.544763560898705,31.786810543179342
540.7597833192082,503.87821158746016,19.543886593987533,32.19049628516208
540.3444349490751,505.627940528197,19.459368438051595,32.18616918104753
540.581209763523,506.59111957177925,19.533962136392,32.17764537580431
540.6168612261267,507.75461434033474,19.573343725230075,32.023891255105724
541.0749128628653,508.4811089105074,19.89089816945789,31.440898364436215
540.4828791809884,509.30338543798524,20.15929466147696,31.332271532281613
540.1993597579237,506.33349266938166,19.921092578479612,31.938578141876516
539.9662411827173,506.08685161721013,20.115566463759492,32.67808436647882
539.548174258084,506.6099551975158,20.139884931976095,32.8075016956518
