546.5,409.5,33,73
544.1192276280508,405.33649773304114,32.48231128824041,74.42274056068163
542.9590526986268,402.2475197532495,32.46100255486431,75.03500075763063
542.2552380489968,400.2706110554969,32.633449807234015,75.35969661115897
541.3164623814848,398.0630077636048,32.73114136099285,75.42106665853572
540.5382810792261,396.0681344564718,32.92987263978848,75.33004373392224
542.0756070406242,391.94481675756566,32.218840282955995,75.46353616451037
541.4177666215846,390.25173175349653,31.872871655474327,75.60294103592989
541.7849071022079,388.8691401842291,31.58006039337204,76.1219712966572
540.0213126455458,386.7738468373264,31.542682694452562,76.15343552342149
540.404360800354,384.3031108686797,31.621787817541268,76.22873800804764
539.812080521668,382.6864028984131,31.67284350735945,75.96571329954831
538.4166349615151,379.98527295071165,31.714366436899795,75.63805233084598
537.9406003942149,378.70332198437,31.927127929517138,75.29329027541587
537.9406843864231,376.11519567842606,32.121767370242175,74.97207441577667
535.6112641013067,374.59138105211923,32.64631772212179,74.96493486765486
535.6794265155571,372.5883718901021,33.18479376642349,74.54033347504485
533.7675237280952,371.1038797954431,33.64626556678072,74.06312659189885
533.939134980813,368.8499151564936,34.26325892791088,73.34845731709403
531.4069587027213,367.58260043744446,34.71153167681261,72.93428547612429
531.8119264225855,365.6460187542996,35.338407922646326,72.29501817453689
529.8345138894834,364.9381822911331,35.71471555186942,71.71079505137025
528.9419696534114,363.55500483990926,36.2769076865043,71.29563521382768
527.0591860365088,361.4668049138965,36.52793091014713,71.21248926278311
527.934319590685,360.4596752375909,36.89780673850133,71.70844295610033
525.7715902669952,359.5594713024715,37.66069719816739,71.2575504914087
524.4436655007969,357.9192204582996,38.18244677023681,70.91353307002649
523.5310477976725,356.48267045397483,38.405192228212826,70.84633785925462
521.7997384284329,355.4731524482409,38.68639040204072,70.73743989168807
520.9920419574099,353.3619966522675,38.95905365639578,70.88347375078573
519.6618838237703,352.31592906958747,39.16893142422447,70.97857901559499
518.7075423712536,349.56141387813597,39.26517977515775,70.85104609741157
517.3949794338021,348.4502816649336,39.799343478506195,70.45241513807407
516.1044812173227,346.6196057089254,40.3580706625026,69.90795364219251
515.0938204170271,345.2525082506001,41.19706475416739,69.3100381538749
513.45828690903,344.683802601953,41.88510822203535,68.76529849120053
511.9018808050166,342.1621128484515,42.07197490966113,68.67377122940471
511.9779114691508,341.6410088859257,41.9557197418129,69.11974262749017
511.36652904393605,339.1960434170939,41.980843934817514,69.67704531503173
510.3216769087368,337.3455061375047,42.425062088806726,69.8469645263861
509.2009882458301,336.7815048112807,43.04453551828823,69.58458691550553
508.02955559533075,334.61009534833977,43.347059918865796,69.49849749330389
506.492496214193,334.56097966044325,43.87198768306389,69.1475055593415
505.8574947837535,332.2904927953855,44.212417723279515,69.17220960561914
504.8071819669587,331.8327725077802,44.45357668492546,69.40706759787912
503.4436389122898,329.5875747028048,44.72274176612594,69.81515253125536
502.07402522217427,329.77982543308804,45.012821206675085,70.26411384544232
500.7883850942909,327.7747390618436,45.30242493160384,70.82672532389316
499.3767885005328,326.2560031061767,46.18534876811441,70.8693594743016
498.0126231501719,325.4759529244424,46.92056380530783,70.7421911037919
496.7202692447036,324.5685324189975,47.38441437747488,70.73683131378604
495.16021059580714,322.94089511326433,48.20255046455916,70.64422508495088
493.6864545724969,322.05420831207994,48.693636129114786,70.74378033748141
492.03011099844343,320.72073679873097,49.08164805101023,70.42658129913112
490.6405440653944,320.3813174494984,49.632214316858,70.29211593093825
489.29219481339794,317.9117679561335,50.260364856754954,69.86826459265588
487.72573080607333,317.2392959318151,50.70441576569122,69.5231868879815
485.916085101752,316.0252455916897,51.06945760158,68.78751999201461
484.8531810224473,315.70419873129003,51.76236831164964,68.58853328564417
483.27291422542515,314.99200526930554,52.282872236885986,68.03573424502883
481.9861455829609,312.9333149060399,52.7590162475073,67.88425606195315
479.79166958403795,312.5426984699854,53.73595113834328,66.93322632267304
477.6254809955861,311.32790568272003,54.391544276703264,66.39771780769568
476.97051079095655,310.4462735770369,54.533181673114456,66.33935273324963
474.9697642143781,309.72888904717956,55.456855240471214,65.74428871457988
474.54780325888174,309.3733865049485,55.444198741792064,65.74902602493695
472.48112775435436,306.84754782763736,55.849791581672655,65.38719210331406
472.53123322507565,305.9859163914526,55.941244039568836,64.98250621469731
470.8503914529938,305.62555982405524,56.34087523845659,65.4735716534738
468.8948157039632,304.0053003932229,56.74703115202982,65.96880953407461
467.37424770611085,303.1939100062565,57.335969357588795,65.84125902539174
466.6630218730717,302.0358424432773,57.775239070236836,66.14897296871767
465.32220843371795,300.7386011265303,58.22514192512543,66.52942485956643
464.2734929560931,299.8667653997865,58.93074970780586,66.99584554629986
462.8117189656681,299.3023165176156,59.530704072170195,66.89548978013933
462.4007339594156,298.42958550683693,60.010888117325194,67.58611910478209
460.99485845582024,295.314184170132,60.62139596236074,66.85260302590301
460.2750541795192,295.5994857825465,60.88689469841166,67.30887744275199
459.2542004828506,293.99112565630037,60.99695634074938,66.28425610436285
459.8688855282519,291.9225575699591,60.80058516943376,66.01088698224557
459.29894142340345,290.86894420143466,60.74295228862324,64.87982650882996
458.73974295268397,289.63695148403514,60.91779757047817,64.32804365406301
458.3676187632977,288.5924811067559,60.91778104856629,64.18700155568568
457.6255265273015,287.1870512977981,60.84221234100862,63.97638657376301
457.17603626491456,286.11865002631055,60.647661734038024,63.54845346572189
457.47578648470693,284.84138953866943,60.56907942532796,63.49159457917247
456.6438977826653,283.0896264295342,60.372026641613644,63.46876100091887
457.02100525609376,282.3651649647434,60.08144904674644,63.14202353487812
456.3116548327095,281.1531687088127,60.043541836492864,63.169080583787945
456.3808151250466,279.60625892247606,59.98279773262461,63.159818691693715
455.9241863262504,278.5912805507137,59.8897606028916,63.170428721198704
454.4425941141691,277.47325345074285,59.89464729756192,63.28680847694184
454.5671024764319,276.28505495157816,59.90780804038253,62.9933408207302
453.82690118246626,275.2814738103594,59.888552401346985,62.981969634921256
453.7728543086063,274.23092539472384,59.77219058385266,62.95042133603482
452.8299526815254,272.8022883857411,59.85093478840811,62.99156900741222
452.50924562517207,271.35697373311984,59.99931137927574,62.72647331036596
451.64098671526847,270.27196868064567,59.993783558137466,62.20288228387501
450.92907004206285,269.2024303408724,59.93079787569432,61.794978820828206
451.15790499862,267.7128472904928,59.932832629909804,61.650071416185845
450.01580319130363,266.72268370849105,60.105986592442946,62.020299145336736
449.5870559931721,265.1671023513139,60.1588922536024,61.61069560145131
449.0294933570055,264.5243870718524,60.44620956304121,62.09423173402844
448.40895702336644,262.2281533055752,60.76590016073153,61.973174924999654
447.90410406069606,261.04925988771663,60.87871550541816,62.4640075532964
447.5520188613354,260.2955223052528,60.90127728683378,62.90589913153116
445.88754116929886,259.09815098820616,61.084086850289175,63.65907465460917
446.21977051495327,257.48903908388854,61.31214667933558,63.4642413743925
446.08844716785484,255.31112018872807,61.30593979854119,63.06640751859524
445.36892947334314,254.56593572358196,61.21144423701833,62.7869919983565
445.84038635823737,253.51305543426446,60.820132890420965,62.649074007197775
445.6042961363621,251.95467240801582,60.85120090526785,62.376619106707366
444.9305356994739,251.3444017384779,60.72175575559915,62.25402496967085
444.32194591616417,249.81804329861149,60.74681810801573,62.27983917377503
443.66204189972757,248.42110807556992,60.80437082987663,62.47485007128947
443.4941151915073,246.86451830176324,60.93244245463023,62.854917998953454
443.2869179626565,245.3472858194274,61.24069296091574,62.875553493944324
441.89888505614414,244.0224947368661,61.7774256211695,62.82149901279621
442.3981267554465,243.02847677259132,61.87066268441015,63.04029062810568
441.83874555935915,241.41668395531346,62.04681272659792,63.0560422573056
440.84893647489776,241.15206552551575,62.474247029019836,63.50047574427948
440.8850806873137,239.44609656997858,62.88028513345237,63.783826886249784
440.5082527919758,238.1564701805848,62.64697282405726,64.70951223168018
440.86189430461235,236.89736028920308,62.60123364491449,65.26954073884696
440.4409534445936,234.54167765703588,62.6514646524619,65.40849685019676
439.66901565367317,233.8645588056346,62.669925409817,65.5056654421289
439.9813894640503,231.8224556579756,62.52110982093261,65.71856507965579
439.7002974492396,231.24267326450033,62.44150566591124,66.3737352757517
439.82152214226255,229.81408124377114,62.50722516795737,67.00755615612303
439.3484190503197,227.70237224453348,62.487760468187545,67.77834101212704
439.8703024247914,226.09149691120527,62.54615894141209,68.24487007348256
439.5983415784498,224.3018813572585,62.892987937070956,68.5228051856638
439.31793957955176,221.97571690820737,63.26394306482803,67.86445274068747
440.15467820493103,221.58406931052093,63.31901028771752,67.385934772303
438.66929142352444,220.24469070319725,63.7370616348783,67.4182128571591
439.4854946734857,218.2527090842607,63.60168074397218,66.78730650045827
438.85529336537826,216.40273811215602,63.65746609830043,65.91582300674037
439.1588877025086,215.3853481582231,63.483396780671974,65.03559103182423
439.59418373226737,214.5167335617808,63.43751872614788,64.4609091185992
440.5219514224858,212.72428852113524,63.02983309622988,63.958947126220906
440.83589967547914,210.99024466619295,62.566561370659635,63.5756723692933
441.17583294221447,209.2504072322486,62.271814007139426,63.2025509210352
440.45927681684947,208.4056086142852,62.255697613498505,62.80356683333835
441.256976678622,206.19717675834733,62.04938628221108,62.83068530977094
441.83112652096327,204.9641546617844,61.83441486844075,62.72017138979869
443.33881421224856,203.33797239112513,61.292218349395505,63.022534691340574
444.04953540451834,200.9368122827823,60.771083560585794,62.99692684177255
443.8197935646359,199.81109804886196,60.83619409167086,62.611860196240436
444.46750560413125,197.5446240104373,60.75392456704728,62.93351266838396
444.7179759392518,196.48782280035263,60.48484596498246,62.283793212027426
444.75148891478347,195.98766155609968,60.338551647820736,62.003584890177166
444.6547739589445,194.31760153734925,60.013298900826385,61.71342800926679
445.6149638659085,192.96854047981637,59.4875237698207,61.55408294980251
445.5820556284111,191.26619781577602,58.999155927226596,61.3913101251122
445.22402576115417,189.2882329563804,58.811166146016404,61.096151701508454
445.4563834557163,187.84975849976217,58.704539786681046,61.449022722441455
446.0680483556041,187.2797880601637,58.273312562207586,60.81687626605186
445.04633737918806,185.63672169550807,58.03705926975468,60.40844369919003
446.3351228829432,184.63563622388762,57.4625002041541,59.92909923486869
445.23897675061585,182.7952516944441,57.64431468751308,59.646361833565884
445.4167808108173,180.4569824327949,57.59374123436378,60.19362837276397
445.60145023886435,178.29308771009082,57.87214715308804,60.37622519503367
445.42072475966046,177.33197705639938,57.936739055738215,60.330244030683446
445.32403105495183,175.21950065923525,57.643734116150725,60.47313982580514
444.20953442909695,174.03735977294394,58.15532264469311,59.98302763934234
445.19167289209093,173.1186604169155,57.94479425481504,60.12835276779633
444.336294740588,170.3145065785408,58.10014136478201,60.10519071798326
445.57632384093574,169.89023332095394,58.06168205629844,60.29043648051717
444.64730921027166,166.995747625302,57.9042451044003,60.21563977108258
445.6350131128416,166.7108585218211,58.04441285124705,59.97007418083746
444.9795358006981,163.946773754505,57.94235282518927,59.8937653562473
444.5389682859201,162.8999822326517,58.37235364988074,59.502992950277374
444.6329064559674,161.4655922757596,58.867964903913844,59.1040287997305
443.94362368747846,159.0208870138207,58.96471479281278,59.17710793704215
445.20917638966876,158.80426867685637,58.564646146855,58.505424104493436
444.70913170946045,156.44563283470853,58.481626962921936,58.56852909033327
445.7855839290809,157.01003192102849,58.595382260314466,57.911538218737874
446.02610396598976,155.12288483768432,58.15362234403292,57.775594119434956
446.85192540159005,153.77714295176554,57.72713387270411,57.66192475978753
446.2078959333135,151.97220251848543,57.820469560775415,57.88076339383433
447.1522727067715,149.95107953026798,57.38608543963315,58.61648056358288
447.30539511279164,147.94992620553367,57.391986784619135,58.9795035559775
446.95810269935157,145.80654494418425,56.84055522832823,59.713957042421455
449.0919315887868,143.5746524085365,56.456926837885426,59.82943164313586
448.08752278355746,141.00766633561113,56.019662333170814,60.05159958976786
448.3112333774734,138.88614383957048,55.69530230310191,59.87538360315047
449.3507857830491,138.67673799598617,55.53503909236857,59.75728606771625
447.78022142873886,135.7147448892518,55.7291439324283,59.163359893337066
449.55410965846926,134.22711377332809,54.96891982968748,58.447645743882646
449.7273710829098,132.04373721785888,54.137758409067196,57.79862508162769
450.60890435044917,130.7883691995653,53.71022370477609,57.14210190190627
452.6547067302437,129.06063542441254,52.70313856989718,57.379734264299756
453.49910346591514,126.89766190956155,52.28764622312702,57.21272608617703
453.7270851742721,125.99964507462388,52.386211460034815,56.75812770839918
455.13842462220464,124.40649565228588,51.989650699621905,56.933752076451626
454.4304211156383,122.58772739150822,52.06598538571308,57.197011006301636
457.0373190471619,120.21725074052682,51.636358719748344,56.962038862707786
456.3983670439327,118.4768741580817,51.62212069262972,57.13277825654092
458.052771812145,115.22195551492449,50.763179835251805,57.22727607294566
459.3159546035646,114.51993711921291,50.06009613660601,56.90146626765099
461.2133729800416,112.44915812296313,48.85750496241795,57.01451845799603
462.9586844627495,109.97996239761763,47.75405851067403,57.22136398354663
464.1482619868133,108.05563318690713,47.165900014060085,57.11243397074826
464.10481189883086,106.24003394337679,47.05352755742601,56.610218666152456
464.59382358766135,104.67541680504323,47.09296071128977,55.802552803964616
466.51200563586303,104.2180966271146,46.71349649624926,55.39061513877235
467.8444658656845,102.36365193953853,46.40223209014934,55.04095272559441
467.7747416329219,100.75070166349245,46.37289630982592,55.14836448908184
470.0863622987977,98.64858934627858,46.084846227921766,55.020601265690956
470.5973998855339,96.60972934201169,45.481217625084255,55.01523478359365
471.8806583606891,94.44312645809099,44.865511584045095,55.439736032163204
472.9482900039167,93.16596028610095,44.60785659684514,55.699541560728846
474.3744003461807,91.3314598198631,43.902395183938864,56.34607392631003
475.57380250855357,89.82715068214803,43.50526217343268,56.74967287076178
477.2365344369021,88.78475785990186,42.89167947747168,57.3493763657485
477.16164416642005,87.25679606629662,42.793534617701866,58.39488678309815
478.71936952699406,86.65210258852032,41.93045401564866,59.15787282803481
479.96378939600044,86.28664613474727,41.700797207628625,59.407825366470796
481.6485533881274,85.96105149085301,41.38682194439822,59.62031719694579
482.88460668692954,85.28870879901619,41.25748401592237,59.862402721381756
482.1798382454596,85.40314714827376,41.56142161469016,59.98928078575458
484.41127951346846,85.14704778070404,41.3024651650983,60.58375550756546
485.37103652833173,85.18096474832468,40.985358113978975,60.91500190841808
486.4779110965845,84.4418229982042,40.89115753666226,61.333266630811764
487.80749689267515,84.66132217312114,40.46251406070716,61.60529405545681
488.9430010659852,85.0733030617454,40.0566504437013,61.60975357289744
490.7661879963592,85.46719416233034,39.78350656342211,61.86718459423123
491.61319948499846,84.90118786402897,39.254685369323745,62.09613621814337
492.2917211141781,85.55608081696651,39.2755642882793,62.37633794788078
493.3955225582031,86.7534291451154,39.30235928841281,62.21536254783911
494.73858179899037,87.03878669938618,38.90549785639886,62.33415271836174
495.62746365430166,88.38909977256615,38.69892724479813,62.312892922175735
496.6175830007674,88.58895130818917,38.38285309501852,62.361004285696495
497.6068702193117,89.1842951722611,37.968918703095895,62.471650938656126
498.0271153506445,91.1605256812528,37.86541734252232,62.28691181207591
499.45516020149057,90.77187625091258,38.00442885428541,62.35082979955307
500.10501954868425,91.95046243779709,38.03437582075616,62.16211207284829
501.2089373512361,92.29259574624069,37.70037744824221,61.96234386737808
501.5408650328668,94.00111857068742,37.80509572675784,61.87603175615857
503.27403824662287,94.72021332702022,37.66011465569107,61.63103544074336
503.343883643305,95.86349276701584,37.498593886557885,61.40324435631484
505.00034170334186,96.66858920052798,37.28024816481483,61.322079785761204
505.38780098434756,98.31566038574124,37.06797968729897,61.00583911249352
507.49672457342956,99.91321573898756,36.76567320432535,60.89517388253284
508.1768434195847,100.58619340262713,36.482852885672294,60.799519677919115
509.52620683692663,102.38280384856719,36.103638179818404,60.50125570857011
511.2615568064787,103.07035505108726,35.51750979299085,60.601910187151205
512.6074915486438,104.97302318792984,34.868577348989646,60.684761560331864
513.7790203870043,105.17848403946465,34.3239806326569,60.854540493172294
515.2620954112061,107.17310823779937,34.00851327201267,60.81496980226762
516.547729721661,108.96291199495838,33.72811412551398,61.020701166581205
518.1193564171399,110.16900811479199,33.50624864539887,60.89187203078055
519.4467547060352,111.26123871546048,33.34786196064415,60.73241879262411
520.6422915435752,112.89622069450925,33.155668004344825,60.837941208427935
521.6319276415174,114.86704052938731,33.06828108906935,60.678960830892905
522.4858172105093,115.81353413497925,32.923599189626344,60.40003008771896
524.3148715099272,118.66970260788963,32.76432996914748,60.21078684230714
525.9884273964577,120.44836911392488,32.48843311040824,60.134030583852976
527.1937168898793,120.86391594838237,32.333081927749184,60.091668251531615
528.696878709757,123.42886480010606,32.00608649119495,60.07282639906691
530.3250934402657,125.12358249067188,31.657722826076018,60.12049405100106
531.4503291181825,127.07917947382366,31.375757091198953,59.77438501893213
532.1087007037313,129.10288972269598,31.34328885582353,59.484382915276214
534.1070634991634,130.39141440957502,31.010368034475448,59.70360605776876
535.372879886228,132.41387647814338,30.752920679428914,59.19247441635958
537.2357922558369,133.87025365663015,30.59882965336096,58.84010528658942
538.5148007937161,136.17057917655114,30.594235743877856,58.519749141919505
540.2398925833288,138.32861815416064,30.401843683817255,58.22932836367197
541.5479939279948,140.93001160044787,30.2429745592437,58.44130158385996
542.2676008891406,142.21452811816673,30.100921858456218,58.456058135443115
543.8293487543507,144.54996974462654,30.224844054824413,58.5899763466043
545.0468881254637,145.6580021503179,30.17282028429338,58.54951397128724
546.0290707076637,147.77284507817168,30.508499179646886,58.47493322956284
547.3240845170699,149.48989455380007,30.61455582177487,58.41684421940718
548.9128976022296,152.88391841369256,30.732023664669725,58.0403365310553
550.8670631673846,154.39395451301408,30.44779655733946,58.27030462515211
552.4256282943188,156.19014115109366,30.238515376880954,58.513114969445866
553.7369524926156,159.21892169497684,29.90864714119136,58.519942633663106
555.6147362927686,161.12330678604565,29.95382860437708,58.255672325640504
557.3645403251163,163.03589917518622,29.83310175573084,58.126251135310994
558.9398261539894,165.70386026963337,29.725112609886548,57.837655988042684
560.2471168312993,168.25324362836392,29.58905331756852,57.48536305979664
561.4134311335779,170.6248805467945,29.38615756022496,57.318549107579074
562.8570938833716,173.48041029467066,28.83129723245151,57.53398373337827
563.8344759489473,175.76796716912423,28.425882886151047,57.70525603564907
565.541239482132,178.19448918951403,28.16261507614465,57.864383740169785
565.8594115276619,180.95097063115216,28.205045818764212,57.474091030538546
567.3676447011532,184.47722085502687,28.581236274912712,56.72802759832254
568.2633382579444,187.42576715953115,28.423530697051167,56.64529513106818
569.9003819314136,189.766305123907,28.19734092739853,56.780082811630464
570.4227486162391,192.87410966754504,27.910921511623794,57.24736461638312
572.0910763487547,196.30640082299325,27.815660804817227,57.337891424902
572.5547670207343,198.39144211005606,27.648502432297462,57.54034980155152
574.375254432537,201.427309158455,27.205120343982493,57.38575142023833
575.3986452648901,203.87389987723915,26.908656372032954,57.643627702854324
575.797543536136,207.10528274520823,26.734544533844833,57.565547483273576
576.9871428759482,210.35753954939048,26.790255674777157,57.038097053925185
577.3567074945921,212.5234604416405,26.88509287149118,57.058640313523014
578.4932164834371,216.02453295921782,26.79672412285084,56.45246419240036
579.2480699930337,220.05592364806654,26.607420679554956,56.114569708929025
580.4224151123941,222.73375117410444,26.337923556068457,56.10470408937886
580.9180028874558,226.02370749513807,26.184256445962852,56.12609121003746
582.2751686558644,229.91186326436363,25.861153584988013,56.07329899684264
582.8874516846757,233.11018679835618,25.79521289166881,56.163639042810175
584.4309572734436,235.8510322500203,25.54567391452683,56.09279341917557
585.4742780770032,240.39253635064972,25.553617487690225,55.89581064668868
586.29151160962,244.66823616139882,25.545888493898154,55.796980033064024
586.9302874583739,247.08557069283887,25.434845351802675,56.098970115539124
587.9322546378787,251.29154743438565,25.45125620382204,56.175286438353794
588.4553677043976,254.916889878135,25.509823380949676,56.30218791560115
589.8614406920216,258.29597529181234,25.53704670272934,56.34022070152774
590.5972940472172,260.4773014721377,25.81027848511306,56.34332628307676
591.1688934714468,264.8046057097241,25.878796526989017,56.39254661954948
592.0151531386122,268.87915121670886,25.936616939133447,56.170553402973695
592.6977025467145,272.29248574154184,25.9361594317134,56.427827243475036
592.3281547005697,274.9686674824365,25.855853502184395,56.70936583459219
593.3287191526742,278.7378212494483,25.840392661138985,56.71668589456271
593.8145556197494,282.13765248973675,25.90555062908828,56.526554339736606
593.2140885278435,285.85898094346,26.034307521983692,56.3885629977808
594.0962063385197,288.1516067876555,26.168996966625738,56.6846670718715
593.8073461174934,292.4956128824132,26.262054637453218,56.29694785110608
594.0987078333708,295.31835395861515,26.11434148988372,56.49637679718242
595.001590694878,298.2470551573102,25.92517341930465,56.78549406074207
594.7287620136724,301.69304771762705,25.98534811879962,57.04931023634243
595.3735428590127,305.07845724118914,25.924003672267474,57.26718585703441
595.1086155985915,308.9011673170891,25.996756192396276,57.43765840161503
595.5720402733808,312.0375192275059,26.219357383360318,57.293226637360995
595.3495754889598,315.016924473258,26.1669234146524,57.595381969984146
595.9893080288255,319.05022882936146,25.966006885526863,57.64145941500369
596.5002984904093,322.3339128597387,25.924242167479463,57.88031283938726
596.843609696933,325.98004912521907,26.041866120456117,57.77974982685909
597.7064683703127,329.79794447829005,25.91013683464781,57.56230934044364
597.0252718843751,332.79510144094917,25.934350695042223,57.78698907891332
598.2512567014209,336.72777687250573,25.78880377136939,57.79069730164609
598.4123946715183,340.0794597376307,25.826885145522752,58.214260854538196
598.5356744561732,343.7803065615981,25.815335693505318,58.14821765063431
598.8817896850028,347.879552062304,25.706841655523878,58.62419468968865
599.6136748629028,351.6243174677727,25.793307882479997,58.670167743039684
598.8495421527922,355.4139317365735,25.827150986149846,58.6324469263853
599.4185365177648,359.0123149769378,25.92104053684435,58.68259578608041
600.1861021070129,362.9445643792658,25.866701165523025,58.64782367743875
600.1251074217325,366.79750004259665,25.833169798912483,58.80870592896305
600.4518904271072,370.2521712013073,25.791938158776333,59.01801690896604
601.5489031478978,373.85976591141764,25.77409451040782,59.07096875842926
601.1298416424561,377.53944055995976,25.739265596490526,59.17017468290259
602.3586434034556,381.6456244907794,25.88158878462022,58.91521286526964
602.1009965289016,385.8333074028919,25.86926454275739,58.9116961011033
602.3666462388802,389.85955553025013,25.976459852796147,58.66051610767829
603.2574343102725,393.99418210835404,25.954622155293514,58.491290035821116
603.3951190920856,397.63648712899317,25.952174988327116,58.504877263982465
603.9172402945452,400.9013081457916,26.049344841556255,58.876434571206005
604.540001599308,403.9831044799056,26.075117779515928,59.416471873528465
603.4931373226045,407.2763791301011,26.246217214957177,59.35130538182278
604.2142888687163,411.0175418337817,26.32869904533339,59.84727148599723
604.9628537757126,415.5656088362457,26.265629328081623,60.369800315236674
605.8687348160865,419.0295927888294,26.39015012048725,60.35020624277199
605.581499415318,421.7418048850392,26.48769757550494,60.38463815615679
605.9741505671728,425.18501283043685,26.59416295244029,60.48584691059467
606.090960252494,429.48348662124477,26.62941640908935,60.116792204650196
606.7356425919826,433.1230437359791,26.73221178813386,59.693188686851535
607.4319060300647,436.56612110584416,26.751919814351375,59.36870138944314
608.1402934188368,438.58705578098244,26.749938647380183,59.13219569425685
608.389507288322,441.01757103394016,26.698670615956022,58.62718659260787
608.6505245710033,443.59640030171806,26.7929210170621,58.27437482066289
608.7954700889588,444.71743186986987,27.01291815330061,58.48804426835891
610.3049934473648,445.6813211733297,26.906954274547175,58.24009704705165
609.865276165081,447.1321344568905,26.7957653649936,57.95739986606891
610.4914645961603,447.7190631799804,26.719856994389396,57.93809797904751
611.4115284039759,449.2808391482583,26.640182364521767,57.65595715623077
610.8212783549424,449.26206943781796,26.42855399502909,57.2873988967812
610.8857176283574,450.3021786462936,26.379941022356277,56.84015295869641
611.7306984975677,449.5477895812823,26.309098928100642,56.636363878521635
612.0422949578198,450.7092978931251,26.14274580747741,56.62413135632223
611.6081865448643,448.8492953783554,25.84452512671264,56.4341022061741
611.5784819350098,450.5985569265175,25.7592169958196,56.16037278241148
612.3068666463965,449.8445941664206,25.76963795791088,55.912837921097385
612.7880393828992,449.3879108219784,25.756264829303976,56.060894143692394
612.9079408938883,449.965987807099,25.68082624955507,55.82673295222919
612.5892425285978,448.3477293437908,25.52825371467512,55.992366604767255
613.3945615007339,449.8165573164788,25.62524509340859,55.51180675924476
613.0885903739371,447.5285611530901,25.397259912080973,55.88885785524822
613.6698908434788,447.2019773454815,25.445330993909728,55.57132467004658
613.4355115404721,447.34079967251176,25.35743633873842,55.53111762184396
613.5075886294413,444.77809784046246,25.305430434983286,55.777534450462774
613.7704903323477,444.94740800686964,25.342490319480447,55.65560765309557
614.0942064984023,443.97468702319196,25.33682924429496,55.41351719552418
614.3806940090942,441.6960057829914,25.090809511559673,55.30630696016603
615.1043657831704,441.4671117684189,25.14188822846016,54.81974558116133
615.0707192872136,440.8033676390081,24.86232748731095,54.38347947215446
615.0473765384465,440.49060008487777,24.857270360353585,53.93204066531502
615.7992820115674,439.0007280198413,24.805650886165452,54.00335231171498
615.7042007198413,437.3011977032794,24.648891012399524,54.27240639309611
615.8636214748501,436.9747300627051,24.75188969326934,54.06689436093612
615.9236468920736,435.408462920306,24.707214117744773,54.10675629771174
616.3162789762808,434.5383830912578,24.74132939822102,54.162715668943
615.7561400466553,432.17877743623626,24.73077494298078,54.304190124432765
615.8320289043795,431.4965243478402,24.86766004858687,53.90628613734553
617.3128725931374,432.0661306456536,25.024224471608182,53.59969863279469
616.2200615179752,428.85134794306657,24.570344573440227,53.74314839160636
617.4408289805297,429.6055232452617,24.646018939789368,53.3375091071396
617.6398937555539,427.1990588776852,24.453253289210338,53.565890322608645
618.2283851235087,427.32228417223956,24.306514546106158,53.22986141043377
618.5746291939457,425.0832522513704,24.008386887924942,53.505333832952076
618.2553968432128,423.6522420789622,24.027030577370567,53.73563816481372
618.6964767624653,422.305314007154,24.054703216435115,53.352632211643744
618.777865795877,422.15632898507704,24.26977642720165,52.95100614879149
618.9124365272958,420.0641266318778,24.343158837216272,52.966860840694096
618.1549021172315,418.5604275578398,24.428348945644586,53.260713189514874
619.0843106862416,417.98784985458707,24.757987627707905,52.99667412656832
619.121546760904,416.9587006042547,25.06509851337517,52.51684425122597
618.528121052942,415.6409761632159,24.979949139657034,52.27653853850079
618.6611952339026,414.38886948416126,25.217174162211478,52.14198036264398
619.4103378787202,413.61202898181295,25.20666014523571,52.26540690795942
619.4157211040705,410.930417714893,25.169916440621126,52.55278276974123
619.8580461442116,410.69895375163566,25.28750594526163,52.57356168297506
619.5656218895484,410.1718187726255,25.27308554131899,52.12259000853386
619.8448309037693,408.5687926891368,25.165010913117158,51.96228079588789
619.8866998414119,407.63878266325156,25.224591199200297,51.63598864901944
620.309286366677,406.9628047464314,25.152080549869403,51.212671398019154
620.181970773348,406.00980642836436,25.332634897736277,50.88564081438092
620.8854721150645,406.3159024789925,25.26155230974667,50.56707180291506
620.6672925860033,405.01219610481513,25.09967534348946,50.49820762904377
621.0896731835525,405.45500009863616,25.02943073088013,50.16153159769293
621.2118161157315,404.27679298749365,25.020881653841393,50.02341490376401
621.6198880662075,404.3498394776726,25.022202998613075,49.86859818666545
621.3916943731172,403.08934195161396,24.824338988137594,50.10062729830723
622.6640513218235,403.34115748647866,24.603360566265025,49.825003664376524
622.4827558631432,403.39840389243494,24.727487217563954,49.32088285935708
623.2773902735589,402.65297035457496,24.516620987484217,48.960624933169655
622.7189072018397,403.5418760763516,24.619481214899555,48.55240412968445
623.0309456584695,403.096388372614,24.568660913463958,48.35672582774807
623.6905290983359,402.4271551230285,24.57020803061822,48.089653601066104
624.1405220553593,403.52947821936266,24.457847667795363,47.73708334280792
624.1602884450896,401.57999865246455,24.332240238047035,48.08978784174687
624.6745436744274,402.20269117447504,24.293507523187806,47.772838480976404
625.1255261770746,401.4828821221408,24.38024976228953,47.76259362864414
625.0997062237582,401.5718242848272,24.4134606447773,47.56729490664263
625.2716958653898,401.4002855607121,24.176762956982635,47.462405421622286
626.114311146427,402.31918535756506,23.840451190493823,47.21118157445265
625.35293956049,401.9797074214753,23.827630893434847,47.100316715945986
626.6973643562801,399.8850724719847,23.575381510137106,47.877806257566405
626.5552980011524,401.5838079453024,23.712016834652083,47.36019285106159
626.4509707191947,399.17542158538475,23.66728090755879,48.04331336066126
627.0787662393484,400.0290440014856,23.76265453266427,48.01193274812513
626.8888569812902,399.8718369105338,23.73867336592508,47.839927580119934
626.8843734636065,398.9768419522293,23.579795777965224,47.70518969922068
627.5033380718463,399.40122093228786,23.58431739480615,47.33531744934291
628.04333595128,399.1052906612487,23.47627550480479,47.17327162221193
627.5834814021996,398.02251747311885,23.444199992217428,47.101082488599225
627.9418283416716,398.0247411095779,23.25854505322623,46.945132725637436
628.4634698058119,397.05708690413036,23.016089568545414,47.348646230870074
628.9035456259041,397.0686348711331,22.97417884985819,47.41070065047511
628.2884719803213,396.9494151681416,23.17811189904238,47.3347252572446
628.9526641697379,396.0156453460746,23.1030882685001,47.31815099356453
628.9672479868788,395.7436601911541,23.047263295033048,47.60885887297617
629.2863973003725,395.11725735142267,23.1277835114102,47.64771475290136
629.142644866875,394.14209544726316,22.91715090434504,47.95718122231506
629.0265934638082,393.88569665158053,22.96696995136155,47.63792747691498
629.836385315674,393.83147108178923,22.870259768481176,47.77158038231795
629.4106626699305,393.21513472587566,23.026177029572544,47.47866911167755
630.4594655436096,393.58541947352984,23.233118353671504,47.21259338816063
629.7853861375232,392.36186398108293,23.3125578503153,46.93429772632585
630.247317386672,392.05369740376165,23.323599629342368,47.01191337265238
631.0388406265698,391.3532503984787,23.235045680369414,47.062855758348014
630.4546026753443,391.3948566443862,23.281860754230248,46.753809880350225
630.3820765065051,390.0193021827844,23.51400920934538,46.374765862803784
630.270750501578,389.8053894335401,23.79220391174153,45.977957524546156
630.5433024241437,388.8519366252184,23.86125690884209,45.61760974229424
630.7318162370746,388.07807406430595,23.541251292025137,45.68501762912613
631.1492406941974,387.29767961132575,23.436707751448175,45.70767803987013
631.6029876571235,385.9259833267318,23.27338705433658,45.59915381904953
631.6512196848656,385.32646192872613,23.379098243541446,45.1788961304036
631.3285250759311,384.77191811148657,23.296492423377956,44.967031110997794
632.2752592895231,383.4294142882162,23.101493635018407,44.70055860731578
631.5876824348027,381.9755396630734,23.10880383573884,44.5309205246852
632.0994972673519,380.96203965017,22.989130047467587,44.22569737353573
632.2348103623377,379.5941125515615,23.021001602056174,43.880098008969824
631.6084449509382,378.4265311477168,22.839589596867658,43.63186938866562
632.0387998483701,377.29083018329135,22.51098423458673,43.32781374457943
632.6644275067817,376.320311447846,22.483596810982366,42.896873647797364
633.0561294698496,375.637881018746,22.197467402859743,42.72955729614333
633.003021468514,374.130427958458,22.038768654478027,42.53521678128233
632.4206343095885,372.8637496078824,21.929800177338286,42.29705668250666
633.5027625628738,371.5819713932789,21.861171217078144,42.20364022658187
633.7011668887658,370.32065021572464,21.69731203080761,42.15904305875644
632.8817077309038,369.858472186507,21.769501039356797,41.84874361773332
633.7277774275356,368.6968532257851,21.782313886083493,41.50457331125662
633.1205235949775,367.6993863698667,21.879041223402705,41.22584540962913
633.706893321191,366.53263502702833,21.759447418024678,41.14359616125431
633.1974879453944,365.06315192894635,21.83775516840481,40.69716039323069
633.4508385332554,363.65245653683075,21.729713698798584,40.3475638098319
634.1139955598574,362.6120160873971,21.778545915392964,39.81125315558336
633.4342245287606,361.0194942130668,21.740660299478023,39.63338234201858
633.6306267754394,360.0743915904457,21.595542520054664,39.4064980772968
634.4603732979308,358.96893260373554,21.578092946408127,39.142266180798245
633.8745425199655,357.77932311323553,21.423013522190296,39.19100124837668
634.4721313464753,356.4226587708405,21.290964817382527,39.0040399208072
634.5378720788962,355.2620372949448,21.280064912377576,38.899699986856405
634.6138849638448,353.8117710273086,21.27617711423902,38.711069218753394
634.815371761614,353.44818867774546,21.206848117423316,38.55567551248045
634.8453219810036,351.880852117264,20.903668772894626,38.75022507539891
634.7143974861341,350.28450391944125,20.86814673277994,38.73774154131111
634.5683767460715,348.95226880054827,20.77049885681637,38.62426721427781
634.851149929089,348.3438931594808,20.88308502480841,38.39969712342695
635.2040963253786,346.0692594062457,20.93324085197659,38.71854690147306
635.1704142619021,345.2855548145485,20.939881305377213,38.33448380245767
634.9301899139066,345.0668014060652,20.826964928164152,38.11938299966186
635.1538634855642,342.61679036411397,20.7944338067683,38.50473423471795
634.8609213105411,341.8863122490535,20.83807473573659,38.24684354768644
635.4351011024082,340.37312815134857,20.916583423830055,38.16177704499147
635.4838062920944,340.2150247549792,20.79983233001797,37.708264833099214
635.8828695965016,337.6304690134492,20.786858216111206,37.937574146359324
635.4565951928337,337.3210861821048,20.75246690179612,37.69383663808109
635.6239930289657,336.5205994107398,20.628872301271194,37.45565665259752
635.8834223884455,335.00460602110337,20.517539360128506,37.38578076287935
635.5481709741583,333.86070330933893,20.495808626233405,37.072599944113946
636.2533698784807,332.2064242164192,20.442716821159188,37.06782461860084
636.4602111503481,331.09458343678693,20.45582940243213,36.9338160819639
635.7333504731641,329.745606050105,20.50318321644051,36.81625152244199
636.017774899559,328.8696265539296,20.55216100425673,37.04974130035336
635.8899822100204,327.30498352132184,20.58521986284323,37.4135861862934
635.9311844595928,325.83804774960265,20.60099870502257,37.48966344491123
636.49445788098,324.6686076377446,20.591725312146167,37.51252580249266
636.281004780273,324.76103190260005,20.628788586104278,37.569912680015
636.2395145594712,322.51119014971596,20.6030804049946,38.08367742548357
636.6845830664713,321.3006677185746,20.805847124247922,38.188721587769365
636.7016129714244,320.47014223884753,20.763363045306292,38.26355442855579
636.6311869462262,317.9317361887123,20.838405532900474,38.25874440510803
636.8966828497885,317.6630560507121,20.828936307353057,37.91005195340914
636.9036227681624,316.6323506128708,20.78890836183973,37.7381023001458
637.0489827847686,316.3240544177182,20.73402703988919,37.32720967744294
637.131702203446,315.35595073589434,21.078371828137158,37.07012227752563
636.9889457635339,314.10686171640793,21.13231801060217,37.09214002864127
636.7190954715164,311.89484811709696,21.152390904321948,37.135626379485004
637.6101739335706,312.0126147467417,21.023979154621465,37.20125128016677
637.9099411910187,309.95163523271606,20.93203570847013,37.06676585402488
637.813160345675,309.72818465750186,21.21571704415683,36.79663117443239
637.9147829581624,308.5187848026107,21.312836104889545,36.540554432722345
637.6863905259586,307.8501827609169,21.233311309816166,36.61129535559519
637.33787721042,305.8715488102494,21.26149955912624,36.56701544351462
637.9165811208358,304.7390285019294,21.310395930837508,36.17070771725918
638.1745937980556,304.4295563274897,21.225571795956448,36.0061471032174
637.4764707719092,303.90450813148885,21.364188096090174,35.77885992931633
638.197855940961,301.7926637461197,21.121300265310985,35.82492018290381
638.3073411845781,301.6302672089465,21.132738670112154,35.65755007594525
638.4074859162251,300.40838609288164,21.133625790585068,35.81775989985663
638.0864157188989,300.2376244703634,21.101546159697993,35.74680326742111
637.5064615616012,298.79131826343166,21.42953772481607,35.4167265295207
637.721313578374,298.4871313458395,21.15182105019836,35.36700327636813
637.7376810660645,297.47719288656003,21.245798560965092,34.847340619350184
638.3627930758282,296.8607557305754,21.188686437952583,34.7508158224327
638.2675624122348,295.38830764996686,21.188405108550896,34.589355601279834
638.6260522976387,295.16350955115405,20.762500567387903,34.574149563540615
637.9956820266406,294.68408309795393,20.844249076379292,34.198544834061266
638.4829750147187,293.0556204823811,20.905222158412414,34.10633943471385
637.8672785785476,292.1569017488196,20.788451306808998,33.85990001546891
637.8063713511576,290.47614186111406,20.753948304032274,33.534214476243854
637.9899472505706,290.05815419518893,20.634179563277524,32.99556138344965
637.8012570749621,289.51718280772485,20.458443533326154,32.688532710433186
638.239865034153,288.942412589072,20.47080977207936,32.504894865954896
638.2278632190024,287.2313140270067,20.375997577991093,32.50264850673272
637.863072712405,285.8743638440159,20.33331005747924,32.70686812472859
637.5669694498821,284.92902555949934,20.22267989019184,32.62571933250984
638.5262952563006,284.156472842605,19.744777326541524,32.55349087729088
638.6029930439568,283.9040999792037,19.516122058262145,32.31324160611526
638.1506429353815,282.3379590826131,19.422526789439495,32.12392463106216
638.5426910538733,282.8644927099502,19.16517420289201,31.598669618895954
638.1929421684077,282.09102801058305,19.229752092002624,31.254411468992878
638.1582294388578,280.80710780950864,19.248560027611084,31.049746587786018
638.2126795596439,280.27218469162983,18.977081113868326,30.852813519992836
638.6298199414167,278.9920677865222,18.693451423778566,30.76315809947998
638.158477838638,278.0194208854719,18.828281871000826,30.781351362373137
637.8261335981853,277.7124007126856,18.877637212009766,30.490163629580387
638.1918009935099,276.90041821884444,19.077197571068474,30.089934615111247
638.1030094919123,277.1060081899334,19.163678518058198,29.56992471270638
637.6326460678357,275.81138159247075,19.299291812210704,29.15691221587445
638.0013396987789,275.3291630657101,19.162460745106436,29.145553463941486
637.3058669409518,274.77277600515697,19.435941003116127,28.595716219729447
637.5009215530932,272.92146496972475,19.10774934459623,28.9457792009332
637.796399005745,272.7333365953543,18.786322262025575,28.970863442864914
638.4761444607974,272.54931490237664,18.94233130137598,28.808735434472034
638.2726702404242,271.55778174750014,18.892595510364245,28.656152301552268
638.1969252458786,270.5783190726113,19.06376893501489,28.18964949924562
638.5285184963321,270.25296891740186,18.946621061732294,28.243009047049277
638.1424052194205,268.79042564760283,18.947856290176908,28.304527519096695
638.612683083824,269.24044654166175,18.950369006098946,28.187005786749804
638.3005215286811,268.1513401548406,18.88230197251347,27.995120207959758
638.4650020793068,267.03485610883405,18.894657660650672,28.25985936377754
638.6949962608744,266.55907762127634,18.883362632571707,28.426126038046796
638.3583278539151,266.54102772100293,18.985505393794202,28.488243795029337
638.473289364913,265.7991123501201,19.098817685690825,28.17967524957122
637.9730121141678,265.830762925065,19.246679165883787,28.335356826016938
637.828504885095,265.15753461924004,19.25735897661233,28.169829208578996
638.9589001272698,265.10815943902077,19.19431882223391,28.04002149060937
638.7004044692286,263.7280704889872,19.240783294053152,27.87928617122453
638.7075768542102,263.4858315209666,19.155943142138803,27.698876321354224
638.5466999215753,262.73688346421744,19.203386478176622,27.39119086518091
638.9893858825521,262.71083510110526,19.295405024343367,27.0960206491426
638.4269539008276,262.1457698541778,19.426587616580566,27.21914414016703
638.8803819168459,261.2301835707994,19.30764055585352,27.38224484088834
638.2808831058759,260.8766585889865,19.257861145894957,27.561644984663182
638.9006247197946,260.3691733376025,19.29546155338786,27.55890658984056
638.9094223039452,259.8828926811261,19.282039786363995,27.499402749671376
638.4522193376519,259.47323467235054,19.185972944445197,27.84576920276566
638.3706762651899,259.0019620486227,19.39257863471561,27.717177260356202
638.183381623701,259.32860768981436,19.565989113653384,27.541364362944513
639.1837794953062,258.4173172536666,19.362602547269496,27.31544279001902
638.8616379857033,258.69553041235054,19.141101577045973,27.280173320128164
639.6107470823683,258.50677874495915,18.95582743831932,27.09719403371797
639.0646494101783,257.79387480213603,18.78559581031035,27.033713946914006
639.6823123686048,257.9301968420038,18.733235172082672,26.852435808047318
639.4402307471689,257.65391477628543,18.77818019185949,26.635655132812815
639.1151408009284,257.37353650572277,18.76439742212044,26.39508051148556
639.3344343618921,256.8725001035817,18.818392561755445,26.350608406290483
639.569323340571,256.1999845164071,18.68898475281797,26.17314323798068
639.1502622807216,256.40333531338854,18.648362151104244,26.039798260514807
639.9281919420526,256.3748894473092,18.500752683483526,26.026930295951395
639.6712314959951,256.04074887909974,18.45405440016462,25.88978400031009
639.9834778260932,255.70053620155184,18.40537926535515,25.799204797796314
639.5642910271943,255.18709800668296,18.320424165471543,25.628213555621883
639.483238736559,254.35414414593433,18.38937651427412,25.752917301441634
640.1204054124408,253.7308899370557,18.252167700931974,25.8716432551715
639.7842067614628,253.84377831298355,18.153442666500556,25.83251384397112
640.2838219172879,253.6624865880294,18.148950814437306,25.923877027060435
640.0993802601818,253.64321937726027,18.08381465247429,25.797282874823374
640.3403537834266,252.71371116830696,18.21906750375059,25.679439007924703
640.6602475918914,252.40339967999512,18.26769851360623,25.553224130163045
640.1534428475486,252.89772888026232,18.176169462024028,25.416255664359145
640.6597001393294,251.8668559203107,18.18788774284228,25.54143308565093
640.549460096083,251.96027038902955,18.145962553036767,25.39034742200791
640.3382380239884,251.26300346256807,17.984879728269675,25.60464183592024
641.285139252672,250.7805930612076,17.82939726392177,25.935547750736013
640.9855265823634,250.60074565817953,17.955402405192377,25.864795812827047
640.8867880195655,250.11601207181025,17.98331905365061,25.974124152042812
640.8400344496617,250.4486035695649,18.074945909641414,25.894949347642175
640.8880344663826,250.26186069100174,17.985179329950306,26.12110538689401
641.3011021543759,249.38222543682292,18.15825353676938,26.14100674127518
640.9181695946002,249.05903832829569,18.28838040272729,26.04888167453905
640.8270101316368,248.56643189748883,18.216160047524113,26.20006027206513
641.4051808941846,248.64996260923897,18.48037196824483,26.014202631868322
640.7532456260045,248.02463010027756,18.43316900111059,26.138832197902115
641.1009824433941,248.24290367992205,18.50265082735685,25.957591193102644
641.791810079788,248.1979434708302,18.473817381503768,25.93033108502975
641.3665292267782,247.26549724885652,18.29906058414344,26.157646948929564
641.6308377762217,247.20489012265745,18.42838709163302,26.125211111229284
641.5603292921385,247.56921109267387,18.40316794231737,26.072543659454844
641.8181253716593,246.8028101390975,18.415187634967975,26.12119003090962
641.5459204653575,246.85427145461657,18.593730339464784,26.008478549549125
641.3956767588836,246.3299619878663,18.779432259992518,26.327214646707773
642.0590425461193,246.2001529731394,18.92984325792414,26.417176920999335
641.750140157297,245.9898109082925,18.974326514286556,26.6884505346695
641.8303232031899,246.5019259063983,19.157632936462573,26.491870668253014
642.2701562649687,245.4458862521004,19.478607372101287,26.385191870617113
641.3118980708284,245.6667351099463,19.59988025871879,26.29987580966471
641.240464870997,245.44785955951642,19.730941480715384,26.261624753789974
641.6859252737686,244.70545274320355,19.628511805047353,26.52353525397705
641.8624820034112,245.16409795023344,19.705242427163896,26.55818299223051
642.3003204752481,243.77862906866596,19.894100386062732,26.87429583089647
641.9500360779708,243.29460219098206,19.91520919154638,27.097948310152688
643.0819282273301,244.06703192929695,19.979140289708965,27.090815712642772
642.4221049127216,243.81712769436024,20.08188180189104,27.19291266708955
643.3670004762695,243.78516539939892,20.24684517041608,27.31745071040043
643.3292061040585,243.7276657798853,20.269987951812965,27.323545960231787
643.4233545168777,243.38032749765858,20.064835118896585,27.37308944658698
643.0695457948684,242.99647556649222,20.227923363314808,27.29241578311324
643.2102450256102,242.0149918146979,20.237642599785357,27.16910770915672
643.636290064567,242.41335339080385,20.372496243643134,26.8752964822607
643.2603395318112,242.2769756222419,20.250480027527242,26.877412957456762
643.3197210432354,242.59848777357163,20.30236012568271,26.750581806271317
644.110968875193,242.07629212658665,19.868169043409885,26.849608684595673
643.9100992970775,240.90009433098737,19.66871733460075,26.748423419471003
644.034657802002,241.95668023752515,19.584272312046902,26.555106724193298
644.3219331369869,240.4622506551571,19.60919857555649,26.6209738978863
643.5796968634244,241.46772202652468,19.911523142945374,26.4454133782804
643.7744428096237,240.78386009674975,19.77300530965154,26.349867169661664
644.5409971430188,240.94663270715003,19.6207874891137,26.152340819810856
645.057757395419,240.47499049421873,19.711650195449135,26.047822797400748
644.4466022898844,240.82812682594448,19.69296631071628,25.923880062824168
644.6333272944764,240.13989778099568,19.76489841975718,25.673294905498878
644.7415541114211,240.28571133954318,19.787332915459793,25.221916462558145
645.5498448285791,240.2280585759487,19.624096899120026,25.149025390263684
645.9249968518732,239.13465973624082,19.456318761479046,25.081153403389116
645.7351923946713,238.9874726623579,19.311386953512418,24.910718610267505
645.7104284221396,238.8482475226569,19.112285581888575,25.136929624376652
645.5971979562635,238.9128535602997,19.008379484927392,25.072978100960853
645.6665295504482,238.28760010837442,18.81055229029486,24.766187536626052
646.211405191002,237.82973768715422,18.616376115331384,24.60215373496242
646.2583135201284,237.32792763780026,18.64570462013795,24.477284220137356
646.4309499248513,238.08829337148197,18.67098527438926,24.29210496835011
646.4563326195573,237.67027890988808,18.71612972633592,24.085018394902427
646.6815264558629,237.07023042638082,18.781017353274013,24.06651306222672
647.0044252267979,236.99844869290422,18.95779573818458,23.800477761422506
647.3695440788381,236.33951217516525,18.741561847371116,23.90417438050332
647.2536667028364,236.50008133739945,18.9294689081067,23.75867488073622
646.8823362249029,236.21514564251066,19.036646897073783,23.833989605093286
647.6527893993082,235.67335433473812,19.027589694152635,23.848575671985706
647.6536304922402,234.48992063480546,19.060509941731752,23.833141979703193
648.0499734250161,235.02346073588643,19.208546958927496,23.721023852297904
647.6365726040256,234.6305247525529,19.575599140688063,23.56552801396082
647.9402180263367,233.70197729841692,19.332316722732287,24.01769388037033
648.1635738022542,234.3526059565533,19.165422066620494,24.163989245066777
648.4138232738497,233.54005834757047,18.79126686544234,24.31293704977869
649.3326532447975,233.54192340142185,18.800844510522023,23.915411034578483
648.6444980128895,233.6774590727119,18.808349565860304,23.53544126093569
648.3822039365854,232.5756625104849,18.653321863251378,23.63186881036224
649.026788711439,232.48121714224965,18.39852464325597,23.731711205916106
648.773575035511,232.36993267034023,18.417034303642836,23.57618857601973
649.329349335925,232.06851299659257,18.298489607634274,23.56011683600208
649.721815052886,231.55215886276446,18.279976273115828,23.325296808141342
649.3799666781497,231.8400533359944,18.320545342763573,23.152379887648078
649.4796335362782,231.2859984590371,18.18659547058396,23.071618138686418
649.3893866569413,230.98273960289214,18.101654219063256,23.069099762986504
649.5149682468846,230.54964100299358,18.004424787779385,23.045385966823382
649.4619337677282,230.2992297289152,17.961169671704624,22.921940460017996
650.399643989474,229.18841390648495,17.929346878740887,22.980485690541332
650.4753080567757,228.93186428254788,18.01741536095406,23.14076305187602
650.0211448952832,228.95752865603154,18.015660178163763,23.28267327852627
649.531019542679,228.1016200008442,17.879729986612954,23.54651292681446
649.7409622237387,228.6558720535168,17.81631485173521,23.445490158062917
650.4359799709289,227.7749270816447,17.854696443955966,23.472200081474767
650.1312587099457,227.59361240866272,18.10015900047408,23.06347618265722
649.8448316767676,227.22657310045514,18.347217267336497,22.71002525901041
650.1264981539322,226.54078687453554,18.71549406280134,22.730056549312458
650.0060976085784,227.3185295729481,18.76715136171405,22.441051836767727
650.0724793533907,226.78226415960089,18.640576753673077,22.50952966682674
650.3541108716865,225.9443108217085,18.31723877377722,22.502237294569184
650.4125145935873,226.05300948499593,18.243397788922216,22.40240738054954
650.6156798841628,225.64787750536487,18.187130650955204,22.309927165808077
651.2977727088994,225.661552197465,18.02182877337828,22.226776870568678
651.0309658989868,225.37306794025554,17.78673154153423,22.289997394856243
651.0976571396769,224.09873637512973,17.529411505496356,22.58350400807905
651.1567978358403,224.18930221961645,17.248774570986765,22.925123113993127
651.8263641597434,223.7215418889913,17.144928278199068,22.78294959761587
651.8206415740054,223.65677096888862,17.53080136429462,22.499725040821907
651.0748035141103,222.91576350648728,17.616613960601676,22.501019684023603
651.9793931531641,222.50181068986274,17.78737307036476,22.63406485889866
652.5712693003372,222.62107034120422,17.697481044611298,23.023103966383403
651.9903281287247,221.27815829623938,17.99506409050364,22.709447331978346
651.956516759301,220.8909256513586,17.93616667249059,22.742369388345324
651.9380160157117,220.41296141040075,17.73986555153698,22.50868750820808
652.2147965527264,220.0106097211191,17.484022018963806,22.340746736514276
652.0435598538272,219.8297413632579,17.797929799483942,21.85602209655048
651.9823797438155,219.0566219832337,17.899679716820682,21.871496872872378
652.0996851446307,218.94051007898733,17.872867977323015,21.727024124558547
651.7459826707449,218.86603877398395,17.743372750476993,21.622315205014807
652.4606206629134,218.43014895702316,17.575480418827112,21.630787124474093
652.2114829209162,217.75858369288483,17.457147700363905,21.643353869105127
652.4568187254602,217.07692333625783,17.422404983173323,21.818728620406876
652.3161866730251,217.6290188852393,17.308658646501726,21.63157882417127
652.5244326963217,217.15731746750623,17.293764815011688,21.495823711143448
652.4588211828074,215.9350639244529,17.473518409477656,21.511006647164677
652.8025470050562,215.53596953394742,17.911148184924716,21.278060584349284
652.5313648693034,215.50365311395586,18.155194845212943,21.04282695661812
652.3520329945528,214.727810484302,17.97628102522936,21.130074731184582
652.8756966652192,214.58437946941788,17.6632928615051,21.14797586779873
652.3396279764157,213.96669216466313,17.497897385031923,21.434021279901444
652.9745965091652,212.86823701946992,17.296947808279633,21.486533834692167
652.4130782224397,212.0313724582133,17.204909127290165,21.668031588186864
652.3912617436258,212.18457518608864,17.404607817158663,21.442971042402153
652.4855983475949,211.59799390277988,17.211983121157818,21.525097646914872
652.3999651616049,211.86315874803273,17.14955142308853,21.25140809265111
653.0701356651907,211.4946136174834,17.197569366531823,21.017652952462722
652.2948343885656,211.26953497845602,17.263858908612523,20.883524792456694
652.4036865764201,210.35149920828974,17.264097098582972,20.81944174218259
652.2605829718041,209.94415070269926,17.337580680128596,20.79739849800768
652.7992677067831,210.23012511029094,17.104959289947317,20.917312683217204
652.3006319796484,209.14556720638237,17.051706867072948,20.96502312795151
651.4869971693747,209.2159791459863,17.20526118229192,20.676357363057697
652.0881479328164,208.6287759242055,17.30321769583688,20.649358281411747
652.1055030931483,209.1282685713226,17.20109180247004,20.34907031574511
652.4916100767784,208.40769463173066,17.312947397168056,20.1820394601496
652.2815803457329,208.36861067282905,17.106964493231366,20.070844464582684
652.4992765276761,208.21979594992308,17.095147024011606,19.871753566566436
652.5387183169842,207.84966092081902,17.36782901503463,19.68888941704903
652.4388305683476,207.5151787192971,17.6987624469735,19.467349459893917
652.5893565845065,207.14138619723317,17.741931797988855,19.558505451668857
653.1170885970289,207.02265923456468,17.48943800352354,19.531477266267064
652.5214133731985,205.8555482644994,17.43075817202473,19.3622762308575
651.8791655409909,206.09606380185943,17.774194902705027,19.149525572864484
652.4344872765513,205.75047963591112,17.91742036907652,18.909494473341763
652.8351630865254,206.10951378724266,17.966570703683733,18.61944620093876
652.6463069911382,205.89483853111173,18.087498693789964,18.42524975523095
652.5421761159548,205.2432663878884,18.15485479568678,18.366414318700865
652.442648807627,204.92376174441426,18.07345605822214,18.42542225143164
651.9096280970871,203.74723180876828,17.805087169510358,18.46429173499781
651.3831005242491,204.29700728050236,17.86734878901378,18.674455108851422
651.4156736154622,203.21277030409428,17.5658180061867,18.88624578358375
651.1966744590039,203.37619273735626,17.58484707533833,18.991550178296002
651.9904596197904,202.5129568521225,17.5168751185953,18.970239956804924
652.2418326197911,202.9670920595232,17.332236663969738,18.951677703357596
651.8031435724707,203.44095589433118,17.41441816580266,18.888816450195904
651.4498741219624,201.89490290919136,17.479250540540185,18.802345235798427
652.1161455338386,202.5506677085281,17.51195568164667,19.07057487727544
652.113078329498,201.04388042953295,17.700404322319727,19.05792839835469
651.7729028002984,200.89301531152606,17.66052128466855,19.245918309394447
651.1293077595413,200.2988807756283,17.837832349306385,19.16641184560642
651.1896453142259,200.33161151648468,18.277359302067218,19.02719781907336
650.4734306574838,200.23380368593857,18.557514960613613,18.931927525070314
651.2050001959717,199.93739357488846,18.46368507057339,18.929024237382027
650.9485087291732,199.46105926636375,18.560319069996666,18.75695320751984
650.3603436655347,199.52743189634657,18.574433487587346,18.63223691486017
650.3659227622144,199.0320320851771,18.538060547633595,18.478173289327753
650.2654116222802,198.86976238346264,18.500156148606145,18.51346899463652
649.9698556044476,198.63077391611736,18.434854033079496,18.62733593634613
650.2725528660691,198.40619849453935,18.64503773211141,18.559423579028362
649.9599845848148,197.76686313900308,18.633686333804555,18.761703308426693
649.5230135109495,196.76889200781017,18.545246105341146,18.960524999676057
650.1628433969951,196.75461547616757,18.67279525277523,18.84499600846542
649.459536870607,196.28256520794372,18.45500840511469,19.070295046500082
649.8528729877702,196.82507497833447,18.444785314675116,19.30404841774402
649.4527668427653,196.27476362211513,18.53919659455297,19.418873903753727
648.8653407141653,195.8095743222501,18.683589090133427,19.40049747762007
649.1722143217601,195.13921914034864,18.590213133202667,19.590036753204355
649.163678556835,195.02901703923817,18.228145895333736,19.655330834651974
648.8029563015386,194.32418778362907,17.82577880333378,19.87515105565565
648.8000094034318,193.58864675300632,17.411722322934335,20.060268627917974
648.4881100386848,193.98138604681643,17.35546257311922,19.92795013551264
648.1971768166086,194.04311799433955,17.034508906950627,20.00531476291015
648.1389735036964,193.4533643112594,16.795632570452742,20.001722143947717
648.0361593355932,192.6505960698767,16.78079208751772,19.945016214145966
647.9814243162759,192.57901014194016,16.683274581258136,19.938571336825714
647.7891333156654,192.5218287664932,16.603660556153926,19.761042572464625
647.3328025598624,192.19115730023128,16.570241025470104,19.43167047813302
647.0467493079025,191.8926541164153,16.4737823753145,19.389303960537802
646.9212332503887,191.44117835277186,16.406849757694907,19.31961384096263
646.7556840152449,190.6995892940286,16.392150868039224,19.20040250360752
647.7669823038357,190.76171268982048,16.499510774698578,18.893368815198947
646.9324982092761,191.42158893938276,16.56260633274467,18.674488713497173
646.9588127865695,190.7597941344702,16.62964667517098,18.545487500148738
646.8804251818425,190.79764393511905,16.59692560586225,18.36059963275253
646.4584150290005,190.72649428864182,16.452828455109987,18.269301065966772
646.3784980628648,191.09334669413775,16.383978334556637,18.00842705717711
645.6848559591331,191.06586883610643,16.390927211056855,17.888235597450866
645.7587166855735,190.43889724060006,16.298094241312874,17.84017921952444
645.602383883954,190.30535511229084,16.189406564007665,17.88860631037707
645.4061943525114,190.59253975433904,15.975453861240949,17.596200493878655
645.4948092995908,189.85125874216197,15.859105492360335,17.648849355047695
645.8623720286319,189.300283963104,15.935009051249857,17.709228249711465
645.4873288009562,188.87808151749005,15.73272361128788,17.849173294919662
644.6211207280389,189.35463719513112,15.621741424526613,17.869955045621236
645.0934317066492,189.11854294696093,15.843834731626476,17.888722992330496
643.7079133333116,188.15071692454592,15.953142142516798,17.921560172048178
644.1594249661199,187.37976912201455,15.946514739002728,18.25209234231937
643.905463475237,186.9500509179419,15.881452846520084,18.57430994133685
643.2745666838787,187.3657460463159,15.97685982492758,18.514407874286135
642.9396129750029,187.11095837011203,16.083665414580686,18.44094382373212
643.4339735364903,186.62968544836846,16.283544116511486,18.414420086187498
642.4927015024405,186.7311927813825,16.367805561319916,18.563008332108552
641.774764121687,186.08217565703632,16.431438229740706,18.578141651349917
641.89548661164,186.50142507450238,16.507995175780046,18.515882807605884
641.8512146266061,185.26609258011737,16.55955141647725,18.818193046696326
641.6022249711822,184.97941262663414,16.534730937419518,19.059654353799687
641.7229158091926,185.1738040374886,16.340090251530622,19.134179538615825
641.7026668774457,185.3472228970122,16.210796118545403,19.1139959259472
640.725847557206,184.50909426354946,16.270766345862803,19.129303485841447
640.5914472333976,184.43954950587587,16.35852594650246,19.033463171352707
639.9695286015442,183.9307350704669,16.37050293017233,19.242275191985243
639.8015722103297,183.9894749974116,16.295178830391407,19.151014823423452
640.6153251282708,183.68743692632682,16.305887463465325,19.041236950719505
639.3835529255695,183.65882708156278,16.44262961514481,19.048903964911
639.4727982540492,182.99403737834587,16.64962633582894,18.962478832808742
639.4857505186557,182.60269934780192,16.633890704535453,19.104515886805135
639.2486332308041,182.0722500394821,16.67532585153715,19.077415278781977
638.7535640710424,182.51890933549518,16.82499951947569,18.86875110140959
638.0295028206145,182.76032224124597,17.014320798483972,18.718406346359803
638.2352978498919,181.7832533296515,17.135738898136196,18.87770562184217
637.6270023678175,181.97155923681413,17.073962938952928,19.03471780091367
637.6331320722019,182.00623126161466,17.284290608993757,18.987002378866187
637.0437436522137,181.52284559683977,17.689882434245504,19.01002958543392
636.1492863506985,180.5073229795875,17.967989761503684,19.006313867942577
636.1722271835885,180.85342046042464,18.146770757276315,19.02946089149403
636.0322314926145,181.20141702492933,18.27267197313214,19.03565017463217
634.657851204296,180.85584322100226,18.269810588175655,18.999309085911136
635.3583078592927,180.09499416422614,18.17972954022138,18.984559078392543
635.0634558543879,179.9705065724981,18.471033028752604,18.80429394569606
634.3757229709482,179.50611567896053,18.131363102081927,18.749510581079743
634.9554720011236,179.66820249317172,17.966849012850105,18.600387703032155
634.8240909635317,179.98797657381826,17.76397641419991,18.605461688822324
634.3993350807098,179.23671111469002,17.82738511006157,18.43639202686336
634.346121273074,179.47875972642038,17.78708930590538,18.338840759537455
634.6526191088902,178.3813156307528,17.777295798446026,18.345080965414255
633.5276260184855,178.27830168781605,17.777044037513484,18.310975923393134
633.7957536985374,178.85959429192826,17.803601482585535,18.217821781681774
632.7242142179002,178.30608933274448,18.18966652689049,18.237109398566208
633.761225388063,178.11145150083647,18.223878115245377,18.019365220711222
632.5656561026613,178.06026236438794,18.754506098356515,17.840016567043122
633.0518295450091,178.39216685441934,18.813700680373707,17.79423616812274
632.1090513104973,176.63976990711117,18.528913988768252,17.796671864573188
632.38591556071,177.54800792777118,18.27480575907177,17.86771124893524
631.8017552740151,177.3882388975079,18.073321830928162,17.92384267513104
631.7733311091964,176.72212485369005,17.892513269219435,17.733213215960433
632.1433119846572,176.32751261757636,17.710669742441866,17.53572457678717
631.6720107817645,177.04668969103693,17.914232488727226,17.29962496363374
630.720113959689,175.967018174204,17.94905013590713,17.35779841111798
631.0270873847138,175.1551341458619,18.090318334647442,17.410141625921355
630.4826666711467,175.64931234252484,18.291167796964558,17.28905939774898
630.7405489359423,175.17649190082537,18.27116400622306,17.249179620270684
630.9725051764658,175.40339956090725,18.031347465766054,17.18216107258694
629.8287978447867,174.99647462862262,18.430447047527778,17.069682933749693
629.3759110526846,174.47854597724557,18.315606961382898,17.14744498398991
629.5520864830612,174.11967118933558,18.419744531129794,17.105266631362166
629.5894596468885,174.16597150924127,18.234942421574186,17.39301625347743
629.8050312643765,174.70861778080936,18.238394175421213,17.370423505110534
629.604231965764,173.64992328256318,18.092390059538094,17.445577842407964
629.6161393543103,173.49189376967036,17.902973686209172,17.377445861771566
628.695133018906,174.02287337136104,17.916173519417352,17.27399991827788
628.672540221907,173.26159415073568,17.614046424587787,17.3435485157023
629.2529477412886,172.75165868857982,17.685776523229872,17.359230067951344
628.5621349212009,172.8949598159613,17.615944901365932,17.35304293092902
628.4343140014522,171.6439651940225,17.662797585976357,17.321452825288752
628.3966035171711,172.05899959736647,17.625848197620947,17.33339725846141
627.9483215426053,171.57444351313515,17.609939958279988,17.19667208180075
627.9059081261825,170.681168656609,17.300710292121156,17.48114040065747
627.4809514747029,170.70000902094833,17.134110843500977,17.594403487687
626.8776077830379,170.53649413306988,16.902567831514045,17.5728585058679
627.1814631335144,170.1756118130221,16.96275220922014,17.437798449899468
626.5162526936556,169.42882626644652,17.033419861703766,17.44968819615731
626.273840142233,169.33443349113927,16.950478000113545,17.213706014151562
626.432962721321,169.3150771782642,16.82960705169903,17.085980730894615
627.080090001874,169.84307431015844,16.878000639129603,16.972976591331786
626.4399161179903,168.67821724625327,16.89113506232327,17.07052943564909
626.4404832412937,167.90917301592967,16.897738293491983,17.250107640482646
626.0300282712793,167.2226713100094,16.450555720436384,17.46750943164907
625.4348966715011,168.29644174585619,16.262635435915428,17.14046333095924
625.151769258031,167.3717325855866,16.05003702522662,17.049619572259495
625.7754089478764,167.3661933183915,16.135688925671943,16.769819304111742
625.8031472776846,167.4006846573301,16.01211193284172,16.951908675375524
625.5801791350475,167.3923868208567,16.079395347460757,16.941757449432753
625.4558704874094,167.00372095335322,15.748620328779882,17.047105584776958
625.0653238847239,165.90307882838349,15.598708235059537,17.18862521107443
625.5244213597554,165.61615928323636,15.608616016701365,17.183657305023207
624.8092165434902,164.97795453683116,15.505779012841064,17.17389738808169
625.0200140382661,165.15249780433376,15.350542935280213,17.16954504497101
624.4892930375994,164.6345792573495,15.404989258665704,17.07033732578344
625.2747323610307,164.65301250025817,15.327130311853457,17.133298874605416
624.7432955290567,164.73251044777865,15.232086118631257,17.041615242516805
625.2131607406333,164.5761661046419,15.253665486089496,16.91155216353913
624.5285245460681,164.3870093398997,15.146380739637909,16.91626902478017
624.29301595336,164.45516702805787,15.108927032147696,16.836453461215786
625.0744396126264,164.4585256944616,15.253291088851565,16.61299371715249
624.7361851369944,164.74533554541998,15.293422526706713,16.304971954727044
624.836665472537,164.19955610177936,15.413290382833843,16.12417671603166
623.6574467599468,164.17534933783438,15.403136261001807,15.8864281953434
624.8042435835417,163.8197273496732,15.235286479778889,15.785233981682374
624.23812861773,163.59375834877054,15.338212741472773,15.555683111913332
624.8645480717405,164.07973175504227,15.440053656373548,15.055556266401307
623.7148085255361,162.94462706800374,15.506011048876916,15.048929960470465
624.4814976090412,163.29399946717155,15.420889851318723,15.278387433596343
623.8674475178037,162.90345635981794,15.374607680964623,15.291374757522124
623.6387124175556,161.98733979291805,15.349134257202767,15.250945704699312
624.5340309995511,162.31945344067714,15.412176392566474,15.123254447103019
624.2276961954393,162.26165996639804,15.419436140178998,15.095533083960374
624.0553479948976,161.7412291419863,15.402940940701235,15.261640005897096
623.7683077265218,162.3544612293489,15.373213610879548,15.395487696978462
623.8862068959974,161.54303682935125,15.635178697040189,15.551347933436205
623.5282861920512,162.14606322288668,15.616651959466719,15.44789440955655
623.9757210082013,162.54487402635718,15.640593231192497,15.4283992212061
624.742064767658,161.07607439728213,15.673504676970085,15.52268669270463
623.6695250425748,161.4287576623942,15.565807504364432,15.512007886593922
624.1566044592489,160.8316037108334,15.589310201987775,15.566127214924586
624.727762295001,161.56184567560845,15.760272371097958,15.587240708927954
623.4666797247195,161.9826050384986,15.984809824206554,15.396419095231092
624.549288116547,161.12237949556095,16.053635923470814,15.427936808608843
623.4763128875588,161.49945812128294,16.182832231056643,15.431409666951811
623.4489726639208,161.41857050287655,16.379870891995836,15.401523784303578
623.9716098185918,160.94498393890862,16.48493308663636,15.375773633430807
623.1544684128273,161.46487602769096,16.79393630469757,15.320599119352591
623.1995379467124,161.38468058193266,16.69057861706662,15.443276874345283
623.500159241807,161.52003005040308,16.506166834801903,15.494676848212967
624.2674525484617,160.99493443546103,16.6046422265353,15.489297475680095
624.093894267049,161.2532291339872,16.535172390282444,15.602029415374004
624.5662725736579,161.06998735053136,16.461596847869295,15.622698635018502
624.2717845074897,161.01816010981617,16.44305621461129,15.896206952746866
624.6598330306157,161.28131610364812,16.339655341550163,15.78161655226403
624.2658151438245,161.03723228671763,16.31794592260477,15.803523454904791
624.9076543630472,161.10488166486107,16.37707203528413,15.545819884851397
623.973722942184,161.03906884013918,16.413811405750216,15.776843379861464
624.595211884516,160.8515110883961,16.519267969328617,15.790984482112034
624.6873040629015,160.23195363189294,16.540694826599207,15.834074619613341
624.8189817583891,160.69151578981158,16.730951047944068,15.802367560608182
625.5605952108336,160.18633953529354,16.694515672710306,15.891018459555863
625.7991419183903,160.42331683655337,16.840330492193342,15.84968602152404
624.9590729135082,160.18801439222537,16.891116647633154,15.99905385273264
625.278969400134,159.87129369628616,17.086211059749978,16.136219462025885
625.3710943748098,160.73416253038087,17.233699552580863,15.890346391157031
626.5020046861783,160.66767108304313,17.683022661914755,15.652149287911534
626.3513385600862,161.44224753893445,17.94678800639498,15.552589562507354
626.2447008602243,161.30470544481338,18.12271323580477,15.65333724283305
625.9622061006523,160.9779328908809,18.310829380963156,15.779569952741149
626.5540985602534,160.999619880486,18.30761303762023,15.816152512506232
625.7541876615471,160.83296748174072,18.349965824679675,15.817875091588157
626.6161102668984,161.19042142761947,18.46981804268043,15.748918232469219
626.3357608283128,161.43010285062144,19.04017599689249,15.547835912864908
626.7653845331849,161.71568048358904,19.09342682285071,15.499156366381623
626.290453965655,161.67280785250946,19.34471866011998,15.498847959088073
627.5211142968974,161.56667560937743,19.497381628769322,15.559032445905302
627.1985146216573,161.59788542893634,19.5356407097793,15.746251334419243
627.8995227500429,161.91454517074783,19.670974869191408,15.835541132336157
628.2497274046881,161.96923821824308,19.424885811842884,16.06736725038508
628.8169692746815,161.7715863904395,18.99402196922173,16.219743533536644
628.946742959213,161.8787305558862,18.63742632498579,16.269669807736236
628.047256198875,161.71476216925785,18.456398634495514,16.29960141732336
628.6240688393382,163.0179836726175,18.354620453827096,16.28005411487348
628.9440480892562,162.6916954030777,18.489568887298713,16.053715940093536
628.7921921865461,162.88159663391767,18.03803554358308,16.179195463219635
629.7584566598161,163.11645140805027,17.920250115872484,16.236843314418103
629.7435509413265,163.37944823116766,17.782071017354106,16.511640931763615
629.9191026013094,163.08778912207774,17.94000346351299,16.402598093138824
630.4865215261332,163.84665132690654,17.726829315399748,16.428989822893154
631.3760453587391,163.6489442674972,17.653204766871823,16.522313118061465
631.6981744943705,163.4365361501089,17.585795598582926,16.41404239729072
631.9595064204309,163.60665951509998,17.50761958639948,16.37707187833189
631.7164341625945,164.00702944687822,17.58025833925672,16.300228875851786
631.8113177114487,163.49045290642846,17.452207880053766,16.53650409572835
631.7033812347038,163.94077022854154,17.626713906217987,16.54042173240503
632.4419405697171,164.64310229062485,17.575240229973268,16.59284119111652
633.0815638943785,164.42753826275114,17.60162593347944,16.68450070810282
633.0258811090041,164.37530206754735,17.370945452010687,16.84362553980339
632.8650952556351,164.55546896128658,17.322397467853705,16.788845903859958
633.1498089155011,164.99160433097055,17.287307787930278,16.751153082544715
633.8657365871297,166.300100083988,17.306928899408007,16.75624500203161
633.7961623192125,165.86728091137638,17.574281736241925,16.47789569161523
634.0505158396646,166.20494444138527,17.419372518528515,16.586707191892554
634.8108656252757,166.42958780579457,17.04070402087647,16.627390044439533
635.3419264087528,166.76499702843853,17.040783477024185,16.578111191894553
636.5002098481351,166.7665779355047,17.014732021080626,16.555569558950168
635.8229884862977,166.38722911420678,17.258829619557055,16.59467057717167
636.4474299097901,166.97414107124845,17.337258169170976,16.72899385508966
636.9763421962141,167.12879694827845,17.269694674204025,16.89406530620504
636.7336344206949,167.0589485482348,17.463630250257268,16.723356643312087
637.9772800964175,167.30279901555843,17.21755007473044,16.852164550179413
638.1221067589734,166.8595163203142,17.323878478649377,16.737932072892864
638.60572963717,168.03820942902684,17.245554042694412,16.62494254202158
639.1883071040629,167.5382841588079,17.15600354769042,16.477981001122494
639.8654104030811,168.43513299532154,17.082428372650625,16.39522929195476
639.9102106143866,167.83947057978256,17.025776663789248,16.235565258134034
640.3756056700392,167.80122382268237,16.815474325902525,16.36572405267651
640.0089241982042,168.26452703131434,16.854430104522038,16.346896494551082
640.9380929648547,169.36243837649585,16.790442003212625,16.128037562656687
641.0966776771963,168.6983713275171,16.52506924580703,16.13796809215562
641.4603509631567,169.46361169318843,16.432458675378076,16.156075279094505
641.8706624644894,168.83608097791532,16.218177571153817,16.13955434460475
642.37379458529,168.88110086834905,16.274024111222165,16.174716385064485
642.0648763449393,168.86503079115337,16.387373494660217,16.22673231920377
642.840587802191,169.23717852817563,16.463010159052693,16.313504943704338
643.0966366337706,168.89424536724292,16.38257717136755,16.45209911982166
643.7076458436677,168.71313413829003,16.238366416444492,16.632219612776876
644.9692932807077,168.84455487655634,16.090237958532786,16.67750998004952
644.272548218626,168.94438216692296,15.998926551858075,16.725696891611584
645.5557006970874,169.2569835251118,16.030542251139472,16.77786353138929
646.4132993634123,169.60636828728775,15.772070635080597,16.784093751929532
647.1734123027559,169.74212922334513,15.656463019638142,16.855310895632407
647.3447184193724,169.87689054776672,15.555953945832787,16.929323163428514
647.9807338911552,170.24369557105163,15.526476474786108,16.85130502197576
647.6550267072539,169.81168803593962,15.53951657357991,16.78030572509617
649.1771662566626,170.68870785729078,15.383118753754069,16.830811365711458
648.9339658416985,170.89195933269497,15.381140492658112,16.71344318553483
649.6855887810611,170.29754079805736,15.391724202822928,16.747849269359335
650.637771962925,170.64516635417897,15.311387761580562,16.75030539292925
650.3091351563519,170.91588069918043,15.133261747041196,16.850330624721224
651.3325276053446,171.37569725405598,15.2507756218676,16.888913466889647
651.3640585373344,171.07519596507754,15.206227582678782,16.9754693690691
651.6514759730927,171.10835984994037,15.304035299777603,16.84677331815782
652.7349482783793,171.51956646431378,15.250825172923323,16.793923645128462
652.7905478463621,172.4930323615764,15.27701878137966,16.80448992418111
653.2578618031638,172.43582505637525,15.427375051087669,16.93536159121012
653.5232254937018,172.21370418841138,15.408068814020208,16.975953073126675
654.0406136002858,172.03997104046363,15.53037599299547,17.02579543666057
654.3165390970661,171.95297749417676,15.380680011327213,17.06450475132409
654.9949504559595,173.38907603195716,15.49714392226359,16.892671788617292
655.0635795918239,172.87674465037173,15.622056769986358,16.86134099481184
655.6902144281466,173.10609911207217,15.636996554738232,16.839677407180623
655.515845175238,172.32879491412933,15.60736197410304,16.902438049541498
656.786816022874,173.1561272732757,15.507109293265959,16.823649328792115
656.1684190872651,172.94193453742955,15.46941209278267,16.924324976637582
657.114976029771,173.56367088913595,15.415912241469904,16.957809427498795
657.10884378661,173.65971234213401,15.484616354753914,16.91261877108682
657.5246474605291,173.69399424348154,15.380738029418582,17.065704034005535
658.0932222771603,173.82889645423876,15.492199250304994,16.905049411241993
658.3372194246739,174.1102755793799,15.536491420445877,16.84534923686452
658.7325649472185,173.42954504150998,15.641070484533294,16.79748483214328
658.5558809627821,173.79534082256615,15.534594341009754,16.89545372869106
659.7331262248699,174.119752305562,15.580605306473558,16.773244773033365
659.3537103751806,173.4201249259185,15.649925110672223,16.803638214685808
660.0499412756342,173.4972765001854,15.946248385906642,16.747991415036097
659.3394532509375,174.38945303133482,16.293591122120947,16.65664498744943
660.6043542763612,174.00951525621997,16.05224884910548,16.76311147386309
660.9729108662495,173.8485774123917,15.902075838663265,16.873942969205466
661.3859348844876,173.60765097036762,15.926918081003341,16.926971309300733
660.9499479327957,173.3714604443345,16.07763894693439,16.731316973374103
662.3161073396163,174.36264461535478,16.18939199837503,16.72967296605034
661.7921330616373,174.00771371701364,16.33882807169004,16.68399099432668
662.6633353416522,173.33396806269513,16.337704544222273,16.65537449103592
662.3459318732395,173.55250148980068,16.44643260121459,16.58838709458469
662.1498442911325,173.50635591308503,16.75933181463926,16.44552603325041
661.9149801190568,172.49010265240977,16.791247830451866,16.494289125416973
662.8668648156878,172.60945700401084,17.047874774699,16.375158485702865
662.8778583617101,172.57426421562596,17.04213742873866,16.38247603020791
663.5811230776011,172.84049554117294,17.165649095551252,16.278742406623635
663.3247835698361,172.38856997315116,17.115305259137287,16.125390965076257
662.7471470342881,172.44259436822904,17.17105252094524,16.107124353322433
663.6001436305585,172.10382924071806,17.1759351972019,16.09069811401302
663.6211227934751,171.57752241378446,17.153288407471983,16.068263917271416
663.2508558250254,170.42991175512572,17.24875602347546,15.976597445816306
663.211375691281,170.9538704639165,17.31431275514375,15.878214742456702
663.0388218519165,169.9367571004275,17.290685239666445,16.00038013577838
663.1201764897739,169.9228077778518,17.30198388636241,15.950489250771717
663.1042641079043,169.25549589664118,17.27369805129917,16.008050716325613
663.1494722392769,169.44717261831303,17.291285047259187,15.815879141296673
663.3380853279264,169.24120606036695,17.393181151034742,15.873445239442841
663.3861948419772,168.07988834496135,17.211542326525905,16.03404305924636
663.4859824681193,167.9718785253422,17.276070606078935,16.059202784658698
663.5760538565036,167.0657216475694,17.372595543429426,16.054364755307404
664.014567537673,166.77304961916388,17.55971231561226,15.96485059964743
664.0396710972201,166.4655167893622,17.414639583832347,15.937124868831791
663.1333849853967,166.00037836991237,17.193515871276073,16.06179844196913
663.0994102320451,165.01945401174967,17.018913201861338,16.00300750032026
663.571586129415,163.67319660522026,16.916540255101957,15.820849662088206
663.0745433669903,163.3895009758301,16.8546627405534,15.856318222847595
663.3760615760089,162.5576978488114,16.78310985351446,15.836411669992653
663.9597816064461,162.26393962774577,16.683833545195803,15.717529267404927
663.654901317204,161.6877544947217,16.539907516795886,15.62792208022125
663.355302618482,160.7260886918172,16.131372522882327,15.620122203905897
663.2385349790719,160.85540734370744,15.820447624281053,15.587246283897334
663.2624083561979,159.78533150902018,15.611280450216926,15.631762300729752
663.3988673027063,159.40478127842596,15.593404245880727,15.426984215680221
662.3971843841163,159.11999080701892,15.657818233123374,15.28014289868674
662.2688791831822,159.4429102992036,15.717696560969216,15.002258794316539
661.8846507810763,159.25513884555647,15.521826983497718,15.008733704870476
662.1115749328322,157.81881613880762,15.35275316223594,14.972951879903826
661.6768735977387,157.8897037729162,15.00735070623286,15.047020706439906
661.4652018890253,157.17180565975255,14.791941007528935,15.32417034921006
661.7461619700747,156.47914145777918,14.837161922948454,15.34803079566017
660.8580058591938,155.69507222056845,14.770262732280518,15.310258134408109
660.3764275266983,155.38895213707877,14.990344324506168,15.01094956767622
660.5821056899549,155.413882546181,14.99322204016059,14.811225968304777
659.274377010263,155.0325030420734,15.046733722740695,14.672119255771086
659.1108126513583,154.6980147361062,15.160570676291012,14.56432289178386
659.2334248604926,154.2380855009081,15.043675296642203,14.51439018824506
658.9120277702403,153.8992650814648,14.683811586827034,14.59800648813788
658.8175058827209,153.08467226350382,14.492690619396235,14.60735448234378
658.247873633292,153.3282371514335,14.33334145076579,14.574772171331956
658.4206456325559,153.11832574583204,14.218222601440422,14.592734298378506
657.5204873843392,152.9212940549528,14.140644934742104,14.559987296340276
657.3438290475466,153.00647324891992,14.118753230489064,14.524354270468514
657.6464412972412,152.68622489966432,14.242942776910638,14.652086753510325
656.7993911210432,151.54314951947984,14.394391237598295,14.61380919394825
657.1810963209159,152.5010543806477,14.334195960075794,14.584437126107787
656.0005073933376,152.64582044670075,14.364264291459222,14.462590875258748
655.8507999009721,152.5361129444445,14.333607677898822,14.33456405748079
655.940206610222,151.75328855697998,14.330887316196819,14.188804336506823
655.7489543048205,151.82058015763997,14.152459529157523,13.918842848944383
655.896373153967,152.3074645841204,14.048192602558554,13.82275161544078
655.1253773625132,152.24163324189445,13.930515859088432,13.68283872978619
655.0773882271151,151.81770770262364,13.748089864242463,13.480163666207456
655.1043480185236,151.88697754446295,13.602187685802942,13.466148620585567
654.6792061571894,151.90952755082475,13.361657175645291,13.454582803136105
654.4356380043653,151.22266679700337,13.323961053791766,13.419005652407886
654.5223073098903,151.27106107705902,13.198536303271391,13.460426912090291
653.8787101718465,151.71120993332553,13.091822078687573,13.357569985918927
653.5335053428456,151.41014189568574,12.98280530026503,13.27647351534585
652.5384081519511,151.13005610754078,13.030468692407176,13.150410498244348
652.1076405916374,151.53050765000282,13.177879848724778,12.980473897866922
652.1958335272654,151.0714046458996,13.260547326963746,13.00497120017128
652.2276902707384,151.3086110469399,13.188676721794042,12.911293735824946
651.9935771474527,151.71260607361546,13.243827729899369,12.751065981057776
650.9657505400685,151.70180603008166,13.176970511470705,12.637492747355108
650.2476541625758,151.4306038595335,13.359743032729625,12.460672695083659
650.709192032471,151.29378878868604,13.526758402214938,12.255662936094211
650.482144005263,151.7003478057499,13.730429237095295,12.253136361240774
650.0806284364102,151.62956933872314,13.777030642955054,12.159134010607245
649.3158078680073,151.0396810138067,13.981121223577839,12.22864314048929
649.125785362924,150.96128906578437,14.038178081240371,12.364915368358457
648.3751059202248,150.91525393209986,14.350613488512408,12.26226438400133
648.4176201884467,151.06872726290618,14.372702008915166,12.117896349855886
648.763569876939,150.5595156452604,14.218562293605252,12.355187304320872
647.9997628162101,150.71184707672145,14.213246994591643,12.252824319399974
647.5727182703355,150.756599770903,14.33860916287524,12.251738577061577
647.4508801829998,150.86551267444264,14.686927818158395,12.211966119238827
646.8002436276553,150.9561553673762,14.722120430152014,12.247643801022463
647.2660045436418,150.64854319618416,14.611852493938626,12.267856432285953
646.6918510164081,150.4947934850277,14.540120895985762,12.20072027739701
646.8282704877843,150.24011492105922,14.518851820367681,12.180674851298802
646.8531224821088,150.5635903120893,14.438618749897156,12.158374845624923
646.6798219878596,150.16987088335773,14.2813146804885,12.149191724805105
646.3978294214575,150.0063027699675,14.240895781062289,12.246164243256377
645.7297635270282,149.98718481902824,14.677843760163633,12.035538325629183
645.562179818485,150.10105013557617,14.699259300895836,12.07958344483933
644.9047269776162,150.1297505741208,14.772589383916715,12.06712517399055
645.1025394428576,150.44789556347666,14.711833540176213,12.148488410210323
644.5936023078455,149.87988225946367,14.557208511151211,12.197489375841338
643.9451270678651,150.00687751255987,14.561202877296532,12.186092441192637
644.0310106242999,149.96153515198142,14.424258861715451,12.307067082396426
643.7618732613103,149.9606904141437,14.241265947104155,12.359469851326262
643.1987335103199,150.0109746730728,14.098149740047008,12.34311976100688
643.011066911503,149.50150436668227,14.118094802963093,12.265050953393104
642.6069341475919,150.06353152135569,14.396938226426514,12.154162594821381
642.5478014154359,149.77010792510183,14.30666986724854,12.086758033045193
642.7640657637426,149.8690070983838,14.19583879317273,12.139524768316033
643.1238199292256,149.87634611306186,13.960849019993432,12.301385355378786
641.8447215559415,148.8793840132568,14.029301818579013,12.322402846271533
642.7351694749163,148.83079665059068,13.972863959831482,12.469611751887344
642.365862055695,149.35662162037738,14.007826177958712,12.560544586476249
642.1348731815064,148.86993585663583,14.200675156699736,12.364534376250296
641.7573205724836,148.91167082031305,14.23392163489233,12.392233861627993
641.1918458762075,149.14477776430647,14.457488658403234,12.319247193222743
641.2440843355039,149.5959614315033,14.567060989697962,12.442575659610306
640.7212275342288,149.2911378027445,14.587105136719817,12.484656462717385
639.8926557406112,148.8361256188,14.285612916917714,12.590844723352372
640.682801077423,148.75053709393111,14.29887137564103,12.522734351982821
640.3068305648112,148.54835587326622,14.462820269154696,12.350685009617386
640.0126287783911,148.0688475295704,14.410135237067745,12.333973602431232
640.7778267847568,148.24599961754745,14.316661059282122,12.487431798970889
641.4069965683361,148.29037169979483,14.634587065625164,12.495368983455618
641.6974753064607,147.71387785220045,14.517106336650345,12.46075952307336
642.255344204467,147.48143702794735,14.435797971599301,12.695135511403281
641.9226760599053,147.43292134151483,14.344639082976972,12.701461593831606
642.2890987282952,147.5334933885334,14.287731935226688,12.702039078630875
644.2781183486816,147.15331899584965,13.926696135310904,12.837075714473691
645.6342816215462,146.43771271194774,13.972580248608828,12.641173628690156
646.1512708381772,146.3880853419124,13.661200368050682,12.784017834081006
647.784545771206,146.35291274907902,13.735790772226204,12.791256251914511
648.0445758815837,145.73772013756206,13.814526025046396,12.6989284574847
649.6201856195072,146.84885725731513,13.82904060185752,12.583339617987729
650.7244308655086,146.09426994686623,13.957761718741478,12.54241510444037
651.85123112026,147.12936852522415,13.821170610560142,12.389471918824345
654.3304185863103,145.6237996657012,13.39315876134504,12.637342359198986
654.6339652586528,146.1397222965397,13.157064484682016,12.907107090502965
655.8210756702292,145.93321811024867,13.071359706145726,12.953126297540507
657.2227594469931,145.81625067745884,13.070201768325395,12.812473627262001
657.6268549572618,145.677937056625,13.13145660817387,12.711277516115985
659.419190080393,145.15751081192295,12.946292215564501,12.769096050422881
659.9826009566463,144.98105027869352,12.732773242255687,12.696916104890256
660.6565713657026,144.7945313156113,12.511867088297201,12.806206219737229
662.7731091030051,144.8387171577126,12.096228547209357,12.892299819286137
662.5923017158547,145.1492392582324,11.72373177404021,12.944735890539594
663.7458745422771,144.88051896016947,11.721932610148144,12.569731358701473
664.0662421254191,145.14376759797983,11.675057593247667,12.456104758406134
664.1332865922362,145.24104362840987,11.550060065742738,12.23050697011428
664.5569230296054,145.8105374095,11.553484469980805,12.1704171225489
665.1921930920938,144.90084428152957,11.53170909834562,11.955325667765875
665.0256458122476,144.76964940579157,11.220394895582958,11.810128367850274
664.0537593578729,144.47621803074125,11.255708617778495,11.45813201284071
664.4770339203569,144.68889688897255,11.21158338721572,11.270115253304507
663.9556032681103,145.79348031716916,11.059614750913106,11.186074997176753
664.8732722425736,146.6630898688307,10.932916781348986,11.063300481561223
664.7186869374995,147.31289077033765,10.932400790335299,11.136137109333468
664.2370082762584,147.13445166279635,10.925441285520257,10.966657196822029
663.8865695616948,146.91194514150862,10.880863449602174,10.693046541639799
663.6608337304461,147.9810982030834,10.8031213259744,10.590495337542361
663.4929418812676,148.40547734862903,10.803100025456782,10.555830576629132
664.0208078028437,148.4377281480253,10.665055181148663,10.514796451522406
664.1106184317085,148.24877794722022,10.573271232064416,10.570742722006136
664.014732457956,148.54862543735493,10.416405926523435,10.574947578276916
663.6844578001854,149.94552491924068,10.529495401289967,10.273736657718295
663.8533383850911,150.06402844556686,10.467719681031284,10.31813818322334
662.9610232500843,150.70935689178356,10.421503045336454,10.106274816485787
663.2016876045557,151.598613594193,10.321558291872435,10
663.8036607732842,151.21714714588597,10.122497031891982,10
663.1912043074262,152.38161948742345,10,10
663.2348361851764,152.62039490463212,10,10
663.5567636134219,152.5068201017566,10,10
662.5698731782031,152.52511773305014,10,10
662.144113880265,153.07296607689932,10.105166757764437,10
662.6370291920048,153.98878423171118,10.235067015975803,10
662.4260609251684,154.0861415793188,10.136394468857034,10
663.1891411789939,154.501876198221,10.086195527177622,10
663.0926260612828,154.31777541306118,10.008764352315707,10.032644139337048
662.7553897293401,155.2347888131626,10,10
662.1901334317517,155.20159614132717,10,10
662.5521482888525,156.02615529345348,10.077394312287606,10
661.9185878986456,156.49110096739605,10.011366851658446,10
662.1789793165517,156.6630469863303,10,10
662.5515241610915,156.59368287073448,10.043212434467,10
662.2322984105673,156.57393183046952,10.05523592743586,10
662.7084024760097,156.74041605228558,10.09685668925881,10
661.7871558124291,158.20257008308545,10.349088676278775,10
661.7137006185186,158.73476070398465,10.562938604307167,10
661.9953935374854,158.78571719909087,10.81747094779313,10
661.0040264107623,159.30689109349623,11.025393456549086,10
660.49898778631,159.47621471667662,11.044585149709663,10
660.9893162625681,159.73646641755477,11.160873006153453,10
660.2474404041405,159.5450627305545,11.319559944680654,10
660.827151244162,159.5161444307305,11.34626926515649,10
660.7252912309215,160.60421684989706,11.611532238482765,10
660.707300828052,160.8939219476784,11.701490868969362,10.06850308158655
660.6683648432218,161.20203055035768,11.610002990726645,10.07828806872523
660.329812932579,161.20157498552425,11.594757616531773,10.289186153319505
660.4902768447829,161.69714665211393,11.648767564874882,10.326493070765778
660.5598728224263,161.73649689692851,11.705795709513938,10.326322579796695
661.1428587760229,161.81250816594505,11.582343610136405,10.5041410594867
660.8806550103009,162.95360785058972,11.4750820970858,10.372964601269146
660.492073482931,163.1481992925057,11.271178567238298,10.412875972407743
660.0663581803835,163.1460051083029,11.357419226635646,10.313289164002127
660.7559410690709,163.3327480517485,11.31405266648505,10.419890318965779
660.054807209876,163.58765109194,11.367037881746636,10.398758223587219
660.1768479091537,163.96677749531952,11.478651671236705,10.438635034996043
659.8173278449315,164.45718002004378,11.450818540136874,10.664707693982587
659.5595565173156,164.69590726097852,11.5476482515763,10.758694743294413
659.194968429067,164.55438012995643,11.80373962067745,10.633171920797261
659.057952272564,165.78605386475994,11.818454356798325,10.591858476382523
660.2134492437724,164.5868670521368,11.728601752729952,10.66951905841594
