43.5,146.5,17,12
42.67688642016797,145.82395382777995,16.998279788658056,12.000049371398568
42.06434464196191,145.22908575543866,16.995817964477823,12.00155190211324
42.86033259036413,146.4813001120635,16.99313781256932,12.005138583074363
43.20262733197086,145.8235886530727,16.991813300135274,12.00465688374642
42.78108174021324,145.48814557794546,16.99137484202225,12.004599058552287
43.12897581041137,145.54052991059834,16.9860259854738,12.005378372720601
43.30594502089374,144.90847558778518,16.985285794775635,12.005150074720499
42.309832255868116,145.00111193547977,16.981976070348427,12.003894471320855
42.16029987768516,144.80069009845434,16.981911132014087,12.003833162089647
41.142950852411886,143.814713516488,16.98128198643943,12.0041896081878
41.58702638205425,142.98704068262896,16.98115549571244,12.004215227573724
43.2871406296165,143.3402350470972,16.98090444619035,12.004135995993638
43.088188916769454,143.62716817036846,16.980338841027365,12.004418165970273
41.557059375376944,142.8639743259214,16.978418741759768,12.005677132673547
37.04876564958631,142.39432112450652,16.95480882090452,12.038708263133904
42.904603828313945,141.0679508438849,16.78846727942825,12.283916847677375
47.23180115395178,139.77775496845314,16.7377055550935,12.368196967147385
51.44716032103919,140.17401769623177,16.654817993318574,12.498672741353182
55.10995470164313,138.89855574743504,16.508656379022316,12.699298949508776
57.31668299784932,137.91494973030177,16.40498658317976,12.850033923457298
59.663240484538065,138.28167255511042,16.35570953857424,12.948831597166121
61.229808049736036,138.60833803203,16.211669619207356,13.104969866349451
63.120998871556324,137.12407895055995,16.034529512660896,13.291006597328456
65.1705144112859,137.2866199605023,15.961116986363372,13.450223760335605
66.32545507016094,137.5516847819985,15.871604053928213,13.557755574405007
67.25741953054731,137.6891950124313,15.774719081329005,13.669643495716729
68.3529080109455,136.4237674038281,15.663979270724887,13.795105112459268
69.24530988517397,136.94485537007446,15.54795692199483,13.898868172466846
70.01249906892787,136.77619519218192,15.42370345244387,14.049049061847034
70.51241585897893,136.1514759940211,15.346532011280672,14.107855830132173
71.78650943057475,136.30817099703003,15.289962786103535,14.187824024902778
72.9577029011169,136.60734685709448,15.254777468935844,14.255305360746949
72.93479184583614,135.61708116705086,15.201711703821221,14.313935276371927
73.22983737112855,136.1847862012391,15.151924717987086,14.363600967883125
74.1620702015231,136.70218120312526,15.099564832077458,14.416699920180722
73.68014499766723,136.78233642201604,15.070405255295919,14.532326026340668
74.70950069028635,136.94275630333365,14.996923243035894,14.641269041730123
74.801554595204,136.4349087241186,14.980741416867968,14.709867077491053
75.13732217103491,136.845120889559,14.967982369656358,14.800907020539775
75.3260758554309,137.37007350849123,14.873874523168935,14.863889284391977
75.91833267553437,138.82601053532716,14.806703474247685,14.846462318961708
76.37724421105587,141.86723948243713,14.762599380179172,14.83560772292899
76.38093019128195,143.47819356345732,14.74723717029441,14.805263167150821
76.38098412453232,145.13539680782597,14.663222966174843,14.830301792549252
75.84006385720174,147.102523248703,14.607425766422832,14.85340202587699
76.68094623398791,150.51258356287283,14.56340090962478,14.859439921096888
76.9724989803047,152.4058535928171,14.473936316649402,14.848925871721686
77.18582185376965,155.4450810751437,14.43794257062358,14.812714864588042
76.9249717058905,158.3675820948812,14.416258672007826,14.790156787210195
76.73066756139093,160.25375654095825,14.39302699900135,14.779867106787062
77.15195969715626,162.33737447566978,14.330764861965475,14.834371006345894
77.272403246257,165.6934237798918,14.300001719967451,14.830093290235899
77.60860163499973,168.64192656881437,14.277689676444982,14.8010581790045
77.98616696614326,170.46160557317603,14.237471786336577,14.798917930367207
77.69369556981133,174.13149049671296,14.23012227019308,14.800009880626114
77.95880435267915,177.12196389713438,14.199715668326526,14.791463268229348
76.825838901214,179.9890124669041,14.14076692495555,14.803112264401584
77.82983727818875,183.1222853565977,14.090214481194346,14.798094500151093
77.83847523572445,185.85206640145213,14.040046290521346,14.783779583751512
77.78183230043352,187.5785014870285,14.004638450537605,14.803771179414008
76.8323321399595,191.4641218708134,13.962985685777026,14.809611424570036
76.9611888604245,194.3851597220248,13.9561233395698,14.776623475443104
76.93314619499783,196.21770862543679,13.930226877377127,14.799126996515271
75.97266851662812,199.7234679601191,13.884797108002667,14.802048863649661
76.11556353851394,203.05109440511615,13.871424698956591,14.766003832694878
76.05079681011765,206.58095466856588,13.886000241992818,14.720484946878182
75.20552836906087,208.6414479585687,13.848576179930628,14.737367248098092
75.32595785047022,211.7016472018177,13.838920281434415,14.71902860275611
75.11997423113061,214.91367447958308,13.834209598103214,14.680021482985865
74.24971593922233,217.98502467145525,13.808497506077497,14.672247418363824
74.10738642555278,220.967503051342,13.80817686217674,14.663501271841064
73.18027113065891,224.2283241927239,13.796584659911254,14.65494626172131
73.08087621425513,225.67586117319706,13.785246706916931,14.661562545449675
72.64153131901105,228.91055179695218,13.814221800997744,14.633249470394261
71.28523521404568,231.8881692290558,13.77629425842605,14.596046775529114
71.13033417980623,233.37174616178245,13.758048157292075,14.583351623607248
69.65302897218515,234.3417935581227,13.73319880996099,14.568598913904056
69.8071568868829,235.39490269492512,13.726020108022162,14.565256588251474
69.8070553647819,235.32809810160526,13.765706602577295,14.530649859330465
68.6693638661955,236.0010979445255,13.751311128757068,14.527777662579973
68.15038975513087,237.16596047023245,13.761013067355117,14.511225428396315
66.76707258513969,237.9294467108523,13.74507752208359,14.490744131391228
66.7923273816003,238.60860801130582,13.762144821836328,14.512568272351272
66.48162710444828,239.54029408954233,13.780001260120166,14.480822411921626
65.14370941363578,240.290635942898,13.776204693274112,14.454480693773831
63.857909308787974,241.1049070947269,13.766643880783434,14.445501016001014
63.36946445784203,241.7397584019882,13.756832451808323,14.495176181439062
62.88570404670675,242.48398831330906,13.789308329792528,14.461017120020196
62.16540968394473,243.32561474728317,13.77796140639842,14.441693714504794
60.80943123751,243.14365722048078,13.765720911572576,14.433396298531802
60.55187761973053,244.2115525946901,13.787681399780812,14.398608958545188
59.643360727532155,245.46909766954306,13.782809452022716,14.364597910401754
59.07590736242041,246.58515177356372,13.813866413607602,14.323182365553176
58.25975790473039,248.58319445738292,13.868492370613614,14.346110879598145
56.57593449004367,248.5870381879873,13.854948899999263,14.325666310773878
56.15626335330284,249.8330768247446,13.879606603645263,14.30513020356483
54.29801699207905,251.30439191320713,13.871283480603338,14.305193021711183
53.755279217463325,252.34166524078853,13.889889651744884,14.289652819108795
53.491325313337924,253.69988427857356,13.933564915096696,14.239096615715853
51.80248990687466,256.3383865552847,13.907186808345482,14.225786348639962
51.494657539126166,257.45456656419634,13.945746438919228,14.211568601858673
50.366286812231905,259.1648094590659,13.947940773567124,14.228767109681142
49.43027630357583,260.85456428488015,13.961435441811584,14.227530706725172
48.301911823735274,263.8956451263333,13.963874059161771,14.208006352920346
47.018573846850956,265.7457757976834,13.97708798442699,14.213505250775015
45.60806997241502,267.5658680545446,13.968398601188273,14.211099734473903
45.468451768317436,270.2636319893007,13.995644542073485,14.184229453920473
43.934087463521415,271.704949310827,14.00621952236254,14.170934515381385
43.500288507255306,274.3742379519526,14.020120492565356,14.15748054321936
41.664930653077086,275.7295996239645,14.020864496438763,14.174343230155662
40.6058079317594,278.70032946359544,14.00255784366092,14.172759153615818
39.246959086805134,280.73476685322606,13.99607984196485,14.193249856684895
37.707287807940986,283.475401182297,13.994161480122214,14.179604909175389
36.89376789019435,285.1759745129637,13.98704723427089,14.185874829949547
36.26202048562469,287.63385645197496,13.994935392104054,14.181170808341841
34.30756784707066,289.6840008569611,14.013335116920238,14.195363447496653
33.05067209678973,291.7680092702061,14.017996139576823,14.212493906468158
31.60013313389547,294.6898577875296,14.037556416668451,14.19978623263047
30.68294012939726,296.73141856355494,14.054785633977858,14.218781742194835
29.540190480111253,299.37415406365653,14.075276244576848,14.211602921099312
27.7827126178442,301.7445629604952,14.093446089975822,14.205408559581329
26.735562171611846,304.0706086796423,14.133405189380225,14.201967767496903
25.001158601032333,305.45115844853484,14.150446316440132,14.20875415309736
23.708946459850406,308.02300335759145,14.16851370144986,14.204399967308431
21.928004415916348,310.78459426580173,14.1772547648734,14.196206573281605
19.79760396185067,312.4178374482878,14.188698926331169,14.212973162792537
18.31918328770416,314.21474829571133,14.204407490734416,14.226519937183713
17.544734390085356,316.61409836239454,14.200005620520974,14.24361570225483
15.495118950274149,319.56946047454414,14.212011539816242,14.241032137287888
13.843211345158391,322.1219158624977,14.248601961381986,14.224416344290956
12.558000709726633,324.9094980948247,14.252985815787373,14.220031203214866
11.236102212826887,327.56234131346815,14.276974850983958,14.204211690213771
9.578016508807686,329.2269279070636,14.293818647099144,14.218191979738014
8.009347322748749,332.417413419797,14.314135935385233,14.2086117738207
6.51571603243362,334.8954233485843,14.336232662515123,14.198965378923218
4.416228199670108,337.6972359309724,14.362229926858063,14.181523762120614
2.9337409638576464,339.01955898817516,14.364592723220536,14.182137028055681
2.233158186780452,340.86276604169143,14.363168240982713,14.184059293398581
2.404444799970779,344.27962104646764,14.419893205672615,14.130765295656506
0.7300240227296797,346.9890484389347,14.430586881507963,14.113963866893023
-0.26392315464227245,349.27323100614916,14.366255169662512,14.12407325410108
-0.9193258667165782,351.0362684424378,14.316308964935391,14.15522503939116
-0.48104883929854125,352.586519254361,14.292562908756544,14.173379573992024
-1.4512853422374299,354.1708910297005,14.203704468940352,14.228430960446834
-1.8254612700693107,356.0053634432923,14.182161307457049,14.246473533318198
-1.5841178257743298,357.06506430678263,14.17938377927587,14.247947641756259
-1.6919104053638652,358.32018893582307,14.17605143450196,14.249832935677313
-0.598062341390694,359.45973204340214,14.175498393942704,14.25017138787752
1.0058283389760598,360.39670107156724,14.17532311040341,14.250509492741223
0.4157300579431302,361.78049361224635,14.174738188819061,14.250816533651726
-0.49481482498992957,362.9918260430798,14.174129527484864,14.251147477725125
-1.0696018943998906,364.31177263263834,14.173522730445105,14.251475179116495
-0.9003278633483456,365.7953409884599,14.173345170337102,14.251559727544207
-0.24920052780357782,366.64069816323126,14.173265186633126,14.251619222720365
0.26012884142126946,366.9998007566003,14.173192368517293,14.251676827615922
0.9893813108820515,367.2906171918734,14.173083506751796,14.25178683979822
1.0824398187620519,367.62759244579337,14.17294517184087,14.25188314639998
2.049869593552091,368.6186956312028,14.172898525665028,14.251944036132665
2.6778415918274723,369.39301282858236,14.172730219193001,14.252152786743954
2.2197867589106455,370.19471039733924,14.172569271356306,14.252310944365764
2.593931325013468,370.7315821266202,14.172458919229548,14.252425389284298
2.429107434042159,371.54681448928926,14.17238396886664,14.252473020704349
1.7963974685076103,372.3968229008625,14.172248279742256,14.252577838716856
1.4078341338887457,373.5017496453191,14.17208442592777,14.252705791301482
1.9476628023639853,374.58445439049854,14.172012283564998,14.252743297631485
1.5413220431893935,375.6980187907114,14.171916044269528,14.25279664709284
1.5276711830184508,376.5647332388513,14.171830255488922,14.252849157978568
1.53098714708395,377.57479186664335,14.171762271634346,14.252879226002852
1.8716999817427311,378.85108009407975,14.171699171648907,14.252917460003323
2.109951370987975,379.98187015237147,14.171641382601244,14.252951189245103
2.578502645927421,381.04418244902047,14.17159871202533,14.252950371429224
2.662563788369603,382.3204408401387,14.1714970033796,14.252978183003849
3.3191971963070825,383.8089125987522,14.171415879338136,14.253034187032268
4.037002097560303,384.7599370446685,14.17123505384433,14.253164297961535
4.318694961468717,386.319300726713,14.17111393441068,14.253283111927468
3.918670008229105,388.0379872575087,14.17095294773576,14.253627726498767
3.9448780762424898,388.9210681274061,14.171052448838536,14.253568896745719
4.494797041264219,389.06101554639724,14.171343884716098,14.253261357395132
6.078484225403393,388.85413964931075,14.171435203235845,14.253173721951194
6.2422854158497145,389.82573128699704,14.171440066596361,14.253149907599962
6.581325142745442,391.02703938734993,14.171603057796972,14.253104192962995
5.950839884647211,392.9036971232657,14.17185105602621,14.25313349537763
5.136752135596019,394.8385591159908,14.172035712263053,14.253141889840819
4.692452507685357,396.39797216830806,14.172197935384792,14.253212031162713
3.194793193713669,397.9518082790972,14.17230639258232,14.253208686232375
2.8839976265564538,399.65968458808044,14.172363477385794,14.253375848997004
1.968506798480826,400.9501737109696,14.172325016731019,14.253377665703518
2.3522291227787164,401.3781577270107,14.17230673970964,14.25337214849851
3.201183546020266,400.9286869791734,14.17234313038627,14.253359848740121
15.589213021105111,395.67391927465155,14.257125931315212,14.413079889131549
12.945637922675523,397.0016495509412,14.489348779083812,14.30548305839973
11.130934278480458,399.071676969903,14.399761211593205,14.557360707963838
9.250439753865635,400.50858655803,14.46517550038584,14.474725718645317
7.267229016587567,402.8991675288982,14.678773145291096,14.40872605413066
5.1911814040211155,404.3918771159879,14.985133058915821,14.146916565849153
3.469484875094179,406.77870578738225,15.11047573224821,14.096697962836926
2.547597573121161,408.63442045710644,15.36728727867624,14.112600976980445
2.3652022256588676,409.42337711613567,15.708624078598223,13.891904851571864
3.497326630949077,409.57815891715427,15.830638400113141,13.803446020433526
4.22031647187301,410.24489030068855,15.897639537013749,13.750923786049324
11.175499180148044,414.3684062292979,15.894789646281554,13.5108175117164
8.789482386794525,416.4659116116611,15.878333891252753,13.232779622584975
9.27795005347905,418.5033511884274,15.131692979198894,13.465944425808921
5.029766561457755,420.6986437957645,15.161106685653593,13.152893886732933
2.641544396058662,422.7131600837894,15.263668055178586,13.048138377867623
1.0538966347006742,425.03398070284317,14.980190203337067,13.141760010548602
0.04956944787376116,427.471749766056,14.285578910029223,13.155999067655713
0.24579125414366043,429.6537979047107,13.4968747975352,13.69129301098842
0.3919097994927876,430.91264705444746,12.882057041486986,14.079952476712553
0.445250005827023,430.6493076704187,12.434776317062381,15.060795749775018
-1.3084575725876073,432.0627972333036,11.71011244480839,15.606074571926952
-1.295172102335739,433.76311484859275,11.594088805477863,15.670257580560685
-0.6901921440100605,435.23456762969016,11.593267401437895,15.671162958154675
0.981074802882592,435.91663118621057,11.593254698295901,15.671583813024693
4.367047494843087,429.8881375255258,12.18319486201285,15.246712880915178
3.1724752061639876,431.3970139844482,12.634526872613847,14.870658800350558
2.1370482578909957,433.07130941905484,12.577383370783366,14.914933112106603
1.565161508472082,435.4657333785979,12.644066129417336,14.724675567013378
0.9581425787031783,437.9326091970469,12.755504010508183,14.619256354279255
-0.27270084809437645,438.93779081127906,12.513961913602804,14.853665798468088
2.005901134235696,439.2572231400529,12.792474673338411,15.370671936170417
0.3688694149256708,441.41113971858294,12.606303708348232,15.730159984249457
-0.553210572127349,442.96415499668205,12.482119709294482,15.688910855434678
-0.6324571277423603,445.33377534658007,12.476963008183768,15.691598733061678
11.850230255036385,430.235695043958,13.07025828657159,16.230418334887904
10.04609674425103,431.9868515941262,14.05741343833029,16.23966829721929
7.856779170259131,434.3782206482468,15.120830852930908,16.219457654798504
4.763500418301183,436.89573593712214,16.303417733830447,16.283098513357565
2.391077771414187,438.18851322333614,17.348395302232124,16.702032885936845
0.4141619099765066,440.6682958823756,17.63416624553595,16.91563431971957
-0.5835561717125834,443.15510048002517,17.081085658578438,17.143150746216026
-0.7987632732118719,444.6509906642358,16.258490065434437,17.483240933672455
-0.9645972179314368,444.61878003420617,15.283549158753877,18.460180695013545
0.2848820134035588,438.76866859739937,15.587662910210472,18.212302524925917
-0.6223963639265309,439.44201233256445,15.490231525718125,17.807785257327815
-0.6204233436035755,441.8738369706406,15.39218281929024,17.734465914342106
-0.01826467023011702,445.2752143824813,15.366448498475634,17.721350563622078
-0.9103674789101115,446.88108118089394,15.356735387007193,17.716485853744423
-0.9293051633802927,447.9017546763354,15.354223661926712,17.715618046058616
-0.18188350178454815,448.3724366666582,15.353293989247918,17.715530973333795
0.5915305384755811,448.0421203862877,15.35162667914392,17.714541725069026
-0.12642142407011736,447.85398787649365,15.349272194735194,17.712560675702647
-0.9254234987889056,447.25177198355755,15.345847954623515,17.712038195026725
-0.5345492786761481,447.45174184579236,15.344596886548421,17.711929288733383
0.03055754230889285,447.0989472867934,15.34399521357248,17.711370616776037
1.078145782717435,446.3653497309093,15.343508817212793,17.710657703756358
1.819869298533252,445.5668807157177,15.343222519757795,17.708513979455255
2.531086605924937,444.9744967570494,15.34534690212866,17.70517881699596
1.3472634744150218,445.5838602716061,15.343786021364922,17.7043474149043
1.3442776976400665,445.43508935220484,15.34328059102117,17.70400356754773
2.344405424215098,444.8295956321506,15.344150711983046,17.702161656231027
1.9208386107651654,445.5485813152658,15.344443659237372,17.700522873428103
1.631568514516145,446.4184666864027,15.344101395909608,17.70001781146735
1.49414657701948,447.3031353250465,15.343576789028472,17.700089117820813
1.9906867153343608,447.5012286343952,15.343374472603788,17.700428776188637
2.933314010033161,448.28746629029746,15.343541516926585,17.70070975481999
3.092732091560026,447.9540492555954,15.343051586048682,17.70230097344354
2.258475639687097,449.19339455142665,15.342471357775498,17.703502635656854
2.750377755073539,449.9572651247754,15.343232504238026,17.703112391516655
2.2162809597914572,451.3259229316189,15.342758444579411,17.703507492169972
1.726444221782784,451.14609576264985,15.34223580224196,17.703441272179976
2.3241009925090355,451.44526706649805,15.342331916360441,17.703170001229708
2.3762238769637953,452.2905410065506,15.34216293528032,17.702989342956975
2.4400792324401612,453.5837470398885,15.342318179561163,17.702809461644897
1.7103873579966367,455.74722147351986,15.342071558308136,17.702826403250562
1.8766504342794637,456.8535708441274,15.341886510488347,17.702524760576754
1.9520097227539228,457.6582680237892,15.341749993757286,17.70246296274599
1.955030827959276,458.41238360959073,15.341631004700021,17.702113909368165
1.7446532778304906,459.3218053538975,15.341232797996533,17.70202843161885
1.7520278451808098,458.98997935227817,15.340831301299422,17.70174733654136
1.5852831419028757,459.5399855731622,15.340410033998555,17.70186390306636
1.3356691088117705,460.06738502202603,15.339803443465373,17.70217414859589
0.538238867461498,461.1880226512677,15.338565264743188,17.701991810415883
0.9691691833908571,461.65477672993336,15.338170027381388,17.70129151584318
2.024673753753702,461.39486369771316,15.33813805950726,17.70053550039625
1.9881443874685605,462.21930889645773,15.338004322301867,17.699772658754224
2.8082177174456024,462.35226004991654,15.338104888109196,17.699418074414613
3.2855562783673866,463.43607722088564,15.337940839233157,17.699135455193723
2.8419606257659504,463.3112615572208,15.33713040445724,17.699852957965184
2.026613587183097,462.7298305680857,15.336581014292014,17.700227190950407
1.4741985710726722,463.1567738694148,15.336145190723679,17.700204364022333
1.8435075301570398,464.1648791373377,15.336751527639935,17.699341785787553
1.403359725143341,465.5820090022574,15.336101455141698,17.698505193612935
1.0279750420566405,466.4277398766875,15.335630687075902,17.698036157727284
1.1569521845376647,466.86389768681363,15.335402445576607,17.697798121741688
2.2062094224237097,467.7183397851107,15.335410871339551,17.697739155746028
3.731156551156765,468.304626509074,15.335433358105618,17.697687418215192
3.383994144997235,468.7242480794489,15.335457161246516,17.697553757846407
2.1151614084617183,469.9357353344225,15.335298003580245,17.697641095586
2.5252837998819597,470.8898377234832,15.33522690152208,17.697665787717632
1.6895098838169806,471.65499996711145,15.335027645219727,17.697606631729396
1.563916883488763,472.0699706740738,15.335028139293902,17.696821735787196
1.6734544998258487,471.4048800373238,15.335133982311907,17.696058351961458
0.36174128832138486,471.3189227522662,15.334725318498325,17.696045678605493
-0.06501137670602741,472.49486388829814,15.334552720105426,17.696083534410306
0.29918781587384036,473.8001317915154,15.334516597194684,17.696073097619884
1.2545713543488537,474.9274695735547,15.334498121204435,17.696064577227325
1.6795197462645017,475.63692307386486,15.334460932671906,17.69603851609056
1.8023042789737174,475.8912722063142,15.334443915340595,17.695795110448596
2.6720500328568084,476.3874374325898,15.334472480511424,17.69567331754628
3.4233094524839123,477.7906884500055,15.334527131400039,17.695611397689802
3.7430800744045305,479.60173217181693,15.335189244301661,17.69552131048182
5.495464416754473,481.0324124129573,15.336326426224701,17.695226931182695
5.812885154989862,483.06282341886225,15.336201102898759,17.696240685211386
4.833197184904682,484.6906346986632,15.336379998696561,17.6969135681907
3.756762888297887,485.83702401757773,15.336395102988032,17.696894825686293
3.18448590566212,486.73748636332897,15.336389565657942,17.69682088319961
3.254795792432428,487.7889839691872,15.336349716104715,17.696816060353427
2.7409834273419396,487.8576535259471,15.336248511303392,17.69685188436787
1.7092807792425333,487.9569253013254,15.335945263724739,17.696567568039743
1.6935313318239116,488.20246703553846,15.335941688187875,17.696151383148674
1.432995079945468,487.36886247752716,15.33581675370471,17.695834254053985
1.8724082498619588,487.2309511221477,15.336066656318629,17.695476459060412
4.208087602613502,486.6125048850816,15.341830066904409,17.69164138936176
3.508994906562519,488.55056306333034,15.37223775381381,17.66976640401906
1.502944681880619,490.4170439224289,15.38579756330029,17.647605810394726
0.8204917330987769,492.6260254425189,15.387241012743857,17.643139264507905
1.762111476487358,494.1598508435677,15.387712506382039,17.642518415413164
1.9123015344549747,496.3104967502329,15.387639813323164,17.64241173315579
3.5591154167943486,498.32838703807766,15.38794544021546,17.642507908412306
4.26665581651423,500.7140610313271,15.388196719709414,17.642894159584326
4.76600949856466,501.6915549467081,15.38978463701877,17.64206391968843
4.8730480906696085,501.1257871991896,15.39823895028736,17.616073994536606
2.945768284891918,502.5824716417087,15.396531824858487,17.624313795945415
0.4326966154409302,506.3183773981602,15.375042469516078,17.630503877585983
-1.2609879400785022,507.1287287611896,15.36834572362135,17.63905155874607
-2.122743473601594,507.62844669668874,15.36610431779003,17.640840086360747
-1.7977556558949184,508.57996903143095,15.364932929755982,17.64110368923814
-0.35314320088740736,508.6274240986813,15.364665043361565,17.641139134504716
1.3328927365101517,507.6878470539079,15.36485660011552,17.641218292906743
1.6670519231806038,508.24243451865254,15.364860193899554,17.64122727092631
0.950850931588068,509.7039735986445,15.364518746946992,17.641249820857514
1.4845889509288739,510.3530093419805,15.36415741907318,17.64168733591739
1.1825632206895458,510.3988019185807,15.363477915844866,17.642188669235395
1.493045659384034,509.86582919462677,15.363159515201495,17.642204823510763
1.024871675815307,508.12716208532106,15.362887306500479,17.64206149161551
1.8735184031113423,506.61713447724594,15.36291216741439,17.641223372423372
1.459356636192756,506.4008058478187,15.36299745242649,17.639390367815864
1.1211253549077398,506.99139756816834,15.362868141827576,17.638674055870148
2.6808915612339588,507.03758600548036,15.363218074374723,17.637991312739693
2.0197517692527454,507.89850231859145,15.362856404865775,17.636971722482453
1.5316918536486979,508.62004180925135,15.362636240212817,17.636839294393027
1.6054240864121834,508.12488537967835,15.362082129180894,17.63729382424285
0.19456204036081726,507.2740244960208,15.361038725174618,17.63721739095072
-0.5654827867002394,507.3488508693721,15.35950369496293,17.63717270496569
0.8104078935574357,506.51151923940216,15.359473280492502,17.63749810098338
2.3980950805427685,505.5316479425672,15.359361119275132,17.637705095898443
1.2277891375165977,505.43156483585324,15.359259265932332,17.637971099422636
0.16479443390514525,504.48543293053837,15.358994829847742,17.638185359042215
-0.26081437932490914,502.0611080327727,15.358757185063801,17.63834443954668
-0.3007963099610018,499.7671868672859,15.35862086761742,17.638440150342092
-0.40050027650996256,496.958057721138,15.35823476158513,17.638425184428698
0.19045294582597183,495.6128428481214,15.358520523296013,17.637352836193116
-0.10650086418688698,492.77316852822105,15.356448393165328,17.638207499400803
-0.4008931322048648,493.27197423676284,15.353033007593313,17.633271684753243
-0.5057298801468209,492.61521981882873,15.352621036973128,17.632954913321658
0.7880059935908994,490.46750434725226,15.3523997606128,17.632603767241203
0.5860733402775562,488.3611032337456,15.352098130365096,17.632384239036053
0.49168721432836815,485.76945066641343,15.351831062509826,17.632406521527532
0.11816547163845748,484.53249195177534,15.351712563445982,17.63229178718365
0.08321526085099684,482.05227059140424,15.351458534187106,17.632316283591155
0.5583106086574876,479.38701591385006,15.351209890938474,17.6323689049959
1.8374129567459665,477.37451993017004,15.362543072798015,17.623817285625027
0.4201572200057111,480.1939727955918,15.22646705428939,17.539104097811375
-0.6801030960639105,481.2209710947093,15.226162948879805,17.539325314975535
0.009427623712113586,481.17374511037,15.226135790104735,17.539327681586546
0.8038243997342214,480.98252454761473,15.226125621429965,17.539316438360835
2.926458677257587,480.0891359114887,15.226183585395685,17.539217151355352
2.062108857411948,480.59558838673627,15.230923183087146,17.5331213162701
1.1492970452886189,482.4285991738814,15.230820894286014,17.53308413414599
1.1718043276096042,483.4861013256473,15.230790629333574,17.53306720396616
2.204923011141986,483.52487263983335,15.230777122055798,17.533033814910095
3.0361564727177264,484.0463891782037,15.230772314192098,17.533005489374855
3.684563799236156,484.3931719289735,15.23077913618423,17.53294181793626
3.222040324720667,484.4088443793038,15.230974965696928,17.532645038206542
3.8842702918950485,483.82728212438144,15.230919747839865,17.53245544397103
1.498180589110528,483.92097535514193,15.2269031504487,17.538094780055513
-0.47171696426486154,486.3371789164402,15.22591571020241,17.538460389239955
-0.697300491553297,487.2697022376027,15.225716697846602,17.538523190579554
0.208380939335715,487.55507264551375,15.225555050858922,17.538597163099034
1.4956798440658945,486.83448395855635,15.225371733052006,17.538036408351626
1.3417059320522453,486.5679125544527,15.225135618814457,17.536937122995973
2.5245590442655876,486.41040526270535,15.224475657128862,17.537019866786125
2.681950693328898,486.22168503108855,15.224211853774198,17.53654464961124
3.9081640603014733,485.8248198291112,15.22421441441523,17.536333853786374
2.9077442435786924,486.62735510381,15.224072001733472,17.536328292525177
3.203498976593303,487.954470266227,15.22389133542883,17.536422260827624
3.640679213980726,487.9311900161557,15.223809108010398,17.536409543011985
4.769370095702522,487.60126427311013,15.224389333015903,17.535495381214993
4.887922768646412,487.34049651445696,15.225029763900622,17.534246844242016
4.611668524497037,487.23553139265414,15.225139630163392,17.533660322133997
5.33677620270326,487.44868780473723,15.22538113143222,17.533212701109907
5.839551877582455,487.4404180147067,15.22535203280298,17.533128108021497
4.689730593313473,488.57894748549575,15.225289572807009,17.532903177521383
5.2131738239095275,488.1652147557099,15.224031659283357,17.533971814163742
2.6255280252850337,488.75196656671164,15.222819121400509,17.52875868803271
3.1086903985585916,488.82226020395586,15.222801955324432,17.528620132807287
3.3415573419240223,490.17195295110224,15.222671926826068,17.52861122161387
2.8578436479746987,490.6314014900538,15.222313419853958,17.528638475375875
4.039176443906428,490.03292990942026,15.2223552044706,17.5285771991963
4.99489468928622,490.6053273096716,15.22218909373116,17.52857507466561
4.105350906829275,491.4204208428992,15.221937821975127,17.526841382119446
4.152862365707018,491.9952438399773,15.221622437936796,17.526118546608778
4.413754879437754,492.98192234444207,15.221245729948592,17.526045186170258
4.665879552086128,492.6526126133067,15.221082521469775,17.52567706671106
5.220440291351966,492.4951929320339,15.220884358939992,17.52555922777584
4.459141912266525,492.5985093705432,15.221384125571872,17.52361005692155
4.218149491962908,492.1185790338177,15.221107636289808,17.523036651202293
5.0625822780705265,491.96811997544035,15.221290235117968,17.52262059546982
4.395983669762873,491.4180460294034,15.22562848013751,17.514216508478775
4.47546678556312,490.829828910626,15.224846255347204,17.512158915207735
5.566290016928494,490.6673387121662,15.226857915632815,17.509249124625445
4.633990474224503,491.60555922916484,15.226738206218103,17.50864029067852
5.3733144718491594,491.88399492475213,15.226656976754008,17.508339667860202
6.674104389877007,490.41726275782037,15.227904212841867,17.50686414042616
3.957750837676879,491.1522822098591,15.230701134289243,17.502556380300106
3.5672636119781753,492.1679718387233,15.227691759049382,17.504965803602012
5.096863442091233,493.16183752085004,15.22791530705996,17.504788989519405
5.706521194732256,492.44854781965176,15.229772253750877,17.503288906022693
1.867591124758265,491.1492912004269,15.261701626639532,17.400164637987448
3.7963428119913774,492.9145440430998,15.264176212759855,17.397799259114425
2.3318744055842098,493.1318681019537,15.271650251297457,17.39208026170877
0.5346556641131848,494.39973762543485,15.270911037462163,17.39114317473797
-0.43496412546845065,493.66742905782297,15.270678537348395,17.391104195383498
0.4308806833669925,494.32837922347306,15.270647259177936,17.391090165124005
2.0662634688008845,493.7844216094884,15.270678464128023,17.391011890476367
0.45458901254652506,492.76244783295243,15.268219709858178,17.392122539022623
0.578343174651275,491.1060502216808,15.268183582466076,17.392129990340834
1.806050109887992,489.6731556552814,15.268297732851407,17.391897013154303
0.7912401553908346,488.7157573457669,15.268085993972797,17.391544658718303
2.6490977451298923,488.6781750632276,15.268090275935721,17.391494279017003
1.3309682272075891,489.62720195484656,15.26736186404168,17.392145024587734
1.9571075564949707,490.23482982350623,15.267226946120909,17.392114745413597
3.366640118875842,488.50029581127313,15.267455797189244,17.391978582486505
1.6677440755475912,490.3542462992686,15.266827311564862,17.391604767140215
1.8371201726882518,488.8647685546895,15.266647619419771,17.391692010219913
1.8453235172244167,489.0849901465364,15.266600041641592,17.391650648854625
2.3000335648526384,489.9350140201,15.266541308842424,17.39157958439034
2.1101485817805674,490.9452365325602,15.266429088335336,17.391605417090254
2.997658903700814,490.54632224722343,15.266558505148529,17.391362841752386
2.660589585599963,489.5426963745514,15.266509421528301,17.391241254119215
2.099472838800069,488.53572383424194,15.266242972348548,17.391404071936034
2.924449401294665,489.5818596576184,15.26592051313847,17.391987401837074
4.0298064212210045,490.61523862184146,15.266002829486963,17.39167768506097
2.7102198157407162,492.06708631791633,15.265253183162994,17.391936798831605
1.8336517362608662,492.6126493637923,15.264933345609327,17.391989958750536
1.8373389847085297,493.35247216820574,15.264924557884699,17.39184357077173
2.1283397464172724,494.1218613916466,15.264910355844014,17.391740193699004
3.3592291945136337,492.94972070230057,15.26487338393718,17.391616874972822
4.055793062245563,491.96833398127893,15.265054287999689,17.391611867957522
4.312499821150075,493.84136703796923,15.264804634803244,17.392739806319415
6.584709904089475,505.07088297534284,15.001478543173711,17.309083679252883
0.6878107813638898,510.6741208149339,14.592708734425663,17.330550466806738
1.8883322064707615,512.3697913470999,14.592685219005011,17.330184877785932
1.7785805157313028,511.2763063130107,14.593071093145404,17.329205288524104
3.6125668344450848,511.2350540100452,14.59249929266242,17.330195439077055
0.5184427710273631,508.87467688490784,14.432015424868958,17.31628667970822
-0.13083429361265786,508.50359473572695,14.421048236667005,17.29755822923732
0.45773406162910746,507.5903577322255,14.420700333098758,17.297940112254874
1.5218100476323855,505.6302840802069,14.420639934807411,17.297958832384115
2.6528587876846244,505.0221799642358,14.420610487921317,17.297948235171216
2.942568886731573,498.61996464925505,15.195430707307889,16.436332722554695
-0.8633138342379523,499.05090056302345,14.956204900162467,16.542076499418556
-1.3504825011521886,499.44060569859465,14.924302462147983,16.583535018425763
0.008391032683976007,499.34781409636025,14.92345955783625,16.584361645879618
1.8915689578422556,498.61112165043227,14.92340271684281,16.584762819817197
2.64737211952926,500.43887317627633,14.92340415962023,16.585083952546785
2.750140968563395,501.2307857847215,14.923361670053776,16.58516633987407
2.4854301487084554,500.60153106936343,14.923287712877974,16.58510498029931
2.026945412281024,493.8486296285631,15.256177443301196,16.4239624044415
1.178143386572648,495.8676849388926,15.43596650085961,16.317730112105895
0.5643835223887228,499.1186204789837,15.237845169351973,16.11841936136086
-0.195574479012377,502.17424475639336,15.075162700512632,16.09948743404403
-0.5225591076185916,504.11887951448216,15.060737153724206,16.104181970066772
-0.9504608913188104,504.4590559253914,15.05646095580482,16.10860938830719
-0.1360618923950856,504.9391137454632,15.048873056223972,16.121534269308412
0.42176513685921524,507.70093554229726,15.02528635859336,16.143819153881275
11.50950230367889,508.6509977364497,16.08891915691202,15.874577624806367
10.3017472896578,511.007098966281,17.064446770708592,15.245131684461528
8.037404859263448,513.8051657112572,18.062628120068464,14.908986979299053
5.529691369625915,517.2911509160691,18.884493068551294,14.657099329532425
3.7831615314705687,520.6001827939887,19.049226281162646,15.449087396355663
2.072319262377251,523.1140030403242,18.9499361832714,15.580433948972834
0.868058043736184,524.5276309252718,18.44943628931574,15.263564169220494
-0.28265382884297807,524.3050010920413,18.17498117590778,15.044997787307217
0.207765300277039,524.2998527324555,17.73313877967489,15.052139887114622
-0.5356024088962652,524.6253550002297,17.09318595606288,15.366244163421603
-0.3245374055434329,523.3402727477322,16.729123446223202,15.818775087255087
0.2804800684923947,522.8108958006601,16.670058003461605,15.897072688770155
-0.4499531583881531,523.5815605298445,16.434282058388472,15.657347262917781
-0.10119543677683751,524.2988463021088,16.41712198521055,15.631839176831775
1.2010037669050462,524.1314009766807,16.418529213299053,15.6293881614666
2.196346590756958,524.6733737237489,16.418925161016066,15.628819551790443
3.0371105980823074,524.5188043104894,16.418913316867076,15.628596086019709
2.6538755672634817,522.4780295188099,16.418902753828977,15.62860413114023
3.5116598824832117,522.0585163605417,16.421278387801443,15.627310337355626
3.3394094277933046,523.9619758958312,16.776701569870898,15.459844677878781
-0.052477011489058256,525.6607893050292,16.817548327677567,14.706507114625131
0.5315463689233582,525.5667817772057,16.818595652546094,14.699748704877122
1.3605763369900536,524.4745061012128,16.818646215794722,14.699622217583729
1.697065719941456,523.1084507199887,16.818769530713908,14.699464408178283
1.7696259330734847,523.2461478866556,16.818828689072234,14.69927810101515
1.9110040001988597,522.978432834501,16.819562258953564,14.698137894731872
1.963022605148808,524.1283282545592,16.81962445684576,14.696128760471838
2.53840144736302,523.6690917165175,16.820279140238075,14.69528131281615
1.5954728824359332,522.7788626477445,16.82089225821328,14.694707841780568
1.1197935546983864,523.1513174513569,16.820050798961354,14.695062287900473
1.9275963998918186,523.8273852391743,16.820516332787136,14.694361062279583
2.110579394175806,523.7089067228455,16.82084624814029,14.693477651087559
1.3374945915166094,522.5216332894731,16.820723786884585,14.69325459176108
1.1303553614767168,522.384873010575,16.819969711172973,14.693767697069509
1.6282576862988751,522.8082122513437,16.820129231030915,14.693943485036687
2.2431904099685323,523.8142349156727,16.82054716324635,14.691971341345617
2.9963316205643302,523.7683667997986,16.825123039402776,14.687985508717944
2.968486583437773,523.9811031775904,16.82529057493433,14.687767098074552
4.1819948917365295,524.2754226860558,16.82440210736941,14.688548399747432
4.872213787283409,523.7083560734546,16.824146582511002,14.688942630351114
2.3079702899419274,525.413365959218,17.19150467475866,14.528835359205948
3.718216053085678,526.4581040295533,18.101342185183807,13.977147371229998
4.466128141150438,526.3411818846354,18.190153385984523,13.920501659625973
1.7494019233342915,526.4502773131613,18.19041452217834,13.91903776132569
1.47477308892433,525.530088936381,18.19029844507999,13.91895564495212
1.4625248879861896,525.1592013387939,18.190168835927384,13.918894113460984
2.515128540164886,523.7638075421384,18.190063593795333,13.918954568252662
1.2716407566772556,523.5321025331548,18.189853444141566,13.919127986059177
0.8386032927034588,523.489976119066,18.18962260359932,13.919308522385734
1.314024784675805,523.3361121739347,18.18948282333276,13.919428165845106
0.7266487050822423,523.0595020030273,18.18935519316747,13.91953367621234
0.33726338134936285,522.5974276438355,18.1892302837065,13.919647322269078
0.502574241195326,523.0893694367571,18.18902303802504,13.919869621454875
0.6378361994448554,523.326972605888,18.188712546685437,13.920150813424582
1.0471283658658077,523.7569626902207,18.188435077151485,13.920366817950342
0.27136636550349813,524.0119428545041,18.187437014620794,13.920927901279168
0.9079630865346449,523.8967403370049,18.187055581416228,13.921379915466623
0.027851384863248896,523.5880683426919,18.186102994654345,13.922209102113397
0.09035964757656778,524.1239069393027,18.184950501555836,13.92339048089794
0.8653758869605106,524.4265828279518,18.184241462386034,13.924241246381612
1.9759332287757996,524.7113373901025,18.183641553077965,13.924708511488575
2.0501751689368124,524.617594649666,18.181989095800144,13.925820102915173
1.420928446583348,523.9189899890614,18.18005125083422,13.928506280355919
0.003078894073439642,521.9992103584577,18.174611754550938,13.934378712950053
-0.7340867885854134,521.374215660399,18.166554981097587,13.945152496655869
-1.1169269768367407,521.7201085667227,18.138927635985404,13.983705913115601
0.5663785110916848,523.3436789794954,18.128241981707532,14.00335953070058
-0.136742839703075,523.1163179847694,18.12178367259301,14.010359144759828
0.05060392474508113,522.6437535872028,18.103335065380964,14.041090521394016
0.7319761468878276,523.0401321698816,18.0958502780016,14.05300416673568
3.7826584961037,521.4540532267054,17.91795703037552,14.358775401095508
0.2025882935604848,523.2567157648132,17.96529874466605,14.348803451405681
-0.40975481323194707,524.649041014611,17.925901572783385,14.364014859768997
0.40677958329484554,523.7954138648767,17.92473475917621,14.364911441723672
1.546567872141468,522.8225105930479,17.92242659121197,14.367794201125314
-0.1987961095194919,523.108035353669,17.89962334649556,14.375559186413694
-0.9212870377706803,523.367035629821,17.895076747263683,14.377533759899455
0.5791911845376632,522.7881063737193,17.892584886997582,14.379420387375456
0.624099709637056,522.3204302197088,17.891414978851447,14.380773156974893
0.04292172603915567,522.1510236287154,17.88986949779743,14.381779786313059
1.125664188647285,522.4785396856238,17.88957312353027,14.381895105777215
2.4706219395890763,522.649708523874,17.8898133661993,14.38143459173329
3.0129466176400523,522.7614171429103,17.88963845448669,14.38114637280181
2.4213024276631785,523.6476214314423,17.889450267172066,14.380745380309664
3.3522950559306537,523.8572951569857,17.889718557351898,14.380407435925251
3.4788820529005253,524.604790678164,17.89062611067244,14.379199748327983
2.8937422963414026,523.9726162505079,17.89109401738352,14.378837581263143
2.2123928817820477,523.993646571034,17.891681039632722,14.37815129576548
3.1301409186649725,522.8067155208385,17.892138559120962,14.37815613640634
4.198132147005234,523.0593216784082,17.89410032393702,14.376439097241063
5.662103694425596,523.4901486841964,17.909838707596663,14.362424884782664
3.940798256663257,524.517261616293,17.92616407782654,14.33307418462132
3.023533937478856,524.3665999058562,17.928524971558808,14.329109201268718
3.326581865616987,524.1217073290061,17.934088522898207,14.32489946332552
2.38146510531495,524.3851400081548,17.935903369033287,14.322812292302736
1.2758158699685627,523.8985294671772,17.93612462643871,14.322131625600871
0.21402200996529963,522.7300074134175,17.935744937311323,14.322399714977633
0.7367253062325485,522.5784310608964,17.93506221314688,14.323461089730069
0.2626970856694193,523.1896142012598,17.934384788058388,14.323826876111353
0.4057860264748445,523.6109656068625,17.933920668492444,14.324036500437595
0.8422775521172827,522.4031414755141,17.933714244748156,14.324164095104667
1.8156536520887947,523.2464458465465,17.933675015538775,14.324120275372438
2.9878763022649792,524.1781526123635,17.933963668662358,14.323635611078457
2.5838251724234738,524.6861718389756,17.933871529465364,14.322955486673584
1.810151220603128,524.4989240437707,17.934435509003272,14.322070292810286
1.8856085233268765,523.6788964046758,17.934477727977658,14.32199016355219
3.4697277264858837,523.77046649148,17.935232794712622,14.321455494933614
3.441305499373602,524.4814334844548,17.937134365386065,14.319246927074909
2.3806523978312875,524.4245483190807,17.937741401219107,14.31827050097138
0.736110445855136,524.3128791362027,17.938154765315453,14.317479338920121
0.9266912513682364,524.5574385607225,17.9385613179226,14.316985539471506
1.5048343200925274,523.6527139140859,17.938706497803423,14.316903859310337
2.5145001309366,523.1073468105418,17.93874590883012,14.316888087379409
3.0331615307629303,524.3098472749342,17.939358842972627,14.31645320817038
2.425545840214321,524.914984528047,17.939670299333823,14.316137136049818
3.4458802765074736,524.73450981387,17.940213508656697,14.315571668249367
4.313334151001586,524.9190221374788,17.94052285408986,14.31529213941126
4.99231737034134,524.7172279379203,17.941756058545423,14.314034734552223
5.800163724191274,524.6956933149908,17.944189981628636,14.311811483730038
6.544876572290805,524.8685593189701,17.957746186598396,14.3005344592441
8.08038329777668,525.3134512971571,18.00354568003888,14.254685754106129
9.444001887419784,525.8058161740763,18.00619026421092,14.251381047188556
9.838396071396957,525.6460870504196,18.00659224821962,14.250666954824013
10.930835458128227,525.2452127023099,18.006602791315917,14.2499947368703
11.65025915400085,524.8730539178442,18.006616531238762,14.249531407707611
12.518356677503299,524.4160316209401,18.006566503765114,14.249179834714475
13.608878109897518,523.8061324555719,18.006520056975944,14.24842965489941
