654.5,13.5,39,55
654.3361712206652,12.933823609305591,39.13604144071542,54.51270170221096
655.251566701429,13.928404554294481,39.61971218725658,53.373509080078335
655.5881472537277,14.927438785067658,39.911098537970005,52.43629839135913
656.2551002518031,15.16663519020672,40.08631717846919,52.12305602976093
657.1027150057471,14.798885577568342,40.20047750021699,52.413395015102765
657.8010739785899,15.920159843053678,40.24735126843658,52.30619933409242
658.2235318310028,16.408709575944382,39.824181549357206,53.50605795241746
659.4559993999334,17.568829893419053,39.42739430921649,53.588744954568334
659.3480896015957,18.05598040070233,39.35379947026677,53.41342203028803
661.3052535771787,19.062834677615292,38.97397378693806,52.90735109643434
661.7573702532895,19.849848278084643,39.15366031749099,52.277030705970034
662.6079786344427,20.448757892069935,39.25108440239074,52.14701724505878
663.4927371510412,19.232586067776896,39.38188301155061,52.438655785002275
664.2664382269081,20.05440422834871,39.25687596994712,53.36003239568238
665.0006654244668,18.710904423743457,38.974638286827805,54.1284960570932
665.9507571172103,19.320814098989775,38.667255041721475,54.57394834642448
666.9654256363447,19.618146772758468,38.8502028068432,55.100859546509774
667.7644681882041,19.13933951479177,39.453617403670656,54.92174136495629
669.1667618362922,20.50680134786107,40.208306926723814,54.26931863341852
669.8338262006353,21.24170532901784,41.011865404305794,53.91114814421137
670.0610217020692,21.22649168708178,41.26294675155844,54.124227976039
670.7497674978591,22.228685654775447,41.4620440290734,54.44423378988873
671.595425673835,21.5572975918031,41.28612570263422,54.90657766771788
672.2457910065544,23.511466133764436,41.091753922960706,54.98945199813237
673.2385731177427,23.556463933814943,41.00530585906958,54.67887638642514
674.005552331397,24.306397195887065,40.68530521832109,55.20016116652589
674.5592345694754,23.915959029865533,40.668329993873144,55.30543506250328
675.4791826018038,23.45329308965899,40.9136275632495,55.2627226619105
675.8297860949679,23.55405728455259,41.1243877948437,55.26681703456494
676.4340719824137,23.779462113163312,41.156104158341535,54.881383264201006
676.6161995452821,24.08606931550372,40.9553661352039,55.04396443847679
677.1771962396035,24.32867091437541,41.195623074624905,54.735079647792126
678.3078203121331,24.73428191346028,41.20683229078702,54.54006417637868
679.0099034545121,24.67970508200706,41.53262811654839,54.26844548706649
679.5451146238113,25.279145377070527,41.697444091625044,54.45329936158494
680.025161749151,25.618629663340307,42.0352827041812,54.483060473398254
679.8387156881287,27.150141824010937,42.01176701339195,54.6187597066682
681.3677495835825,28.110483392579997,42.03414117423605,53.886098467799734
681.6807227592598,28.514040345556893,42.300696355913026,53.40412295191018
682.3857223186737,29.474992848303383,42.49792885405903,52.723918953306544
682.3274404044629,29.704894393519893,43.021628496909095,52.597208552387684
682.7947856899752,29.41183611987794,43.27241399056634,52.73385711284946
683.102536555016,28.473835553551694,43.416315250826,53.8269409843783
683.0938325200399,28.23543604763895,43.44016195094552,55.09792712474764
684.20363269775,26.73414370600029,43.17628070887523,56.22957946740301
684.9980920501606,26.86072112121515,42.92776866031927,56.97398168100253
685.0998577408967,26.6696204596665,43.28981824293564,57.340731469448606
685.407890628344,27.578461302793663,43.889272969177604,56.374909889185645
685.016213867177,28.321728841199807,44.0584728679307,55.71607632137223
686.0226092700142,28.254055104219432,43.912422408211384,55.572907383551666
687.2682690514665,26.80852704698376,43.54572590553312,56.07626055612848
686.5269607940586,28.37014949783935,43.23620324779496,55.95361885342243
687.7147730608413,30.272265656259602,42.85023039422234,55.957095515234876
687.959109673395,28.405786013092982,42.58162909582772,56.46296515808972
688.8660520397788,28.195313720182405,42.27788335155505,56.29349128592595
688.623692420892,29.184792868734316,42.69345118035845,56.18001448467937
690.0697809919905,29.166890360613838,42.801111675109084,56.02020876908019
689.6685976334662,28.60882061774898,43.35280301192746,56.11200893653446
688.998937806893,29.086931958933032,43.860614088204,55.91653851485132
690.8635899200511,29.654415282484738,43.488487834681365,55.413724186702375
689.7204836093836,29.63322619510395,43.852060609214796,54.82132207372133
690.8077440596959,29.30709372688559,43.55951500174949,54.70970496918058
689.5983326377668,29.520388737508394,44.03762217502215,54.89002309050165
690.2163245161521,29.0335528447619,44.00428538900045,55.37061554149719
690.3976349718065,28.755940480676927,44.0674477244472,55.90804646712266
691.753201725559,27.897749832095748,44.02489761003897,56.76530107723515
691.6738585294622,28.68934895132593,44.03611190376307,57.08663646342384
691.8233539934126,29.475352595272174,44.17483042658391,56.48151432501026
692.7364591512459,29.264341784980182,44.20237939970529,56.49633772510283
692.9293688314833,28.338014747097006,44.526591191001856,56.49395744952031
693.2363160059365,27.69232520227818,44.69898635520671,56.53167752922449
693.5000978344746,29.02890534458411,44.530917533268905,56.18978293255513
693.1846293517438,28.728142022691074,44.47658281837549,56.164502840348774
693.8462958526156,28.879785139735887,44.09479315731453,56.722231508850854
694.1901919945176,28.993889214570782,43.82662845057702,57.16099861896195
694.8188456851844,28.047730702959946,43.42071751070297,57.6619961288627
694.5491554695014,29.468367490070488,43.38776424856472,56.753076289611705
695.603953087462,30.33328150560187,43.2895399099369,55.69836461873647
695.9039862301021,30.908700901089986,43.530881281326266,54.81309795844032
696.3761067718865,30.58947812480757,43.41000636291844,54.13433688983511
695.610856235771,30.763891579011414,43.42788829738531,53.831656940493815
696.7895824613486,30.50043940425273,43.17463859357529,54.00626246403195
697.3733155395619,31.07381749280937,43.273420067268106,53.709920980274234
696.9411646551928,30.954282960010676,43.32605761233517,53.56843164452541
696.9238811003133,30.18111879458804,43.35906110553152,54.15854161351613
696.8068898897598,30.096379521159932,43.48773158900852,54.079291140015215
696.6463685114162,29.98524930842661,43.77917775618995,53.91808639462157
696.4524713078704,30.93083904056803,43.92448146935482,53.85651382101713
696.8036776752303,30.825657490303936,44.13444042967642,53.9324457978118
696.9705719917805,29.54967815332388,44.1610311050384,54.26595201815863
696.0379253856769,30.100120440419833,44.24679891803758,54.49304569733129
697.0170543628457,29.68120599596795,43.754546885063725,54.776714944969186
697.8891960270838,29.192916641995396,43.407234901535176,55.014760275266894
696.7469829695926,29.703491464890437,43.22275342183674,55.40189636651447
697.2781692380105,29.277570692642932,42.83980308472721,55.69823245646923
697.419907729721,28.67570081590174,42.52678097482347,55.97107104017469
697.1600698430773,29.351674162769612,42.428119474513075,56.260695629779406
697.1655920692081,28.819953719075585,42.36336507567886,56.183221242547404
696.7255866016992,29.92774437649223,42.306804353038956,55.98307657703662
696.9963197970163,28.85843361046944,42.29542293001774,55.926939455441456
697.2178900394551,29.18078668157727,42.35833636970076,55.82758326878457
697.3404690226371,29.682491735708947,42.425202490050765,55.62940884443922
696.1505790682718,30.01069049275464,42.475480769905516,55.509972468596274
697.6853925764187,28.018339296007085,42.465425019785876,56.19253891772493
697.7730741499269,27.369123943978575,42.439505573679384,56.80650993550265
697.5218901395721,27.0057601617695,42.51930595861422,57.23116899820991
697.990328426998,26.930932777685218,42.54274246550388,57.58174592771919
697.6217653378343,25.519062696326568,42.75015161569011,57.84991763378671
697.6625772242819,26.961728927599843,42.782270171975114,57.70959054042656
696.6950427572226,26.94285668085827,42.986963935385944,57.22049804259959
697.1944525420515,26.399337398282057,42.887151447713755,56.93815303421991
696.8764792259507,27.694779820834682,42.73397227978255,56.73332747332486
696.4102433944196,26.11732052468077,42.49317788964506,56.77237868930517
696.1916184176422,26.732000559688146,42.27735441313856,56.544978539219926
696.4121361387621,26.466093032981547,42.31684196112544,56.4414914662255
696.478027562463,27.248710286415776,42.421629129273214,56.0743878053806
696.8484564547075,26.466112547805544,42.415402287129005,56.31232254995031
696.0238726124244,25.771441162628026,42.86819734348321,56.42346934309435
696.4180029259488,25.587975211498375,43.35598478066627,56.259322191474865
695.1899362064838,26.30382447781174,43.78395979331137,56.12098246164354
695.4093396383731,27.226315760190374,43.834299102533194,56.08687805450194
695.2123258525812,26.96617187201605,43.63747280420187,56.20472555112837
694.7158734540412,26.438252283996583,43.307586740152104,56.09272972999018
694.21725957186,26.06324199869023,42.88961951626381,55.87597530050752
694.6126876437598,24.911596762695435,42.51330130891323,55.84447673479264
693.9921556591189,25.582528531663215,42.16697437853681,55.6295729975773
693.7069915538998,25.670834728818033,42.160283731972896,55.48791323635053
694.4676299735373,25.265636648576148,42.13885537769084,55.56065333995335
694.0519149648967,24.938911655874534,42.31190423089819,55.42426548813734
693.4537745893582,25.365575989686935,42.41418833795491,55.280631265645745
693.7287184063115,25.49632804429326,42.45779213909946,55.06733228251003
693.8776847207214,25.41130052950198,42.28017977825486,54.85562185708504
692.956164443324,24.852819646225594,42.31110800165935,54.79741308282818
692.7972507217441,26.065266512697292,41.80718820141464,54.67410502417067
692.0315341302128,25.645640357831876,41.55844712910641,54.677604727509596
692.1583528621569,24.897163782375785,41.28225165596615,54.90333826725387
691.8072747283763,25.54750746052739,41.17453511745488,54.68682041797733
692.0040896829756,25.303971931922728,41.26981555547977,54.73791052936108
692.0048738304321,24.817656329336035,41.41328804087259,54.83584100945588
691.051955794371,24.813983960583112,41.761232148082414,54.79752918883552
691.7004323687765,24.338245906444346,41.84765142530432,54.94622127144395
690.5501178493835,24.861371174445978,41.910572133936014,54.81820949448152
690.2094369010416,23.960084496128296,41.92182624873277,54.94129240407251
689.0891055941017,23.685725111312216,41.756651088335715,54.87172575614791
689.9290954486255,23.099027571652208,41.39047457524153,54.776094436809174
688.5378673878971,24.131901191959642,41.115211466046475,54.510462900730744
688.7908965029458,22.187499670155034,40.99448969463211,54.897717177250115
688.809980957154,23.50553260425206,41.060299405195025,54.523231537861605
689.0355796098156,22.814677377647772,41.20933094594514,54.52443011114922
688.486651253776,22.678628846271152,41.61972818918282,54.37215056696124
687.8464968194236,23.81855892374472,41.88989640046269,54.161747227733706
687.9292048547663,23.21210987563164,41.75236835027782,53.93968197843222
688.3666522786112,24.056426558784946,41.72850182576144,53.29451088858435
687.6741844962104,24.83101863554036,41.99872133755409,52.47648922353406
687.4975025823538,24.63268733473521,42.17803037870428,52.23770593233354
687.1292328361069,24.428868280338094,42.213433222543294,52.00734826161346
687.3284626673129,24.461883271402534,42.145775911367636,51.786180755475826
687.0442272769933,24.24143593315513,41.913999976461184,51.454404328493155
686.8208671164066,24.65739738527816,42.151684990465654,51.18222709361203
686.8069605432818,23.70392140525159,42.42487290568756,51.766846790672304
687.282590270712,22.907948200280476,42.53621728211823,51.66903716480979
686.3348512470825,22.56423387692108,42.90586219949461,51.8755766997713
686.990241312678,22.89552397217637,42.902455234387794,51.95706060189683
686.1460961263494,23.03680442646694,43.243627586987266,51.81426906863994
686.232881023557,21.741291706558826,43.14410907587221,51.90344128084081
686.0747672856696,20.95869373690097,43.44182765914036,52.343690029871794
686.4449753065043,20.48788891063164,43.34281380243442,52.672792696746086
686.4847538229668,20.863239897034912,42.98661850008497,52.70969362539828
686.7787420496938,20.449222091813922,42.71257938283719,52.90262899036449
686.0149821919425,21.382905471226085,42.79136171545103,52.55572045297571
686.933699652305,20.588571712110692,42.530253164965316,52.64136804227431
686.9671540416546,20.900710176577235,42.420644792215725,52.39089669586457
686.6543211634679,21.259652046780555,42.56967488388755,51.78250078705049
687.1242096710542,20.602340063359016,42.46893415459195,51.43607300371046
686.9669478226266,20.35479314845143,42.70520860556528,51.66560936558816
687.6279496738293,19.791917716367124,43.02848013833585,52.06036433627838
687.5470443360367,19.249603145986278,43.53692251968218,52.021264128857396
687.8725564894389,19.53935285520535,43.733464936701324,52.03474771785028
688.3216287277471,19.218189981260398,43.91101299453156,52.211501138364774
688.5679894030146,17.506007271242847,43.94885630979094,53.143628513661106
687.5768457782167,17.750218104790235,43.9079223050381,53.11963568863405
688.0928351793062,16.095496023390343,43.411745688394404,53.942276081368526
688.7852585923838,15.471025103825006,43.109722734805366,54.25860025616204
689.4915615985701,14.807930250123405,43.08349119600452,54.13779792388476
689.6167672928389,15.657504852033423,43.09175565094431,53.81888391522464
689.4765524373347,16.487137995638225,43.311259073586484,53.21267386809682
689.4311916058066,14.330904850923801,43.317024694174044,53.40080105382694
689.6676811896784,14.851177315363984,43.53377795879584,53.16312949797819
690.1379201323523,14.222188555751437,43.82334038526149,53.62000545184226
689.99737725502,14.256488439628086,44.22221080396086,53.53411200921764
690.0536714116379,15.37871454067082,44.25873191388574,52.767910429881496
690.9557183997042,15.859404573575738,43.99422722360349,52.23591051272088
690.783253450395,16.005572706620462,43.95512865766605,51.61284759329395
692.0362309007373,14.68383536514548,43.867518969917896,51.95686806405519
692.3264154111478,13.628022723913155,43.985592527412756,52.025479296989815
691.819027006513,14.234112696585264,44.27063902862645,51.10112934680093
691.2155724746458,13.845960623440206,44.642571240420736,50.53023095364708
690.6542896795738,14.03855323921858,44.892639212366326,50.953886175715056
691.3476292654534,11.787815840478732,44.7611893945117,51.683708036259326
692.3061340994582,11.692326813282943,44.829130149742994,52.05206277817761
692.1467781867777,11.450375532226488,45.07139074803488,52.10723360076949
692.5975579169099,10.923143090444256,45.07706714859515,52.24398901453873
692.9089596312284,10.65671784149329,44.89486983720661,52.177916306111314
694.5085539581036,10.549695559259312,44.704178898452696,52.14860684807637
694.2516289442118,9.815982114811323,45.061611079556435,52.35665017774536
696.1724122765415,10.035774622910345,44.73758367766865,52.75412072547401
695.792485760271,8.848718017263156,44.752289422364186,53.3332206282433
696.594120914243,8.690181843951173,44.43562339966023,53.553556074358866
696.5546069325668,9.170862588578437,44.68238330375911,53.23609390666043
697.7280837898213,8.042037587867952,44.69410411546458,53.30961300102268
698.6082217782698,7.6031420721412175,44.58913376257574,53.1296448667123
699.8850736425942,8.567867186251554,44.40431006742005,52.5179770405302
700.2255804590407,8.883213520634676,44.45362064326357,51.75737882009197
700.5752444659064,7.376538998911297,44.557976268104724,51.55541013740348
700.3661437294609,8.87017074163467,44.62326051682703,51.082135623666936
700.7344295295402,8.406983651328872,44.45194283007086,50.77856521752469
700.9849790292841,7.737167710619524,44.23241000342147,50.55979873296896
701.2537043316363,7.7607663998066485,44.17591023108378,50.29128665613699
703.298742682427,7.863476108885578,44.0221044817272,49.86154915087815
702.5879280523214,9.198590993729326,44.10533981531782,49.25184050698411
702.4471910635856,8.055713933123833,44.115153852308424,48.669765066961574
703.3571336825271,8.313881848056255,44.113964517249684,48.141150718457226
705.0270335134169,8.826065213421067,44.160047709931824,48.13209046050592
704.111190587676,7.081334398161836,44.21857703770914,48.39136586704062
704.405448377375,6.526399659799274,43.96490431900975,48.43924269850207
706.2273246499469,6.053839370771769,43.79586652987797,48.732959670619124
705.8465091139078,5.586142578410019,43.74154488369818,48.74024343068518
706.0686405597481,4.469877381492701,43.89777232366741,48.91704252798051
706.2742589706046,5.7342559687022,44.0984932904218,48.73188252725231
707.214304248147,5.487340725439395,43.84918235932232,48.59815174258728
708.097317784312,5.0827355046600395,44.17467893430063,48.063201865771354
708.2651921852068,5.736626844984869,44.589735510471314,47.91696255441491
707.6224870824532,4.609279905098379,44.62793771674913,47.82032615388393
707.9693191013356,4.439238853333109,44.42911543342072,48.07534883068956
708.6985554861444,4.5349746450234605,43.917197264995536,48.26055115435041
709.0428211493785,4.177205415660886,43.22153287140753,48.02052708112747
709.4453153471567,4.560288960619708,42.79193387299547,47.8366014071873
710.1702350523017,4.215078527444703,42.7820336039791,47.54487905025164
710.1749534458297,3.269504874684934,42.714999075438186,47.48726632311737
711.7528094977473,2.826208011502011,42.772057672057755,47.672315764662656
711.6965277110464,2.932820056205138,43.307147038773614,47.41542626616827
711.9305905397302,2.4335885643479394,43.86776536372105,47.43729998739716
711.8795890714291,2.2319697049861986,44.26556210186937,47.129583755238684
712.5108793175189,1.8778476832979791,44.082609004366034,46.91298526216569
713.0219244608447,1.528627800282088,43.899626469560545,46.951155708186334
714.2655262345559,0.7130834921862856,43.53849652100004,47.05265336006062
714.1691628408902,1.3967303074165756,43.68368129137818,46.9952613247157
714.5270457790256,1.032124191350551,43.692766308128085,46.99999167618292
715.000576654742,0.965032755251034,43.44839742302075,46.89056005358139
714.5431165083311,1.6630238051898516,43.6843905326912,46.629449436552875
715.6334418154022,1.4229871199157742,43.17764970191238,46.352283167341966
716.5137238386005,0.584269841526492,42.727621801679575,46.28859261730901
717.2330251494582,1.1132872551155906,42.48085291447652,45.94970183643742
717.3035285297107,1.2208801920439853,42.61024712514595,45.40370499847312
717.1345757532999,1.4171519118379514,42.72235453303077,44.96820462550601
718.1583386467588,0.4891076997454604,42.56705019691861,44.70960584533003
717.5103840298875,1.093442418876272,42.58556680485263,44.55050398729149
718.927982532426,0.16409827192923387,42.28506995503374,44.60717328113216
718.8733114001745,0.68587009726863,42.503249153507,44.587211969740174
719.2050034810173,0.5868865358240356,42.50430544487405,44.78274644733082
720.1622835228062,0.20946688768516708,42.517139512983825,44.952792235555734
720.8970433688778,-0.8726670568728956,42.44016456723968,44.67197507599632
720.084037654141,-0.9880627443188068,42.52455753033603,44.557232722288596
720.5363985259207,-1.3510374937585716,42.746491007761925,44.44726826500281
721.3796005169072,0.09473043377455426,43.26848822894458,44.358975093347205
721.5393635053633,0.22382712043857111,43.27647427786552,44.478012483454535
721.8327102918324,0.1314319527859169,43.299152963113535,44.389112595065995
722.9157370080381,-0.17341075508385018,43.322496627335994,44.0112974624428
722.6631645058678,-0.1370951483433842,43.327126647545754,43.79231921796459
723.1765729319893,-0.3538883922386731,42.92916645423836,43.65103744394105
722.8848691627297,0.010590753121917373,42.93825284197778,43.54121882454555
724.960596999352,-0.4186550971089176,42.48608696746976,43.30230473372457
724.3345881437926,-0.31259111001430284,42.55434546609477,42.865089802319076
725.2583372066285,-0.5890460554128651,42.27367702181948,43.12782753344442
725.733830397495,-0.1985602579284702,42.1032852274125,43.15363198522856
726.8378440998358,-0.3990142145218485,41.636815063216986,43.42211004533361
726.4847444312343,-0.3516548018181993,41.87481774013985,43.53111393530412
727.1544409636472,-0.6333418080654809,41.863507594434836,43.77667562422843
727.2449279144583,-0.3568007054020228,42.33888770291757,43.50709367305572
727.6416142823819,0.03127935670465476,42.80325451098549,43.550822677050526
727.8589539904112,-0.42191426811320554,42.58189761518261,43.35598836525436
728.3482200829072,-0.07950253919448613,42.879898080184645,43.34917531152688
728.5852502091495,-0.398262614504155,43.251823895948704,43.02949648467582
728.4911615420756,-0.808278340233489,43.47031291887744,42.88618973985687
729.2097300766128,0.058338253690980224,43.80178310859961,43.26837140987231
729.5441994074474,-0.27351158916000173,43.56990638259364,43.39671522961892
730.564782100946,-0.7497031965242442,43.04504501170974,43.341161370639824
730.5600355051946,-0.1146145217200143,43.2276864031284,43.62043727954577
731.7398045079976,-0.5020030290205675,43.50503499420219,43.6536796438211
731.6274503446282,-0.940738635814192,43.82374204367308,43.60486225267202
731.8954204980606,-0.7748612270198976,43.795736068702155,43.84293213067059
732.8207833741903,-0.5231309112746416,43.78985775716218,44.19103888676095
734.1677824899291,-0.2960286640231189,43.53299045372425,44.61590670079825
734.4540219153757,-1.4180635174066722,43.30894462056185,44.68784057763982
733.7549711481984,-0.5840046206066702,43.41875875371722,45.012647951123554
735.9358192749505,-1.0435313442310772,42.9927302534325,45.34484026479693
735.4947699013262,-0.5758402066512929,43.027543908804184,45.70355493635367
736.8133646042527,-0.6033356011513575,42.934547055517555,46.28353866816386
737.1823013605158,-0.26123015577636366,42.91146931125229,46.43438575127556
737.2383260108536,-0.09661170704352529,43.21631846977281,46.24849392667537
738.3621810097872,0.11584366502519927,43.19858607963273,46.30802806898392
738.900456327107,0.7673195442712242,43.26159769417673,46.09186985240014
738.5579601175048,1.6061966312881033,43.53073434803859,45.446515451964096
739.3947869059059,1.9677569491146478,43.572252108363855,45.50006998101056
739.7663951858243,2.6662476963565034,43.74093547280537,45.423251021240596
741.5420193565315,2.1516670402044937,43.42493736599489,45.860631671007994
741.4748232323212,2.64096937620738,43.63790778107916,46.084561913018945
742.338514357406,3.1208357230503587,43.41956087980171,46.310987280360514
742.4771306047794,4.424451741140086,43.46835968250022,46.26304493801346
743.4322841429225,4.382587014686244,43.00102407418588,46.19690371213868
744.1024412645809,4.750665120857221,42.93277618562064,46.326671858164644
743.9523939312338,5.41421930322122,43.144011636936156,46.519999899572205
743.931936063634,4.8900117590177,43.368510288991516,47.500511670468164
745.7144002673641,5.601811056374832,43.35504477024903,47.94362361938641
746.5647436343704,6.1128140892671325,43.32971478195611,47.89175282515103
746.3773686797542,6.207337553608209,43.67811943819795,48.06718144473624
746.0922497209854,6.647621037272508,44.23287996850108,48.117712402116965
747.5858430062481,6.211730513678667,44.333001566387,48.88548008826787
746.3939186387308,6.185641938098854,44.93742658773728,49.02259237556689
747.4902565236749,7.725611925099177,45.71994145734496,49.11590569937203
748.3184341121407,8.115899042237778,45.58117346531935,49.74574651846244
749.2563672852322,8.959841688469119,45.42971026206558,49.83344568530457
749.5809794859389,9.346642225258591,45.50796156341474,49.81003105505448
750.6348378231064,10.332588947128244,45.59506004792368,49.725068315432
751.4169830158039,11.358712072642511,45.66020222154192,49.65877074623482
751.9983172273982,12.271600435394951,45.767081260816994,49.69940117672054
752.6555389896729,12.36383419732995,45.76148862070505,49.92838037726537
753.0196797422566,13.445976114899636,45.804219004518444,49.944734617000876
754.0193567277252,14.405964226451609,45.98383036370535,50.39049130214583
754.1195158229466,15.616776792992159,46.08314922269893,50.78255063256571
755.9106358219666,16.067206901601438,46.225541487842605,51.10772970577531
755.193631785353,17.03183331647088,46.53470703654126,50.956821507231496
756.3483304043593,17.08492607595559,46.291728684713334,50.78919155299344
757.619137494832,18.4851742207075,45.90210229482942,51.28910243473901
756.515713401184,19.12832941368812,46.22377978395927,51.45176773103637
757.8047428604885,19.799668093106135,46.099955465417366,51.94317845928225
758.4196769943055,19.993346419099495,46.15042918062502,52.25546553841278
759.0990760676001,20.619749493811813,46.2619945317699,52.55184323450816
760.0563080142209,20.986688874444855,46.21721640760941,53.11869994687489
760.4681891153144,22.347111162766545,46.201346706776654,53.421950190254094
762.0274182709853,22.44447344401773,46.63771489346648,53.67679908499278
762.4417455527355,24.40240087609317,46.9411941714807,53.71581516009666
763.5022699822277,24.89744905946639,47.01763433570479,54.120868501144415
763.682259713361,26.73430535026695,46.917501918383,53.95668813275435
765.1761923260722,27.29440417999891,46.94171473975932,54.01080139591311
765.5282343028314,29.096624483962955,46.8424556272634,53.743263883230384
766.6693269978759,29.894918751194226,46.90712683126013,53.49500596571883
767.3511555166752,31.07420575653121,47.2374349902709,53.43291308755219
768.1217600706584,31.993674969114636,47.47297811580995,53.50898356493508
768.479841194676,32.7003081154416,47.82563610588791,53.42759796094845
769.1091804317182,34.26324109577314,47.747854033209094,53.70498650925754
770.4149673276644,34.668738677304944,48.03352135688672,53.901576514078755
771.2839345239183,36.364754290417764,47.854125282059144,54.186219892269015
771.8905191465976,38.23964764035071,47.50864433492593,54.37637960544327
773.1328363292628,39.50483788818882,47.45014169490688,54.166837799571134
774.6824840787682,40.854444213933704,47.694032812793694,53.85412979819733
774.6526775564497,42.96499614302235,47.7160663805973,53.57055693443534
776.2349949427035,43.847284828770505,47.97579498279999,53.718699647129384
777.5747369225948,45.24944484001965,48.17754137732645,54.02273085525243
778.5168958198778,45.95297417199542,48.306239329830476,54.20777114264062
778.2264898190772,47.22637405013809,48.58111526313536,54.481056435030816
779.856152366273,48.67267431813148,48.5513238410765,55.00555251388168
780.9894614084611,49.598546152103665,48.663716910875166,55.22282816356426
781.7003887691061,51.320729923922045,48.71482969504012,55.262630818368045
782.6659516263619,53.50250221966061,48.746540246092486,55.52264570183598
783.761394716066,54.27163350448779,49.28019358504066,55.37811138840722
784.9421317739505,56.16101838659189,49.24031108494876,55.64993213933573
785.903984290762,58.24710271012963,49.41721916854358,55.73543103376416
786.8596634846408,58.533200125855416,49.70196792991004,56.131987513614774
788.1972640268692,60.80726744849477,49.583510228860824,56.65258179213367
788.6432840379201,61.407750296531205,49.58798945047626,56.79456274465851
790.4923057852814,63.120406435666894,49.28192469644583,56.99590604500043
791.6135073963743,64.89426468021719,48.990443248170585,57.05823832680437
792.0654667487381,66.25514352253221,48.94078772989762,57.00088837227687
793.2981678243656,68.64780416312723,48.995532186995355,56.81766841707561
794.6583143036243,70.1182995394744,48.91347885059419,56.67113891468644
795.9886773157076,72.80366331116846,48.96359233639147,56.56989922911691
797.3643264497748,74.76302050418694,49.18775626651457,56.33927850534192
798.4465182091976,76.56682780842345,49.35880289293263,56.43121619446106
799.1552750038462,78.14950401957144,49.54690539631724,56.59599315715959
800.8073406629461,79.16133061918029,49.7669292180405,57.091139978159795
802.148335349016,81.67209279118435,49.84693563828973,57.28454759902594
802.4374113613757,82.84930314586369,50.08251826418223,57.618193372211216
804.4242796380004,84.78283969894078,50.420535460780236,58.035388168431304
805.4022604828149,87.15356979151494,50.577859074267025,58.2837751665105
808.3509785435867,89.76112546619298,50.8924814968822,58.61072323869374
809.3029792933726,92.10308441049666,51.052190686855354,58.90664801289765
810.5048866694333,94.0029999120052,51.074946827067876,59.43810439391378
811.1232194035903,96.03953983640974,50.97774406818084,60.11342618695038
812.3932803714467,97.45455895714501,50.667934479879904,61.00130586463879
814.4211176929886,99.76905732050304,50.704050989750385,61.541132380110255
815.660493344721,100.84153710286552,50.47253379234931,62.51522880178972
817.3649358286891,103.08699091670688,49.95501554461264,63.3149839396099
819.3321535065774,105.411287565924,49.99802746018335,63.91189740463392
820.9188569307842,108.37733738221546,49.952720291716595,64.11269753325095
822.183683219368,110.15585968769679,50.01884141144814,64.47043377746712
823.5348057741238,111.93171278626319,50.262291225337634,64.43956131103195
825.4905515847298,114.15439152508735,50.682985826201936,64.37589338187607
826.7703573363922,117.25244681492012,50.835570434556224,64.12954085503644
828.5247439864951,119.46531504554966,51.00971997446899,64.38745727158499
829.43300101326,121.64538383774712,51.24764856505835,64.53229452926162
831.5585508102358,123.82365220898015,51.3641179408332,64.92202510552112
832.8210896151879,126.25287644519896,51.773257783932024,65.07401364480225
834.4480674579257,128.86497200271043,51.8482255622778,65.42946244143093
836.4567047343911,132.05103139050658,51.5980532508632,65.72585601019901
838.064733182781,135.14233094644294,51.62287231347988,65.93556179563461
840.7229274091975,136.88082200017783,51.569167729054925,66.54605260381422
842.3426998457361,139.11211590174258,51.50448142607651,66.92408055004388
843.4450834252596,142.17177940867785,51.741774022354974,67.25426554102563
845.9170023868988,145.04763076814368,52.112364905381376,67.08212262510301
848.3738572380348,148.43151012643,51.92620475602691,66.87060828185193
850.4077824753477,151.15773215458512,51.59820217988424,67.2971644124618
852.3889001329504,154.23412290565705,51.65891846761472,67.31418080765684
853.7734929152148,157.3356731626269,52.03268391474366,67.14506590849376
856.241431493576,161.83101551566244,52.14734863576781,66.59581892367507
857.6261838546287,164.24063028672995,52.57528167687646,66.74081848844315
858.4475353389549,166.88710306229703,53.64987459331023,66.88081914244815
860.6763917278528,170.67381302501394,53.599036472191685,67.2167786992836
861.3874903152085,172.83462241424462,54.37614840812162,68.40554209626782
863.4958187313679,174.3396077613776,54.054599560345984,70.37318342058705
865.5680697751567,175.83738836732707,53.4326401878408,72.30282076368083
866.2005880723183,177.64213266373537,53.496277313877414,73.85469958724605
867.2405413380662,179.45041788291798,54.215988311296954,74.50107146302881
868.1969490685374,183.05485391758015,54.59853150819157,75.37986304421716
871.3939602409281,186.90191096184773,55.680962467701065,75.66127910323445
871.5785501030562,189.72206106457065,56.32282331179651,76.27872654793512
874.2835164368962,193.5265305359056,57.21515628818993,75.77486248777251
875.6875967538517,198.26541747649603,58.61069190519442,75.43806265139146
877.9131367938172,201.45317691334543,59.88507855347387,74.40947142051495
880.4836929623705,203.4775363538637,60.50361310891513,74.49334283336263
883.5351184039539,209.1077986468312,61.116902495981336,73.43037760411711
886.460617327835,213.1371792172637,60.069690925989946,74.13208780724626
889.6190395532966,217.424789643269,58.55166792434676,76.19670326657598
893.7026409177585,220.6000871014303,57.06193111110295,78.52918711612253
896.5525346643516,224.0285853353552,55.82236109380784,80.43906496162725
899.9874494049778,227.2835919489105,55.31171826187776,81.38738093526125
902.8518136187887,231.7099818288257,55.178943298764125,81.57233997547968
904.5717237366722,233.43996795871567,54.72574253550087,82.81461342798002
907.1841192575455,237.85017528682607,54.124480927958246,83.06538293008443
909.4834190755362,242.04365844969692,54.11948585664376,83.21588551456003
911.6327886164019,244.82917245548703,54.09395920777357,83.29782161812261
914.7837416597403,249.48339774598963,54.03574313498227,84.0266892667927
916.7865056134395,253.7420341037768,54.17206569908036,85.08898350678477
919.2136204527698,256.69232787622167,54.34428808493418,86.26418302930836
921.688644156568,261.6369593348096,54.41965800521838,86.84254668378779
924.6603106925289,264.62300583168894,54.382954018837374,87.72855839583963
927.45733944235,270.0096180546241,53.92123170519996,88.6174089926939
930.6657001783083,272.7504881235185,53.90163500058673,89.03784428138829
933.4958816483605,279.250997571567,54.10464057168227,89.72062798996663
935.4848839107897,283.20519246364415,55.03468706077045,89.90062569513111
937.5539738364923,289.0557851417879,55.78784078938234,90.24527297281577
939.7154002690332,293.6058387300044,56.77459733744733,90.41628109942238
941.5470061876605,299.22965280998017,57.80187908387207,90.43645327058655
944.178723180905,303.9024153477012,58.20634184497234,91.1332360488432
946.4301797299483,309.63898338197464,58.46185112161085,92.4798965424911
949.4712214041132,313.8317429826998,58.619593498836494,94.41967278934408
952.0644955317189,317.01771812187565,59.1369031423374,95.4628984257568
954.1781520281728,323.2402637317602,60.0106643681794,96.15188904650279
955.6738719703341,328.2991169364763,61.16125996817102,96.59338673863303
958.2400137173549,332.27079070810896,61.951402221046806,97.4966406815738
960.449247930662,336.65591415240317,62.24512585299608,97.85388955867144
963.9019015972327,343.2631247196578,62.52422670772083,98.47938083871293
966.0291056040903,347.5543534000824,62.07674971283504,98.91066306374026
966.3115638766806,354.185842711659,60.93759295998235,99.09452663419052
962.4616861820418,359.816864697738,60.9142391039595,100.81223520262083
968.3462023130218,363.23204440210054,59.43190709071786,102.45706118818295
969.8226168661176,370.40368761127166,57.27197777195226,104.04867600732851
