735.5,285.5,28,23
735.2130318998915,283.8792278006433,27.18836340911757,23.328796538758525
736.0744672386027,284.04110872075927,26.695986873273682,23.564543439428597
737.0050472639433,283.9563770590718,26.639828677489135,23.629097558856916
737.3383319580425,283.75948814302564,26.686659057166207,23.769367448987985
737.556932222961,283.87805183463547,26.75362930274278,23.674644204810146
738.1744637495841,284.0633358574763,26.872594593651087,23.71523969782283
738.4490413445307,284.32556118436975,26.827092632040735,23.80565238012231
739.1898735458589,284.0489639011732,26.73712301354891,23.80001054600659
739.2199816715284,284.6630498589299,26.8015731103095,23.538727773483227
739.0675363174389,284.9892816835443,26.96419827514675,23.386734762529652
739.5662653914312,284.30805771556095,26.889185901240623,23.490593669184193
740.3867025163414,284.84461661708156,26.75498141117065,23.351444469753883
740.6092682027404,284.6766179432996,26.729241849266664,23.38400631288129
741.1481948315081,285.41865947441136,26.69607514759345,23.212060377580478
741.8145877775919,285.05146950353435,26.59704067163235,23.210619131838293
741.6651733107418,285.5169674874793,26.7344380692542,23.205990029583234
742.0980864956546,285.4335882089017,26.79019946464548,23.274705152416523
743.5093207199809,285.88214791587603,26.75248076231544,23.37616428689929
743.448325960711,285.6525311029196,26.959932746737387,23.47532947237478
744.5099381759665,285.9445293250246,27.04628730716292,23.507201894608585
744.4073110418838,286.23299068368965,27.099281838075054,23.54598013743768
745.5648247807019,286.0030203578609,27.016490984202907,23.647732517572592
745.4074577282399,286.55650352562213,27.13538939445609,23.649454298123825
746.5656805165597,286.6237560939085,27.15618785163001,23.722380612037202
747.0304987480861,287.1037817070512,27.184240435437083,23.67989747332968
747.5841815748864,287.32295533633356,27.186948467482317,23.757425911900846
748.0049459607106,287.3384434505419,27.24815737293133,23.96518173831384
748.1050255774833,287.68573441801084,27.598702857022033,23.842936417507843
749.078138598538,287.795937345275,27.64286699645415,23.904836191040882
749.5890488120167,288.12534627409985,27.83007254853868,23.754144115404067
749.8411440102951,287.8828063698814,27.982676223179336,23.69015064493707
750.5904042109983,288.47511626228817,27.91991131302981,23.49830886333931
751.0495308852744,288.7483803876706,27.93223488498681,23.321358616457864
751.5483847481535,289.38668676509656,27.904450834289086,23.401561199740627
751.4542894565076,289.4250067497549,27.982015472549158,23.552612478483137
752.1830303275956,289.3128076056787,28.091080647334877,23.833915555696016
753.1427356400554,289.95727142900006,28.12987321894071,24.12750887081468
753.6596579468599,290.1542387596708,28.455762186874722,24.322064755222918
753.6204255939207,290.47870163449505,28.709076626463425,24.27810510960496
754.0874358079153,290.20827881373816,28.725098625060262,24.293511190705388
755.1183954155624,290.8996131645065,28.678742182516963,24.227408479616827
755.8381593057303,291.13716887065397,28.84400914285814,24.231071287073135
755.8482063503047,291.55772285524523,29.15984611640758,24.29305021860175
756.4234057976071,292.01273434125835,29.257306580590463,24.30264704523578
756.5207146026248,291.7829531963921,29.4723553001772,24.434085109828615
757.7746343090998,292.4977982161763,29.26771756264214,24.43784636515924
758.6254492943776,293.16864324645184,29.016291010818332,24.46554273916319
758.2960049785112,293.1898444510653,29.39495520006917,24.475892768868913
759.5549514528343,293.51325880774544,29.22736280188388,24.61118207795051
760.2732345264797,293.43584836902016,29.308256047140834,24.682525793576367
760.6389830160588,293.6853136316105,29.552384821385218,24.746708421376567
760.900011829966,293.5029749347677,29.814692847562455,24.916858606257072
761.2836250428388,294.01970840289755,29.984946215842264,24.99108939529338
762.3776055073641,293.7461768411429,29.945223468859496,25.207393261724373
762.3489910727412,294.28475281853514,30.20742855406379,25.158829721132136
762.9638741028579,295.0531709479207,30.429418136721473,25.21904615572805
763.7867123296189,295.0080952691094,30.44068977279899,25.38521300811456
764.4620293695668,295.18747499745695,30.469371307603417,25.523409482606095
764.6151422432429,295.5108235127962,30.703097182737533,25.553238521568687
766.0601692154219,295.78375201023425,30.56728255913449,25.612023917897382
766.1036246762318,296.29293960403123,30.64674810903422,25.51714253285092
766.7757612259278,296.3535723001408,30.740754876814332,25.476884658505995
766.927703312903,296.74550644523663,31.09823454296715,25.550316411420418
768.1884552857382,296.96721156278903,31.040790427008737,25.460638881431954
768.6402909175714,297.75221589430623,31.079595733948537,25.326474162947072
768.4214598879848,297.9632580900758,31.175015909843747,25.39668977517502
769.5189296374849,297.84256289293717,30.931961872650778,25.52252202202186
770.4669390732807,298.41734754885294,30.924873441008323,25.74384118179365
770.6244390808972,298.9009549844632,31.103499930911845,25.898091039882125
771.0764451664807,299.05606483436765,31.236235572969704,26.115418818749138
771.8512366254722,298.5869212669618,31.44515704570314,26.414316736661068
771.573021387759,298.98529073935777,31.84918024747943,26.44563537901585
772.3679314675284,298.7655226381171,31.909664405415114,26.571655113687452
773.4002959721104,299.1438983553557,31.879114845332488,26.685088279563494
774.1656299466132,299.7887135926209,31.93137293125413,26.509281576509764
774.0865331690447,300.0371554218965,32.14455422243726,26.37973505541936
774.2468779460572,300.54159207774546,32.262687027259,26.246025537285327
774.6927977882933,300.31101635182284,32.26083093720449,26.09198076110318
774.7431963665923,300.6852085494621,32.49561207321469,26.175861266032136
774.5429589516874,300.7684735541162,32.625575365234255,26.2863134151464
775.349512591664,301.42164138506314,32.49891255854744,26.23435333022554
774.4024005735354,301.1590568743804,32.7552333813039,26.19285539087477
775.4245370213902,301.3737090626839,32.46624574865584,26.40223844608012
774.7555246750068,301.4434657137155,32.82292401302833,26.28947741850029
774.7408028155493,301.8365709719276,32.833845046549605,26.39333889018186
775.1175388675709,301.54598749898923,32.618914676724934,26.380507463503864
775.5227159347609,302.0904175283479,32.497090629816036,26.44767293369422
775.6932945084869,302.1280949324912,32.32829846234639,26.52139868501905
775.2052038320064,302.7087710586908,32.35689441138812,26.546011613016894
775.1881789490619,303.08134053486214,32.42435496485941,26.487261391676945
775.2856428000007,302.7931457181751,32.76042936726427,26.41576105331794
775.2609022843296,302.42839127009137,32.94439419794483,26.599549908687166
774.3434131612582,302.6568901942598,33.233017077380836,26.710069638952216
775.3613219123577,302.3598321376728,33.05732833551983,26.696201268884124
774.8220089363712,302.5104317923187,33.130203154527635,26.802546602279193
774.5950066789284,302.9124870619672,33.23988907090431,26.876245885541493
773.3599648719878,302.9743995509137,33.46146208564912,26.86919010970213
773.6219222920123,303.43630660208214,33.573950567820035,26.871791689204244
773.7106450705303,303.1509715643614,33.757476491392026,26.83400378210554
772.4625878948152,302.9661139785809,33.859761973956125,26.656667285499477
772.8157713397424,303.65063654905117,33.76941010113455,26.52243750367453
772.2373586668527,303.95780110794675,33.846212515814855,26.38825384029008
771.3624776986744,303.28582186039927,33.86025310245532,26.322825581349093
770.9461039937786,303.45685045715425,33.677250819330034,26.430711334273106
771.0063919328962,303.7536876555602,33.37954778841334,26.566050738082257
770.273979214597,303.054520791022,33.47518658522601,26.532539875064256
768.9999466972447,303.29533767945463,33.70044645368621,26.55658904345047
769.2841321689127,303.6331852082063,33.75103791746221,26.658546547611692
767.9676288143108,303.4666150063174,33.9713258537778,26.800479065647266
767.383117102467,303.34991808575666,34.077102669685004,26.927722994888306
766.5395259457688,303.5536002718747,33.955227389735896,27.13034665642369
766.3220732336713,303.33260848334095,33.747766583443145,26.95261984769187
766.0163835773217,303.53297836423457,33.680000798409765,26.943496936996013
765.0028683914743,303.6180724079299,33.6467284357295,26.852724059196706
764.542959446531,303.75036999899686,33.586854820184115,26.877574634928706
764.7593072165698,303.72559669517784,33.51179430131603,26.7429533806282
763.3325439689525,303.1203131758611,33.47587310749434,26.799247862956765
762.5914750839117,303.35236673600696,33.46957262894159,26.86818841875148
762.8318699026781,303.2627524143337,33.364964146851975,26.636254447275647
761.5835354872146,303.3490919189727,33.42708555346268,26.648617029522693
760.5310029249063,303.4605961191819,33.614871076982226,26.61432553243327
759.8007480497521,303.4564180862723,33.635758186680654,26.6118715108174
758.623727620433,303.4488207921114,33.96562006353795,26.427263760062274
757.0193827683147,302.7055615616661,34.20725468545328,26.344663959615595
756.6143374146955,302.69171402484983,34.2573381900666,26.583393495103977
755.5952378740978,303.34078481375377,34.24159697508857,26.651419701033316
754.4934636258243,303.30468169572697,34.19151411825736,26.278115817887137
752.4675112431904,303.5219042105648,34.189200114451786,26.091963249249176
752.1208118945822,303.18936217127674,33.82286303667436,26.102097483941762
750.3887341673028,302.87780260167693,33.968438102210165,26.037030216052173
749.5504516769828,303.02427171599186,33.83648896465568,26.394910692981046
748.943329191772,301.9954184734468,33.912996660907325,26.648207435715783
748.8191179537644,302.3563074302633,34.07774339477335,26.73147673611396
748.3216524241246,302.5158862011756,34.356053055127,26.723301689835786
745.2210970007299,302.41847507626863,34.40923184930426,26.62581799329967
742.9141447090561,302.15498304105546,34.585758502964154,26.555270923875376
741.6650942309723,301.7831430221514,34.56183768865448,26.454754880521918
740.6794611773856,301.1624829862646,34.527205558599356,26.443145384004865
739.1382728982129,301.3441232118048,34.616744449479754,26.333110048204624
737.321077847982,301.46582969272646,34.70724574264484,26.200785913613657
736.1503171445912,301.51044068732267,34.6525295376558,26.002336922754285
734.4917629215981,300.9167378467401,34.758496158919584,25.92590943875068
732.3291909635865,300.991107996081,34.64502570650417,25.874440023688592
730.6597930278803,300.9751486646561,34.51127547730016,25.74931828424516
730.1428106805956,301.2288622764611,34.194918759782894,25.833990071579624
727.7302714876142,300.4244467991233,34.127698924157514,25.75770878832486
726.2555980833404,300.77771143376106,34.11053996679035,25.773611894003558
724.9086147229331,300.05306359924947,34.26844110914425,25.930220862205783
722.337854965441,299.6941997565274,34.37222706928827,25.970846577931034
721.1762909858936,299.9187846040332,34.501207441560666,26.16517208498398
719.360348524918,299.4858810156561,34.89536376777832,26.19243751559859
717.2982075045369,299.1224317606897,34.90735924085253,26.23756903868442
715.643669005866,298.7066091153954,34.78371414651957,26.27922080472169
713.1661039621912,299.0888639584802,34.69543584000927,26.413488782259883
712.1823276718336,298.700518434702,34.636275287866034,26.229247277001676
710.0646245137593,298.7773757426957,34.465095433818,26.06869139308954
708.3631990378904,298.23705946995136,34.42568421285696,25.800400851458186
706.3763120982136,297.8030670323954,34.40062372064379,25.6254151884308
705.0967785287637,297.9850555261373,34.196692755448176,25.72000063466674
703.1121766011989,298.12880916504315,34.00844211991601,25.675596026570815
702.3365950047254,297.8634944381884,33.96548171094966,25.714296396217733
701.3564088690017,297.50832204232756,33.97161306423744,25.74113213613966
700.3349676599696,298.0009992121153,33.899466862535505,25.71326520091069
699.2830156389027,297.44910190855273,33.83940353368229,25.74240022208304
698.4944089832234,297.75346471785554,33.74550967207506,25.812688809410037
698.0644248118763,296.9624889708031,33.5860954187532,25.9417617091163
697.4010374766401,297.204480188485,33.73809997241965,25.947310671572204
697.6755926425731,297.31024638767565,33.73605340846381,26.082948596324243
696.8124017953425,297.57726067166016,33.831672764286665,26.244934313442897
697.2372555129382,297.345071141648,33.63226291124476,26.207043270966185
696.9335541030232,297.49765027298406,33.4758337579988,26.291763340908986
696.5488992724333,296.7234518016697,33.37888491717193,26.272800597639964
696.8323504115881,296.7354630405798,33.20838464024339,26.201356720315726
696.7803769235313,296.76337858844016,33.20058184064917,26.003067468843795
696.2220894254934,297.19726446744716,33.27167372438983,26.0557106354514
696.1391414064569,296.7002549275529,33.228253836626166,25.939727316749018
695.9454574188186,297.0450816640191,33.04446221069135,25.839688592771374
695.9494727956435,296.86277593128654,33.01522383385782,25.700025391927127
695.459250873127,296.70266112330955,33.03993682342602,25.515355506080578
694.7210527247506,297.1613837547753,33.02949740202376,25.62358816253701
694.2190765184353,296.7943309843623,33.0539073804389,25.554246754834587
693.3929696612157,296.4995054190749,33.17054320162083,25.489857668009734
693.0519916502215,296.79294438196143,33.180291212458926,25.578534494586577
692.5442937405522,296.22178128105577,33.10262701516545,25.576574063860086
692.8190806170034,296.4435138340912,32.97841251137817,25.553580178997738
692.8366356211747,296.6192402412083,33.02039545606171,25.4868359540791
692.716502076853,296.74943305147644,33.03798905406155,25.33804663474072
691.96818352825,296.5032363527953,33.05603399390352,25.29370652399303
692.0392944056675,295.99594166027146,33.03649887849687,25.281436267965525
692.1716691633998,296.27220162225115,32.93909601935475,25.281650063355045
692.4054959030217,296.45700713447485,32.85223429364149,25.22903221584474
692.4265156142387,295.71034333109696,32.734757943829116,25.17535178503336
692.1092259221992,296.3407541297963,32.756775148342825,25.17217007258342
692.8346355060113,295.96323247991546,32.74408755153475,25.065725864525
692.6547250121816,296.3573736135216,32.74880191721343,25.130096445079648
692.3802629446818,295.87634385539695,32.83040319602522,25.02030721121448
692.1761563318685,296.1555885890167,32.98322544975283,25.095479848581633
691.8508323232019,295.861238401566,33.202891711829295,24.955079936522324
691.6469890669979,295.41914859069135,33.20797874050885,24.87775283391406
691.3618379943506,295.63160696928287,33.13655051766605,24.94049177598407
692.2335272807071,295.01089713982657,32.81456951174855,24.947202529676694
691.5116580089461,295.596481779898,32.834631922114674,24.999780741370362
691.1401384147928,294.99763353116816,32.70950126627085,24.97953047102304
691.4490823302399,295.11023488056344,32.48475235067686,25.011488644453497
690.3320468775097,294.94751893388496,32.86847275698413,25.008318343024385
689.134094796399,294.95125331410645,33.09673599475184,25.003823265992636
688.812686235276,294.2201789668475,32.837778472146105,25.044982923950478
688.5337559748816,293.9106705298942,32.64096992269107,25.068386973893862
687.3485379358461,294.38007560212,32.55194931855681,24.99331173039375
686.424279853953,293.52743104313623,32.24645590173104,25.096009095355296
686.4201892596786,292.7010541422087,31.898318854882262,25.31995814199945
685.6106150530907,292.6101798054586,31.853313215323816,25.4201743520683
685.399185167135,292.38335931975905,31.71098386408156,25.453999365921185
684.5143747067696,292.01520877282167,31.654034512366795,25.47800164931389
683.8070617804495,292.26930806753353,31.471966730019773,25.488637352778845
682.7818775189255,291.87208034271896,31.62071438819965,25.45063627326749
682.8034870841345,291.58418823149333,31.48438660375939,25.33900340577968
681.3986209028868,291.57250889321807,31.61140784183468,25.099085117904103
681.5721938891627,291.15073808071503,31.42616940805459,25.014348773549838
680.0260370418337,290.63035976565686,31.505510986242275,24.9493597304865
679.9556743687399,289.72950226284377,31.27801951981919,25.04875714063089
679.0009828984581,289.7409373634897,31.41101274232705,25.027943659539964
678.6010460225003,289.28959176774987,31.42608620318125,24.962859625380233
677.2432700542274,289.28871741036835,31.497819522860066,25.068130387543732
676.809147869824,288.5363269990602,31.40765756251206,25.003564305405447
676.1759445130804,288.0814941255456,31.52437746264476,24.942947020971054
675.5377567683314,288.2000351301264,31.609629704995946,25.15460620939536
674.7413260762114,287.7387982070562,31.4826995576731,25.083526417077614
674.2350206964481,287.97399281567505,31.43180872074897,25.103884472808247
673.5193912657071,287.2054014338151,31.466458514314212,25.12193533764806
672.6403741341701,286.6008096141917,31.319008458655013,24.929093992535222
671.3863521333809,286.13105686489234,31.26524315885692,24.852691369071195
670.4701996366728,286.2296112607327,31.125661755865238,24.725205868882917
670.3355188974213,285.44452208831615,30.997142620564315,24.642928645402478
669.1487409553182,285.27548830531003,31.008123927438877,24.560223003273332
668.6864073174548,285.2969274080768,30.87120518078867,24.471711664239063
667.3634712199208,284.88490061269715,30.81244461676227,24.39419028570658
667.3788643492938,284.10394316370247,30.617035082617168,24.566608380412326
666.5649625940027,284.10112516480984,30.67455446501023,24.418939682114456
665.5214725323394,284.1491509474125,30.560028212070485,24.50833302326305
664.8519608760566,284.02309703923316,30.532155372139723,24.581942094657204
664.2612587390576,283.36820610998564,30.374367970951603,24.704591952229034
663.8475040869066,282.16803761531963,30.31122199609399,24.765503139330235
662.5060066356144,281.48929257546223,30.195956209896565,24.756139743474392
661.2399195298271,281.65090532975347,30.030920348000215,24.69027037192917
661.5158813638153,281.66900906004065,29.872727588656147,24.421924679958085
660.0744981430613,281.74164252323214,29.97381559197737,24.113070049274224
659.8537681154327,280.3555271638637,29.660973741602646,24.051070821874607
658.8794137902538,280.2427338036287,29.550195525962987,24.038847481962748
658.0647435658959,279.9454987914616,29.334878195938973,23.919940209372335
656.818434328782,279.9707163041505,29.345080040375468,23.59304590731835
656.8287836777629,279.291731542191,29.251527270558142,23.578404146981505
656.0186569775468,279.2514815742457,29.263515867103926,23.429173372484797
654.7262970944483,279.1869034144249,29.400546815322876,23.609977128000153
654.386020387742,278.0069514538705,29.231290880152446,23.543225995016524
652.2655722089303,277.87940556557913,29.3961898851757,23.691966172502067
652.0624656266849,276.6063238898336,29.339914785821065,23.621137527227873
650.9695938201104,276.8509904518308,29.43515065322734,23.60303756253718
650.2887382462386,275.38577367404383,29.09097698670845,23.584740887779716
650.2600847158521,275.49444907246686,29.10984283277087,23.52144488166889
649.567746377283,275.0727575991441,28.84124223196275,23.300225810911854
648.162738041485,274.65881978935164,28.689252096231584,23.291357777676083
647.0750357631324,274.7427243775402,28.796047892102916,23.087607458710217
647.2880733576307,274.3132861044177,28.66811546409845,23.08408269832595
646.1599771641338,274.03497583618446,28.715109853045362,23.06112584841316
645.4850070227876,272.90079813439,28.51943243611454,23.23675907449661
645.1892057656293,272.484657552904,28.323707422431497,23.243377326530307
644.2850051229983,271.50400846441875,28.239559669759913,23.319500394591287
643.5369616436658,271.27959135112735,28.45573844818808,23.259614640457322
642.9034939011494,271.4966463870651,28.54343799800967,23.233854797845197
641.7830525351884,270.1514845175747,28.42396630640882,23.13346975653723
641.7525982561883,270.5258426301663,28.35450967151875,23.181290871041387
640.8731162991963,269.13319280062694,28.290617040054478,22.997285968505153
639.5936840512297,269.1236795871841,28.291506720619015,22.844396312889472
638.5810334231875,268.2301550925612,28.06563543413148,22.70890988267111
638.3122124241029,268.4161938176757,28.075061487533638,22.695895849161456
637.4653489076825,267.9652443812854,27.982715908565723,22.688987623076585
636.9040490907624,267.0056810533795,27.923939442819304,22.58271888551686
636.5725217997962,266.62753214263677,27.79716053867176,22.561709554254215
636.0835208907671,266.26369392310266,27.6632670339303,22.61666413052944
634.631817022031,265.4796171697319,27.57005673894704,22.407121385401766
634.5784608002707,265.3060519116003,27.43415413835059,22.36581433252359
633.1736340764646,265.37876508321847,27.431713612803,22.133281493191614
633.1920226122508,264.5364263165448,27.285529146106242,22.27922888203814
632.5202239465141,264.4648841010375,27.29344182048272,22.145708988473515
631.9506186832912,263.26358948033675,27.287783138592737,22.106703867616183
631.2534918141681,263.59135685020266,27.308745861213676,22.047768468323135
632.0375534142775,262.62633698852255,26.92345859754134,22.05915541877995
632.3118898217292,262.7674799636639,26.89286697083977,22.183644496010764
631.8531737599515,261.8969321395892,26.60502749271834,22.091485926058628
631.6319673118098,262.0975857157869,26.601890811527074,22.033402852080023
632.6394289618055,261.0982725108188,26.220733685852174,21.75795995278167
632.5347151240896,261.6845016149677,26.334661331660225,21.594348623489324
631.9676583585809,260.6689662224218,26.34669942417832,21.602810174724958
631.1005433461839,260.39379597213957,26.326678445706968,21.517343578331193
631.1577688885488,259.4391799511138,26.292555333746854,21.59641619464731
630.7374551944014,259.3190016307654,26.43262125820898,21.498768782705
630.9969520442633,258.53027123245596,26.45683079315777,21.535876638764584
630.1481003940024,258.5487559751071,26.319763056577564,21.642894809101936
629.9875967301045,257.9839588501748,26.20676294833632,21.415668952460138
630.0098470935645,257.678809557886,26.025005792816863,21.2807303653878
629.6967166517848,257.9405177907638,25.876806837509328,21.121573708887816
629.3207410460643,256.87956373540385,25.744303798614496,21.33570057628339
628.1075889652782,256.6936008949326,25.730247414074746,21.405445579573588
628.4343027336116,256.1508717645516,25.604895751259612,21.218517647060125
627.2000115614468,256.2699472041789,25.58927332645476,21.1889122440038
627.5060172360197,255.80953938374836,25.468901233786326,21.087454582786577
627.2328580921488,255.6889121512855,25.571278107171683,20.986402016557612
626.8503393250129,255.27394800838,25.30393541816948,20.956452954422502
626.3262044418218,254.1421771249767,25.06538083896293,20.80217474442241
627.0151187708336,254.06436735851136,24.934822526627187,20.84872768668636
626.6207657993502,253.8114633216505,24.96495177844333,20.730535330300953
626.5498278163626,253.86236110747677,24.932541453415304,20.736717163838854
626.488621118164,253.6883990797986,24.832486324641295,20.631062955674054
626.4433049973125,252.97456070757684,24.688050409029017,20.534565844335983
626.6341697156998,252.26048201837403,24.549659795572737,20.67073639965963
626.7591928820107,252.06718749325788,24.671987848546493,20.720607158847734
626.5233778864954,252.0550641041543,24.654110343220047,20.625857957626565
626.4458100630192,251.85663356399257,24.56643864657027,20.638892066895934
626.747384510265,250.6754785843155,24.480102791858428,20.661941209676016
627.0036228390621,250.29770395424686,24.213716054665618,20.615719663500702
626.2468615040351,250.53397732573086,24.158868382464924,20.50578823763894
627.0565874951586,249.95974038139582,24.171218124651872,20.54179579101244
627.0170481149108,250.03603398233753,24.263716260902438,20.576671902470146
626.8207551010132,249.27335317135422,24.054812863992055,20.597038893623143
627.2874031745107,248.74381726169094,23.960746777574492,20.47601122564504
627.7975993973373,248.86715678371615,23.863849982212734,20.33776227661154
628.0598501071293,248.02802103420896,23.789116122395676,20.321422703085666
628.5809467401253,247.66816153392213,23.60149050338363,20.312549367481473
628.2857776654373,248.05727653653764,23.685657307048974,20.276631316748773
628.235285206626,246.99696828070336,23.479074270608074,20.460976637774046
629.0070706458364,246.58782272093424,23.393446712461788,20.5069366983332
629.1827326413041,246.9252189273462,23.54377144560535,20.42272313959328
629.4997139992166,245.71158828426962,23.37318924535579,20.311844844066187
629.4843126085696,245.76598920792492,23.31354745438011,20.209325727714912
629.7429374386182,245.3785531578194,23.291621541679156,20.1708734360841
630.2169371003268,245.6247230143147,23.321038256775196,19.975541075207243
630.3802079508652,244.98199275226017,23.22444671548668,20.024137628559732
630.6208147699074,245.0351807139136,23.289821379060783,20.00274495724178
629.764983051096,243.86663863983836,23.24164897741212,19.863014358535544
629.3701109678684,244.06210848859405,23.4229707453,19.919663253791896
629.3672272435929,243.00105476937776,23.270993130546287,19.870426888818727
628.7971653775962,243.50657013299065,23.17124071145453,19.689364971674415
629.2998904065025,243.33774208140866,23.08776781600309,19.704036289996836
628.2408980573053,242.78585331042754,23.09614052633,19.6539368120769
627.959314955375,241.5445766979886,22.9611263527071,19.790185858716903
627.9362988881386,241.76954444458394,23.06279708732076,19.742273204118696
627.7402856162028,240.77055977480322,22.969348418856924,19.831524672967873
627.0922286451878,240.69481447590803,22.93818303158696,19.679657371569252
626.1049508951935,240.2961883399166,22.769656151280646,19.467671400449113
626.1495984177875,239.499071867586,22.672977949059174,19.512643132761333
625.5698112632193,239.4159609922231,22.58699340027783,19.428729342524957
625.9050184177593,238.96302694272,22.39481373990241,19.452791067934932
625.2606457261928,238.83096195505382,22.513002577777847,19.28203369366175
624.1931157930804,239.1897924885528,22.50972816971056,19.17355540168439
624.8357355431026,238.17525746451255,22.393900805744053,19.116197999584806
624.0519389608561,237.82158378566191,22.285136820159252,18.976289710103607
623.4901125241709,237.3791874207857,22.1964913002804,18.95441127343607
623.5151961889512,237.4320472760861,22.28116611318231,18.915413575891563
623.4521265079185,237.19925398105136,22.169204305780763,18.93560490491178
623.0870059844409,236.56220616146902,21.920020935717154,18.881534297662228
622.6665503723444,236.08985143063833,21.74732275057773,18.893202782799253
621.9308267071945,235.31343411203974,21.701646500898768,18.788571962080177
622.2593167253622,235.22761097447136,21.639932747121772,18.921534550811547
621.8415961236501,234.5925634703064,21.486438599174214,18.915781289678893
621.686265709689,233.72461966144272,21.44861500035951,18.9998630297207
621.0605284333833,233.52004754879786,21.425955036254873,19.13919145243625
620.6724399041472,233.5838508035039,21.410177160130083,18.98255583071492
620.6217267095847,232.80546653280348,21.247676327957002,18.896786063018506
619.8255322681065,232.78990184340597,21.286480158423057,18.69874300343043
620.0904633444482,232.6082837215514,21.201684368359007,18.67579163412917
618.9696981763357,232.14908471375296,21.23689322669417,18.5330146609794
618.3744170692244,232.0616914162149,21.284241095938423,18.467794809217125
618.2693549522828,231.28329206330733,21.21474357970506,18.402412695520887
618.1993296398333,230.77084314608604,21.070261389386147,18.329969826952873
617.4943983182175,230.91998274066506,20.997218406320812,18.29132045361172
617.3218003519173,229.55049752294136,20.923333604668276,18.170863436971704
616.1795370620218,229.46025408117666,20.854214382915032,18.195168031377598
615.4457795837377,228.64338728987613,20.704546607854745,18.086606229571586
615.4395676106348,228.38756280623465,20.526098734206915,18.095818082138997
615.3763462503715,228.02297809526246,20.525992344916766,18.072307321626422
614.9527554152606,227.27588562159409,20.596139911268118,18.149145791454593
614.104229983892,227.63501865339626,20.753682431262654,17.98870290900259
614.1458053007617,226.67730977546873,20.6755709176161,17.934351425432002
612.9543033524752,226.47167842474647,20.65869249759986,17.87654112930648
612.3949752201263,226.0256109167715,20.623696571135383,17.717150314033837
612.6114569750562,226.04758400481407,20.544093386373753,17.672282909804913
611.5688757225323,225.26542911882999,20.585446715930093,17.618292839892263
611.1677734117857,225.0663805165357,20.507310284414466,17.544242609530937
611.3286797089627,224.24453676805024,20.435965437510248,17.443599104266497
609.940689072254,224.0690325428835,20.400637373311532,17.39143041245673
610.3243482132567,223.143705341448,20.263689708219022,17.45822127086359
609.4128328084136,223.45621148992717,20.432328513892422,17.356760497590727
608.5055380243039,223.01135267450752,20.362828612201984,17.22404508590374
608.8325879811578,222.53564454088573,20.247587887051054,17.231921137655114
608.8878932154416,221.6299580191995,20.189637745888003,17.172271002926934
608.3459276356867,221.40253511433633,20.17376438479073,17.213563634342883
607.3213089800813,220.72172229722736,20.107659078966684,17.169374740095588
607.3888287178557,220.84721024141732,20.021303932212327,17.243175471388415
607.1217591087087,220.75489824844402,19.920055014596407,17.155115777277505
606.41810340275,220.2648557329726,19.797929480598437,17.100325296097232
606.3576914960506,219.4739571957023,19.719500047809028,17.041536352075507
605.2345008120535,219.69650505377814,19.692327090699543,17.078939251904007
604.8988674112712,218.67804622577626,19.617242650198754,17.01338317209843
605.0041992080934,217.96240540080814,19.569149533086403,16.989460692815623
604.6956505894323,217.78656240880534,19.640665429618753,16.974775671047656
603.8411455018042,217.2849348184254,19.532528349930956,17.044793656792613
603.638671637752,217.2411426827913,19.512463251115758,17.07386627600843
603.1582999270285,216.83443635579619,19.513036582364574,17.062627211858942
603.2645933703412,216.1725746575944,19.592681851538813,16.920169210824522
601.8824745999003,216.14282574673462,19.602380379511743,16.90801649767579
602.0365532369476,215.58386823221457,19.50042836915104,16.967098046834646
602.0009010339801,214.75521090561745,19.416882247441904,16.89303331026599
600.8704971251716,214.9285733637099,19.38319925084988,16.839854593879704
600.1822607764761,214.78888524911346,19.416207931326504,16.720204786810044
600.2616171107899,214.04227044869032,19.329105407969706,16.641263653250824
599.9864289082809,213.98363540268218,19.152599712882335,16.62256334648341
599.8090457174427,213.15859703974704,19.025770757167848,16.55959554816088
599.2437818129875,212.72613655703145,18.953383970474267,16.542091682201665
599.2521090332745,212.746526422189,18.938240496702527,16.45265466497435
598.227866191828,211.7749565848763,18.906816378112275,16.45403165382399
598.0162125779061,211.3323111938038,18.796741845835747,16.482444989794367
598.1904677582572,210.59651424611155,18.852529880051755,16.44685294920476
596.9778322260677,210.4829723801073,18.766280797107406,16.34381197518335
597.577750728598,209.9986330303144,18.533598473729313,16.387624594485033
597.1032758099191,209.90390755491052,18.63334585699698,16.26495022008987
596.5560305698388,209.49566530655585,18.517194953033016,16.131979515173406
596.5816278817633,209.52462705056618,18.493182310315305,16.100412657180023
596.0513282679608,209.21322424250067,18.41096916666633,16.05323911824739
595.8403417121417,208.9398348031007,18.330495269217888,16.155030342361407
594.3815649377506,207.97225930311635,18.24842838037815,16.008536568846782
594.1845923472474,208.01589547925383,18.118938683988784,15.9718128929732
594.4243288149075,207.65620383540312,18.01303434312419,15.878327287528123
593.8353312870897,207.40755150044637,17.959941594919258,15.816853731066047
594.0596427753891,206.67168550123301,17.807714098953248,15.957710213554975
593.7349252400816,206.23341086148253,17.749348662022744,16.11348043173846
593.1250950140441,205.85394047069232,17.696056915115708,16.0324757777949
592.8619425565793,205.80336452358137,17.66844889240407,15.897619519651109
592.3316635401277,205.48477530587655,17.5891614348516,15.750776339078673
591.9731571686442,205.36278169879924,17.54404230802556,15.640600353570157
591.1965488295722,204.95153541130475,17.47489100807362,15.508097534806126
591.3615331244083,204.5382604775037,17.483372641608923,15.470852479579497
590.4528190455522,203.9512650199448,17.486849307011404,15.281266386449943
590.1650751748205,203.82298146121593,17.388538427774098,15.263198337977865
590.4387079908657,203.547287070462,17.370537782198667,15.136934343244416
590.056988827243,203.11908285049577,17.177350767075016,15.067945625507814
589.3053356402871,202.57806406520237,16.994340173976237,15.001105813816217
589.5037900665496,201.90289535256017,16.946748305866357,15.07641918266595
589.4150371871093,201.574760462643,17.014478320368507,15.130274175684658
588.208245320372,201.93381722036742,17.001031967325623,14.948340918033065
588.2434628648317,201.39200087251513,16.821697784241845,14.791039480208006
587.2235015966645,201.0639602812804,16.741891993778935,14.706945236671089
586.8130933705876,201.34897673355616,16.733955332186152,14.565041617693565
587.0177654645652,200.222789411058,16.75861223237332,14.449139905039122
586.956269172473,200.49793177302666,16.7327981998938,14.400858672026619
586.1124367578186,199.9815708925729,16.684004727658145,14.503230963749246
586.5360947263175,199.48361692476223,16.48908672128253,14.464554615541864
585.8340482975369,199.09466701709803,16.59262887960965,14.493977567962848
584.6868782004245,198.61040363908242,16.73962066990374,14.42301100162165
584.422738231997,198.63832094812193,16.556584974892594,14.433693922865018
584.5626120947882,198.34507798355267,16.51047583392395,14.35260079717106
584.3851393848904,197.9137777523842,16.419588613786843,14.171855688943744
583.4879470490748,197.47091699407144,16.375216962557253,14.20258177605343
583.2354284516596,196.66669429433574,16.420171596609983,14.203374392130971
583.5933758041384,196.49150375232298,16.224158378545113,14.175452484766257
582.6770939815314,196.08053661138675,15.97601971891907,14.10090221282477
582.6300521160896,195.73727772696762,16.148356689195797,13.994443721477822
582.2311958504439,195.66358094193382,16.21075574535522,14.095134966201318
581.9525260742788,194.99330622330024,16.052235884538494,14.10090323357711
581.9225982887439,194.516323830601,16.13160108588619,14.052676713815046
581.3411073381519,194.4297059554138,16.12714388394342,14.113902245986441
580.4400108792776,194.06647044511305,16.296871200724816,14.074229765782986
579.5672369331243,193.9511744614531,16.355792658705134,14.000209573373903
579.3548996985579,193.2786135681315,16.061585878410188,14.091012169038095
579.1935874875611,192.62401073912534,16.126247328477962,14.168015416352462
579.3809966740093,192.19632918021097,16.00511735060484,14.180577201707504
578.552594731098,192.02751503827693,16.074664566429476,14.185607782833944
577.8004555193392,192.14242008050562,16.11660323107416,14.035311896381732
578.153785471476,191.52754911656405,16.211278482764264,14.005488232452759
577.3948361956253,191.29647706883702,16.074705875484284,14.081907544963101
577.2347124681278,190.91843603705536,16.12357937308382,13.998095075369061
576.6822915965217,191.08710768642632,16.051964307252035,13.879655675819931
576.8881256763146,189.82065306587188,15.85558597882785,13.826204223950949
576.3799680686225,189.8483537467969,15.728198091146524,13.68162541752368
576.316188346271,189.49341626217077,15.532633574162524,13.590125951351135
575.5646228534706,189.25959642788425,15.578074320810595,13.516448395421627
575.3295149408737,188.77574274006668,15.630702061068332,13.48556679181252
574.6037322945921,188.90457130381174,15.729800651170198,13.433403487016218
574.4699198571288,188.74724713074212,15.798438459351132,13.378793965819188
574.2194864379306,188.20968405281812,15.762729145899488,13.372192259309061
573.6263389025899,188.18526482291767,15.66112341110782,13.335693020650343
573.6058095950932,187.88332569032065,15.643975322587162,13.340222323537406
573.0725011614345,187.31310920404312,15.524725476380853,13.336030586009468
573.1087409293617,187.30290453714946,15.384946544726805,13.186153100458007
572.2932574594265,186.54490728902041,15.586692331337964,13.114341967939545
572.0701854979676,186.3438892963107,15.620621617453116,13.080966976949092
571.7628295629046,185.9527729075227,15.623029992172029,13.017028792668233
571.1991588155898,186.1193460579202,15.65183928694183,12.980733471201322
571.3219162037632,184.78533305019226,15.422644834166734,13.004200818520637
570.8411664507208,185.1817001806381,15.428303931449351,12.845802254326195
570.7951430446523,184.88903976421167,15.264212091023438,12.94258690811337
570.4461575945426,184.31015013729598,15.08223336193593,12.937935160281558
570.4779950620681,184.1850334512179,15.016701443594854,12.781881547755638
569.8435622396767,183.36561236997667,14.933072133314834,12.838834200083326
569.7507336032328,183.20232631914536,14.899642461145792,12.711894318589792
569.3413254214481,182.84926903658837,14.912529759964423,12.513404567946004
569.0873680330145,182.64141486692253,14.854387272026678,12.510703410731885
568.3227447943175,182.91949383484598,15.029443042214062,12.495788312790847
567.9470425602245,182.59638255005277,14.94439115196717,12.461359932899146
567.5466942271858,182.44949582808204,14.92510445489327,12.514768855098719
566.8006575136338,181.8564873333005,14.97193619231496,12.474496929981326
567.22179695637,181.35776434213705,14.848890521698053,12.383820782867954
566.9096248925944,181.14808774551062,14.739268596716947,12.446167515692526
566.249880804157,180.64956429880021,14.629647915483197,12.51662956929248
566.0404322958373,180.7544928837785,14.626461524482282,12.480609867363974
565.3641604924469,180.54646018614176,14.758321914214381,12.500389371104593
565.298790284239,179.80754935009614,14.617591694500822,12.483605859594416
564.900015943823,178.77650908102396,14.481175288395866,12.43896642703568
564.5468853789208,178.710767007782,14.57006217684815,12.51159413467418
564.3848811288273,178.7975872795729,14.575087539427718,12.501103856905255
564.0701737571774,177.6785581877872,14.476682661164432,12.485622478251326
563.8017045189916,177.29439347704394,14.465241179860005,12.596669428081047
562.6082561587431,177.24519986488266,14.477345801358066,12.58294380245278
563.1189199293927,176.88368702577216,14.383872082766906,12.640111271540679
562.5242785406559,176.50006598857715,14.19814901898525,12.474139754355086
561.9124378948256,176.1261992669869,14.188282623115317,12.374117288569508
561.7649140107733,176.28133541244117,14.177410475782468,12.302867967860532
562.0158467906862,175.6163059928457,14.152881531280713,12.333787068968595
560.9692440222387,175.4676685797063,14.119469159697617,12.406835971828412
561.0865679057854,174.79858125031566,13.937368080028616,12.309800521852658
560.2643593755165,175.1548696948384,14.025298653177781,12.096710049385491
560.2888131573891,174.08852641292637,13.852950756721931,12.194516451924137
559.9819381155793,173.63615622488467,13.729592371332046,12.164217486557803
559.7616826686153,173.58060846731664,13.699514342759342,11.953787100137832
559.5550130700378,173.27281569421723,13.56886447760505,11.898432664399246
559.570463609107,173.06938647635621,13.52698752823143,11.951199992275999
559.2598643828293,172.62821007094934,13.589493108262797,11.90655305533657
558.7181471687953,172.65848772206925,13.675160326324072,11.995211588693817
558.5010947255377,172.22524444038243,13.615186785286113,12.009272397997194
558.8878130628531,172.29013640340816,13.431055511503605,11.900002719884693
558.4815410021489,171.82796186072136,13.476433852844586,11.820648687887665
557.7300688302248,171.8963549560416,13.58034882257009,11.726627764440533
557.7946331916258,171.46292328521096,13.479258240154419,11.750773696967904
557.6827285489588,171.0164216214922,13.440714671474911,11.660354268210284
557.382238980362,171.16033845720904,13.547754230135563,11.593707592282964
556.8655516066954,171.00725284117306,13.504779838255114,11.675296807886863
556.9784819425124,170.79191245108413,13.309016492884851,11.657139324314642
556.5356053614894,169.83329711593544,13.208378766239928,11.662362305135993
556.5989146849663,169.6372198662719,13.069316676457168,11.65284152055425
556.2633398742333,169.81199688624739,13.130203963576285,11.65024209452732
555.7317581399894,168.91702133438608,13.245945881313407,11.636689923332336
555.9835954877426,168.57085744770578,13.243426502636723,11.727354643657176
555.0105255517469,168.9806755272587,13.318538189737506,11.840387408883004
555.2706158806335,168.7232444969466,13.262422696291917,11.754735415208831
554.934436382028,167.77478641838303,13.281716310068555,11.64976329718943
554.3630805362438,167.61023437218546,13.397831097835857,11.582548655892401
554.5513113418648,168.0132552912923,13.252719088935747,11.524781799654331
554.4750866107571,167.4138850504952,13.102827298585753,11.513285135824638
553.6942909750832,166.99640478709367,13.062156430613147,11.48559377807188
553.4943044219712,167.10904357614996,13.10737973806254,11.428652651012907
553.2574099252645,167.07237061860624,13.120542129302999,11.414158239969938
553.6905199145588,166.6479915612824,12.911572376258341,11.518083779296447
553.0907262115308,166.29613057936723,12.850210051441385,11.47265087738501
553.2692863743252,165.69967678626435,12.727559601545563,11.44577325012034
553.1097414522578,165.82194974527323,12.696978737501077,11.306797693120735
553.1707891596667,166.10206272669467,12.603113814708887,11.228097598455314
553.1765101146971,165.15637894084142,12.575111197406873,11.240294275539007
553.020912604442,165.00226665449907,12.66205917955256,11.1651279447508
552.8520886822051,164.7105026218106,12.645184110331837,11.108522808051774
552.3392063778125,165.0781938922346,12.575599645707236,11.046684852908598
552.1344540866585,164.72675765115991,12.448654974456034,11.183748442807905
551.7269241788873,164.20221181748894,12.424958288323733,11.215061355915527
551.9468907397857,164.33181967089544,12.4070555856384,11.163668344477019
551.0393765730009,164.30837779915998,12.364708297412074,11.050521946475115
550.9028073606502,164.14020633204217,12.300166710125884,10.972026983886863
550.7090519428143,163.85197369091108,12.29563234592661,10.908855213136183
550.8467605273861,163.72659145255568,12.29176148100898,10.869738132620792
550.924947135702,163.5772785818913,12.282723361570778,10.891871099463014
550.9379741012674,163.3157265739117,12.256343108921467,10.889849015835775
550.6915768238754,162.80702652208083,12.173379444940275,10.904189970708988
550.0110249303683,162.70405590102914,12.214193858556719,10.96297922108742
550.2560473731679,162.47605411902174,12.136907114713484,10.986546855326981
550.3997216776363,162.2756261781219,12.12761271334015,10.929868602738697
550.5381885847529,162.02239764924434,12.056329183993284,10.810997775342894
549.4920849834505,162.35500993998505,11.947054567445209,10.749583623434553
549.7590312276866,161.95512565319464,11.757875021811799,10.80445077832947
549.8589353412235,161.43266875273164,11.652546132072423,10.896184742982264
549.86997692617,161.59811728024243,11.6817419482162,10.759805449429578
549.6807237622481,161.6073374325773,11.72892065889165,10.62160063794293
549.4483035201536,161.5333534553501,11.705908837906918,10.541843324987077
549.4317459912653,160.63421594507994,11.724754176783089,10.592358764915202
548.7217752332026,160.88113295757987,11.737158470999912,10.545671721869958
548.8759549188137,160.10073541112632,11.654806188796558,10.58395199467813
548.4697849961433,160.4726099711585,11.493053073779606,10.591180629206667
548.7976043772003,159.75601892485406,11.357745098370785,10.620503225698968
549.0764288329069,159.80334995942135,11.319852802119271,10.501902159847015
548.4536220773659,159.77108324337854,11.346752791244052,10.425097750183465
548.2327584189867,159.86771091020125,11.384386276224792,10.39273825587155
548.8428224388549,158.83971592371,11.359204048713686,10.4710858119
547.9230705541831,159.3446086371766,11.356133460070861,10.324676823584552
548.1380523981865,159.1748358379288,11.354164082920175,10.263267519908002
548.398412613598,158.74450621296782,11.31181342453133,10.309183251000688
547.6166525243998,158.93486753974295,11.264930303595882,10.292461186105847
547.6918200249011,158.04084904106932,11.11316853363853,10.349183285915892
547.7623917677078,158.11437781003409,11.039279963858771,10.18405286718186
548.1877744377451,158.4025394399654,11.029914770268375,10.137263410782165
547.5764797115207,158.4816612946958,11.054922812309133,10.065019629736193
547.7388197580327,157.09450917923198,10.984239359728868,10.167819124717191
547.6366949903363,157.5343694122878,10.998778084341252,10.141013707204834
547.4519472146573,157.14662759019117,10.933482935025184,10.098954798450062
547.044993820888,157.55829843137516,10.96764813730921,10.076200591381912
546.6745461041652,156.97542531884392,10.875827642200266,10
547.0938708351349,156.94144575393875,10.849224648518742,10
546.9681841931551,157.10608489907463,10.951319500347442,10
547.2275361637286,156.84772114551743,10.907830666402972,10
546.4907693367672,156.49379165566643,10.774616693067367,10
546.7173946430312,156.37186490095337,10.737925895946214,10
546.0367547238075,156.00336155289216,10.777054192683849,10.028434129613197
546.0416280558338,155.0098926703475,10.837799937800757,10.08342823968842
546.5083252526906,155.4917092481919,10.717827866360512,10
546.4640883143521,155.43619649580796,10.668981731183278,10
546.3206526268374,155.30883311203797,10.636580498647904,10
546.0588576021756,155.01210327915032,10.646192364701868,10
545.6214901254496,154.4371274309524,10.67986089807566,10
545.7684177838139,154.40608477129717,10.691963852373544,10
545.1214461226152,154.363584204606,10.65892241162556,10
545.1050997484135,154.09704632966896,10.70088100287658,10
545.1194913440552,153.61377422421356,10.729523895426228,10
545.0856776974387,153.66615484192153,10.749191339420884,10
544.9896580827887,153.711770056776,10.741649526788777,10
544.6785129900292,153.63355471848627,10.729848752281944,10
544.193436451171,153.51328560619731,10.688041442768185,10
544.3298252643989,152.78520443945308,10.623277872399129,10
544.3940901681215,152.78774068833445,10.523557152304878,10
544.4746016712876,152.66375900388812,10.538620676061928,10
544.3903892367468,152.50602007986163,10.58950434373087,10
544.3097795777455,152.17752126933192,10.646394977224563,10
544.1942252939251,151.67059282542323,10.740640849648415,10
543.9155457635042,151.76295139969443,10.768900624887607,10
543.5176164631627,151.74053148695384,10.783001930439042,10
543.7349642714837,151.60656170317088,10.709494814916432,10
542.9713943716922,151.4059124267951,10.788463356526716,10
543.0289141714607,150.97398307689582,10.801527892384051,10
543.120728654802,151.01627677449142,10.757393642822572,10
543.2537026049457,149.91287725933944,10.684255219983477,10
542.9197596461053,150.58081406124984,10.672800238673663,10
542.7859796115714,150.37562656172668,10.683581143665585,10
542.5424581654873,150.08033555516158,10.552159387110214,10
543.027986324071,149.61654397615348,10.362804515522347,10
542.9137432595605,149.49357932576095,10.3165773071218,10
542.6602594241511,150.10329347618972,10.280768691338587,10
542.5469129169705,149.5484036184207,10.20652488757705,10
542.4154911228254,148.72730618485366,10.178689617110173,10
542.2053700565049,148.74967813448166,10.184434344460643,10
543.0203154848589,148.52064385966514,10.085190646375308,10
542.450087332781,148.29475279108738,10.042506553459324,10
542.6450750956137,148.76687191383098,10,10
541.8161802420218,148.203293665807,10,10
541.7482442592367,148.27454650358413,10.073342170698357,10
541.799552335349,148.23795412064646,10.082517137453312,10
541.8467156757041,148.19421183646773,10.070976562316329,10
541.7947046587069,148.0035535353527,10,10
541.5364463457663,147.32941993654822,10,10
541.2963220853301,147.42358213246916,10.022779206535596,10
541.639021422382,147.42088925724966,10.092797164130424,10
541.1887558437958,147.4769232783292,10.1156311515222,10
541.7086139643575,147.43939833602053,10.093185952268854,10
541.4060342887242,147.30580282470328,10,10
541.6537012586195,146.6356919433747,10,10
541.0954975018103,145.89122671147925,10,10
541.2261372187932,145.9232923973177,10,10
541.4000525751908,145.81450819110614,10,10
541.511384514888,145.56597720718128,10,10
540.5526005903084,145.47973290717346,10,10
540.3634139411105,145.85355568563682,10.006501588572384,10
541.2085964361031,145.0312423309302,10,10.03934249539343
541.1799495031883,145.1011034201656,10,10
541.2311003876675,145.0550124149595,10,10
541.3046339375724,144.99842873847228,10,10
541.3097004264419,144.74909592306358,10,10
541.1179659336631,144.4798655573104,10,10
540.5272615521972,144.82035914695007,10,10
540.021705743653,144.23491392171127,10,10
540.3800800412719,144.3126388329838,10,10
540.698341903073,144.1117031115864,10,10
540.0372121900145,143.52902233366765,10,10.010363372587062
540.2160528123204,142.65650983158403,10,10.12181985143999
540.2175743793196,142.4288206283164,10,10.127930721573486
540.1293521960324,143.10679719569546,10,10.055964751312727
540.0676038292295,142.87331160789472,10,10
539.8515554395563,142.04481193309766,10,10
539.4324660328275,142.19338764136774,10,10
539.987402799452,142.28747039174777,10,10
539.4590362933523,142.33115378281218,10,10
539.7053889957315,142.3125680971716,10,10
538.8878745761758,142.1970710743044,10,10
539.0989351746684,142.01562784498674,10,10
538.9429299363935,141.63320968931657,10.070981973966447,10
538.7098092990911,140.99385277813417,10.221422015517893,10
538.6668343139287,141.10844212656957,10.16685579412194,10
538.466528675279,141.10601081189816,10.180540509827182,10
538.2193635525675,141.06108506632154,10.25987144904822,10
538.7794669162558,140.92038189482992,10.416949820701051,10
538.7195016551412,141.05243811619584,10.40648062404974,10
538.3068314411821,140.2294234992296,10.52154468668767,10
538.1923552697301,140.24698454749887,10.359164552260564,10
538.643444116277,140.40722707522218,10.118248775327412,10
538.1378981200105,140.5698682726652,10,10
538.3030507889634,139.51226598632638,10,10
538.288800041104,139.35559350860422,10,10
537.8935484391695,139.9749876917631,10,10
537.4665115577227,139.67228815567796,10,10
537.7722988826281,139.09326968205278,10,10
537.0689741474635,139.11305459451978,10,10
537.1701948893315,139.08489506927435,10,10
537.2397988465673,138.88433916357462,10,10
536.8420064178354,138.52566630629008,10,10
536.3548803952581,138.05138168719714,10,10
536.6220828321821,138.23050890353625,10,10
535.8951613334066,138.3562318631739,10,10
536.0200261351711,138.35658644980867,10,10
536.1942022171861,138.34163283652742,10,10
536.292871165002,138.26589156783302,10,10
536.2576862898713,137.98270075119217,10,10
536.1449357000238,137.67280705369194,10,10
535.5668531385309,137.32814569867332,10,10
534.9197655645257,137.51536999738892,10,10
535.0819646892196,136.81925366914948,10,10
535.0497974780446,136.5913411239453,10,10
535.059819769027,136.29025067485054,10,10
535.0223068780324,136.93152745164116,10,10
534.8537291026732,136.71821813381393,10,10
534.5069800353667,136.39269830382545,10,10
533.8674587941787,136.5359795401164,10,10
534.1019836849591,136.04571104145725,10,10
534.1225962675235,136.32969439125736,10,10
534.0613769850752,136.15062815046986,10,10
534.0392738170049,135.84472847080906,10,10
534.0056863091013,135.55752500987728,10,10
533.7111569902918,135.26717788077076,10,10
533.4317565522215,135.5125213424035,10,10
533.8026155791304,134.9009547988244,10,10
533.0345286688826,134.85279274455388,10,10
533.0629468130937,134.5932634221681,10,10
533.1307336854807,134.47190227828105,10,10
533.0205018463603,134.74461799583514,10,10
533.0102787575743,134.48668393216212,10,10
532.6278844735643,134.78013163528522,10,10
532.1104389691166,134.38931739053805,10.022133588355633,10
532.413867410185,134.42988633087953,10,10
532.5503688416502,134.392972377158,10,10
531.7865003309271,134.29756079337676,10,10
531.8259366414568,134.15025144538959,10,10
531.7844515069446,133.81862735471805,10,10
531.2903529926261,133.5728003057011,10,10
531.7816376610717,133.31552540979465,10,10
531.0253186746559,133.42052465400775,10,10
531.1801815702638,133.4158956539177,10,10
531.3102396204195,133.27094000394573,10,10
531.4078321903071,132.94191273863544,10,10
531.2832247441224,132.53367674167384,10.023796622735107,10
530.8203101518086,132.0562796574377,10.093884902554779,10
530.2759729771933,132.3770737927698,10,10
530.7642581312975,132.63021349723567,10,10
529.8423916160158,132.1103454809927,10.04313107133505,10
530.0475139766058,132.29882560487022,10,10
530.1296071632823,132.1908926498436,10,10
529.7381104751548,131.79516105170478,10,10
529.15718161306,131.3102412354492,10,10
529.4737809225044,131.49196950907935,10,10
529.6671603991708,131.56908827091684,10,10
528.7624049260339,130.38263957764138,10,10
529.035039104434,131.5206028726243,10,10
528.8482768860068,130.74619649912347,10.034894058607915,10
528.6886059417448,130.54509547914495,10,10
528.1310657038412,130.1323895212554,10,10
528.6379317416868,130.33559379543294,10,10
527.8079296126089,130.55057256485452,10,10
528.2217207922658,129.50171976353158,10,10
528.3351233302674,129.50609239799087,10,10
528.5591819732508,129.41758811337058,10,10
527.4536149947962,129.56732520324294,10,10
527.8578460502989,129.0808767960698,10.015787037363408,10
527.2997487037501,129.10436562125687,10,10
527.5145119576773,129.15732593511348,10,10
526.5971811561903,129.16189666328137,10,10
526.0805958745311,129.03760781374876,10.094300252534957,10
526.3639946339817,128.7408839413256,10.153403300211771,10
526.8788516974172,128.37254505840247,10.064116953492176,10
525.9945332266251,129.02902316537802,10.08927535847053,10
525.721577976062,128.4249252626032,10.30964388648264,10
525.4944776751472,128.90150707450812,10.46423485701235,10
526.0790472285967,128.46303897586768,10.478431888838712,10
525.3276295350857,127.82103639331763,10.434547963192722,10
524.8241684375719,127.40591594067519,10.391669762254901,10
524.2068398564031,127.07669016209547,10.343588954240301,10
524.8558693543766,127.00196949628298,10.341604825541811,10
524.8339326494754,127.09915670243208,10.28388006941491,10
524.3665922101648,126.64968034115736,10.487184121272923,10
524.6635827517842,126.50235640493338,10.423004108724216,10
524.9402996859052,126.42900912699406,10.39380519102474,10
524.1616880794143,126.33608559754794,10.497885999450281,10
523.9158106872328,126.55266716566985,10.611121755388021,10
523.5478340068888,126.51969309386914,10.679909717478278,10
524.0160142833274,125.85716100272839,10.666287239857418,10
523.2224325575967,125.66944906351273,10.620932876682652,10
523.5175544388359,125.54964197662775,10.542433971038792,10
523.6683268821785,125.2775844433636,10.543252003207364,10
522.9445967564669,124.95431135085528,10.694744675742317,10
522.3442097217552,125.0061136582226,10.671149457675043,10
522.419006137413,123.92415607956355,10.815321724215789,10
522.7133074568104,124.61748940733378,10.831698004450352,10
522.0672114841705,124.1352824070782,10.785711553505358,10
522.2081837353768,123.63412065294688,10.87473050533913,10
521.7475551510729,122.70672524956171,10.861752577969213,10
522.2863288233713,123.07327137378161,10.79187110594629,10
522.1794775887299,123.06306754660909,10.796743397444889,10
522.0161601950614,122.60090156507795,10.808092502103715,10
522.0640286454012,122.25960682940786,10.746134276324742,10
522.6053590818996,121.60535573077505,10.58314964758696,10
523.8941065628526,122.54400735211675,10.608494870846176,10
524.9925375417596,122.35384652626817,10.672243970313707,10
527.7542739779803,121.68484327805345,10.706308176729696,10
531.6788346256477,121.53649342668359,10.745570746751401,10
536.5383797576383,120.96329486978357,10.631898688031484,10
543.5609829795212,122.00835514676874,10.748334318850494,10
552.0425275135852,120.19968593728845,10.639914821645348,10
552.8434956485681,119.92445546996896,10.639819047742732,10
546.4491388821053,130.8216798962385,10.558180789286578,10
559.9018588231927,131.3131457628042,10.632212113776871,10
559.3201438656191,130.90039814126794,10.632191668625781,10
558.331386182115,131.33891887080972,10.632617868992792,10
558.563826269268,131.2637500972778,10.632975133365495,10
558.0708661316795,131.27528426845674,10.632863935859614,10
557.516627560374,131.27605715955724,10.63380905408712,10
558.1982227389146,131.4434403833293,10.63404168685122,10
558.4688906650985,131.34869303370942,10.640184212302481,10
