300.5,282.5,221,259
293.3405850679148,277.3991501583252,219.32672533383595,257.6600508186035
297.80979753930376,277.39102518864445,219.15136763654147,257.4702839045133
298.6957937840234,274.2978839653291,216.7185048930624,256.40665504285545
303.9620416790442,273.1651074596432,214.59943454857745,255.4019381834691
307.37061044485193,274.12777285364655,213.3452857750491,254.60183401232183
310.47592827315134,273.00079727110386,211.987571127514,253.25861720865726
311.01969970790947,274.7103929457253,210.10997727456885,250.60706269498957
315.2063718030357,276.22269682436206,209.82797887136462,249.32731701733638
318.484691760374,277.45637537257437,207.9686756304246,248.2739207353877
323.295953467394,279.4508605816012,206.45569887776162,247.16161519427192
323.4769186224163,283.1627058982268,206.17094619659184,243.8227720112771
325.5970050962686,289.0293652562814,205.90178679487713,240.6213622841205
330.2556166271479,293.0342663197175,204.2795357713876,239.10494308800384
332.4862427453189,296.05718708793717,202.05215380291367,235.4251899419149
335.79852285892287,300.475191853846,199.99488865016863,232.71162503976643
339.17370224715984,307.3514730006197,198.5054771011727,229.7436057836336
342.83034440020907,307.20643736771325,196.13155484417697,226.3861021478657
346.6012084541983,315.6574800191788,193.7350870702135,223.21181435317425
349.155303022644,316.8646967133301,190.6323932431518,220.5814048309291
352.4576482539128,320.44952855366876,188.00989744270822,217.4446119197526
354.75639811598046,324.9683308076338,184.66617701067952,214.32275553117677
357.40568145048456,329.34154265677273,181.68989861643638,211.7577831535471
360.39383451516443,334.9240075385776,178.82233353207482,208.9822996484823
362.6718681195988,339.58337851482923,175.87427542316644,204.98374335729488
365.7024937307997,342.1986260841443,173.88993803438274,200.58237272895298
367.277953907452,348.66813089695404,171.8613009013693,196.23574648803816
368.95208137618727,353.37392681257734,170.72435992683512,191.37947635021192
371.555106638597,359.3482822380988,170.05076103165436,186.31865393071809
375.57905460285065,363.7088209512705,168.6616704734779,181.0893875414382
379.048609376469,369.0410161795395,166.45117621020725,175.6556370194401
382.13176486590794,375.0309608437941,163.51804098587652,170.1829622371344
385.548448281486,377.0079370698021,159.96622265478146,166.06749620324644
389.4529153124825,381.96831350052634,156.03954700801054,161.35891108166615
394.30348942889583,386.9486356602021,152.83111174973226,156.54902121406633
396.93898962943723,390.0149490785835,149.98798162223957,151.8288908248667
401.49019755064035,395.39905895611946,146.64367582621998,147.08335230606195
403.97446634713924,399.52266813570964,144.06502365878984,142.51382087658433
406.12862784986055,406.1704688404923,141.28830589703017,137.953550048684
409.0381144389703,410.38808080181724,140.57664301391566,133.1456106528591
411.9014734460985,416.9002110320603,141.72536512035623,127.88780631953966
413.2940908835646,421.0959192090226,139.4554579970605,123.44701490839466
417.31814719982333,425.63052311046533,138.93195206925503,118.06766339632648
420.28698432880793,431.27437556636244,138.516857004401,113.00359558856663
422.24352280315753,435.55914013734935,137.19307925766714,107.99907604055647
426.25322298289996,440.5573511331644,135.34148361619987,103.452326747901
428.0265742406172,444.10595631281603,134.06740058662044,99.37557604054471
429.6756445720573,447.5162378888117,132.8262972772559,95.81234759772092
431.3553103875587,450.0400330190602,131.438095659719,92.9018771072739
433.32324197113485,451.7778437473786,129.76266020596086,90.6372273637032
435.1540631270284,451.28678805677725,128.01827508392444,89.00914906862107
436.02976971654164,452.264630155203,126.51258892241981,88.05804477346487
435.2413988550601,451.7062268273498,125.54242012101469,87.85345162124138
435.727452681487,450.33558321850165,125.71183797513405,88.13148224141864
435.9258413442877,450.19625864339184,125.21278280438848,89.00584786807866
435.7747781542738,448.98934179666253,125.87607333703845,90.25887645537429
436.18673114878527,447.6379785640924,126.27996008788367,91.52248799226899
436.32971402744397,446.2907665764125,126.628337835472,92.70397406422451
435.9320348998343,444.76332267979836,126.50235341977375,93.83828242401174
436.942619794567,442.66987684006347,126.44609175332468,95.34664650986886
435.20408252298,442.1478557355659,126.57094337703457,96.694538505384
437.1258837812669,440.94876103278494,127.01851765642022,98.33682031578824
436.3151963680253,439.48084025066436,127.0066763402491,99.90953846312877
435.8364256740831,437.59564600212985,126.74803251599818,101.5133200571216
437.04047723289716,434.7716944610514,126.25309794790763,103.15017625283444
437.82203188421965,434.5541268411381,125.79206744069576,104.57335128424504
437.8225264818493,431.5851090302432,126.09438989142107,107.08595803869476
438.4313563062881,429.7450941999132,125.77503506260433,108.97796494277821
439.78119988222846,427.0760827995448,125.64365888675196,110.96600810446174
438.1845338659319,423.4959732185646,125.13839754127814,113.23834551059332
440.0807881011993,423.51407307847813,125.06290147613876,115.03917119474258
441.0959209864092,420.25183506319684,124.41231860424031,117.85559840480957
442.02000564103787,417.7125820915749,123.58737245668041,120.2561596878667
442.19086241382325,414.9180958101067,123.30503582516383,122.31289805890856
441.8759508005829,413.6206048044466,123.45548425549232,124.38907194377919
441.9212314164284,411.9798487020757,123.58424887917576,126.44366509353594
442.21514637442726,407.92803364598365,123.26470483373015,128.28252994311632
442.8853703938454,407.47348089976515,123.66670071407569,129.6942170319278
442.618590066862,406.52540634125285,124.16905415300153,131.2003178238906
442.88939449372145,405.03598754315294,124.42397316183144,132.851720284249
443.56720421935484,403.18722345163394,124.74961715737255,134.42358876307867
444.05781251610284,401.1728022484992,124.59149397818312,135.59680100997016
445.8595493495109,398.5755372356608,124.39631093598557,136.4988543815941
446.57947404777974,396.73545518682147,124.2046650554544,137.5922808465214
446.7349449232194,395.9309925995324,124.31553780586056,138.6566652581983
448.6120231743334,394.2405764061614,123.98923655685223,139.81818926862792
449.74818432313043,392.70752377014287,123.26672133094392,140.3202903578494
451.521950359702,392.01508565590086,122.39199265974787,141.18749190180887
454.5047604086513,390.81827826107883,122.19017509023061,141.66728845128733
455.6278211599012,389.1988252306243,120.57659101229515,141.99192077333518
458.01853838592115,388.4425686802273,119.26427539379706,142.52645302200216
459.56005122482105,388.1658234012557,117.85866449089205,143.0952149437253
459.60249605795536,386.00048153774605,116.80599638033317,143.25581514794789
460.7216013631514,385.18912272339287,116.33985438966926,143.45395649415315
463.07494660422697,384.04526621019147,115.84037873982399,144.04150854033125
464.1815138475649,381.2844180059152,114.2368926596538,144.11453551529007
465.2165091712458,379.0131571251971,112.3509850717221,144.78786944484762
466.91888899086393,379.68385605303706,111.14149072560714,146.6950873308974
469.5565786716297,377.3509571990046,109.70139154405297,148.57755841313835
470.1036832132454,374.0027660923131,107.9383580861458,150.36833864821944
471.38757087747575,373.70374361763425,106.41441410610439,151.264101943696
472.8781215500891,371.6509033267133,105.18153070120817,153.67389197969277
474.3544002933225,369.4915535137678,103.94512993585647,155.57547091046965
474.6522878810805,366.8453813296431,103.19926542191867,156.86572768564056
478.4583114347939,362.03438266147543,102.61190178998616,156.69535708679524
480.1681708349871,360.2311980900767,101.6385044770266,156.52021849910864
482.00889680254613,358.136548921811,100.907537056145,155.62513859314726
481.2827538453698,358.341259860039,99.63762281523935,156.48890089695112
480.4986167311369,357.63451153302566,98.41350002145789,158.88005862418558
485.0520666013441,352.75305656097703,97.1312071764903,157.47858372636398
484.375003601613,353.55466333673724,96.03880641012921,158.42393866201093
488.51912387593313,348.74639930597175,95.29967675092377,156.8483318663641
486.92157768063925,349.0960328788377,94.25877861721946,158.3175658593193
486.86898119876395,351.1363951297786,93.05966805409176,161.15637270280502
489.6483804025629,344.6878311933935,92.61870183033164,159.7850107379287
493.33859923094167,341.6360667603715,91.95799788863158,158.33336906793144
492.08150053614855,342.8185201344279,91.00351322751285,159.77869662806137
495.5680676292137,338.7838579250783,90.1953756653754,157.85063983643352
494.5297451287241,339.63201939648684,88.79609402870517,159.05158113578867
498.12864225660456,334.5139971330137,87.4089010073802,156.47870384877015
497.2958048318479,336.1489892689922,86.40612240192227,157.32958110711704
501.84529407589383,332.5939437866497,84.98222182902204,155.58232839809597
499.9630120892565,333.0780525951724,84.05065123503601,156.61407120356643
500.35807384760136,333.83694933109376,83.11252583889261,158.23575713045116
499.6500179470545,332.22134155442114,82.68383871744757,160.1027942646832
504.2732087673861,326.7509400589772,81.53561972784634,157.87129119478007
502.2167535481042,327.61053759979444,81.02529970910425,159.54443725007798
502.5128755712772,327.9007122149187,80.36355032140719,160.6931915850455
502.77795478340545,324.9005319403467,80.14575504488633,161.1264168001746
503.5485447712946,323.27802925341916,79.52673736349588,161.9134801650575
503.60912967270065,320.98467643718595,79.1357884447684,162.20408565790606
504.3795864627239,320.2641631920179,78.79499245276511,162.6779970440436
504.4463746939962,317.35787044285536,78.43581181369926,162.5679093169659
505.44869157273354,318.7589641439775,77.87348374031424,162.94967663045043
506.24140470021035,313.53751437724105,77.35879222466414,161.88382429472165
506.73418193124854,314.9722681563496,76.9400170184548,161.99752300862968
506.2125647388853,314.14469080722836,76.82035214742874,161.41077297130715
508.83136932269525,311.08421779026355,76.23363428382488,160.0838101269103
508.5209653243763,310.531577154261,75.94019351594798,159.81177695055874
508.37672889885914,310.61376338778575,75.66504907791591,159.68272006417538
508.9495199174797,308.3390084183812,75.01645587362543,159.05919628869
511.5372379900022,305.78947984420336,74.53440819064704,158.2943546829258
509.89336980382245,306.2754528855156,74.05915337304992,158.04446433350512
510.7971857896086,304.5218999916896,73.86110787875724,157.3881208337426
511.0268852573937,303.4686072649742,73.57006875926136,156.6826836011688
511.7086882678757,302.7745567470823,73.41313218810359,156.27140087745406
511.9154704855746,303.663224440026,73.30346632562765,156.12293991268632
514.5237268960057,301.4196699871055,72.83086620160387,155.54863314622503
515.058560525606,300.55610864945015,72.4585614249509,155.23139923698687
516.3905134086398,298.29196724644453,71.94941053597371,154.6846235827624
517.0425065698196,297.5491960171196,71.60643443128073,154.13649227813724
516.4470650076221,297.15856798790594,71.47498600793858,153.70599878288402
516.8974636302021,295.6806278547584,71.10475676643324,153.26211808764646
517.8882444485768,294.301447195436,70.79574461584409,152.68380137818457
516.9677763095358,293.1602955905637,70.6658210087104,152.27199085654507
516.5460574794628,291.8599444351746,70.56605426593273,151.8613818746748
517.0975662520052,291.20962205130456,70.35845381507843,151.36391448840803
515.82029033385,289.56242369528326,70.28964167967872,151.05589540035598
515.7014472644031,287.76848759537745,70.21450136393304,150.75583577643715
512.820973834254,286.1128151514515,70.30069122044708,150.39385703300238
511.86104499698206,284.8719566602326,70.32374956904799,150.04204716569342
509.9715796570072,285.0313897576133,70.34225515820786,149.63931984343643
507.9417794793107,283.8345400217306,70.47565512373889,149.27374912400913
505.99316247985377,282.6400243725787,70.71573122470352,148.89377583895416
503.7983699705479,280.9313762748237,71.00163324847264,148.47227017365475
501.81851461996825,279.57469761684393,71.17406553585943,148.09981635146127
499.03416325529986,278.04255366655156,71.54548690456997,147.48155358332963
496.02318880902993,278.30635313848217,72.11388116683032,146.86311470213914
492.0145293022658,276.53270861808085,72.58402715713461,146.29701091304668
489.23223764127914,275.33020183119294,73.12941539930458,145.53872850255433
486.3887600191814,273.93020296202235,73.64542738330717,144.93439574887586
482.2527465684541,272.2695661017712,74.35562137994617,144.00470339729566
483.3131545316255,269.5551675788969,74.76927410442109,143.17773929649888
476.1313187802388,270.1530302245362,75.62481744099584,142.26029563430572
471.7108811918226,267.36449945421384,76.354303457672,141.23669351299367
471.91573004614827,266.7892261516072,76.88686845816147,140.45871002119927
462.1236905888745,266.8238150651164,78.62301074245985,139.05945645336666
459.6091629483541,265.8015093494417,79.59641960397566,137.89410766247178
451.33067210433023,266.26956366467397,81.41834727591007,136.68704367803198
447.78496992112423,265.23426703927476,83.88757690248445,135.16931381252783
443.9723731954957,264.95950373307085,86.18567103046871,133.92147201768623
441.2977322831683,262.83944185571704,88.24412128926669,132.72031779158942
438.4311343268318,263.93220848897477,90.54134284242731,131.48820438925162
435.50301646265086,262.63495265876406,92.98176965469726,130.00625187349507
432.6462960059838,260.79018010209313,94.88730942400365,128.60058023573836
429.3255968904108,260.07972848862204,96.8983685094893,127.4957862313878
424.35255825929306,259.9257812103706,99.2516914077111,126.46328450283369
428.80648894607737,258.0347615023347,99.77950946987245,125.68693902358075
423.3004531332494,257.7054731024716,101.22188180811379,125.11587975019435
417.1412357107554,256.29334652474074,103.29565436825082,124.266685535127
410.45472086425127,258.15393964918906,105.57240205594894,123.85936613994437
417.2116020580652,254.9917250139696,106.61919608006426,123.78919311164663
409.2321899032965,253.49461293607422,108.33723383717243,123.95948247396511
413.8886101889178,252.66331235559875,109.10844630548054,124.28155157047823
403.1881069149195,247.69238527088805,110.60418513802314,124.99316873275846
408.55371138523225,248.38461626280593,111.53530205646746,125.42891613288728
400.8984952032293,249.03991205281432,113.11207562988497,126.05686966071198
403.5458950038428,243.9811201609634,113.87021115210158,126.20624989979711
398.4582936701079,245.99294398099144,115.01926979186142,126.60952887259502
394.44259216961314,241.06629549697067,115.41814114993716,127.351137226745
396.558593001634,238.08101699929549,115.73242463833067,127.16393884718688
395.3650666010668,243.19038336844756,116.84973411613899,127.07911247332366
396.1181206849477,240.92349791003366,117.30651085133132,126.18767339106698
396.63244426131763,240.43961563364488,117.56952019273201,125.28877961388088
395.9931162000598,239.24894491723242,117.73455734533047,124.29179582278306
395.9760293947424,239.22692740429144,118.0015667107174,123.24512783810592
395.62038212592495,239.3343038860159,118.26824218878957,121.90837680298651
394.9065042407493,238.75601037978734,118.4835524616281,120.69630574964769
394.1044972868353,237.96397373078844,118.77078794805418,119.30574678446192
393.2941326115349,237.82711317023268,118.92865313811721,117.83170760970555
393.6613219980378,237.06339284805335,119.3695716253958,116.47830962148052
393.545696952761,237.5780183936255,119.55215445270986,115.20763490856253
393.4962706854574,236.8408241190665,119.8548000361757,114.08976142803272
393.5410580830038,235.77599832216373,120.08302483906144,112.95746157530502
393.617884623663,236.31623441411244,120.03915131681887,112.0038535564753
393.9944433601793,235.62273076099353,120.20500621679497,111.03326804159192
394.4121045693719,234.61252765085294,120.39183443412918,110.16645578653126
394.579234313179,233.5851283497944,120.38715778671914,109.20535639937529
395.8497574700309,232.59477907442198,120.44610184090465,108.42970014131274
395.9014436584351,231.47084384785845,120.35816480770463,107.56942440379653
397.4710528805885,230.6984155913843,120.33283629603018,106.84814784675275
399.55010934042167,230.0062821545127,120.48408769521158,106.13942360683323
401.3837172532273,229.31570445999398,120.62320255044747,105.48212923161897
404.2103863805904,227.87281850063354,120.88560240149516,104.79872709905503
405.4428978636278,227.45809585006242,120.8803041001084,104.20157313605242
408.06165482197196,226.7574994650812,121.2441361993504,103.43657218233626
409.2247828783296,226.1094604669659,121.11619785282457,102.86229242672049
411.50568995741963,225.15010567978612,121.39961761188087,102.1111075442167
412.56552177996184,222.96687135865744,121.12722147530322,101.70704691630195
414.1727594891838,222.0305953049079,120.85073433810929,101.29046166036714
415.9306737180923,221.1474303124243,120.48915530999517,100.89768014554801
416.9768874274506,220.48746040209426,120.11536464245337,100.52909726971305
418.496708701458,219.56721482791966,119.75400769319351,100.14061121469308
420.25818018567446,218.26591565674428,119.59480373843247,99.70607824753453
421.06847295349615,217.54375795906813,119.35520584698466,99.26198450516101
422.5627218054659,217.05483393194848,119.17049895076912,98.9933684261377
423.62045561327847,215.88441700209114,118.97932533004753,98.60736846550932
424.33191777981017,215.24390019895517,118.70830617600797,98.3242852361871
425.0933448590508,215.2961063515657,118.70288029644973,98.00629197987146
426.4419281667288,214.19776008466874,118.67219994436876,97.75249999942892
427.22710620926586,213.84306162360474,118.5720680013693,97.52689000503389
428.17545858684775,213.28931335377192,118.49842411637607,97.13946307229507
428.63321307110124,213.6238909264043,118.47474761876299,96.75750644077657
429.12717277216836,211.3790101588777,118.499347814636,96.24451996328709
428.93569676923426,211.81888768123656,118.44116661938182,95.89815782475827
431.3158573042388,208.62653948224255,118.27185325887595,95.65945115038916
428.5637243905992,208.9471441467807,118.31735739410803,95.09702496089932
427.8956093954704,209.7482241145291,118.22727720274787,94.61209508311885
430.3185976797751,207.5898426371579,118.27739304899441,94.27660727110715
431.0946271644675,207.38064911007626,118.24856820856164,93.97850089751695
432.2913383369531,206.289363501838,118.3161308088877,93.69654546070363
430.4865309055875,205.03161568948235,118.34177440964086,93.02945870702752
430.63897664187976,207.59245702676472,118.67708462486902,92.63243309117861
432.19979980804294,207.60610103824726,118.91682769111758,92.32803788904863
431.89887336449107,207.5316921441445,119.14640078519724,92.07119051802867
432.9081002993534,206.81831381839112,119.23032957538467,91.84507389187128
433.62298871009483,205.78800005117807,119.34575155208145,91.61842325094337
437.1316119527273,203.10283097612046,119.2756629266187,91.38755891311305
436.17221526768293,201.79355805102966,119.22092934205658,90.81340294673579
436.6235952247469,202.5011084614004,119.1528954635236,90.361118304793
437.4512409193792,201.98684491297809,119.01409524895686,89.968515340488
438.1129232594823,201.25379914041622,118.86890065370399,89.62941012352675
438.79256070662825,199.82191507737178,118.7404894497883,89.38362085940265
439.5814869424642,199.24850205173863,118.60643051334895,89.15277519207154
440.4118358797696,199.77347989792077,118.48024873485328,88.94863718483452
441.38593865299754,198.4361280692023,118.31887206393915,88.72288465216218
441.188950085129,198.55714398488726,118.20661568632093,88.53769406385074
442.7923080010876,198.24077856893734,118.16707467053536,88.32211740540177
444.55321014566874,197.39235308680387,118.12258628408304,88.16549649447798
446.0680644000918,196.61304070606974,118.07214751820251,88.00655560023792
448.31749745694617,195.03965302303246,118.04827320289478,87.80654828198628
450.1902742028962,195.19047602326958,117.99689328544225,87.61659093265658
452.4109227102649,195.02154320700387,117.97282115473806,87.44695943336349
457.43159192906705,195.84052833329204,118.02213899765144,87.34626401828102
460.68603637761095,194.98189025904108,118.06115363831385,87.28034192936383
464.9128652038132,193.96034446293422,118.104996405526,87.191193464586
470.9294329668424,191.99459755460626,118.1220031676756,87.04772085057782
476.24091068167894,192.55651916314181,118.12425945370084,86.94788698046871
482.1516808016235,190.87636741143382,118.13810358270815,86.7895935962962
488.18976025832956,190.14552594378014,118.13982648234541,86.65736559906266
493.5254495169586,189.1589138517932,118.11063031524596,86.58894544824348
498.74147470446826,188.7897686545482,118.07558597507776,86.50866522887239
502.0633990270181,188.4315929041734,118.04095783473886,86.44183357217793
505.90352765940787,187.63296245437294,118.0155276878792,86.37627508625032
508.5964255812466,187.0430121997644,117.98324651552744,86.32342374915393
509.8321936402765,186.71172298288417,117.95552777455804,86.26483718152203
512.1746966132185,186.369234904116,117.92750806524631,86.21041634971274
512.4257910056976,185.44323473943751,117.90040334667906,86.14821887652616
512.4263258534701,185.24787261044852,117.88749775658668,86.0851401614721
512.4407735751914,184.61105227533545,117.88239327613822,86.01265212953454
511.56437327318815,184.54357745058996,117.8859831648508,85.94904569856496
510.10624410445234,183.7957820416289,117.89717501214915,85.88511329165647
509.7384038565371,182.9063388278533,117.90854284490129,85.81698386151119
507.2465510034621,182.07080133241794,117.92147533098897,85.76564781589049
506.9766136252563,181.6623178355122,117.92963421749714,85.69962981385997
503.7019021612441,180.3441393284884,117.94567854444722,85.65466782957076
502.77701948261245,180.06081872213534,117.95259273975377,85.60506025582748
500.28295017570474,179.14475299193066,117.96225435237893,85.56212078670953
500.00641310520825,178.40043160018269,117.96970846916771,85.51089032782724
496.90185265640696,178.1387495768924,117.97846573075344,85.46621966590791
496.5708240984746,176.0925861856581,117.98159975711395,85.42620649400033
492.4910694637932,175.65849219276845,117.9928679833858,85.38954858639661
494.0943427811624,174.6472807836987,117.98645204971254,85.34491760967526
488.43581533388,172.29217095158026,117.99844178924803,85.30875789845437
489.0762358791427,169.81994412876367,117.99144494081858,85.27282957845037
484.1503923294887,165.7654440677669,118.00473310671597,85.21990629193556
485.4777556062493,163.8248201270151,117.9974536624172,85.17804988724534
481.0791151205499,160.97773421578466,118.0145041116603,85.12560820720377
480.62689193371284,158.64243962245595,118.0187141767596,85.07661626669444
478.3789190070815,154.04926818008065,118.03170838893955,85.01313462751928
476.2055797336866,151.71447595423427,118.04328580810487,84.96423992271787
473.4518681876089,148.33990363487106,118.06489289836819,84.90713971128558
473.6755199449674,146.6556423743436,118.07291665606633,84.84840636342874
469.1943455647656,142.72485182875343,118.11327120718036,84.79173737068577
468.33842789588965,140.6747964737039,118.1365746693219,84.73291730228144
466.1853176688728,137.99042849906897,118.17030223776597,84.67535129537455
464.0422119238286,135.97407045904183,118.21067890043136,84.61678214669958
462.55538345288574,132.76127857635095,118.25492848414753,84.54381358969363
459.0574325764699,129.85682057483908,118.30959231049594,84.47710827390024
457.2522094408949,127.56189507993963,118.3582745797997,84.41554725350623
455.2944955716361,124.74302631020657,118.4178237267798,84.35727515704706
452.06827201078323,121.79093702377105,118.47314035913621,84.30365095739614
449.1725436690433,118.8398335187675,118.56616602760141,84.22254726794034
447.57644791357075,115.76579869718464,118.6547255652799,84.13710355585096
